#airframe_info, log_version="1.01", airframe_name="Cirrus SR22 Turbo", unit_software_part_number="006-B1177-52", unit_software_version="20.10", system_software_part_number="006-B2647-04", system_id="2591155B3", mode=NORMAL, flightstream_header="2591155B3_20000101_000000", 
#yyy-mm-dd, hh:mm:ss,   hh:mm,  ident,      degrees,      degrees, ft Baro,  inch,  ft msl, deg C,     kt,     kt,     fpm,    deg,    deg,      G,      G,   deg,   deg, volts, volts,  amps,   gals,   gals,      gph,   deg F,     psi,     Hg,    rpm,       %,   deg F,   deg F,   deg F,   deg F,   deg F,   deg F,   deg F,   deg F,   deg F,   deg F,   deg F,   deg F,   deg F,   deg F,  ft wgs,  kt, enum,    deg,    MHz,    MHz,     MHz,     MHz,    fsd,    fsd,     kt,   deg,     nm,    deg,    deg,   bool,  enum,   enum,   deg,   deg,   fpm,   enum,   mt,    mt,     mt,    mt,     mt
  Lcl Date, Lcl Time, UTCOfst, AtvWpt,     Latitude,    Longitude,    AltB, BaroA,  AltMSL,   OAT,    IAS, GndSpd,    VSpd,  Pitch,   Roll,  LatAc, NormAc,   HDG,   TRK, volt1, volt2,  amp1,  FQtyL,  FQtyR, E1 FFlow, E1 OilT, E1 OilP, E1 MAP, E1 RPM, E1 %Pwr, E1 CHT1, E1 CHT2, E1 CHT3, E1 CHT4, E1 CHT5, E1 CHT6, E1 EGT1, E1 EGT2, E1 EGT3, E1 EGT4, E1 EGT5, E1 EGT6, E1 TIT1, E1 TIT2,  AltGPS, TAS, HSIS,    CRS,   NAV1,   NAV2,    COM1,    COM2,   HCDI,   VCDI, WndSpd, WndDr, WptDst, WptBrg, MagVar, AfcsOn, RollM, PitchM, RollC, PichC, VSpdG, GPSfix,  HAL,   VAL, HPLwas, HPLfd, VPLwas
          ,         ,        ,       ,             ,             ,        , 30.06,        ,      ,       ,       ,        ,       ,       ,       ,       ,      ,      ,      ,      ,      ,       ,       ,         ,        ,        ,       ,       ,        ,        ,        ,        ,        ,        ,        ,        ,        ,        ,        ,        ,        ,        ,        ,        ,    ,  GPS,   67.0, 111.40, 115.20, 125.300, 130.200,       ,       ,       ,      ,       ,       ,    0.0,       ,      ,       ,      ,      ,      , NoSoln, 3704,      ,       ,      ,       
          ,         ,        ,       ,             ,             ,        , 30.06,        ,      ,       ,       ,        ,       ,       ,       ,       ,      ,      ,      ,      ,      ,       ,       ,         ,        ,        ,       ,       ,        ,        ,        ,        ,        ,        ,        ,        ,        ,        ,        ,        ,        ,        ,        ,        ,    ,  GPS,   67.0, 111.40, 115.20, 125.300, 130.200,       ,       ,       ,      ,       ,       ,    0.0,       ,      ,       ,      ,      ,      , NoSoln, 3704,      ,       ,      ,       
          ,         ,        ,       ,             ,             ,        , 30.06,        ,      ,       ,       ,        ,       ,       ,       ,       ,      ,      ,      ,      ,      ,       ,       ,         ,        ,        ,       ,       ,        ,        ,        ,        ,        ,        ,        ,        ,        ,        ,        ,        ,        ,        ,        ,        ,    ,  GPS,   67.0, 111.40, 115.20, 125.300, 130.200,       ,       ,       ,      ,       ,       ,  -13.6,       ,      ,       ,      ,      ,      , NoSoln, 3704,      ,       ,      ,       
          ,         ,        ,       ,             ,             ,        , 30.06,        ,      ,       ,       ,        ,       ,       ,       ,       ,      ,      ,      ,      ,      ,       ,       ,         ,        ,        ,       ,       ,        ,        ,        ,        ,        ,        ,        ,        ,        ,        ,        ,        ,        ,        ,        ,        ,    ,  GPS,   67.0, 111.40, 115.20, 125.300, 130.200,       ,       ,       ,      ,       ,       ,  -13.6,       ,      ,       ,      ,      ,      , NoSoln, 3704,      ,       ,      ,       
2018-08-27, 16:38:22,  -04:00,       ,             ,             ,        , 30.06,        ,      ,       ,       ,        ,       ,       ,       ,       ,      ,      ,      ,      ,      ,       ,       ,         ,        ,        ,       ,       ,        ,        ,        ,        ,        ,        ,        ,        ,        ,        ,        ,        ,        ,        ,        ,        ,    ,  GPS,   67.0, 111.40, 115.20, 125.300, 130.200,       ,       ,       ,      ,       ,       ,  -13.6,      0,  NONE,   NONE,      ,      ,      , NoSoln, 3704,      ,       ,      ,       
2018-08-27, 16:38:23,  -04:00,       ,             ,             ,    70.0, 30.06,        ,      ,   0.00,       ,        ,       ,       ,       ,       ,      ,      ,      ,      ,      ,       ,       ,         ,        ,        ,       ,       ,        ,        ,        ,        ,        ,        ,        ,        ,        ,        ,        ,        ,        ,        ,        ,        ,   0,  GPS,   67.0, 111.40, 115.20, 125.300, 130.200,       ,       ,       ,      ,       ,       ,  -13.6,      0,  NONE,   NONE,      ,      ,      , NoSoln, 3704,      ,       ,      ,       
2018-08-27, 16:38:24,  -04:00,       ,             ,             ,    70.0, 30.06,        ,      ,   0.00,       ,        ,       ,       ,       ,       ,      ,      ,      ,      ,      ,       ,       ,         ,        ,        ,       ,       ,        ,        ,        ,        ,        ,        ,        ,        ,        ,        ,        ,        ,        ,        ,        ,        ,   0,  GPS,   67.0, 111.40, 115.20, 125.300, 130.200,       ,       ,       ,      ,       ,       ,  -13.6,      0,  NONE,   NONE,      ,      ,      , NoSoln, 1852,     0,       ,      ,       
2018-08-27, 16:38:24,  -04:00,       ,             ,             ,    69.0, 30.06,        ,  31.2,   0.00,       ,        ,       ,       ,       ,       ,      ,      ,      ,      ,      ,       ,       ,         ,        ,        ,       ,       ,        ,        ,        ,        ,        ,        ,        ,        ,        ,        ,        ,        ,        ,        ,        ,        ,   0,  GPS,   67.0, 111.40, 115.20, 125.300, 130.200,       ,       ,       ,      ,       ,       ,  -13.6,      0,  NONE,   NONE,      ,      ,      , NoSoln, 3704,      ,       ,      ,       
2018-08-27, 16:38:25,  -04:00,       ,             ,             ,    69.0, 30.06,        ,  31.2,   0.00,       ,        ,       ,       ,       ,       ,      ,      ,      ,      ,      ,       ,       ,         ,        ,        ,       ,       ,        ,        ,        ,        ,        ,        ,        ,        ,        ,        ,        ,        ,        ,        ,        ,        ,   0,  GPS,   67.0, 111.40, 115.20, 125.300, 130.200,       ,       ,       ,      ,       ,       ,  -13.6,      0,  NONE,   NONE,      ,      ,      , NoSoln, 3704,      ,       ,      ,       
2018-08-27, 16:38:26,  -04:00,       ,             ,             ,    69.0, 30.06,        ,  31.2,   0.00,       ,  -16.00,       ,       ,       ,       ,      ,      ,  25.3,  24.7,  -3.9,       ,       ,     0.00,  163.17,   -1.61,  30.32,    0.0,    0.00,  185.75,  179.25,  177.38,  176.67,  158.42,  153.88,  187.96,  184.14,  171.14,  163.79,  157.32,  142.81,  252.55,  218.02,        ,   0,  GPS,   67.0, 111.40, 115.20, 125.300, 130.200,       ,       ,       ,      ,       ,       ,  -13.6,      0,  NONE,   NONE,      ,      ,      , NoSoln, 3704,      ,       ,      ,       
2018-08-27, 16:38:27,  -04:00,       ,             ,             ,    69.0, 30.06,        ,  31.2,   0.00,       ,  -16.00,       ,       ,       ,       ,      ,      ,  25.3,  24.7,  -3.9,  30.92,  28.05,     0.00,  163.16,   -1.62,  30.32,    0.0,    0.00,  185.71,  179.24,  177.36,  176.65,  158.43,  153.87,  187.94,  183.97,  171.09,  163.79,  157.35,  142.81,  244.00,  217.79,        ,   0,  GPS,   67.0, 111.40, 115.20, 125.300, 130.200,       ,       ,       ,      ,       ,       ,  -13.6,      0,  NONE,   NONE,      ,      ,      , NoSoln, 3704,      ,       ,      ,       
2018-08-27, 16:38:28,  -04:00,       ,             ,             ,    68.0, 30.06,        ,  31.2,   0.00,       ,  -30.42,       ,       ,       ,       ,      ,      ,  25.3,  24.7,  -4.1,  30.92,  28.08,     0.00,  163.18,   -1.63,  30.32,    0.0,    0.00,  185.71,  179.24,  177.34,  176.64,  158.42,  153.85,  187.92,  183.91,  171.05,  163.74,  157.34,  142.80,  240.53,  217.79,        ,   0,  GPS,   67.0, 111.40, 115.20, 125.300, 130.200,       ,       ,       ,      ,       ,       ,  -13.6,      0,  NONE,   NONE,      ,      ,      , NoSoln, 3704,      ,       ,      ,       
2018-08-27, 16:38:29,  -04:00,       ,             ,             ,    68.0, 30.06,        ,  31.2,   0.00,       ,  -31.95,       ,       ,       ,       ,      ,      ,  25.3,  24.7,  -4.2,  30.92,  28.10,     0.00,  163.18,   -1.62,  30.32,    0.0,    0.00,  185.70,  179.21,  177.35,  176.64,  158.39,  153.87,  187.90,  183.77,  171.00,  163.73,  157.31,  142.80,  236.93,  217.97,        ,   0,  GPS,   67.0, 111.40, 115.20, 125.300, 130.200,       ,       ,       ,      ,       ,       ,  -13.6,      0,  NONE,   NONE,      ,      ,      , NoSoln, 3704,      ,       ,      ,       
2018-08-27, 16:38:30,  -04:00,       ,             ,             ,    67.0, 30.06,        ,  31.2,   0.00,       ,  -32.00,       ,       ,       ,       ,      ,      ,  25.3,  24.7,  -4.3,  30.92,  28.12,     0.00,  163.17,   -1.62,  30.31,    0.0,    0.00,  185.70,  179.19,  177.32,  176.61,  158.38,  153.84,  187.84,  183.55,  171.03,  163.66,  157.25,  142.73,  239.11,  218.14,        ,   0,  GPS,   67.0, 111.40, 115.20, 125.300, 130.200,       ,       ,       ,      ,       ,       ,  -13.6,      0,  NONE,   NONE,      ,      ,      , NoSoln, 3704,      ,       ,      ,       
2018-08-27, 16:38:31,  -04:00,       ,             ,             ,    67.0, 30.06,        ,  31.0,   0.00,       ,  -32.00,       ,       ,       ,       ,      ,      ,  25.3,  24.7,  -4.3,  30.92,  28.15,     0.00,  163.18,   -1.61,  30.33,    0.0,    0.00,  185.66,  179.18,  177.32,  176.58,  158.36,  153.82,  187.85,  183.41,  170.95,  163.67,  157.27,  142.73,  231.19,  218.03,        ,   0,  GPS,   67.0, 111.40, 115.20, 125.300, 130.200,       ,       ,       ,      ,       ,       ,  -13.6,      0,  NONE,   NONE,      ,      ,      , NoSoln, 3704,      ,       ,      ,       
2018-08-27, 16:38:32,  -04:00,       ,             ,             ,    67.0, 30.06,        ,  31.2,   0.00,       ,  -32.00,       ,       ,       ,       ,      ,      ,  25.3,  24.7,  -4.3,  30.92,  28.15,         ,        ,        ,       ,       ,    0.00,        ,        ,        ,        ,        ,        ,        ,        ,        ,        ,        ,        ,        ,        ,        ,   0,  GPS,   67.0, 111.40, 115.20, 125.300, 130.200,       ,       ,       ,      ,       ,       ,  -13.6,      0,  NONE,   NONE,      ,      ,      , NoSoln, 3704,      ,       ,      ,       
2018-08-27, 16:38:33,  -04:00,       ,             ,             ,    67.0, 30.06,        ,  31.2,   0.00,       ,  -19.43,       ,       ,       ,       ,      ,      ,      ,      ,      ,  30.92,  28.15,         ,        ,        ,       ,       ,    0.00,        ,        ,        ,        ,        ,        ,        ,        ,        ,        ,        ,        ,        ,        ,        ,   0,  GPS,   67.0, 111.40, 115.20, 125.300, 130.200,       ,       ,       ,      ,       ,       ,  -13.6,      0,  NONE,   NONE,      ,      ,      , NoSoln, 3704,      ,       ,      ,       
2018-08-27, 16:38:34,  -04:00,       ,             ,             ,    67.0, 30.06,        ,  31.2,   0.00,       ,  -16.13,       ,       ,       ,       ,      ,      ,      ,      ,      ,  30.92,  28.15,         ,        ,        ,       ,       ,    0.00,        ,        ,        ,        ,        ,        ,        ,        ,        ,        ,        ,        ,        ,        ,        ,   0,  GPS,   67.0, 111.40, 115.20, 125.300, 130.200,       ,       ,       ,      ,       ,       ,  -13.6,      0,  NONE,   NONE,      ,      ,      , NoSoln, 3704,      ,       ,      ,       
2018-08-27, 16:38:35,  -04:00,       ,             ,             ,    67.0, 30.06,        ,  31.2,   0.00,       ,  -16.00,       ,       ,       ,       ,      ,      ,      ,      ,      ,  30.92,       ,         ,        ,        ,       ,       ,    0.00,        ,        ,        ,        ,        ,        ,        ,        ,        ,        ,        ,        ,        ,        ,        ,   0,  GPS,   67.0, 111.40, 115.20, 125.300, 130.200,       ,       ,       ,      ,       ,       ,  -13.6,      0,  NONE,   NONE,      ,      ,      , NoSoln, 3704,      ,       ,      ,       
2018-08-27, 16:38:36,  -04:00,       ,             ,             ,    67.0, 30.06,        ,  31.2,   0.00,       ,  -16.00,       ,       ,       ,       ,      ,      ,  25.3,  24.7,  -4.6,       ,       ,     0.00,  163.13,   -1.59,  30.32,    0.0,    0.00,  185.58,  179.09,  177.25,  176.49,  158.30,  153.75,  187.84,  183.06,  170.91,  163.51,  157.19,  142.62,  222.68,  217.62,        ,   0,  GPS,   67.0, 111.40, 115.20, 125.300, 130.200,       ,       ,       ,      ,       ,       ,  -13.6,      0,  NONE,   NONE,      ,      ,      , NoSoln, 3704,      ,       ,      ,       
2018-08-27, 16:38:37,  -04:00,       ,             ,             ,    67.0, 30.06,        ,  31.2,   0.00,       ,  -16.00,       ,       ,       ,       ,      ,      ,  25.3,  24.7,  -4.7,  30.92,  28.23,     0.00,  163.12,   -1.59,  30.32,    0.0,    0.00,  185.57,  179.07,  177.23,  176.46,  158.29,  153.73,  187.82,  183.08,  170.88,  163.52,  157.19,  142.62,  221.39,  217.69,        ,   0,  GPS,   67.0, 111.40, 115.20, 125.300, 130.200,       ,       ,       ,      ,       ,       ,  -13.6,      0,  NONE,   NONE,      ,      ,      , NoSoln, 3704,      ,       ,      ,       
2018-08-27, 16:38:38,  -04:00,       ,             ,             ,    66.0, 30.06,        ,  31.2,   0.00,       ,  -16.00,       ,       ,       ,       ,      ,      ,  25.3,  24.7,  -4.8,  30.92,  28.24,     0.00,  163.12,   -1.59,  30.31,    0.0,    0.00,  185.55,  179.04,  177.23,  176.46,  158.27,  153.73,  187.70,  182.98,  170.88,  163.44,  157.09,  142.58,  224.59,  217.92,        ,   0,  GPS,   67.0, 111.40, 115.20, 125.300, 130.200,       ,       ,       ,      ,       ,       ,  -13.6,      0,  NONE,   NONE,      ,      ,      , NoSoln, 3704,      ,       ,      ,       
2018-08-27, 16:38:39,  -04:00,       ,             ,             ,    66.0, 30.06,        ,  31.2,   0.00,       ,  -16.00,       ,       ,       ,       ,      ,      ,  25.3,  24.7,  -4.7,  30.92,  28.25,     0.00,  163.09,   -1.58,  30.33,    0.0,    0.00,  185.50,  179.03,  177.22,  176.43,  158.25,  153.70,  187.67,  182.95,  170.80,  163.39,  157.10,  142.55,  219.65,  218.30,        ,   0,  GPS,   67.0, 111.40, 115.20, 125.300, 130.200,       ,       ,       ,      ,       ,       ,  -13.6,      0,  NONE,   NONE,      ,      ,      , NoSoln, 3704,      ,       ,      ,       
2018-08-27, 16:38:40,  -04:00,       ,             ,             ,    66.0, 30.06,        ,  31.2,   0.00,       ,  -16.00,       ,       ,       ,       ,      ,      ,  25.3,  24.7,  -4.8,  30.92,  28.26,     0.00,  163.09,   -1.58,  30.33,    0.0,    0.00,  185.49,  179.01,  177.18,  176.40,  158.23,  153.67,  187.69,  182.99,  170.80,  163.37,  157.11,  142.56,  218.92,  218.62,        ,   0,  GPS,   67.0, 111.40, 115.20, 125.300, 130.200,       ,       ,       ,      ,       ,       ,  -13.6,      0,  NONE,   NONE,      ,      ,      , NoSoln, 3704,      ,       ,      ,       
2018-08-27, 16:38:41,  -04:00,       ,             ,             ,    66.0, 30.06,        ,  31.2,   0.00,       ,  -16.00,       ,       ,       ,       ,      ,      ,  25.3,  24.7,  -4.8,  30.92,  28.27,     0.00,  163.09,   -1.59,  30.32,    0.0,    0.00,  185.47,  178.98,  177.14,  176.38,  158.21,  153.66,  187.78,  182.94,  170.77,  163.39,  157.09,  142.57,  218.35,  218.82,        ,   0,  GPS,   67.0, 111.40, 115.20, 125.300, 130.200,       ,       ,       ,      ,       ,       ,  -13.6,      0,  NONE,   NONE,      ,      ,      , NoSoln, 3704,      ,       ,      ,       
2018-08-27, 16:38:42,  -04:00,       ,             ,             ,    65.0, 30.06,        ,  31.2,   0.00,       ,  -16.00,       ,       ,       ,       ,      ,      ,  25.3,  24.7,  -4.9,  30.92,  28.28,     0.00,  163.07,   -1.59,  30.32,    0.0,    0.00,  185.46,  178.97,  177.14,  176.37,  158.20,  153.64,  187.81,  182.89,  170.78,  163.31,  157.00,  142.49,  221.81,  218.82,        ,   0,  GPS,   67.0, 111.40, 115.20, 125.300, 130.200,       ,       ,       ,      ,       ,       ,  -13.6,      0,  NONE,   NONE,      ,      ,      , NoSoln, 3704,      ,       ,      ,       
2018-08-27, 16:38:43,  -04:00,       ,             ,             ,    65.0, 30.06,        ,  31.2,   0.00,       ,  -16.00,       ,       ,       ,       ,      ,      ,  25.3,  24.7,  -4.8,  30.92,  28.28,     0.00,  163.08,   -1.58,  30.33,    0.0,    0.00,  185.46,  178.94,  177.14,  176.35,  158.18,  153.63,  187.91,  183.15,  170.80,  163.28,  157.06,  142.50,  217.08,  219.03,        ,   0,  GPS,   67.0, 111.40, 115.20, 125.300, 130.200,       ,       ,       ,      ,       ,       ,  -13.6,      0,  NONE,   NONE,      ,      ,      , NoSoln, 3704,      ,       ,      ,       
2018-08-27, 16:38:44,  -04:00,       ,             ,             ,    65.0, 30.06,        ,  31.2,   0.00,       ,  -16.00,       ,       ,       ,       ,      ,      ,  25.3,  24.7,  -4.8,  30.92,  28.29,     0.00,  163.05,   -1.59,  30.33,    0.0,    0.00,  185.43,  178.94,  177.14,  176.34,  158.18,  153.61,  187.87,  183.23,  170.79,  163.28,  157.01,  142.50,  216.34,  218.98,        ,   0,  GPS,   67.0, 111.40, 115.20, 125.300, 130.200,       ,       ,       ,      ,       ,       ,  -13.6,      0,  NONE,   NONE,      ,      ,      , NoSoln, 3704,      ,       ,      ,       
2018-08-27, 16:38:45,  -04:00,       ,             ,             ,    65.0, 30.06,        ,  31.2,   0.00,       ,  -16.00,       ,       ,       ,       ,      ,      ,  25.3,  24.7,  -4.9,  30.92,  28.30,     0.00,  163.04,   -1.59,  30.32,    0.0,    0.00,  185.40,  178.90,  177.11,  176.31,  158.15,  153.58,  187.78,  183.34,  170.68,  163.25,  157.01,  142.46,  216.46,  218.83,        ,   0,  GPS,   67.0, 111.40, 115.20, 125.300, 130.200,       ,       ,       ,      ,       ,       ,  -13.6,      0,  NONE,   NONE,      ,      ,      , NoSoln, 3704,      ,       ,      ,       
2018-08-27, 16:38:46,  -04:00,       ,             ,             ,    65.0, 30.06,        ,  31.2,   0.00,       ,  -16.00,       ,       ,       ,       ,      ,      ,  25.3,  24.7,  -4.9,  30.92,  28.31,     0.00,  163.02,   -1.60,  30.31,    0.0,    0.00,  185.36,  178.91,  177.11,  176.29,  158.12,  153.56,  187.69,  183.36,  170.76,  163.18,  156.94,  142.43,  220.79,  218.68,        ,   0,  GPS,   67.0, 111.40, 115.20, 125.300, 130.200,       ,       ,       ,      ,       ,       ,  -13.6,      0,  NONE,   NONE,      ,      ,      , NoSoln, 3704,      ,       ,      ,       
2018-08-27, 16:38:49,  -04:00,       ,             ,             ,    65.0, 30.06,        ,  31.2,   0.00,       ,  -16.00,       ,       ,       ,       ,      ,      ,  25.3,  24.7,  -4.8,  30.92,  28.32,     0.00,  163.01,   -1.60,  30.32,    0.0,    0.00,  185.35,  178.86,  177.08,  176.28,  158.12,  153.55,  187.69,  183.39,  170.73,  163.19,  156.95,  142.44,  215.12,  218.74,        ,   0,  GPS,   67.0, 111.40, 115.20, 125.300, 130.200,       ,       ,       ,      ,       ,       ,  -13.6,      0,  NONE,   NONE,      ,      ,      , NoSoln, 3704,      ,       ,      ,       
2018-08-27, 16:38:50,  -04:00,       ,             ,             ,    65.0, 30.06,        ,  31.2,   0.00,       ,  -16.00,       ,       ,       ,       ,      ,      ,  25.3,  24.7,  -4.9,  30.92,  28.32,     0.00,  163.01,   -1.61,  30.32,    0.0,    0.00,  185.34,  178.85,  177.08,  176.23,  158.09,  153.55,  187.59,  183.47,  170.66,  163.15,  156.95,  142.40,  214.58,  218.73,        ,   0,  GPS,   67.0, 111.40, 115.20, 125.300, 130.200,       ,       ,       ,      ,       ,       ,  -13.6,      0,  NONE,   NONE,      ,      ,      , NoSoln, 3704,      ,       ,      ,       
2018-08-27, 16:38:51,  -04:00,       ,             ,             ,    65.0, 30.06,        ,  31.2,   0.00,       ,  -16.00,       ,       ,       ,       ,      ,      ,  25.3,  24.7,  -5.0,  30.92,  28.33,     0.00,  163.00,   -1.61,  30.31,    0.0,    0.00,  185.34,  178.83,  177.07,  176.22,  158.06,  153.52,  187.55,  183.55,  170.66,  163.12,  156.94,  142.40,  214.69,  218.41,        ,   0,  GPS,   67.0, 111.40, 115.20, 125.300, 130.200,       ,       ,       ,      ,       ,       ,  -13.6,      0,  NONE,   NONE,      ,      ,      , NoSoln, 3704,      ,       ,      ,       
2018-08-27, 16:38:52,  -04:00,       ,             ,             ,    65.0, 30.06,        ,  31.2,   0.00,       ,  -16.00,       ,       ,       ,       ,      ,      ,  25.3,  24.7,  -5.0,  30.92,  28.33,     0.00,  162.99,   -1.61,  30.31,    0.0,    0.00,  185.29,  178.82,  177.07,  176.20,  158.05,  153.49,  187.41,  183.53,  170.66,  163.07,  156.88,  142.37,  217.79,  218.10,        ,   0,  GPS,   67.0, 111.40, 115.20, 125.300, 130.200,       ,       ,       ,      ,       ,       ,  -13.6,      0,  NONE,   NONE,      ,      ,      , NoSoln, 3704,      ,       ,      ,       
2018-08-27, 16:38:53,  -04:00,       ,             ,             ,    65.0, 30.06,        ,  31.2,   0.00,       ,  -16.00,       ,       ,       ,       ,      ,      ,  25.3,  24.7,  -4.9,  30.92,  28.33,     0.00,  162.96,   -1.60,  30.33,    0.0,    0.00,  185.29,  178.80,  177.04,  176.17,  158.05,  153.49,  187.36,  183.65,  170.60,  163.04,  156.90,  142.36,  213.36,  217.82,        ,   0,  GPS,   67.0, 111.40, 115.20, 125.300, 130.200,       ,       ,       ,      ,       ,       ,  -13.6,      0,  NONE,   NONE,      ,      ,      , NoSoln, 3704,      ,       ,      ,       
2018-08-27, 16:38:54,  -04:00,       ,             ,             ,    65.0, 30.06,        ,  31.2,   0.00,       ,  -16.00,       ,       ,       ,       ,      ,      ,  25.3,  24.7,  -4.9,  30.92,  28.34,     0.00,  162.97,   -1.59,  30.32,    0.0,    0.00,  185.28,  178.77,  177.04,  176.17,  158.03,  153.46,  187.26,  183.73,  170.59,  163.01,  156.87,  142.33,  212.95,  217.73,        ,   0,  GPS,   67.0, 111.40, 115.20, 125.300, 130.200,       ,       ,       ,      ,       ,       ,  -13.6,      0,  NONE,   NONE,      ,      ,      , NoSoln, 3704,      ,       ,      ,       
2018-08-27, 16:38:55,  -04:00,       ,             ,             ,    65.0, 30.06,        ,  31.2,   0.00,       ,   -6.95,       ,       ,       ,       ,      ,      ,  25.3,  24.7,  -5.0,  30.92,  28.34,     0.00,  162.96,   -1.59,  30.32,    0.0,    0.00,  185.25,  178.76,  177.00,  176.14,  157.98,  153.43,  187.21,  183.74,  170.54,  163.00,  156.86,  142.33,  212.85,  217.61,        ,   0,  GPS,   67.0, 111.40, 115.20, 125.300, 130.200,       ,       ,       ,      ,       ,       ,  -13.6,      0,  NONE,   NONE,      ,      ,      , NoSoln, 3704,      ,       ,      ,       
2018-08-27, 16:38:56,  -04:00,       ,             ,             ,    65.0, 30.06,        ,  31.2,   0.00,       ,   -0.30,       ,       ,       ,       ,      ,      ,  25.3,  24.7,  -5.0,  30.92,  28.34,     0.00,  162.93,   -1.60,  30.31,    0.0,    0.00,  185.23,  178.74,  176.99,  176.14,  157.97,  153.43,  187.06,  183.63,  170.51,  162.91,  156.78,  142.26,  217.69,  217.42,        ,   0,  GPS,   67.0, 111.40, 115.20, 125.300, 130.200,       ,       ,       ,      ,       ,       ,  -13.6,      0,  NONE,   NONE,      ,      ,      , NoSoln, 3704,      ,       ,      ,       
2018-08-27, 16:38:57,  -04:00,       ,             ,             ,    65.0, 30.06,        ,  31.2,   0.00,       ,   -5.98,       ,       ,       ,       ,      ,      ,  25.3,  24.7,  -4.9,  30.92,  28.35,     0.00,  162.92,   -1.59,  30.32,    0.0,    0.00,  185.22,  178.71,  176.99,  176.11,  157.97,  153.40,  187.07,  183.52,  170.48,  162.90,  156.79,  142.26,  212.21,  217.29,        ,   0,  GPS,   67.0, 111.40, 115.20, 125.300, 130.200,       ,       ,       ,      ,       ,       ,  -13.6,      0,  NONE,   NONE,      ,      ,      , NoSoln, 3704,      ,       ,      ,       
2018-08-27, 16:38:58,  -04:00,       ,             ,             ,    64.0, 30.06,        ,  31.2,   0.00,       ,  -15.42,       ,       ,       ,       ,      ,      ,  25.3,  24.7,  -5.0,  30.92,  28.35,     0.00,  162.91,   -1.59,  30.32,    0.0,    0.00,  185.17,  178.68,  176.96,  176.08,  157.95,  153.40,  187.09,  183.36,  170.47,  162.91,  156.76,  142.25,  211.95,  217.40,        ,   0,  GPS,   67.0, 111.40, 115.20, 125.300, 130.200,       ,       ,       ,      ,       ,       ,  -13.6,      0,  NONE,   NONE,      ,      ,      , NoSoln, 3704,      ,       ,      ,       
2018-08-27, 16:38:59,  -04:00,       ,             ,             ,    64.0, 30.06,        ,  31.2,   0.00,       ,  -15.98,       ,       ,       ,       ,      ,      ,  25.3,  24.7,  -5.0,  30.92,  28.36,     0.00,  162.92,   -1.60,  30.32,    0.0,    0.00,  185.16,  178.69,  176.96,  176.07,  157.96,  153.38,  187.08,  183.24,  170.44,  162.89,  156.80,  142.25,  211.45,  217.52,        ,   0,  GPS,   67.0, 111.40, 115.20, 125.300, 130.200,       ,       ,       ,      ,       ,       ,  -13.6,      0,  NONE,   NONE,      ,      ,      , NoSoln, 3704,      ,       ,      ,       
2018-08-27, 16:39:00,  -04:00,       ,             ,             ,    64.0, 30.06,        ,  31.2,   0.00,       ,  -16.00,   1.43,   0.45,  -0.01,   0.00, 190.8,      ,  25.3,  24.7,  -5.0,  30.92,  28.36,     0.00,  162.88,   -1.59,  30.32,    0.0,    0.00,  185.16,  178.65,  176.94,  176.05,  157.94,  153.34,  187.09,  183.12,  170.45,  162.85,  156.75,  142.22,  215.24,  217.37,        ,   0,  GPS,   67.0, 111.40, 115.20, 125.300, 130.200,       ,       ,       ,      ,       ,       ,  -13.6,      0,  NONE,   NONE,      ,      ,      , NoSoln, 3704,      ,       ,      ,       
2018-08-27, 16:39:01,  -04:00,       ,             ,             ,    64.0, 30.06,        ,  31.2,   0.00,       ,  -16.00,   1.42,   0.45,  -0.01,   0.00, 190.8,      ,  25.3,  24.7,  -4.9,  30.92,  28.36,     0.00,  162.89,   -1.59,  30.32,    0.0,    0.00,  185.12,  178.65,  176.91,  176.05,  157.89,  153.34,  187.03,  183.00,  170.38,  162.80,  156.73,  142.20,  210.78,  217.16,        ,   0,  GPS,   67.0, 111.40, 115.20, 125.300, 130.200,       ,       ,       ,      ,       ,       ,  -13.6,      0,  NONE,   NONE,      ,      ,      , NoSoln, 3704,      ,       ,      ,       
2018-08-27, 16:39:02,  -04:00,       ,             ,             ,    64.0, 30.06,        ,  31.2,   0.00,       ,  -16.00,   1.43,   0.45,  -0.01,  -0.00, 190.8,      ,  25.3,  24.7,  -5.0,  30.92,  28.36,     0.00,  162.88,   -1.59,  30.32,    0.0,    0.00,  185.11,  178.60,  176.91,  176.02,  157.88,  153.32,  186.99,  182.90,  170.34,  162.77,  156.68,  142.21,  210.54,  217.05,        ,   0,  GPS,   67.0, 111.40, 115.20, 125.300, 130.200,       ,       ,       ,      ,       ,       ,  -13.6,      0,  NONE,   NONE,      ,      ,      , NoSoln, 3704,      ,       ,      ,       
2018-08-27, 16:39:03,  -04:00,       ,             ,             ,    64.0, 30.06,        ,  31.2,   0.00,       ,  -16.00,   1.43,   0.44,  -0.00,   0.00, 190.8,      ,  25.3,  24.7,  -5.0,  30.92,  28.36,     0.00,  162.87,   -1.59,  30.32,    0.0,    0.00,  185.09,  178.60,  176.88,  176.00,  157.86,  153.29,  186.96,  182.86,  170.37,  162.78,  156.69,  142.19,  210.27,  217.08,        ,   0,  GPS,   67.0, 111.40, 115.20, 125.300, 130.200,       ,       ,       ,      ,       ,       ,  -13.6,      0,  NONE,   NONE,      ,      ,      , NoSoln, 3704,      ,       ,      ,       
2018-08-27, 16:39:04,  -04:00,       ,             ,             ,    64.0, 30.06,        ,  31.2,   0.00,       ,   -8.75,   1.43,   0.45,  -0.01,  -0.00, 190.8,      ,  25.3,  24.7,  -5.0,  30.92,  28.36,     0.00,  162.86,   -1.58,  30.31,    0.0,    0.00,  185.08,  178.59,  176.87,  175.97,  157.85,  153.28,  186.86,  182.75,  170.34,  162.69,  156.66,  142.13,  214.07,  216.93,        ,   0,  GPS,   67.0, 111.40, 115.20, 125.300, 130.200,       ,       ,       ,      ,       ,       ,  -13.6,      0,  NONE,   NONE,      ,      ,      , NoSoln, 3704,      ,       ,      ,       
2018-08-27, 16:39:05,  -04:00,       ,             ,             ,    64.0, 30.06,        ,  31.2,   0.00,       ,  -15.20,   1.43,   0.45,  -0.01,   0.00, 190.8,      ,  25.3,  24.7,  -4.9,  30.92,  28.36,     0.00,  162.86,   -1.58,  30.32,    0.0,    0.00,  185.03,  178.56,  176.85,  175.96,  157.85,  153.26,  186.89,  182.72,  170.30,  162.70,  156.65,  142.15,  209.47,  216.93,        ,   0,  GPS,   67.0, 111.40, 115.20, 125.300, 130.200,       ,       ,       ,      ,       ,       ,  -13.6,      0,  NONE,   NONE,      ,      ,      , NoSoln, 3704,      ,       ,      ,       
2018-08-27, 16:39:06,  -04:00,       ,             ,             ,    64.0, 30.06,        ,  31.2,   0.00,       ,  -15.97,   1.44,   0.45,  -0.01,   0.00, 190.8,      ,  25.3,  24.7,  -5.1,  30.92,  28.37,     0.00,  162.85,   -1.58,  30.32,    0.0,    0.00,  185.02,  178.53,  176.85,  175.94,  157.82,  153.23,  186.82,  182.63,  170.26,  162.67,  156.65,  142.14,  209.26,  216.67,        ,   0,  GPS,   67.0, 111.40, 115.20, 125.300, 130.200,       ,       ,       ,      ,       ,       ,  -13.6,      0,  NONE,   NONE,      ,      ,      , NoSoln, 3704,      ,       ,      ,       
2018-08-27, 16:39:07,  -04:00,       ,             ,             ,    64.0, 30.06,        ,  31.2,   0.00,       ,  -16.00,   1.45,   0.46,  -0.01,   0.00, 190.8,      ,  25.3,  24.7,  -5.3,  30.92,  28.36,     0.00,  162.82,   -1.59,  30.32,    0.0,    0.00,  185.02,  178.53,  176.82,  175.93,  157.82,  153.23,  186.81,  182.64,  170.22,  162.66,  156.61,  142.14,  209.35,  216.48,        ,   0,  GPS,   67.0, 111.40, 115.20, 125.300, 130.200,       ,       ,       ,      ,       ,       ,  -13.6,      0,  NONE,   NONE,      ,      ,      , NoSoln, 3704,      ,       ,      ,       
2018-08-27, 16:39:08,  -04:00,       ,             ,             ,    64.0, 30.06,        ,  31.2,   0.00,       ,  -16.00,   1.45,   0.45,  -0.01,  -0.00, 190.8,      ,  25.3,  24.7,  -5.4,  30.92,  28.36,     0.00,  162.83,   -1.59,  30.31,    0.0,    0.00,  185.00,  178.51,  176.79,  175.90,  157.78,  153.20,  186.69,  182.57,  170.25,  162.58,  156.58,  142.08,  214.02,  216.54,        ,   0,  GPS,   67.0, 111.40, 115.20, 125.300, 130.200,       ,       ,       ,      ,       ,       ,  -13.6,      0,  NONE,   NONE,      ,      ,      , NoSoln, 3704,      ,       ,      ,       
2018-08-27, 16:39:09,  -04:00,       ,             ,             ,    64.0, 30.06,        ,  31.2,   0.00,       ,  -16.00,   1.46,   0.45,  -0.01,  -0.00, 190.8,      ,  25.3,  24.7,  -5.3,  30.92,  28.36,     1.45,  162.81,   -1.57,  30.32,    0.0,    0.00,  184.97,  178.47,  176.79,  175.88,  157.77,  153.17,  186.80,  182.65,  170.19,  162.57,  156.55,  142.06,  208.41,  216.60,        ,   0,  GPS,   67.0, 111.40, 115.20, 125.300, 130.200,       ,       ,       ,      ,       ,       ,  -13.6,      0,  NONE,   NONE,      ,      ,      , NoSoln, 3704,      ,       ,      ,       
2018-08-27, 16:39:10,  -04:00,       ,             ,             ,    64.0, 30.06,        ,  31.2,   0.00,       ,  -16.00,   1.45,   0.45,  -0.01,   0.00, 190.8,      ,  25.3,  24.7,  -5.5,  30.92,  28.35,    14.55,  162.81,   -1.58,  30.32,    0.0,    0.00,  184.95,  178.45,  176.79,  175.87,  157.74,  153.17,  186.81,  182.77,  170.15,  162.56,  156.54,  142.07,  207.92,  216.44,        ,   0,  GPS,   67.0, 111.40, 115.20, 125.300, 130.200,       ,       ,       ,      ,       ,       ,  -13.6,      0,  NONE,   NONE,      ,      ,      , NoSoln, 3704,      ,       ,      ,       
2018-08-27, 16:39:11,  -04:00,       ,             ,             ,    63.0, 30.06,        ,  31.2,   0.00,       ,  -16.00,   1.46,   0.45,  -0.01,  -0.00, 190.8,      ,  25.3,  24.7,  -5.5,  30.92,  28.35,     7.06,  162.80,   -1.59,  30.32,    0.0,    0.00,  184.95,  178.42,  176.74,  175.84,  157.74,  153.14,  186.75,  182.87,  170.11,  162.56,  156.54,  142.04,  207.70,  216.40,        ,   0,  GPS,   67.0, 111.40, 115.20, 125.300, 130.200,       ,       ,       ,      ,       ,       ,  -13.6,      0,  NONE,   NONE,      ,      ,      , NoSoln, 3704,      ,       ,      ,       
2018-08-27, 16:39:12,  -04:00,       ,             ,             ,    63.0, 30.06,        ,  31.2,   0.00,       ,  -16.00,   1.46,   0.44,  -0.01,  -0.00, 190.8,      ,  25.3,  24.7,  -5.4,  30.92,  28.35,     2.89,  162.80,   -1.59,  30.31,    0.0,    0.00,  184.91,  178.41,  176.75,  175.83,  157.71,  153.14,  186.71,  182.88,  170.17,  162.47,  156.48,  142.01,  211.28,  216.44,        ,   0,  GPS,   67.0, 111.40, 115.20, 125.300, 130.200,       ,       ,       ,      ,       ,       ,  -13.6,      0,  NONE,   NONE,      ,      ,      , NoSoln, 3704,      ,       ,      ,       
2018-08-27, 16:39:13,  -04:00,       ,             ,             ,    63.0, 30.06,        ,  31.2,   0.00,       ,  -16.00,   1.46,   0.43,  -0.01,  -0.00, 190.8,      ,  25.3,  24.7,  -5.3,  30.92,  28.35,     1.31,  162.77,   -1.59,  30.32,    0.0,    0.00,  184.90,  178.38,  176.70,  175.79,  157.68,  153.11,  186.76,  183.00,  170.06,  162.47,  156.47,  141.97,  206.88,  216.45,        ,   0,  GPS,   67.0, 111.40, 115.20, 125.300, 130.200,       ,       ,       ,      ,       ,       ,  -13.6,      0,  NONE,   NONE,      ,      ,      , NoSoln, 3704,      ,       ,      ,       
2018-08-27, 16:39:14,  -04:00,       ,             ,             ,    64.0, 30.06,        ,  31.2,   0.00,       ,   -3.43,   1.46,   0.44,  -0.01,   0.00, 190.8,      ,  25.3,  24.7,  -5.3,  30.92,  28.35,     0.93,  162.77,   -1.59,  30.32,    0.0,    0.00,  184.87,  178.36,  176.70,  175.77,  157.68,  153.09,  186.73,  183.10,  170.04,  162.45,  156.46,  141.99,  206.62,  216.46,        ,   0,  GPS,   67.0, 111.40, 115.20, 125.300, 130.200,       ,       ,       ,      ,       ,       ,  -13.6,      0,  NONE,   NONE,      ,      ,      , NoSoln, 3704,      ,       ,      ,       
2018-08-27, 16:39:15,  -04:00,       ,             ,             ,    64.0, 30.06,        ,  31.2,   0.00,       ,   -0.13,   1.44,   0.41,  -0.00,  -0.00, 190.8,      ,  25.3,  24.7,  -5.3,  30.92,  28.35,     0.47,  162.75,   -1.59,  30.32,    0.0,    0.00,  184.85,  178.36,  176.68,  175.75,  157.68,  153.08,  186.74,  183.22,  170.04,  162.45,  156.46,  141.99,  206.49,  216.23,        ,   0,  GPS,   67.0, 111.40, 115.20, 125.300, 130.200,       ,       ,       ,      ,       ,       ,  -13.6,      0,  NONE,   NONE,      ,      ,      , NoSoln, 3704,      ,       ,      ,       
2018-08-27, 16:39:16,  -04:00,       ,             ,             ,    64.0, 30.06,        ,  31.2,   0.00,       ,    0.83,   1.41,   0.41,  -0.00,   0.00, 190.8,      ,  25.3,  24.7,  -5.3,  30.92,  28.35,     0.17,  162.73,   -1.59,  30.31,    0.0,    0.00,  184.85,  178.33,  176.65,  175.72,  157.65,  153.06,  186.67,  183.16,  170.07,  162.39,  156.40,  141.94,  211.55,  215.76,        ,   0,  GPS,   67.0, 111.40, 115.20, 125.300, 130.200,       ,       ,       ,      ,       ,       ,  -13.6,      0,  NONE,   NONE,      ,      ,      , NoSoln, 3704,      ,       ,      ,       
2018-08-27, 16:39:17,  -04:00,       ,             ,             ,    64.0, 30.06,        ,  31.2,   0.00,       ,    0.17,   1.43,   0.42,  -0.01,  -0.00, 190.8,      ,  25.3,  24.7,  -5.1,  30.92,  28.36,     0.06,  162.74,   -1.58,  30.32,    0.0,    0.00,  184.81,  178.30,  176.65,  175.70,  157.64,  153.04,  186.67,  183.22,  170.00,  162.36,  156.39,  141.94,  206.38,  215.86,        ,   0,  GPS,   67.0, 111.40, 115.20, 125.300, 130.200,       ,       ,       ,      ,       ,       ,  -13.6,      0,  NONE,   NONE,      ,      ,      , NoSoln, 3704,      ,       ,      ,       
2018-08-27, 16:39:18,  -04:00,       ,             ,             ,    64.0, 30.06,        ,  31.2,   0.00,       ,    0.01,   1.42,   0.42,  -0.01,   0.00, 190.8,      ,  25.3,  24.7,  -5.2,  30.92,  28.36,     0.02,  162.73,   -1.58,  30.32,    0.0,    0.00,  184.81,  178.29,  176.63,  175.69,  157.62,  153.02,  186.64,  183.22,  169.98,  162.35,  156.39,  141.95,  206.09,  216.21,        ,   0,  GPS,   67.0, 111.40, 115.20, 125.300, 130.200,       ,       ,       ,      ,       ,       ,  -13.6,      0,  NONE,   NONE,      ,      ,      , NoSoln, 3704,      ,       ,      ,       
2018-08-27, 16:39:19,  -04:00,       ,             ,             ,    64.0, 30.06,        ,  31.2,   0.00,       ,   -0.61,   1.44,   0.43,  -0.01,  -0.00, 190.8,      ,  25.3,  24.7,  -5.3,  30.92,  28.36,     0.01,  162.73,   -1.58,  30.32,    0.0,    0.00,  184.76,  178.27,  176.61,  175.66,  157.59,  152.99,  186.70,  183.22,  169.95,  162.34,  156.38,  141.92,  206.69,  215.95,        ,   0,  GPS,   67.0, 111.40, 115.20, 125.300, 130.200,       ,       ,       ,      ,       ,       ,  -13.6,      0,  NONE,   NONE,      ,      ,      , NoSoln, 3704,      ,       ,      ,       
2018-08-27, 16:39:20,  -04:00,       ,             ,             ,    64.0, 30.06,        ,  31.2,   0.00,       ,  -14.85,   1.44,   0.42,  -0.01,   0.00, 190.8,      ,  25.3,  24.7,  -5.4,  30.92,  28.35,     0.35,  162.72,   -1.58,  30.31,    0.0,    0.00,  184.77,  178.24,  176.61,  175.63,  157.59,  152.98,  186.64,  183.10,  169.96,  162.28,  156.28,  141.88,  212.02,  215.58,        ,   0,  GPS,   67.0, 111.40, 115.20, 125.300, 130.200,       ,       ,       ,      ,       ,       ,  -13.6,      0,  NONE,   NONE,      ,      ,      , NoSoln, 3704,      ,       ,      ,       
2018-08-27, 16:39:21,  -04:00,       ,             ,             ,    63.0, 30.06,        ,  31.2,   0.00,       ,  -15.96,   1.44,   0.40,  -0.01,   0.01, 190.8,      ,  25.3,  24.7,  -5.3,  30.92,  28.34,     2.03,  162.70,   -1.58,  30.32,    0.0,    0.00,  184.75,  178.23,  176.56,  175.61,  157.56,  152.96,  186.62,  187.25,  167.24,  162.32,  156.35,  143.97,  131.69,  218.38,        ,   0,  GPS,   67.0, 111.40, 115.20, 125.300, 130.200,       ,       ,       ,      ,       ,       ,  -13.6,      0,  NONE,   NONE,      ,      ,      , NoSoln, 3704,      ,       ,      ,       
2018-08-27, 16:39:22,  -04:00,       ,             ,             ,    63.0, 30.06,        ,  31.2,   0.00,       ,  -16.00,   1.44,   0.44,   0.03,  -0.01, 190.8,      ,  24.6,  23.9,  -5.5,  30.92,  28.33,     2.55,  162.70,   -0.49,  30.41,    0.0,    0.00,  184.72,  178.21,  176.55,  175.60,  157.54,  152.93,  186.47,  182.88,  169.99,  162.87,  156.05,  147.82,   99.53,  214.28,        ,   0,  GPS,   67.0, 111.40, 115.20, 125.300, 130.200,       ,       ,       ,      ,       ,       ,  -13.6,      0,  NONE,   NONE,      ,      ,      , NoSoln, 3704,      ,       ,      ,       
2018-08-27, 16:39:23,  -04:00,       ,             ,             ,    63.0, 30.06,        ,  31.2,   0.00,       ,  -16.00,   1.45,   0.42,   0.12,   0.00, 190.8,      ,  24.1,  23.5,  -5.6,  30.92,  28.35,     3.85,  162.64,    0.92,  30.38,  155.6,    0.00,  184.70,  178.18,  176.52,  175.58,  157.51,  152.93,  186.23,  182.82,  184.67,  164.18,  156.02,  152.02,  132.78,  216.78,        ,   0,  GPS,   67.0, 111.40, 115.20, 125.300, 130.200,       ,       ,       ,      ,       ,       ,  -13.6,      0,  NONE,   NONE,      ,      ,      , NoSoln, 3704,      ,       ,      ,       
2018-08-27, 16:39:24,  -04:00,       ,             ,             ,    63.0, 30.06,        ,  31.2,   0.00,       ,  -16.00,   1.21,   0.40,  -0.04,   0.00, 190.7,      ,  24.1,  23.5,  -5.7,  30.94,  28.37,     6.84,  162.57,    8.87,  29.92,  517.8,    0.08,  184.69,  178.18,  176.50,  175.57,  157.50,  152.93,  210.72,  186.01,  209.51,  191.88,  183.01,  187.01,  308.79,  248.94,        ,   0,  GPS,   67.0, 111.40, 115.20, 125.300, 130.200,       ,       ,       ,      ,       ,       ,  -13.6,      0,  NONE,   NONE,      ,      ,      , NoSoln, 3704,      ,       ,      ,       
2018-08-27, 16:39:25,  -04:00,       ,             ,             ,    62.0, 30.06,        ,  31.2,   0.00,       ,  -31.70,   0.94,   0.51,   0.04,  -0.02, 190.6,      ,  24.3,  23.7,  -5.6,  30.95,  28.36,     8.17,  163.20,   20.95,  29.23,  781.5,    0.16,  184.66,  178.15,  176.49,  175.54,  157.50,  152.96,  263.99,  192.07,  243.23,  222.76,  220.99,  251.04,  283.33,  295.39,        ,   0,  GPS,   67.0, 111.40, 115.20, 125.300, 130.200,       ,       ,       ,      ,       ,       ,  -13.6,      0,  NONE,   NONE,      ,      ,      , NoSoln, 3704,      ,       ,      ,       
2018-08-27, 16:39:26,  -04:00,       ,             ,             ,    64.0, 30.06,        ,  31.2,   0.00,       ,    4.35,   0.78,   0.42,   0.01,  -0.01, 190.6,      ,  24.5,  23.9,  -5.7,  30.95,  28.33,     6.61,  164.58,   28.64,  25.70,  923.2,    0.17,  184.66,  178.12,  176.49,  175.52,  157.50,  152.98,  324.04,  198.72,  257.88,  276.68,  263.02,  295.43,  280.84,  332.78,        ,   0,  GPS,   67.0, 111.40, 115.20, 125.300, 130.200,       ,       ,       ,      ,       ,       ,  -13.6,      0,  NONE,   NONE,      ,      ,      , NoSoln, 3704,      ,       ,      ,       
2018-08-27, 16:39:27,  -04:00,       ,             ,             ,    66.0, 30.06,        ,  31.2,   0.00,       ,   50.17,   0.60,   0.45,   0.03,   0.00, 190.6,      ,  24.7,  24.1,  -5.8,  30.96,  28.33,     5.20,  166.14,   35.40,  20.77, 1049.3,    0.15,  184.63,  178.07,  176.48,  175.52,  157.55,  153.03,  375.26,  225.86,  307.29,  322.66,  286.24,  324.39,  289.29,  374.68,        ,   0,  GPS,   67.0, 111.40, 115.20, 125.300, 130.200,       ,       ,       ,      ,       ,       ,  -13.6,      0,  NONE,   NONE,      ,      ,      , NoSoln, 3704,      ,       ,      ,       
2018-08-27, 16:39:28,  -04:00,       ,             ,             ,    68.0, 30.06,        ,  31.2,   0.00,       ,   95.45,   0.46,   0.52,  -0.00,  -0.01, 190.6,      ,  24.8,  24.2,  -5.8,  30.96,  28.31,     4.16,  167.48,   39.90,  15.52, 1126.7,    0.11,  184.61,  178.03,  176.49,  175.54,  157.62,  153.12,  433.50,  311.59,  375.50,  387.63,  333.63,  346.65,  330.83,  420.77,        ,   0,  GPS,   67.0, 111.40, 115.20, 125.300, 130.200,       ,       ,       ,      ,       ,       ,  -13.6,      0,  NONE,   NONE,      ,      ,      , NoSoln, 3704,      ,       ,      ,       
2018-08-27, 16:39:29,  -04:00,       ,             ,             ,    66.0, 30.06,        ,  31.2,   0.00,       ,   33.75,   0.45,   0.51,  -0.01,   0.00, 190.6,      ,  24.9,  24.3,  -5.7,  30.96,  28.25,     3.60,  168.57,   41.06,  14.41, 1119.2,    0.09,  184.60,  178.00,  176.52,  175.63,  157.70,  153.22,  482.05,  383.56,  434.93,  442.99,  400.74,  397.96,  373.71,  462.41,        ,   0,  GPS,   67.0, 111.40, 115.20, 125.300, 130.200,       ,       ,       ,      ,       ,       ,  -13.6,      0,  NONE,   NONE,      ,      ,      , NoSoln, 3704,      ,       ,      ,       
2018-08-27, 16:39:30,  -04:00,       ,             ,             ,    66.0, 30.06,        ,  31.2,   0.00,       ,   -3.61,   0.41,   0.52,  -0.03,   0.00, 190.6,      ,  25.0,  24.4,  -5.8,  30.94,  28.23,     3.45,  169.52,   42.93,  13.94, 1159.5,    0.09,  184.58,  177.97,  176.63,  175.72,  157.82,  153.34,  527.83,  446.53,  487.64,  494.26,  460.94,  465.13,  420.57,  502.06,        ,   0,  GPS,   67.0, 111.40, 115.20, 125.300, 130.200,       ,       ,       ,      ,       ,       ,  -13.6,      0,  NONE,   NONE,      ,      ,      , NoSoln, 3704,      ,       ,      ,       
2018-08-27, 16:39:31,  -04:00,       ,             ,             ,    68.0, 30.06,        ,  31.2,   0.00,       ,   15.35,   0.36,   0.53,  -0.02,  -0.01, 190.6,      ,  25.1,  24.5,  -5.8,  30.94,  28.19,     3.42,  170.27,   44.06,  13.68, 1172.2,    0.09,  184.57,  178.00,  176.78,  175.83,  157.96,  153.52,  569.69,  496.85,  535.26,  541.12,  515.46,  516.36,  456.34,  537.96,        ,   0,  GPS,   67.0, 111.40, 115.20, 125.300, 130.200,       ,       ,       ,      ,       ,       ,  -13.6,      0,  NONE,   NONE,      ,      ,      , NoSoln, 3704,      ,       ,      ,       
2018-08-27, 16:39:32,  -04:00,       ,             ,             ,    69.0, 30.06,        ,  31.2,   0.00,       ,   35.60,   0.37,   0.54,  -0.01,   0.00, 190.6,      ,  25.2,  24.6,  -5.9,  30.94,  28.14,     3.33,  170.86,   43.51,  13.53, 1151.6,    0.09,  184.60,  178.06,  176.95,  176.03,  158.12,  153.77,  606.72,  550.56,  575.26,  581.33,  565.34,  572.16,  496.06,  569.37,        ,   0,  GPS,   67.0, 111.40, 115.20, 125.300, 130.200,       ,       ,       ,      ,       ,       ,  -13.6,      0,  NONE,   NONE,      ,      ,      , NoSoln, 3704,      ,       ,      ,       
2018-08-27, 16:39:33,  -04:00,       ,             ,             ,    67.0, 30.06,        ,  31.2,   0.00,       ,   -2.37,   0.41,   0.54,  -0.00,  -0.01, 190.5,      ,  25.2,  24.6,  -5.8,  30.94,  28.11,     3.24,  171.38,   42.63,  13.48, 1129.2,    0.08,  184.63,  178.12,  177.13,  176.21,  158.34,  154.09,  639.30,  590.13,  609.67,  616.10,  608.80,  612.98,  521.73,  596.16,        ,   0,  GPS,   67.0, 111.40, 115.20, 125.300, 130.200,       ,       ,       ,      ,       ,       ,  -13.6,      0,  NONE,   NONE,      ,      ,      , NoSoln, 3704,      ,       ,      ,       
2018-08-27, 16:39:34,  -04:00,       ,             ,             ,    68.0, 30.06,        ,  31.2,   0.00,       ,  -11.02,   0.36,   0.54,  -0.02,   0.01, 190.5,      ,  25.2,  24.6,  -5.8,  30.94,  28.09,     3.17,  171.84,   41.91,  13.53, 1118.7,    0.08,  184.66,  178.23,  177.35,  176.42,  158.57,  154.42,  666.14,  625.50,  639.97,  644.97,  644.81,  649.55,  544.98,  618.39,        ,   0,  GPS,   67.0, 111.40, 115.20, 125.300, 130.200,       ,       ,       ,      ,       ,       ,  -13.6,      0,  NONE,   NONE,      ,      ,      , NoSoln, 3704,      ,       ,      ,       
2018-08-27, 16:39:35,  -04:00,       ,             ,             ,    68.0, 30.06,        ,  31.2,   0.00,       ,   -1.73,   0.36,   0.54,  -0.02,   0.01, 190.5,      ,  25.3,  24.7,  -5.9,  30.94,  28.08,     3.14,  172.22,   41.91,  13.46, 1120.6,    0.08,  184.71,  178.38,  177.58,  176.63,  158.79,  154.77,  689.42,  656.25,  666.32,  671.28,  675.82,  680.01,  564.58,  637.76,        ,   0,  GPS,   67.0, 111.40, 115.20, 125.300, 130.200,       ,       ,       ,      ,       ,       ,  -13.6,      0,  NONE,   NONE,      ,      ,      , NoSoln, 3704,      ,       ,      ,       
2018-08-27, 16:39:36,  -04:00,       ,             ,             ,    67.0, 30.06,        ,  31.2,   0.00,       ,   -9.88,   0.36,   0.55,   0.01,  -0.00, 190.5,      ,  25.5,  25.0,  -3.2,  30.94,  28.06,     3.18,  172.54,   41.19,  13.54, 1106.0,    0.08,  184.80,  178.50,  177.84,  176.87,  159.05,  155.16,  709.71,  683.17,  689.84,  694.21,  704.71,  707.15,  591.65,  655.60,        ,   0,  GPS,   67.0, 111.40, 115.20, 125.300, 130.200,       ,       ,       ,      ,       ,       ,  -13.6,      0,  NONE,   NONE,      ,      ,      , NoSoln, 3704,      ,       ,      ,       
2018-08-27, 16:39:37,  -04:00,       ,             ,             ,    66.0, 30.06,        ,  31.2,   0.00,       ,  -40.09,   0.37,   0.57,  -0.01,  -0.00, 190.5,      ,  26.0,  25.8,   0.2,  30.95,  28.05,     3.32,  172.83,   39.73,  13.92, 1068.5,    0.08,  184.86,  178.67,  178.11,  177.10,  159.35,  155.56,  727.51,  706.71,  709.80,  714.74,  732.57,  731.43,  597.49,  671.33,        ,   0,  GPS,   67.0, 111.40, 115.20, 125.300, 130.200,       ,       ,       ,      ,       ,       ,  -13.6,      0,  NONE,   NONE,      ,      ,      , NoSoln, 3704,      ,       ,      ,       
2018-08-27, 16:39:38,  -04:00,       ,             ,             ,    66.0, 30.06,        ,  31.2,   0.00,       ,  -36.99,   0.35,   0.57,  -0.01,  -0.00, 190.5,      ,  26.4,  26.5,   2.6,  30.95,  28.04,     3.40,  173.07,   38.63,  14.12, 1051.2,    0.08,  184.93,  178.86,  178.40,  177.39,  159.61,  155.95,  740.18,  727.02,  728.46,  734.07,  756.85,  753.26,  611.07,  683.23,        ,   0,  GPS,   67.0, 111.40, 115.20, 125.300, 130.200,       ,       ,       ,      ,       ,       ,  -13.6,      0,  NONE,   NONE,      ,      ,      , NoSoln, 3704,      ,       ,      ,       
2018-08-27, 16:39:39,  -04:00,       ,             ,             ,    65.0, 30.06,        ,  31.2,   0.00,       ,  -38.41,   0.35,   0.57,  -0.00,  -0.00, 190.5,      ,  26.7,  27.0,   4.1,  30.95,  28.04,     3.38,  173.21,   37.58,  14.40, 1027.7,    0.08,  185.03,  179.03,  178.67,  177.63,  159.88,  156.39,  750.96,  746.99,  744.79,  749.89,  774.44,  773.19,  626.04,  693.15,        ,   0,  GPS,   67.0, 111.40, 115.20, 125.300, 130.200,       ,       ,       ,      ,       ,       ,  -13.6,      0,  NONE,   NONE,      ,      ,      , NoSoln, 3704,      ,       ,      ,       
2018-08-27, 16:39:40,  -04:00,       ,             ,             ,    66.0, 30.06,        ,  31.2,   0.00,       ,  -26.23,   0.35,   0.57,  -0.02,   0.00, 190.4,      ,  26.9,  27.4,   5.2,  30.95,  28.01,     3.35,  173.31,   36.57,  14.54, 1008.0,    0.08,  185.19,  179.26,  178.94,  177.90,  160.17,  156.80,  759.80,  759.17,  756.97,  761.23,  788.23,  786.96,  638.38,  700.34,        ,   0,  GPS,   67.0, 111.40, 115.20, 125.300, 130.200,       ,       ,       ,      ,       ,       ,  -13.6,      0,  NONE,   NONE,      ,      ,      , NoSoln, 3704,      ,       ,      ,       
2018-08-27, 16:39:41,  -04:00,       ,             ,             ,    65.0, 30.06,        ,  31.2,   0.00,       ,  -25.06,   0.36,   0.57,  -0.01,   0.01, 190.4,      ,  27.1,  27.7,   6.1,  30.95,  27.98,     3.35,  173.36,   36.27,  14.56, 1006.4,    0.08,  185.31,  179.47,  179.23,  178.19,  160.47,  157.20,  767.38,  770.56,  766.74,  770.39,  798.98,  800.53,  641.95,  707.29,        ,   0,  GPS,   67.0, 111.40, 115.20, 125.300, 130.200,       ,       ,       ,      ,       ,       ,  -13.6,      0,  NONE,   NONE,      ,      ,      , NoSoln, 3704,      ,       ,      ,       
2018-08-27, 16:39:42,  -04:00,       ,             ,             ,    65.0, 30.06,        ,  31.2,   0.00,       ,  -12.47,   0.34,   0.57,  -0.01,   0.00, 190.4,      ,  27.2,  28.0,   6.7,  30.95,  27.96,     3.35,  173.35,   36.09,  14.63, 1003.8,    0.08,  185.43,  179.71,  179.53,  178.46,  160.73,  157.64,  773.59,  779.52,  774.04,  780.45,  809.20,  810.34,  649.79,  712.45,        ,   0,  GPS,   67.0, 111.40, 115.20, 125.300, 130.200,       ,       ,       ,      ,       ,       ,  -13.6,      0,  NONE,   NONE,      ,      ,      , NoSoln, 3704,      ,       ,      ,       
2018-08-27, 16:39:43,  -04:00,       ,             ,             ,    65.0, 30.06,        ,  31.2,   0.00,       ,  -16.29,   0.35,   0.57,  -0.02,  -0.00, 190.4,      ,  27.3,  28.1,   7.4,  30.95,  27.95,     3.35,  173.24,   35.99,  14.69,  999.7,    0.08,  185.60,  179.94,  179.83,  178.79,  161.06,  158.12,  779.99,  787.79,  784.92,  789.66,  818.98,  821.98,  658.02,  719.59,        ,   0,  GPS,   67.0, 111.40, 115.20, 125.300, 130.200,       ,       ,       ,      ,       ,       ,  -13.6,      0,  NONE,   NONE,      ,      ,      , NoSoln, 3704,      ,       ,      ,       
2018-08-27, 16:39:44,  -04:00,       ,             ,             ,    64.0, 30.06,        ,  31.2,   0.00,       ,  -41.41,   0.33,   0.57,  -0.00,  -0.00, 190.4,      ,  27.4,  28.3,   7.8,  30.95,  27.94,     3.37,  173.09,   36.24,  14.62, 1008.6,    0.08,  185.75,  180.18,  180.15,  179.05,  161.35,  158.57,  785.96,  794.76,  791.23,  796.97,  826.58,  829.63,  667.90,  723.91,        ,   0,  GPS,   67.0, 111.40, 115.20, 125.300, 130.200,       ,       ,       ,      ,       ,       ,  -13.6,      0,  NONE,   NONE,      ,      ,      , NoSoln, 3704,      ,       ,      ,       
2018-08-27, 16:39:45,  -04:00,       ,             ,             ,    65.0, 30.06,        ,  31.2,   0.00,       ,  -24.72,   0.34,   0.55,   0.00,  -0.00, 190.3,      ,  27.5,  28.4,   8.2,  30.95,  27.95,     3.35,  172.93,   36.33,  14.61, 1009.8,    0.08,  185.96,  180.42,  180.44,  179.38,  161.70,  159.04,  791.20,  801.95,  798.90,  803.61,  834.81,  838.04,  673.35,  729.80,        ,   0,  GPS,   67.0, 111.40, 115.20, 125.300, 130.200,       ,       ,       ,      ,       ,       ,  -13.6,      0,  NONE,   NONE,      ,      ,      , NoSoln, 3704,      ,       ,      ,       
2018-08-27, 16:39:46,  -04:00,       ,             ,             ,    64.0, 30.06,        ,  31.2,   0.00,       ,  -15.45,   0.32,   0.57,  -0.01,   0.00, 190.4,      ,  27.6,  28.5,   8.5,  30.95,  27.96,     3.36,  172.74,   36.47,  14.59, 1012.8,    0.08,  186.14,  180.68,  180.76,  179.64,  162.03,  159.51,  797.20,  806.54,  804.94,  810.47,  841.01,  844.24,  678.49,  735.02,        ,   0,  GPS,   67.0, 111.40, 115.20, 125.300, 130.200,       ,       ,       ,      ,       ,       ,  -13.6,      0,  NONE,   NONE,      ,      ,      , NoSoln, 3704,      ,       ,      ,       
2018-08-27, 16:39:47,  -04:00,       ,             ,             ,    64.0, 30.06,        ,  31.2,   0.00,       ,  -18.60,   0.34,   0.57,  -0.01,  -0.00, 190.4,      ,  27.6,  28.6,   8.8,  30.95,  27.95,     3.35,  172.46,   36.46,  14.63, 1011.4,    0.08,  186.32,  180.92,  181.07,  179.94,  162.32,  160.01,  802.30,  811.68,  812.14,  817.25,  850.14,  849.73,  684.00,  739.85,        ,   0,  GPS,   67.0, 111.40, 115.20, 125.300, 130.200,       ,       ,       ,      ,       ,       ,  -13.6,      0,  NONE,   NONE,      ,      ,      , NoSoln, 3704,      ,       ,      ,       
2018-08-27, 16:39:48,  -04:00,       ,             ,             ,    65.0, 30.06,        ,  31.2,   0.00,       ,   -3.06,   0.33,   0.56,  -0.01,   0.00, 190.4,      ,  27.6,  28.6,   9.0,  30.95,  27.94,     3.36,  172.20,   36.60,  14.58, 1015.6,    0.08,  186.51,  181.18,  181.38,  180.24,  162.62,  160.46,  806.46,  817.12,  817.72,  822.68,  856.83,  856.12,  692.83,  743.90,        ,   0,  GPS,   67.0, 111.40, 115.20, 125.300, 130.200,       ,       ,       ,      ,       ,       ,  -13.6,      0,  NONE,   NONE,      ,      ,      , NoSoln, 3704,      ,       ,      ,       
2018-08-27, 16:39:49,  -04:00,       ,             ,             ,    64.0, 30.06,        ,  31.2,   0.00,       ,  -11.42,   0.31,   0.58,  -0.01,   0.00, 190.4,      ,  27.7,  28.7,   9.2,  30.95,  27.93,     3.39,  171.92,   36.81,  14.55, 1020.0,    0.08,  186.75,  181.45,  181.71,  180.59,  162.97,  160.93,  811.19,  822.33,  821.23,  827.68,  861.54,  862.51,  696.37,  747.71,        ,   0,  GPS,   67.0, 111.40, 115.20, 125.300, 130.200,       ,       ,       ,      ,       ,       ,  -13.6,      0,  NONE,   NONE,      ,      ,      , NoSoln, 3704,      ,       ,      ,       
2018-08-27, 16:39:50,  -04:00,       ,   40.8438148,  -72.6405792,    64.0, 30.06,   112.4,  31.2,   0.00,   2.57,  -19.59,   0.31,   0.57,  -0.01,  -0.00, 190.3, 283.4,  27.7,  28.7,   9.3,  30.94,  27.93,     3.38,  171.53,   36.68,  14.63, 1012.9,    0.08,  186.99,  181.72,  182.04,  180.89,  163.32,  161.41,  816.14,  826.72,  826.98,  833.52,  866.59,  869.78,  701.62,  752.02,     6.9,   0,  GPS,   67.0, 111.40, 115.20, 125.300, 130.200,       ,       ,       ,      ,       ,       ,  -13.6,      0,  NONE,   NONE,      ,      ,  -7.9,     3D, 3704,      ,       ,      ,       
2018-08-27, 16:39:51,  -04:00,       ,   40.8438301,  -72.6406097,    63.0, 30.06,    93.0,  31.2,   0.00,   3.42,  -29.07,   0.31,   0.57,   0.00,  -0.00, 190.3, 283.4,  27.7,  28.7,   9.5,  30.94,  27.92,     3.37,  171.09,   36.78,  14.58, 1017.8,    0.08,  187.23,  182.01,  182.36,  181.24,  163.67,  161.93,  819.76,  832.27,  831.10,  838.43,  870.92,  874.53,  706.70,  755.92,   -12.5,   0,  GPS,   67.0, 111.40, 115.20, 125.300, 130.200,       ,       ,       ,      ,       ,       ,  -13.6,      0,  NONE,   NONE,      ,      ,  -3.9,     3D, 3704,      ,       ,      ,       
2018-08-27, 16:39:52,  -04:00,       ,   40.8438301,  -72.6406403,    63.0, 30.06,    81.5,  31.2,   0.00,   3.42,  -24.06,   0.32,   0.54,   0.00,   0.01, 190.3, 283.6,  27.7,  28.7,   9.6,  30.94,  27.91,     3.36,  170.66,   36.79,  14.62, 1015.8,    0.08,  187.49,  182.28,  182.69,  181.57,  164.01,  162.40,  822.94,  836.39,  834.37,  843.45,  873.96,  880.94,  713.75,  759.32,   -24.1,   0,  GPS,   67.0, 111.40, 115.20, 125.300, 130.200,       ,       ,       ,      ,       ,       ,  -13.6,      0,  NONE,   NONE,      ,      ,   0.0,     3D, 3704,      ,       ,      ,       
2018-08-27, 16:39:53,  -04:00,       ,   40.8438301,  -72.6406555,    63.0, 30.06,    76.7,  31.2,   0.00,   2.99,  -18.95,   0.29,   0.55,  -0.00,   0.00, 190.3, 283.4,  27.7,  28.7,   9.7,  30.94,  27.92,     3.36,  170.23,   36.70,  14.63, 1015.0,    0.08,  187.76,  182.58,  183.02,  181.92,  164.41,  162.91,  825.94,  839.90,  838.38,  848.17,  877.15,  886.35,  719.67,  762.94,   -28.9,   0,  GPS,   67.0, 111.40, 115.20, 125.300, 130.200,       ,       ,       ,      ,       ,       ,  -13.6,      0,  NONE,   NONE,      ,      ,  -3.9,     3D, 3704,      ,       ,      ,       
2018-08-27, 16:39:54,  -04:00,       ,   40.8438301,  -72.6406555,    63.0, 30.06,    76.1,  31.2,   0.00,   0.00,  -14.03,   0.33,   0.55,  -0.02,   0.00, 190.3, 283.8,  27.7,  28.8,   9.8,  30.94,  27.92,     3.35,  169.86,   36.92,  14.60, 1017.9,    0.08,  188.00,  182.87,  183.38,  182.24,  164.74,  163.41,  829.20,  843.72,  842.06,  851.69,  881.84,  890.51,  721.33,  766.65,   -29.4,   0,  GPS,   67.0, 111.40, 115.20, 125.300, 130.200,       ,       ,       ,      ,       ,       ,  -13.6,      0,  NONE,   NONE,      ,      ,   0.0,     3D, 3704,      ,       ,      ,       
2018-08-27, 16:39:55,  -04:00,       ,   40.8438225,  -72.6406631,    64.0, 30.06,    49.6,  31.2,   0.00,   0.00,   -6.38,   0.31,   0.54,  -0.02,  -0.00, 190.3, 283.8,  27.7,  28.8,   9.9,  30.94,  27.92,     3.34,  169.56,   37.08,  14.54, 1024.7,    0.08,  188.30,  183.17,  183.71,  182.61,  165.16,  163.91,  832.34,  846.92,  845.98,  855.64,  884.50,  894.77,  726.08,  770.16,   -55.9,   0,  GPS,   67.0, 111.40, 115.20, 125.300, 130.200,       ,       ,       ,      ,       ,       ,  -13.6,      0,  NONE,   NONE,      ,      ,   0.0,     3D, 3704,      ,       , 607.0,       
2018-08-27, 16:39:56,  -04:00,       ,   40.8438225,  -72.6406631,    64.0, 30.06,    47.2,  31.2,   0.00,   0.00,   14.17,   0.32,   0.52,  -0.02,  -0.01, 190.3, 283.8,  27.7,  28.8,   9.9,  30.94,  27.91,     3.39,  169.36,   37.24,  14.56, 1025.4,    0.08,  188.54,  183.46,  184.09,  182.93,  165.48,  164.42,  835.92,  850.33,  848.63,  859.83,  886.77,  897.55,  731.68,  772.63,   -58.3,   0,  GPS,   67.0, 111.40, 115.20, 125.300, 130.200,       ,       ,       ,      ,       ,       ,  -13.6,      0,  NONE,   NONE,      ,      ,  -3.9,     3D, 3704,      ,       , 604.5,       
2018-08-27, 16:39:57,  -04:00,       ,   40.8438225,  -72.6406631,    65.0, 30.06,    49.9,  31.2,   0.00,   0.00,   20.74,   0.32,   0.52,  -0.00,  -0.00, 190.3, 283.8,  27.7,  28.8,  10.0,  30.94,  27.90,     3.42,  169.18,   37.40,  14.56, 1025.9,    0.08,  188.88,  183.76,  184.43,  183.30,  165.93,  164.97,  838.31,  854.97,  851.28,  862.80,  889.69,  901.24,  735.40,  775.97,   -55.6,   0,  GPS,   67.0, 111.40, 115.20, 125.300, 130.200,       ,       ,       ,      ,       ,       ,  -13.6,      0,  NONE,   NONE,      ,      ,   3.9,     3D, 3704,      ,       , 604.0,       
2018-08-27, 16:39:58,  -04:00,       ,   40.8438225,  -72.6406631,    65.0, 30.06,    49.5,  31.2,   0.00,   0.00,   25.40,   0.34,   0.54,  -0.02,  -0.00, 190.3, 283.8,  27.7,  28.8,  10.0,  30.94,  27.89,     3.40,  169.03,   37.35,  14.61, 1020.9,    0.08,  189.16,  184.09,  184.83,  183.67,  166.31,  165.47,  841.26,  858.53,  854.52,  867.33,  893.98,  906.15,  739.96,  779.06,   -56.0,   0,  GPS,   67.0, 111.40, 115.20, 125.300, 130.200,       ,       ,       ,      ,       ,       ,  -13.6,      0,  NONE,   NONE,      ,      ,   0.0,     3D, 3704,      ,       , 604.0,       
2018-08-27, 16:39:59,  -04:00,       ,   40.8438225,  -72.6406631,    65.0, 30.06,    50.6,  31.2,   0.00,   0.00,    7.66,   0.33,   0.53,  -0.01,  -0.00, 190.3, 283.8,  27.7,  28.8,  10.0,  30.94,  27.91,     3.38,  168.95,   37.33,  14.57, 1025.5,    0.08,  189.44,  184.39,  185.18,  184.00,  166.66,  165.97,  844.80,  862.47,  858.49,  870.79,  898.11,  909.64,  743.41,  782.21,   -54.9,   0,  GPS,   67.0, 111.40, 115.20, 125.300, 130.200,       ,       ,       ,      ,       ,       ,  -13.6,      0,  NONE,   NONE,      ,      ,   3.9,     3D, 3704,      ,       , 604.0,       
2018-08-27, 16:40:00,  -04:00,       ,   40.8438225,  -72.6406631,    66.0, 30.06,    48.8,  31.2,   0.00,   0.00,   24.67,   0.33,   0.48,   0.00,   0.00, 190.3, 283.8,  27.7,  28.8,  10.0,  30.94,  27.91,     3.36,  168.92,   37.63,  14.49, 1032.6,    0.08,  189.75,  184.71,  185.57,  184.35,  167.08,  166.53,  847.66,  866.91,  861.67,  873.64,  901.50,  912.15,  749.57,  785.05,   -56.8,   0,  GPS,   67.0, 111.40, 115.20, 125.300, 130.200,       ,       ,       ,      ,       ,       ,  -13.6,      0,  NONE,   NONE,      ,      ,  -7.9,     3D, 3704,      ,       , 604.5,       
2018-08-27, 16:40:01,  -04:00,       ,   40.8438225,  -72.6406631,    67.0, 30.06,    48.6,  31.2,   0.00,   0.00,   29.62,   0.31,   0.49,  -0.01,   0.00, 190.3, 283.8,  27.7,  28.8,  10.0,  30.94,  27.92,     3.38,  168.89,   37.79,  14.51, 1030.9,    0.08,  190.08,  185.06,  185.92,  184.74,  167.48,  167.04,  850.26,  870.17,  864.49,  876.81,  906.01,  915.75,  752.36,  788.07,   -57.0,   0,  GPS,   67.0, 111.40, 115.20, 125.300, 130.200,       ,       ,       ,      ,       ,       ,  -13.6,      0,  NONE,   NONE,      ,      ,   0.0,     3D, 3704,      ,       , 604.5,       
2018-08-27, 16:40:02,  -04:00,       ,   40.8438225,  -72.6406631,    67.0, 30.06,    47.6,  31.2,   0.00,   0.00,   25.10,   0.32,   0.49,  -0.01,  -0.00, 190.3, 283.8,  27.7,  28.8,  10.0,  30.94,  27.92,     3.36,  168.87,   37.66,  14.60, 1026.6,    0.08,  190.41,  185.38,  186.31,  185.10,  167.90,  167.60,  852.21,  873.17,  866.78,  880.03,  909.11,  917.11,  755.77,  790.15,   -57.9,   0,  GPS,   67.0, 111.40, 115.20, 125.300, 130.200,       ,       ,       ,      ,       ,       ,  -13.6,      0,  NONE,   NONE,      ,      ,   7.9,     3D, 3704,      ,       ,  82.5,       
2018-08-27, 16:40:03,  -04:00,       ,   40.8438301,  -72.6406631,    67.0, 30.06,    47.7,  31.2,   0.00,   0.00,    2.75,   0.31,   0.51,  -0.01,   0.00, 190.3, 283.8,  27.7,  28.8,  10.0,  30.94,  27.93,     3.35,  168.84,   37.74,  14.55, 1029.4,    0.08,  190.75,  185.72,  186.69,  185.50,  168.28,  168.15,  853.71,  877.37,  868.15,  881.98,  910.69,  919.28,  759.24,  792.13,   -57.8,   0,  GPS,   67.0, 111.40, 115.20, 125.300, 130.200,       ,       ,       ,      ,       ,       ,  -13.6,      0,  NONE,   NONE,      ,      ,   0.0,     3D, 3704,      ,       ,  82.0,       
2018-08-27, 16:40:04,  -04:00,       ,   40.8438301,  -72.6406631,    67.0, 30.06,    48.1,  31.2,   0.00,   0.00,  -10.11,   0.32,   0.51,  -0.01,  -0.01, 190.3, 283.8,  27.7,  28.8,  10.0,  30.95,  27.94,     3.37,  168.78,   37.65,  14.60, 1028.5,    0.08,  191.08,  186.07,  187.10,  185.86,  168.70,  168.66,  856.03,  880.68,  871.10,  885.17,  913.34,  922.08,  765.09,  794.49,   -57.5,   0,  GPS,   67.0, 111.40, 115.20, 125.300, 130.200,       ,       ,       ,      ,       ,       ,  -13.6,      0,  NONE,   NONE,      ,      ,  -3.9,     3D, 3704,      ,       ,  82.0,       
2018-08-27, 16:40:05,  -04:00,       ,   40.8438301,  -72.6406631,    67.0, 30.06,    48.5,  31.2,   0.00,   0.00,   -2.89,   0.30,   0.48,   0.00,  -0.00, 190.3, 283.8,  27.7,  28.8,  10.0,  30.95,  27.96,     3.35,  168.70,   37.74,  14.61, 1026.1,    0.08,  191.44,  186.40,  187.49,  186.25,  169.11,  169.23,  859.77,  883.95,  873.32,  888.06,  916.20,  924.61,  767.96,  797.58,   -57.0,   0,  GPS,   67.0, 111.40, 115.20, 125.300, 130.200,       ,       ,       ,      ,       ,       ,  -13.6,      0,  NONE,   NONE,      ,      ,   0.0,     3D, 3704,      ,       ,  82.0,       
2018-08-27, 16:40:06,  -04:00,       ,   40.8438301,  -72.6406631,    66.0, 30.06,    48.5,  31.2,   0.00,   0.00,  -14.06,   0.31,   0.51,  -0.02,  -0.00, 190.3, 283.8,  27.7,  28.8,   9.9,  30.96,  27.95,     3.35,  168.62,   37.17,  14.80, 1012.5,    0.08,  191.82,  186.75,  187.88,  186.63,  169.53,  169.78,  860.41,  886.31,  876.42,  890.66,  920.70,  928.64,  771.11,  799.61,   -57.0,   0,  GPS,   67.0, 111.40, 115.20, 125.300, 130.200,       ,       ,       ,      ,       ,       ,  -13.6,      0,  NONE,   NONE,      ,      ,   0.0,     3D, 3704,      ,       ,  82.0,       
2018-08-27, 16:40:07,  -04:00,       ,   40.8438301,  -72.6406631,    66.0, 30.06,    48.8,  31.2,   0.00,   0.00,  -17.64,   0.31,   0.53,  -0.02,   0.00, 190.3, 283.8,  27.7,  28.8,   9.9,  30.96,  27.94,     3.34,  168.49,   36.52,  14.95,  999.3,    0.08,  192.20,  187.13,  188.29,  187.02,  169.99,  170.34,  861.35,  887.42,  879.02,  896.20,  923.41,  930.38,  774.21,  801.78,   -56.7,   0,  GPS,   67.0, 111.40, 115.20, 125.300, 130.200,       ,       ,       ,      ,       ,       ,  -13.6,      0,  NONE,   NONE,      ,      ,   0.0,     3D, 3704,      ,       ,  82.0,       
2018-08-27, 16:40:08,  -04:00,       ,   40.8438301,  -72.6406631,    66.0, 30.06,    49.1,  31.2,   0.00,   0.00,  -14.81,   0.30,   0.52,  -0.01,   0.00, 190.3, 283.8,  27.7,  28.8,   9.8,  30.96,  27.94,     3.30,  168.37,   36.16,  15.04,  992.8,    0.08,  192.54,  187.46,  188.68,  187.44,  170.39,  170.88,  860.53,  887.80,  879.93,  899.54,  920.84,  933.50,  778.87,  801.71,   -56.4,   0,  GPS,   67.0, 111.40, 115.20, 125.300, 130.200,       ,       ,       ,      ,       ,       ,  -13.6,      0,  NONE,   NONE,      ,      ,  -3.9,     3D, 3704,      ,       ,  82.0,       
2018-08-27, 16:40:09,  -04:00,       ,   40.8438301,  -72.6406631,    66.0, 30.06,    49.8,  31.2,   0.00,   0.00,  -11.24,   0.29,   0.52,  -0.00,   0.00, 190.3, 283.8,  27.7,  28.8,   9.8,  30.96,  27.95,     3.30,  168.22,   36.16,  15.00,  995.7,    0.08,  192.93,  187.82,  189.09,  187.82,  170.82,  171.38,  860.47,  889.91,  881.05,  903.84,  924.27,  935.31,  781.47,  803.60,   -55.8,   0,  GPS,   67.0, 111.40, 115.20, 125.300, 130.200,       ,       ,       ,      ,       ,       ,  -13.6,      0,  NONE,   NONE,      ,      ,   0.0,     3D, 3704,      ,       ,  82.0,       
2018-08-27, 16:40:10,  -04:00,       ,   40.8438301,  -72.6406631,    66.0, 30.06,    49.8,  31.2,   0.00,   0.00,  -14.30,   0.32,   0.53,  -0.01,  -0.00, 190.3, 283.8,  27.7,  28.8,   9.8,  30.96,  27.95,     3.32,  168.08,   36.57,  14.90, 1007.3,    0.08,  193.28,  188.18,  189.48,  188.20,  171.18,  171.95,  860.73,  891.68,  882.00,  905.39,  925.75,  938.40,  783.85,  804.56,   -55.7,   0,  GPS,   67.0, 111.40, 115.20, 125.300, 130.200,       ,       ,       ,      ,       ,       ,  -13.6,      0,  NONE,   NONE,      ,      ,   0.0,     3D, 3704,      ,       ,  82.0,       
2018-08-27, 16:40:11,  -04:00,       ,   40.8438301,  -72.6406631,    66.0, 30.06,    49.2,  31.2,   0.00,   0.00,  -17.70,   0.32,   0.53,  -0.00,  -0.01, 190.3, 283.8,  27.7,  28.8,   9.8,  30.96,  27.95,     3.32,  167.97,   37.00,  14.80, 1015.1,    0.08,  193.66,  188.56,  189.87,  188.58,  171.60,  172.48,  862.98,  894.40,  883.72,  907.59,  927.87,  940.65,  786.38,  806.21,   -56.3,   0,  GPS,   67.0, 111.40, 115.20, 125.300, 130.200,       ,       ,       ,      ,       ,       ,  -13.6,      0,  NONE,   NONE,      ,      ,   0.0,     3D, 3704,      ,       ,  82.0,       
2018-08-27, 16:40:12,  -04:00,       ,   40.8438301,  -72.6406708,    66.0, 30.06,    49.7,  31.2,   0.00,   0.00,   -2.49,   0.31,   0.55,   0.00,   0.00, 190.3, 283.8,  27.7,  28.8,   9.7,  30.96,  27.94,     3.31,  167.86,   37.35,  14.73, 1021.9,    0.08,  194.08,  188.91,  190.30,  189.00,  172.06,  173.01,  864.47,  896.63,  885.89,  909.99,  931.56,  942.58,  790.98,  808.39,   -55.8,   0,  GPS,   67.0, 111.40, 115.20, 125.300, 130.200,       ,       ,       ,      ,       ,       ,  -13.6,      0,  NONE,   NONE,      ,      ,   0.0,     3D, 3704,      ,       ,  82.0,       
2018-08-27, 16:40:13,  -04:00,       ,   40.8438301,  -72.6406708,    65.0, 30.06,    50.8,  31.2,   0.00,   0.00,  -16.25,   0.32,   0.49,   0.01,  -0.00, 190.3, 283.8,  27.7,  28.8,   9.6,  30.96,  27.93,     3.32,  167.76,   37.62,  14.71, 1028.2,    0.08,  194.44,  189.25,  190.69,  189.34,  172.45,  173.56,  866.59,  898.50,  887.25,  912.04,  933.16,  944.09,  792.56,  810.40,   -54.7,   0,  GPS,   67.0, 111.40, 115.20, 125.300, 130.200,       ,       ,       ,      ,       ,       ,  -13.6,      0,  NONE,   NONE,      ,      ,   0.0,     3D, 3704,      ,       ,  82.0,       
2018-08-27, 16:40:14,  -04:00,       ,   40.8438301,  -72.6406708,    67.0, 30.06,    51.1,  31.5,   0.00,   0.00,    6.58,   0.32,   0.48,  -0.02,  -0.00, 190.3, 283.8,  27.7,  28.8,   9.6,  30.96,  27.94,     3.35,  167.68,   38.10,  14.60, 1034.5,    0.08,  194.85,  189.63,  191.08,  189.75,  172.89,  174.11,  868.98,  900.46,  888.43,  915.27,  934.53,  945.57,  795.01,  812.69,   -54.4,   0,  GPS,   67.0, 111.40, 115.20, 125.300, 130.200,       ,       ,       ,      ,       ,       ,  -13.6,      0,  NONE,   NONE,      ,      ,   0.0,     3D, 3704,      ,       ,  82.0,       
2018-08-27, 16:40:15,  -04:00,       ,   40.8438225,  -72.6406555,    67.0, 30.06,    45.4,  31.5,   0.00,   0.00,   15.49,   0.32,   0.49,  -0.01,   0.00, 190.3, 283.8,  27.7,  28.8,   9.5,  30.96,  27.89,     3.35,  167.60,   38.14,  14.61, 1033.6,    0.08,  195.26,  189.98,  191.49,  190.15,  173.30,  174.66,  871.72,  903.25,  891.33,  917.98,  936.49,  946.63,  797.85,  815.58,   -60.1,   0,  GPS,   67.0, 111.40, 115.20, 125.300, 130.200,       ,       ,       ,      ,       ,       ,  -13.6,      0,  NONE,   NONE,      ,      ,  -3.9,     3D, 3704,      ,       , 181.5,       
2018-08-27, 16:40:16,  -04:00,       ,   40.8438225,  -72.6406555,    67.0, 30.06,    46.0,  31.5,   0.00,   0.00,    0.66,   0.34,   0.51,  -0.03,  -0.00, 190.4, 283.8,  27.7,  28.8,   9.4,  30.96,  27.89,     3.35,  167.54,   38.11,  14.67, 1028.2,    0.08,  195.70,  190.37,  191.91,  190.54,  173.78,  175.20,  873.53,  905.12,  893.45,  920.76,  940.13,  949.99,  801.53,  817.77,   -59.5,   0,  GPS,   67.0, 111.40, 115.20, 125.300, 130.200,       ,       ,       ,      ,       ,       ,  -13.6,      0,  NONE,   NONE,      ,      ,   0.0,     3D, 3704,      ,       , 181.0,       
2018-08-27, 16:40:17,  -04:00,       ,   40.8438225,  -72.6406631,    67.0, 30.06,    46.3,  31.5,   0.00,   0.00,   -0.71,   0.35,   0.49,   0.00,   0.00, 190.4, 283.8,  27.7,  28.8,   9.4,  30.96,  27.90,     3.36,  167.52,   38.16,  14.64, 1033.0,    0.08,  196.10,  190.75,  192.32,  190.99,  174.22,  175.76,  874.81,  907.01,  894.69,  922.70,  940.74,  953.82,  803.59,  819.96,   -59.2,   0,  GPS,   67.0, 111.40, 115.20, 125.300, 130.200,       ,       ,       ,      ,       ,       ,  -13.6,      0,  NONE,   NONE,      ,      ,   0.0,     3D, 3704,      ,       , 181.0,       
2018-08-27, 16:40:18,  -04:00,       ,   40.8438225,  -72.6406631,    67.0, 30.06,    46.5,  31.5,   0.00,   0.00,  -13.18,   0.35,   0.48,  -0.01,  -0.01, 190.4, 283.8,  27.7,  28.8,   9.3,  30.96,  27.89,     3.35,  167.49,   38.23,  14.62, 1035.6,    0.08,  196.51,  191.11,  192.71,  191.38,  174.64,  176.32,  876.76,  909.60,  895.71,  925.51,  941.41,  958.67,  807.08,  821.75,   -59.0,   0,  GPS,   67.0, 111.40, 115.20, 125.300, 130.200,       ,       ,       ,      ,       ,       ,  -13.6,      0,  NONE,   NONE,      ,      ,   0.0,     3D, 3704,      ,       , 181.0,       
2018-08-27, 16:40:19,  -04:00,       ,   40.8438225,  -72.6406631,    67.0, 30.06,    46.5,  31.5,   0.00,   0.00,   -1.51,   0.34,   0.48,  -0.01,   0.01, 190.4, 283.8,  27.7,  28.8,   9.3,  30.96,  27.88,     3.35,  167.46,   38.52,  14.57, 1039.6,    0.08,  196.87,  191.50,  193.15,  191.74,  175.03,  176.88,  879.71,  911.99,  897.69,  927.53,  944.62,  959.70,  808.81,  824.12,   -59.0,   0,  GPS,   67.0, 111.40, 115.20, 125.300, 130.200,       ,       ,       ,      ,       ,       ,  -13.6,      0,  NONE,   NONE,      ,      ,   0.0,     3D, 3704,      ,       , 181.0,       
2018-08-27, 16:40:20,  -04:00,       ,   40.8438225,  -72.6406631,    67.0, 30.06,    46.8,  31.5,   0.00,   0.00,   -1.91,   0.35,   0.48,   0.00,  -0.01, 190.4, 283.8,  27.7,  28.8,   9.2,  30.96,  27.90,     3.33,  167.42,   38.61,  14.56, 1043.2,    0.08,  197.31,  191.88,  193.57,  192.14,  175.49,  177.47,  882.66,  914.29,  900.40,  928.90,  946.64,  960.98,  812.03,  826.88,   -58.7,   0,  GPS,   67.0, 111.40, 115.20, 125.300, 130.200,       ,       ,       ,      ,       ,       ,  -13.6,      0,  NONE,   NONE,      ,      ,  -3.9,     3D, 3704,      ,       , 181.0,       
2018-08-27, 16:40:21,  -04:00,       ,   40.8438225,  -72.6406631,    66.0, 30.06,    47.2,  31.5,   0.00,   0.00,  -18.89,   0.34,   0.49,  -0.00,  -0.00, 190.4, 283.8,  27.7,  28.8,   9.1,  30.96,  27.90,     3.33,  167.39,   38.70,  14.57, 1043.1,    0.08,  197.73,  192.28,  193.99,  192.56,  175.91,  178.00,  885.52,  916.20,  903.16,  930.14,  948.96,  961.70,  813.60,  829.51,   -58.3,   0,  GPS,   67.0, 111.40, 115.20, 125.300, 130.200,       ,       ,       ,      ,       ,       ,  -13.6,      0,  NONE,   NONE,      ,      ,   0.0,     3D, 3704,      ,       , 180.5,       
2018-08-27, 16:40:22,  -04:00,       ,   40.8438225,  -72.6406631,    66.0, 30.06,    47.4,  31.5,   0.00,   0.00,  -31.38,   0.35,   0.48,  -0.02,  -0.00, 190.4, 283.8,  27.7,  28.8,   9.0,  30.96,  27.91,     3.32,  167.34,   38.86,  14.52, 1044.9,    0.08,  198.21,  192.66,  194.40,  193.01,  176.41,  178.59,  888.58,  918.87,  905.24,  932.12,  948.88,  963.36,  816.25,  831.70,   -58.2,   0,  GPS,   67.0, 111.40, 115.20, 125.300, 130.200,       ,       ,       ,      ,       ,       ,  -13.6,      0,  NONE,   NONE,      ,      ,   0.0,     3D, 3704,      ,       , 180.5,       
2018-08-27, 16:40:23,  -04:00,       ,   40.8438225,  -72.6406631,    66.0, 30.06,    47.5,  31.5,   0.00,   0.00,  -24.47,   0.33,   0.49,   0.00,   0.00, 190.4, 283.8,  27.7,  28.8,   8.9,  30.96,  27.93,     3.34,  167.29,   38.77,  14.56, 1042.2,    0.08,  198.58,  193.06,  194.84,  193.37,  176.80,  179.13,  890.13,  920.49,  906.40,  935.70,  948.83,  967.21,  818.31,  833.39,   -58.0,   0,  GPS,   67.0, 111.40, 115.20, 125.300, 130.200,       ,       ,       ,      ,       ,       ,  -13.6,      0,  NONE,   NONE,      ,      ,   0.0,     3D, 3704,      ,       , 180.5,       
2018-08-27, 16:40:24,  -04:00,       ,   40.8438225,  -72.6406631,    66.0, 30.06,    47.5,  31.5,   0.00,   0.00,   -9.72,   0.36,   0.52,  -0.01,   0.00, 190.4, 283.8,  27.7,  28.8,   8.9,  30.96,  27.94,     3.34,  167.27,   38.89,  14.54, 1043.7,    0.08,  199.04,  193.48,  195.26,  193.81,  177.31,  179.69,  891.73,  923.02,  907.34,  938.29,  950.08,  970.66,  821.89,  835.39,   -58.0,   0,  GPS,   67.0, 111.40, 115.20, 125.300, 130.200,       ,       ,       ,      ,       ,       ,  -13.6,      0,  NONE,   NONE,      ,      ,   0.0,     3D, 3704,      ,       , 180.5,       
2018-08-27, 16:40:25,  -04:00,       ,   40.8438225,  -72.6406631,    66.0, 30.06,    47.9,  31.5,   0.00,   0.00,   -3.99,   0.36,   0.49,  -0.02,  -0.01, 190.5, 283.8,  27.7,  28.8,   8.8,  30.96,  27.94,     3.33,  167.23,   39.31,  14.46, 1052.3,    0.08,  199.48,  193.87,  195.68,  194.23,  177.76,  180.26,  893.99,  926.70,  908.64,  940.36,  952.34,  972.33,  824.00,  837.40,   -57.6,   0,  GPS,   67.0, 111.40, 115.20, 125.300, 130.200,       ,       ,       ,      ,       ,       ,  -13.6,      0,  NONE,   NONE,      ,      ,   0.0,     3D, 3704,      ,       , 180.5,       
2018-08-27, 16:40:26,  -04:00,       ,   40.8438225,  -72.6406631,    67.0, 30.06,    47.9,  31.5,   0.00,   0.00,   -1.22,   0.37,   0.49,  -0.01,  -0.00, 190.5, 283.8,  27.7,  28.8,   8.7,  30.96,  27.94,     3.34,  167.17,   39.51,  14.42, 1057.0,    0.08,  199.92,  194.28,  196.12,  194.66,  178.21,  180.82,  896.63,  928.58,  908.65,  942.73,  952.43,  973.45,  825.99,  838.43,   -57.6,   0,  GPS,   67.0, 111.40, 115.20, 125.300, 130.200,       ,       ,       ,      ,       ,       ,  -13.6,      0,  NONE,   NONE,      ,      ,   0.0,     3D, 3704,      ,       , 180.5,       
2018-08-27, 16:40:27,  -04:00,       ,   40.8438225,  -72.6406631,    67.0, 30.06,    47.7,  31.5,   0.00,   0.00,   14.20,   0.38,   0.47,  -0.02,   0.00, 190.5, 283.8,  27.7,  28.8,   8.6,  30.96,  27.94,     3.33,  167.17,   39.41,  14.48, 1052.4,    0.08,  200.31,  194.70,  196.51,  195.03,  178.63,  181.40,  899.07,  929.18,  909.80,  943.97,  955.02,  974.51,  826.95,  840.56,   -57.8,   0,  GPS,   67.0, 111.40, 115.20, 125.300, 130.200,       ,       ,       ,      ,       ,       ,  -13.6,      0,  NONE,   NONE,      ,      ,  -3.9,     3D, 3704,      ,       , 180.0,       
2018-08-27, 16:40:28,  -04:00,       ,   40.8438225,  -72.6406631,    65.0, 30.06,    47.7,  31.5,   0.00,   0.00,  -30.03,   0.37,   0.48,  -0.00,  -0.00, 190.5, 283.8,  27.7,  28.8,   8.5,  30.95,  27.94,     3.33,  167.13,   39.19,  14.51, 1050.2,    0.08,  200.81,  195.09,  196.98,  195.46,  179.14,  181.95,  900.80,  931.43,  910.54,  944.65,  955.08,  977.00,  829.66,  841.25,   -57.8,   0,  GPS,   67.0, 111.40, 115.20, 125.300, 130.200,       ,       ,       ,      ,       ,       ,  -13.6,      0,  NONE,   NONE,      ,      ,   0.0,     3D, 3704,      ,       , 180.0,       
2018-08-27, 16:40:29,  -04:00,       ,   40.8438225,  -72.6406631,    65.0, 30.06,    47.5,  31.5,   0.00,   0.00,  -35.07,   0.37,   0.48,  -0.00,  -0.01, 190.5, 283.8,  27.7,  28.8,   8.4,  30.95,  27.93,     3.33,  167.10,   39.02,  14.60, 1043.8,    0.08,  201.24,  195.50,  197.40,  195.91,  179.61,  182.51,  902.50,  932.40,  910.05,  945.51,  955.11,  979.65,  831.04,  842.17,   -58.0,   0,  GPS,   67.0, 111.40, 115.20, 125.300, 130.200,       ,       ,       ,      ,       ,       ,  -13.6,      0,  NONE,   NONE,      ,      ,   0.0,     3D, 3704,      ,       , 180.0,       
2018-08-27, 16:40:30,  -04:00,       ,   40.8438225,  -72.6406631,    66.0, 30.06,    47.3,  31.5,   0.00,   0.00,  -19.16,   0.36,   0.46,  -0.01,   0.00, 190.5, 283.8,  27.7,  28.8,   8.4,  30.95,  27.93,     3.29,  167.05,   39.00,  14.62, 1042.4,    0.08,  201.64,  195.95,  197.84,  196.30,  180.01,  183.07,  904.19,  932.67,  911.11,  945.96,  954.93,  982.39,  832.40,  843.31,   -58.2,   0,  GPS,   67.0, 111.40, 115.20, 125.300, 130.200,       ,       ,       ,      ,       ,       ,  -13.6,      0,  NONE,   NONE,      ,      ,   0.0,     3D, 3704,      ,       , 180.0,       
2018-08-27, 16:40:31,  -04:00,       ,   40.8438225,  -72.6406631,    66.0, 30.06,    47.5,  31.5,   0.00,   0.00,   -5.91,   0.37,   0.47,  -0.01,   0.00, 190.5, 283.8,  27.7,  28.8,   8.3,  30.96,  27.92,     3.27,  167.02,   38.97,  14.60, 1044.3,    0.09,  202.09,  196.36,  198.29,  196.72,  180.47,  183.63,  905.76,  934.35,  912.97,  946.25,  956.65,  984.75,  833.90,  844.59,   -58.0,   0,  GPS,   67.0, 111.40, 115.20, 125.300, 130.200,       ,       ,       ,      ,       ,       ,  -13.6,      0,  NONE,   NONE,      ,      ,   0.0,     3D, 3704,      ,       , 180.0,       
2018-08-27, 16:40:32,  -04:00,       ,   40.8438187,  -72.6406631,    66.0, 30.06,    47.4,  31.5,   0.00,   0.00,    7.14,   0.37,   0.46,  -0.01,  -0.00, 190.5, 283.8,  27.7,  28.8,   8.2,  30.96,  27.92,     3.27,  167.00,   39.04,  14.57, 1046.8,    0.09,  202.57,  196.78,  198.73,  197.19,  180.98,  184.19,  907.17,  936.27,  914.13,  947.51,  958.84,  985.08,  836.83,  845.33,   -58.1,   0,  GPS,   67.0, 111.40, 115.20, 125.300, 130.200,       ,       ,       ,      ,       ,       ,  -13.6,      0,  NONE,   NONE,      ,      ,   0.0,     3D, 3704,      ,       , 180.0,       
2018-08-27, 16:40:33,  -04:00,       ,   40.8438187,  -72.6406631,    67.0, 30.06,    47.4,  31.5,   0.00,   0.00,    9.61,   0.35,   0.46,  -0.01,  -0.00, 190.5, 283.8,  27.7,  28.8,   8.1,  30.95,  27.91,     3.30,  166.99,   39.43,  14.49, 1057.0,    0.09,  203.02,  197.22,  199.15,  197.61,  181.44,  184.76,  908.54,  937.85,  916.03,  949.94,  960.32,  985.12,  838.09,  847.09,   -58.2,   0,  GPS,   67.0, 111.40, 115.20, 125.300, 130.200,       ,       ,       ,      ,       ,       ,  -13.6,      0,  NONE,   NONE,      ,      ,  -3.9,     3D, 3704,      ,       , 179.5,       
2018-08-27, 16:40:34,  -04:00,       ,   40.8438187,  -72.6406631,    66.0, 30.06,    47.3,  31.5,   0.00,   0.00,    8.35,   0.36,   0.46,  -0.02,   0.00, 190.6, 283.8,  27.7,  28.8,   8.0,  30.95,  27.92,     3.30,  166.97,   39.49,  14.51, 1054.1,    0.09,  203.49,  197.64,  199.57,  198.05,  181.91,  185.32,  909.94,  939.56,  917.13,  950.79,  962.40,  987.55,  839.39,  848.60,   -58.2,   0,  GPS,   67.0, 111.40, 115.20, 125.300, 130.200,       ,       ,       ,      ,       ,       ,  -13.6,      0,  NONE,   NONE,      ,      ,   0.0,     3D, 3704,      ,       , 179.5,       
2018-08-27, 16:40:35,  -04:00,       ,   40.8438187,  -72.6406631,    66.0, 30.06,    47.2,  31.5,   0.00,   0.00,  -15.24,   0.33,   0.46,   0.00,   0.01, 190.5, 283.8,  27.7,  28.8,   7.9,  30.95,  27.92,     3.33,  166.96,   39.42,  14.53, 1053.8,    0.09,  203.92,  198.06,  200.02,  198.47,  182.37,  185.86,  912.29,  940.46,  919.90,  950.77,  963.97,  989.18,  840.82,  851.05,   -58.3,   0,  GPS,   67.0, 111.40, 115.20, 125.300, 130.200,       ,       ,       ,      ,       ,       ,  -13.6,      0,  NONE,   NONE,      ,      ,   0.0,     3D, 3704,      ,       , 179.5,       
2018-08-27, 16:40:36,  -04:00,       ,   40.8438187,  -72.6406631,    66.0, 30.06,    46.9,  31.5,   0.00,   0.00,   -5.50,   0.35,   0.45,  -0.00,   0.00, 190.5, 283.8,  27.7,  28.8,   7.9,  30.95,  27.92,     3.32,  166.95,   39.38,  14.55, 1052.3,    0.09,  204.38,  198.47,  200.46,  198.91,  182.84,  186.45,  913.68,  942.41,  923.08,  951.63,  966.94,  991.36,  843.47,  852.78,   -58.6,   0,  GPS,   67.0, 111.40, 115.20, 125.300, 130.200,       ,       ,       ,      ,       ,       ,  -13.6,      0,  NONE,   NONE,      ,      ,   0.0,     3D, 3704,      ,       , 179.5,       
2018-08-27, 16:40:37,  -04:00,       ,   40.8438187,  -72.6406631,    66.0, 30.06,    46.9,  31.5,   0.00,   0.00,   -7.09,   0.33,   0.46,  -0.00,  -0.01, 190.5, 283.8,  27.7,  28.8,   7.8,  30.95,  27.91,     3.32,  166.91,   39.35,  14.55, 1052.4,    0.09,  204.85,  198.92,  200.89,  199.33,  183.31,  187.01,  915.94,  943.36,  926.16,  952.69,  968.89,  994.24,  844.18,  855.27,   -58.7,   0,  GPS,   67.0, 111.40, 115.20, 125.300, 130.200,       ,       ,       ,      ,       ,       ,  -13.6,      0,  NONE,   NONE,      ,      ,  -3.9,     3D, 3704,      ,       , 179.5,       
2018-08-27, 16:40:38,  -04:00,       ,   40.8438187,  -72.6406631,    66.0, 30.06,    46.8,  31.5,   0.00,   0.00,  -12.58,   0.33,   0.48,  -0.01,   0.00, 190.5, 283.8,  27.7,  28.8,   7.7,  30.95,  27.91,     3.31,  166.90,   39.55,  14.51, 1056.9,    0.09,  205.30,  199.36,  201.33,  199.78,  183.76,  187.57,  918.24,  946.50,  928.22,  954.36,  970.07,  994.48,  846.00,  857.34,   -58.7,   0,  GPS,   67.0, 111.40, 115.20, 125.300, 130.200,       ,       ,       ,      ,       ,       ,  -13.6,      0,  NONE,   NONE,      ,      ,  -3.9,     3D, 3704,      ,       , 179.5,       
2018-08-27, 16:40:39,  -04:00,       ,   40.8438187,  -72.6406631,    66.0, 30.06,    46.7,  31.5,   0.00,   0.00,  -10.01,   0.32,   0.48,  -0.01,  -0.00, 190.5, 283.8,  27.7,  28.8,   7.6,  30.95,  27.92,     3.30,  166.86,   39.51,  14.54, 1053.8,    0.09,  205.78,  199.81,  201.76,  200.19,  184.23,  188.14,  919.20,  948.23,  931.36,  956.33,  970.52,  995.06,  847.30,  859.31,   -58.8,   0,  GPS,   67.0, 111.40, 115.20, 125.300, 130.200,       ,       ,       ,      ,       ,       ,  -13.6,      0,  NONE,   NONE,      ,      ,   0.0,     3D, 3704,      ,       , 179.0,       
2018-08-27, 16:40:40,  -04:00,       ,   40.8438148,  -72.6406631,    66.0, 30.06,    46.7,  31.5,   0.00,   0.00,  -13.37,   0.30,   0.51,  -0.01,   0.00, 190.5, 283.8,  27.7,  28.8,   7.5,  30.95,  27.91,     3.27,  166.83,   39.30,  14.60, 1049.0,    0.09,  206.24,  200.25,  202.19,  200.63,  184.70,  188.70,  920.51,  951.62,  931.98,  957.46,  970.07,  996.99,  850.02,  860.02,   -58.8,   0,  GPS,   67.0, 111.40, 115.20, 125.300, 130.200,       ,       ,       ,      ,       ,       ,  -13.6,      0,  NONE,   NONE,      ,      ,  -3.9,     3D, 3704,      ,       , 179.0,       
2018-08-27, 16:40:41,  -04:00,       ,   40.8438148,  -72.6406631,    65.0, 30.06,    46.8,  31.5,   0.00,   0.00,  -25.79,   0.32,   0.51,  -0.01,  -0.00, 190.5, 283.8,  27.7,  28.8,   7.5,  30.95,  27.89,     3.29,  166.79,   39.30,  14.62, 1051.8,    0.09,  206.70,  200.70,  202.60,  201.08,  185.14,  189.23,  922.70,  952.75,  933.39,  958.25,  970.92,  997.73,  850.66,  861.35,   -58.7,   0,  GPS,   67.0, 111.40, 115.20, 125.300, 130.200,       ,       ,       ,      ,       ,       ,  -13.6,      0,  NONE,   NONE,      ,      ,   0.0,     3D, 3704,      ,       , 179.0,       
2018-08-27, 16:40:42,  -04:00,       ,   40.8438072,  -72.6406784,    65.0, 30.06,    69.1,  31.5,   0.00,   0.00,  -21.21,   0.24,   0.40,  -0.02,   0.00, 190.7, 283.8,  27.7,  28.8,   7.4,  30.95,  27.88,     3.27,  166.77,   39.28,  14.63, 1048.2,    0.09,  207.17,  201.14,  203.04,  201.50,  185.60,  189.80,  924.31,  954.18,  936.58,  959.51,  971.81,  998.64,  852.10,  863.68,   -36.5,   0,  GPS,   67.0, 111.40, 115.20, 125.300, 130.200,       ,       ,       ,      ,       ,       ,  -13.6,      0,  NONE,   NONE,      ,      , -47.2,     3D, 3704,      ,       , 116.0,       
2018-08-27, 16:40:43,  -04:00,       ,   40.8438072,  -72.6406784,    66.0, 30.06,    68.8,  31.5,   0.00,   0.00,   -3.38,   0.33,   0.52,  -0.03,  -0.00, 190.5, 283.8,  27.7,  28.8,   7.3,  30.95,  27.88,     3.28,  166.73,   39.41,  14.56, 1053.1,    0.09,  207.62,  201.59,  203.46,  201.92,  186.09,  190.35,  925.20,  955.35,  938.50,  961.25,  973.15,  998.30,  853.03,  865.07,   -36.7,   0,  GPS,   67.0, 111.40, 115.20, 125.300, 130.200,       ,       ,       ,      ,       ,       ,  -13.6,      0,  NONE,   NONE,      ,      ,   0.0,     3D, 3704,      ,       , 116.0,       
2018-08-27, 16:40:44,  -04:00,       ,   40.8438148,  -72.6407013,    66.0, 30.06,    84.9,  31.5,   0.00,   0.00,    3.03,   0.42,   0.65,  -0.00,  -0.00, 190.3, 283.8,  27.7,  28.8,   7.3,  30.95,  27.88,     3.27,  166.72,   39.51,  14.55, 1057.6,    0.09,  208.07,  202.03,  203.90,  202.36,  186.51,  190.89,  926.26,  956.61,  939.88,  960.72,  973.86,  998.88,  854.26,  866.44,   -20.6,   0,  GPS,   67.0, 111.40, 115.20, 125.300, 130.200,       ,       ,       ,      ,       ,       ,  -13.6,      0,  NONE,   NONE,      ,      ,  70.9,     3D, 3704,      ,       , 126.0,       
2018-08-27, 16:40:45,  -04:00,       ,   40.8438148,  -72.6407013,    66.0, 30.06,    83.8,  31.5,   0.00,   0.00,   -5.34,   0.32,   0.52,  -0.02,  -0.01, 190.5, 283.8,  27.7,  28.8,   7.2,  30.95,  27.88,     3.28,  166.72,   39.36,  14.66, 1050.3,    0.09,  208.52,  202.49,  204.31,  202.80,  186.98,  191.44,  927.40,  957.63,  942.48,  960.67,  976.84,  999.23,  854.40,  868.17,   -21.7,   0,  GPS,   67.0, 111.40, 115.20, 125.300, 130.200,       ,       ,       ,      ,       ,       ,  -13.6,      0,  NONE,   NONE,      ,      ,   0.0,     3D, 3704,      ,       , 126.0,       
2018-08-27, 16:40:46,  -04:00,       ,   40.8438148,  -72.6407013,    65.0, 30.06,    83.2,  31.5,   0.00,   0.00,  -19.05,   0.34,   0.52,  -0.01,   0.01, 190.4, 283.8,  27.7,  28.8,   7.1,  30.95,  27.86,     3.28,  166.72,   39.29,  14.64, 1049.4,    0.09,  209.02,  202.92,  204.72,  203.25,  187.44,  192.00,  928.60,  958.12,  943.99,  961.27,  980.02,  999.95,  855.21,  869.29,   -22.4,   0,  GPS,   67.0, 111.40, 115.20, 125.300, 130.200,       ,       ,       ,      ,       ,       ,  -13.6,      0,  NONE,   NONE,      ,      ,   0.0,     3D, 3704,      ,       , 126.0,       
2018-08-27, 16:40:47,  -04:00,       ,   40.8438148,  -72.6407013,    65.0, 30.06,    82.2,  31.5,   0.00,   0.00,  -29.79,   0.33,   0.52,  -0.00,   0.00, 190.5, 283.8,  27.7,  28.8,   7.0,  30.95,  27.85,     3.28,  166.71,   39.28,  14.66, 1047.6,    0.09,  209.47,  203.40,  205.13,  203.67,  187.90,  192.56,  929.23,  958.76,  944.14,  962.15,  983.67, 1002.76,  855.77,  869.89,   -23.3,   0,  GPS,   67.0, 111.40, 115.20, 125.300, 130.200,       ,       ,       ,      ,       ,       ,  -13.6,      0,  NONE,   NONE,      ,      ,   0.0,     3D, 3704,      ,       , 126.0,       
2018-08-27, 16:40:48,  -04:00,       ,   40.8438148,  -72.6407013,    65.0, 30.06,    81.7,  31.5,   0.00,   0.00,  -15.69,   0.34,   0.51,  -0.01,  -0.00, 190.5, 283.8,  27.7,  28.8,   6.9,  30.95,  27.87,     3.28,  166.67,   39.33,  14.59, 1053.4,    0.09,  209.93,  203.82,  205.56,  204.10,  188.35,  193.09,  929.89,  958.82,  946.06,  961.61,  984.90, 1003.68,  857.25,  871.11,   -23.8,   0,  GPS,   67.0, 111.40, 115.20, 125.300, 130.200,       ,       ,       ,      ,       ,       ,  -13.6,      0,  NONE,   NONE,      ,      ,   0.0,     3D, 3704,      ,       , 126.0,       
2018-08-27, 16:40:49,  -04:00,       ,   40.8438148,  -72.6407013,    65.0, 30.06,    81.8,  31.5,   0.00,   0.00,  -15.51,   0.34,   0.49,   0.00,   0.01, 190.5, 283.8,  27.7,  28.8,   6.8,  30.95,  27.86,     3.29,  166.69,   39.29,  14.66, 1050.2,    0.09,  210.39,  204.27,  205.96,  204.56,  188.83,  193.65,  931.55,  958.36,  947.35,  962.17,  986.89, 1005.61,  857.34,  872.78,   -23.8,   0,  GPS,   67.0, 111.40, 115.20, 125.300, 130.200,       ,       ,       ,      ,       ,       ,  -13.6,      0,  NONE,   NONE,      ,      ,   0.0,     3D, 3704,      ,       , 126.0,       
2018-08-27, 16:40:50,  -04:00,       ,   40.8438148,  -72.6407013,    64.0, 30.06,    81.9,  31.5,   0.00,   0.00,  -33.64,   0.34,   0.49,  -0.01,   0.00, 190.5, 283.8,  27.7,  28.8,   6.8,  30.95,  27.83,     3.28,  166.71,   39.29,  14.67, 1049.5,    0.09,  210.87,  204.74,  206.38,  205.00,  189.27,  194.20,  932.84,  957.93,  950.00,  964.33,  988.66, 1006.24,  858.17,  874.20,   -23.6,   0,  GPS,   67.0, 111.40, 115.20, 125.300, 130.200,       ,       ,       ,      ,       ,       ,  -13.6,      0,  NONE,   NONE,      ,      ,   0.0,     3D, 3704,      ,       , 126.0,       
2018-08-27, 16:40:51,  -04:00,       ,   40.8438148,  -72.6406631,    65.0, 30.06,    52.4,  31.5,   0.00,   0.00,  -14.40,   0.32,   0.47,   0.00,   0.00, 190.5, 283.8,  27.7,  28.8,   6.7,  30.94,  27.83,     3.29,  166.70,   39.68,  14.55, 1060.0,    0.09,  211.32,  205.19,  206.79,  205.40,  189.72,  194.75,  934.59,  958.76,  952.26,  964.81,  990.18, 1006.66,  858.56,  876.39,   -53.2,   0,  GPS,   67.0, 111.40, 115.20, 125.300, 130.200,       ,       ,       ,      ,       ,       ,  -13.6,      0,  NONE,   NONE,      ,      ,   0.0,     3D, 3704,      ,       , 169.5,       
2018-08-27, 16:40:52,  -04:00,       ,   40.8438148,  -72.6406631,    66.0, 30.06,    52.4,  31.5,   0.00,   0.00,   14.72,   0.33,   0.51,  -0.02,   0.00, 190.5, 283.8,  27.7,  28.8,   6.7,  30.93,  27.81,     3.29,  166.73,   39.51,  14.58, 1055.1,    0.09,  211.79,  205.64,  207.18,  205.85,  190.18,  195.29,  936.03,  958.85,  954.96,  964.71,  993.27, 1008.25,  859.87,  878.19,   -53.2,   0,  GPS,   67.0, 111.40, 115.20, 125.300, 130.200,       ,       ,       ,      ,       ,       ,  -13.6,      0,  NONE,   NONE,      ,      ,   0.0,     3D, 3704,      ,       , 169.5,       
2018-08-27, 16:40:53,  -04:00,       ,   40.8438148,  -72.6406631,    66.0, 30.06,    53.2,  31.5,   0.00,   0.00,   22.97,   0.35,   0.48,   0.01,   0.00, 190.5, 283.8,  27.7,  28.8,   6.6,  30.92,  27.81,     3.31,  166.80,   39.49,  14.61, 1056.7,    0.09,  212.26,  206.10,  207.62,  206.29,  190.66,  195.84,  937.26,  960.19,  956.23,  966.18,  994.71, 1008.50,  860.72,  879.98,   -52.3,   0,  GPS,   67.0, 111.40, 115.20, 125.300, 130.200,       ,       ,       ,      ,       ,       ,  -13.6,      0,  NONE,   NONE,      ,      ,   0.0,     3D, 3704,      ,       , 169.0,       
2018-08-27, 16:40:54,  -04:00,       ,   40.8438148,  -72.6406631,    65.0, 30.06,    53.1,  31.5,   0.00,   0.00,    1.59,   0.34,   0.47,  -0.01,  -0.01, 190.5, 283.8,  27.7,  28.8,   6.5,  30.91,  27.82,     3.30,  166.86,   39.46,  14.61, 1056.8,    0.09,  212.66,  206.55,  208.02,  206.70,  191.07,  196.39,  937.97,  960.70,  957.38,  966.06,  996.52, 1011.02,  861.09,  881.34,   -52.4,   0,  GPS,   67.0, 111.40, 115.20, 125.300, 130.200,       ,       ,       ,      ,       ,       ,  -13.6,      0,  NONE,   NONE,      ,      ,   0.0,     3D, 3704,      ,       , 169.0,       
2018-08-27, 16:40:55,  -04:00,       ,   40.8438148,  -72.6406631,    65.0, 30.06,    53.2,  31.5,   0.00,   0.00,   -6.29,   0.34,   0.44,  -0.00,   0.00, 190.5, 283.8,  27.7,  28.8,   6.4,  30.90,  27.83,     3.29,  166.89,   39.60,  14.57, 1060.7,    0.09,  213.19,  207.00,  208.43,  207.15,  191.55,  196.94,  939.17,  962.27,  959.22,  966.57,  997.74, 1012.47,  861.89,  882.82,   -52.3,   0,  GPS,   67.0, 111.40, 115.20, 125.300, 119.925,       ,       ,       ,      ,       ,       ,  -13.6,      0,  NONE,   NONE,      ,      ,   0.0,     3D, 3704,      ,       , 169.0,       
2018-08-27, 16:40:56,  -04:00,       ,   40.8438148,  -72.6406631,    66.0, 30.06,    53.5,  31.5,   0.00,   0.00,   -5.97,   0.35,   0.47,  -0.02,   0.00, 190.5, 283.8,  27.7,  28.8,   6.4,  30.90,  27.83,     3.29,  166.89,   39.77,  14.53, 1061.0,    0.09,  213.64,  207.47,  208.85,  207.59,  191.97,  197.49,  940.77,  962.91,  960.11,  967.38,  998.48, 1013.54,  863.67,  883.68,   -52.0,   0,  GPS,   67.0, 111.40, 115.20, 125.300, 119.925,       ,       ,       ,      ,       ,       ,  -13.6,      0,  NONE,   NONE,      ,      ,   0.0,     3D, 3704,      ,       , 149.5,       
2018-08-27, 16:40:57,  -04:00,       ,   40.8438148,  -72.6406631,    66.0, 30.06,    52.3,  31.5,   0.00,   0.00,   -1.86,   0.34,   0.46,  -0.01,   0.01, 190.5, 283.8,  27.7,  28.8,   6.4,  30.89,  27.82,     3.27,  166.91,   39.71,  14.60, 1058.3,    0.09,  214.09,  207.93,  209.27,  208.04,  192.44,  198.02,  941.93,  963.24,  961.02,  968.62,  998.43, 1015.28,  864.18,  884.78,   -53.2,   0,  GPS,   67.0, 111.40, 115.20, 125.300, 119.925,       ,       ,       ,      ,       ,       ,  -13.6,      0,  NONE,   NONE,      ,      ,   0.0,     3D, 3704,      ,       , 149.5,       
2018-08-27, 16:40:58,  -04:00,       ,   40.8438148,  -72.6406631,    66.0, 30.06,    51.6,  31.5,   0.00,   0.00,    2.22,   0.33,   0.45,  -0.02,  -0.00, 190.5, 283.8,  27.7,  28.8,   6.3,  30.88,  27.83,     3.30,  166.89,   39.71,  14.60, 1057.9,    0.09,  214.51,  208.39,  209.68,  208.40,  192.85,  198.58,  943.06,  963.93,  962.67,  969.82,  997.26, 1015.18,  864.84,  885.99,   -53.9,   0,  GPS,   67.0, 111.40, 115.20, 125.300, 119.925,       ,       ,       ,      ,       ,       ,  -13.6,      0,  NONE,   NONE,      ,      ,   0.0,     3D, 3704,      ,       , 149.5,       
2018-08-27, 16:40:59,  -04:00,       ,   40.8438148,  -72.6406631,    66.0, 30.06,    50.9,  31.5,   0.00,   0.00,   -7.08,   0.34,   0.43,  -0.01,  -0.01, 190.5, 283.8,  27.7,  28.8,   6.2,  30.88,  27.83,     3.27,  166.88,   39.56,  14.65, 1055.6,    0.09,  215.01,  208.85,  210.09,  208.90,  193.34,  199.12,  943.08,  964.53,  963.04,  971.02,  999.83, 1015.19,  865.56,  886.53,   -54.6,   0,  GPS,   67.0, 111.40, 115.20, 125.300, 119.925,       ,       ,       ,      ,       ,       ,  -13.6,      0,  NONE,   NONE,      ,      ,   0.0,     3D, 3704,      ,       , 149.5,       
2018-08-27, 16:41:00,  -04:00,       ,   40.8438148,  -72.6406631,    65.0, 30.06,    50.4,  31.5,   0.00,   0.00,  -27.76,   0.33,   0.44,  -0.01,  -0.00, 190.6, 283.8,  27.7,  28.8,   6.1,  30.88,  27.83,     3.29,  166.84,   39.67,  14.60, 1060.5,    0.09,  215.49,  209.30,  210.52,  209.32,  193.80,  199.66,  944.02,  965.51,  963.31,  971.78,  998.88, 1017.50,  867.73,  886.39,   -55.1,   0,  GPS,   67.0, 111.40, 115.20, 125.300, 119.925,       ,       ,       ,      ,       ,       ,  -13.6,      0,  NONE,   NONE,      ,      ,   0.0,     3D, 3704,      ,       , 149.5,       
2018-08-27, 16:41:01,  -04:00,       ,   40.8438148,  -72.6406631,    65.0, 30.06,    50.3,  31.5,   0.00,   0.00,  -31.52,   0.33,   0.46,  -0.00,  -0.00, 190.6, 283.8,  27.7,  28.8,   6.1,  30.87,  27.83,     3.27,  166.80,   39.43,  14.70, 1051.7,    0.09,  215.94,  209.76,  210.92,  209.76,  194.25,  200.21,  944.85,  966.99,  964.68,  972.61, 1001.59, 1018.66,  868.91,  888.01,   -55.2,   0,  GPS,   67.0, 111.40, 115.20, 125.300, 119.925,       ,       ,       ,      ,       ,       ,  -13.6,      0,  NONE,   NONE,      ,      ,  -3.9,     3D, 3704,      ,       , 149.5,       
2018-08-27, 16:41:02,  -04:00,       ,   40.8438148,  -72.6406631,    65.0, 30.06,    49.9,  31.5,   0.00,   0.00,  -20.70,   0.33,   0.46,  -0.01,   0.01, 190.6, 283.8,  27.7,  28.8,   6.0,  30.86,  27.84,     3.28,  166.77,   39.48,  14.67, 1053.8,    0.09,  216.35,  210.24,  211.31,  210.15,  194.63,  200.73,  944.67,  967.32,  964.86,  973.60, 1002.80, 1018.83,  870.01,  888.28,   -55.6,   0,  GPS,   67.0, 111.40, 115.20, 125.300, 119.925,       ,       ,       ,      ,       ,       ,  -13.6,      0,  NONE,   NONE,      ,      ,   0.0,     3D, 3704,      ,       , 128.5,       
2018-08-27, 16:41:03,  -04:00,       ,   40.8438148,  -72.6406631,    65.0, 30.06,    49.2,  31.5,   0.00,   0.95,   -5.75,   0.30,   0.26,   0.00,   0.00, 190.8, 283.8,  27.7,  28.8,   6.0,  30.86,  27.84,     3.29,  166.76,   39.56,  14.66, 1056.1,    0.09,  216.85,  210.69,  211.73,  210.63,  195.11,  201.26,  945.21,  966.77,  964.25,  974.50, 1003.43, 1021.81,  871.46,  888.02,   -56.3,   0,  GPS,   67.0, 111.40, 115.20, 125.300, 119.925,       ,       ,       ,      ,       ,       ,  -13.6,      0,  NONE,   NONE,      ,      , -137.8,     3D, 3704,      ,       , 124.0,       
2018-08-27, 16:41:04,  -04:00,       ,   40.8438148,  -72.6406631,    65.0, 30.06,    49.3,  31.5,   0.00,   0.00,   -0.22,   0.38,   0.43,   0.01,  -0.00, 190.6, 283.8,  27.7,  28.8,   5.9,  30.86,  27.86,     3.29,  166.78,   39.91,  14.54, 1066.9,    0.09,  217.31,  211.14,  212.14,  211.05,  195.56,  201.77,  945.80,  966.59,  964.66,  974.19, 1003.96, 1021.75,  872.22,  888.34,   -56.2,   0,  GPS,   67.0, 111.40, 115.20, 125.300, 119.925,       ,       ,       ,      ,       ,       ,  -13.6,      0,  NONE,   NONE,      ,      ,   0.0,     3D, 3704,      ,       , 122.5,       
2018-08-27, 16:41:05,  -04:00,       ,   40.8438148,  -72.6406631,    65.0, 30.06,    49.8,  31.5,   0.00,   0.00,   -6.56,   0.40,   0.43,  -0.01,   0.00, 190.6, 283.8,  27.7,  28.8,   5.9,  30.85,  27.86,     3.29,  166.78,   40.03,  14.55, 1066.5,    0.09,  217.78,  211.61,  212.54,  211.47,  196.01,  202.33,  947.62,  967.45,  966.57,  974.05, 1004.68, 1022.93,  872.31,  890.53,   -55.7,   0,  GPS,   67.0, 111.40, 115.20, 125.300, 119.925,       ,       ,       ,      ,       ,       ,  -13.6,      0,  NONE,   NONE,      ,      ,  -3.9,     3D, 3704,      ,       , 121.5,       
2018-08-27, 16:41:06,  -04:00,       ,   40.8438148,  -72.6406631,    65.0, 30.06,    50.1,  31.5,   0.00,   0.00,   -2.35,   0.38,   0.44,  -0.01,  -0.00, 190.6, 283.8,  27.7,  28.8,   5.8,  30.85,  27.87,     3.27,  166.81,   40.10,  14.56, 1066.3,    0.09,  218.22,  212.05,  212.95,  211.91,  196.45,  202.83,  949.57,  970.08,  967.03,  973.50, 1006.37, 1024.32,  873.42,  891.91,   -55.4,   0,  GPS,   67.0, 111.40, 115.20, 125.300, 119.925,       ,       ,       ,      ,       ,       ,  -13.6,      0,  NONE,   NONE,      ,      ,   0.0,     3D, 3704,      ,       , 121.0,       
2018-08-27, 16:41:07,  -04:00,       ,   40.8438148,  -72.6406631,    64.0, 30.06,    50.4,  31.5,   0.00,   0.00,  -15.86,   0.37,   0.42,  -0.01,  -0.00, 190.6, 283.8,  27.7,  28.8,   5.7,  30.86,  27.88,     3.28,  166.81,   40.05,  14.55, 1066.2,    0.09,  218.67,  212.50,  213.36,  212.33,  196.88,  203.37,  950.78,  971.47,  968.90,  973.43, 1007.65, 1023.82,  874.22,  893.36,   -55.2,   0,  GPS,   67.0, 111.40, 115.20, 125.300, 119.925,       ,       ,       ,      ,       ,       ,  -13.6,      0,  NONE,   NONE,      ,      ,   0.0,     3D, 3704,      ,       , 121.0,       
2018-08-27, 16:41:08,  -04:00,       ,   40.8438148,  -72.6406631,    65.0, 30.06,    50.6,  31.5,   0.00,   0.00,  -18.70,   0.37,   0.46,   0.00,  -0.00, 190.6, 283.8,  27.7,  28.8,   5.7,  30.87,  27.88,     3.28,  166.82,   40.07,  14.52, 1067.4,    0.09,  219.10,  212.96,  213.76,  212.77,  197.31,  203.90,  951.81,  971.71,  970.05,  973.05, 1009.62, 1024.23,  875.28,  894.25,   -55.0,   0,  GPS,   67.0, 111.40, 115.20, 125.300, 119.925,       ,       ,       ,      ,       ,       ,  -13.6,      0,  NONE,   NONE,      ,      ,   0.0,     3D, 3704,      ,       , 124.0,       
2018-08-27, 16:41:09,  -04:00,       ,   40.8438148,  -72.6406631,    64.0, 30.06,    50.6,  31.5,   0.00,   0.00,  -18.35,   0.38,   0.47,  -0.01,   0.00, 190.6, 283.8,  27.7,  28.8,   5.6,  30.87,  27.88,     3.28,  166.82,   39.81,  14.49, 1059.5,    0.09,  219.53,  213.43,  214.15,  213.14,  197.70,  204.39,  951.76,  973.10,  970.14,  973.52, 1010.00, 1026.11,  875.77,  894.06,   -54.9,   0,  GPS,   67.0, 111.40, 115.20, 125.300, 119.925,       ,       ,       ,      ,       ,       ,  -13.6,      0,  NONE,   NONE,      ,      ,   0.0,     3D, 3704,      ,       , 124.0,       
2018-08-27, 16:41:10,  -04:00,       ,   40.8438148,  -72.6406631,    63.0, 30.06,    50.4,  31.5,   0.00,   0.00,  -26.39,   0.38,   0.48,   0.00,   0.00, 190.6, 283.8,  27.7,  28.8,   5.6,  30.88,  27.88,     3.22,  166.83,   38.85,  14.57, 1032.4,    0.08,  219.98,  213.87,  214.57,  213.58,  198.17,  204.92,  951.77,  973.11,  971.25,  973.81, 1010.26, 1025.64,  876.57,  893.92,   -55.1,   0,  GPS,   67.0, 111.40, 115.20, 125.300, 119.925,       ,       ,       ,      ,       ,       ,  -13.6,      0,  NONE,   NONE,      ,      ,   0.0,     3D, 3704,      ,       , 124.0,       
2018-08-27, 16:41:11,  -04:00,       ,   40.8438148,  -72.6406631,    62.0, 30.06,    50.4,  31.5,   0.00,   0.00,  -58.16,   0.37,   0.47,  -0.02,   0.00, 190.7, 283.8,  27.7,  28.8,   5.5,  30.89,  27.88,     3.16,  166.87,   38.10,  14.67, 1022.7,    0.08,  220.47,  214.33,  214.98,  214.06,  198.62,  205.40,  951.52,  971.59,  971.43,  974.83, 1010.91, 1024.07,  876.25,  893.77,   -55.2,   0,  GPS,   67.0, 111.40, 115.20, 125.300, 119.925,       ,       ,       ,      ,       ,       ,  -13.6,      0,  NONE,   NONE,      ,      ,   0.0,     3D, 3704,      ,       , 124.0,       
2018-08-27, 16:41:12,  -04:00,       ,   40.8438072,  -72.6406631,    64.0, 30.06,    46.7,  31.5,   0.00,   1.01,  -17.84,   0.48,   0.59,  -0.01,   0.00, 190.5, 283.8,  27.7,  28.8,   5.5,  30.89,  27.88,     3.19,  166.89,   38.17,  14.56, 1033.2,    0.08,  220.94,  214.77,  215.37,  214.50,  199.06,  205.90,  951.65,  971.94,  971.84,  974.48, 1010.89, 1023.24,  877.31,  894.07,   -58.8,   0,  GPS,   67.0, 111.40, 115.20, 125.300, 119.925,       ,       ,       ,      ,       ,       ,  -13.6,      0,  NONE,   NONE,      ,      , 255.9,     3D, 3704,      ,       , 141.0,       
2018-08-27, 16:41:13,  -04:00,       ,   40.8437996,  -72.6406784,    64.0, 30.06,    54.8,  31.5,   0.00,   0.00,   -3.76,   0.37,   0.46,  -0.01,  -0.00, 190.6, 283.8,  27.7,  28.8,   5.4,  30.89,  27.88,     3.18,  166.92,   38.24,  14.57, 1031.0,    0.08,  221.37,  215.24,  215.76,  214.88,  199.48,  206.41,  951.56,  970.86,  972.10,  975.69, 1010.17, 1022.22,  877.11,  894.37,   -50.8,   0,  GPS,   67.0, 111.40, 115.20, 125.300, 119.925,       ,       ,       ,      ,       ,       ,  -13.6,      0,  NONE,   NONE,      ,      ,   0.0,     3D, 3704,      ,       , 124.0,       
2018-08-27, 16:41:14,  -04:00,       ,   40.8437996,  -72.6406784,    64.0, 30.06,    54.9,  31.5,   0.00,   0.00,    9.16,   0.37,   0.44,  -0.02,   0.00, 190.6, 283.8,  27.7,  28.8,   5.3,  30.90,  27.86,     3.19,  167.01,   38.18,  14.61, 1029.1,    0.08,  221.83,  215.67,  216.17,  215.33,  199.90,  206.91,  951.65,  970.99,  972.56,  976.06, 1011.54, 1022.89,  877.71,  894.58,   -50.7,   0,  GPS,   67.0, 111.40, 115.20, 125.300, 119.925,       ,       ,       ,      ,       ,       ,  -13.6,      0,  NONE,   NONE,      ,      ,   0.0,     3D, 3704,      ,       , 124.0,       
2018-08-27, 16:41:15,  -04:00,       ,   40.8437996,  -72.6406784,    64.0, 30.06,    57.7,  31.5,   0.00,   1.05,   -0.84,   0.26,   0.29,  -0.01,   0.00, 190.8, 283.8,  27.7,  28.8,   5.3,  30.90,  27.87,     3.17,  167.06,   38.06,  14.65, 1027.2,    0.08,  222.29,  216.14,  216.53,  215.75,  200.31,  207.39,  952.02,  972.26,  972.53,  975.48, 1012.73, 1021.46,  878.05,  894.86,   -47.8,   0,  GPS,   67.0, 111.40, 115.20, 125.300, 119.925,       ,       ,       ,      ,       ,       ,  -13.6,      0,  NONE,   NONE,      ,      , -267.7,     3D, 3704,      ,       , 122.5,       
2018-08-27, 16:41:16,  -04:00,       ,   40.8437996,  -72.6406784,    64.0, 30.06,    58.3,  31.5,   0.00,   0.00,   -2.58,   0.38,   0.43,  -0.01,   0.00, 190.6, 283.8,  27.7,  28.8,   5.3,  30.90,  27.88,     3.16,  167.11,   37.87,  14.64, 1024.6,    0.08,  222.73,  216.56,  216.92,  216.17,  200.73,  207.89,  951.91,  972.32,  971.85,  975.60, 1013.46, 1022.15,  879.69,  894.38,   -47.2,   0,  GPS,   67.0, 111.40, 115.20, 125.300, 119.925,       ,       ,       ,      ,       ,       ,  -13.6,      0,  NONE,   NONE,      ,      ,  -3.9,     3D, 3704,      ,       , 122.5,       
2018-08-27, 16:41:17,  -04:00,       ,   40.8437996,  -72.6406784,    65.0, 30.06,    57.6,  31.5,   0.00,   0.00,   13.02,   0.37,   0.43,  -0.01,   0.00, 190.6, 283.8,  27.7,  28.8,   5.3,  30.90,  27.90,     3.18,  167.17,   38.32,  14.50, 1039.9,    0.08,  223.20,  217.01,  217.33,  216.56,  201.17,  208.36,  952.59,  972.72,  970.77,  975.76, 1014.14, 1022.86,  880.00,  893.96,   -47.9,   0,  GPS,   67.0, 111.40, 115.20, 125.300, 119.925,       ,       ,       ,      ,       ,       ,  -13.6,      0,  NONE,   NONE,      ,      ,  -3.9,     3D, 3704,      ,       , 122.5,       
2018-08-27, 16:41:18,  -04:00,       ,   40.8438034,  -72.6406784,    64.0, 30.06,    60.0,  31.5,   0.00,   0.00,    6.86,   0.37,   0.43,  -0.00,  -0.00, 190.6, 283.8,  27.7,  28.8,   5.2,  30.90,  27.89,     3.16,  167.22,   38.09,  14.59, 1033.2,    0.08,  223.65,  217.45,  217.70,  217.00,  201.56,  208.85,  953.06,  972.78,  971.66,  975.99, 1015.17, 1021.91,  880.19,  894.29,   -45.5,   0,  GPS,   67.0, 111.40, 115.20, 125.300, 119.925,       ,       ,       ,      ,       ,       ,  -13.6,      0,  NONE,   NONE,      ,      , 185.0,     3D, 3704,      ,       , 122.5,       
2018-08-27, 16:41:19,  -04:00,       ,   40.8438034,  -72.6406784,    64.0, 30.06,    59.6,  31.5,   0.00,   0.00,  -15.00,   0.36,   0.40,  -0.01,   0.01, 190.6, 283.8,  27.7,  28.8,   5.1,  30.91,  27.89,     3.19,  167.26,   38.33,  14.54, 1037.6,    0.08,  224.08,  217.90,  218.08,  217.40,  201.98,  209.35,  953.95,  972.87,  972.65,  975.78, 1015.88, 1022.57,  880.48,  895.34,   -45.9,   0,  GPS,   67.0, 111.40, 115.20, 125.300, 119.925,       ,       ,       ,      ,       ,       ,  -13.6,      0,  NONE,   NONE,      ,      ,   0.0,     3D, 3704,      ,       , 122.5,       
2018-08-27, 16:41:20,  -04:00,       ,   40.8438034,  -72.6406784,    64.0, 30.06,    59.5,  31.5,   0.00,   0.00,  -13.85,   0.36,   0.42,  -0.00,  -0.00, 190.6, 283.8,  27.7,  28.8,   5.1,  30.91,  27.89,     3.20,  167.27,   38.22,  14.55, 1036.5,    0.08,  224.52,  218.31,  218.49,  217.81,  202.40,  209.82,  954.62,  973.54,  972.70,  977.52, 1017.13, 1023.48,  881.90,  895.41,   -46.0,   0,  GPS,   67.0, 111.40, 115.20, 125.300, 119.925,       ,       ,       ,      ,       ,       ,  -13.6,      0,  NONE,   NONE,      ,      ,   0.0,     3D, 3704,      ,       , 122.5,       
2018-08-27, 16:41:21,  -04:00,       ,   40.8438034,  -72.6406784,    65.0, 30.06,    58.6,  31.5,   0.00,   0.00,    9.49,   0.35,   0.41,  -0.01,   0.00, 190.6, 283.8,  27.7,  28.8,   5.0,  30.91,  27.89,     3.17,  167.27,   38.30,  14.58, 1032.5,    0.08,  224.97,  218.74,  218.88,  218.20,  202.81,  210.34,  955.20,  974.56,  973.53,  978.54, 1018.93, 1023.14,  882.31,  896.73,   -47.0,   0,  GPS,   67.0, 111.40, 115.20, 125.300, 119.925,       ,       ,       ,      ,       ,       ,  -13.6,      0,  NONE,   NONE,      ,      ,   0.0,     3D, 3704,      ,       , 122.5,       
2018-08-27, 16:41:22,  -04:00,       ,   40.8437996,  -72.6406784,    64.0, 30.06,    58.3,  31.5,   0.00,   0.00,  -10.60,   0.36,   0.41,  -0.01,   0.00, 190.6, 283.8,  27.7,  28.8,   5.0,  30.91,  27.90,     3.19,  167.27,   38.06,  14.66, 1028.6,    0.08,  225.41,  219.18,  219.25,  218.60,  203.21,  210.81,  956.34,  976.52,  974.53,  979.34, 1019.35, 1024.71,  884.14,  897.06,   -47.2,   0,  GPS,   67.0, 111.40, 115.20, 125.300, 119.925,       ,       ,       ,      ,       ,       ,  -13.6,      0,  NONE,   NONE,      ,      ,   0.0,     3D, 3704,      ,       , 122.5,       
2018-08-27, 16:41:23,  -04:00,       ,   40.8438034,  -72.6406784,    63.0, 30.06,    58.2,  31.5,   0.00,   0.00,  -26.39,   0.37,   0.44,  -0.01,  -0.01, 190.6, 283.8,  27.7,  28.8,   5.0,  30.91,  27.90,     3.16,  167.27,   38.12,  14.60, 1029.8,    0.08,  225.87,  219.63,  219.63,  219.03,  203.64,  211.28,  955.96,  977.38,  974.84,  978.47, 1019.05, 1024.68,  884.50,  897.31,   -47.4,   0,  GPS,   67.0, 111.40, 115.20, 125.300, 119.925,       ,       ,       ,      ,       ,       ,  -13.6,      0,  NONE,   NONE,      ,      ,   0.0,     3D, 3704,      ,       , 122.5,       
2018-08-27, 16:41:24,  -04:00,       ,   40.8438034,  -72.6406784,    63.0, 30.06,    57.7,  31.5,   0.00,   0.00,  -36.88,   0.36,   0.44,  -0.01,  -0.01, 190.6, 283.8,  27.7,  28.8,   5.0,  30.91,  27.89,     3.18,  167.26,   38.19,  14.53, 1036.7,    0.08,  226.31,  220.04,  220.01,  219.42,  204.03,  211.78,  956.33,  977.34,  975.53,  977.42, 1018.63, 1024.15,  885.45,  897.93,   -47.8,   0,  GPS,   67.0, 111.40, 115.20, 125.300, 119.925,       ,       ,       ,      ,       ,       ,  -13.6,      0,  NONE,   NONE,      ,      , -11.8,     3D, 3704,      ,       , 122.5,       
2018-08-27, 16:41:25,  -04:00,       ,   40.8438034,  -72.6406784,    63.0, 30.06,    57.7,  31.5,   0.00,   0.00,  -24.61,   0.37,   0.43,   0.00,  -0.00, 190.6, 283.8,  27.7,  28.8,   4.9,  30.91,  27.89,     3.18,  167.24,   37.74,  14.71, 1025.8,    0.08,  226.73,  220.46,  220.39,  219.84,  204.43,  212.27,  956.68,  978.35,  975.39,  978.94, 1018.88, 1024.51,  886.07,  898.62,   -47.8,   0,  GPS,   67.0, 111.40, 115.20, 125.300, 119.925,       ,       ,       ,      ,       ,       ,  -13.6,      0,  NONE,   NONE,      ,      ,   0.0,     3D, 3704,      ,       , 122.5,       
2018-08-27, 16:41:26,  -04:00,       ,   40.8437996,  -72.6406784,    73.2, 30.07,    57.9,  31.5,   0.00,   0.00,   -5.10,   0.36,   0.43,  -0.02,  -0.01, 190.6, 283.8,  27.7,  28.8,   4.8,  30.92,  27.91,     3.17,  167.25,   37.77,  14.69, 1025.3,    0.08,  227.16,  220.89,  220.79,  220.23,  204.84,  212.72,  956.59,  978.01,  975.71,  980.09, 1020.03, 1025.21,  886.54,  898.90,   -47.6,   0,  GPS,   67.0, 111.40, 115.20, 125.300, 119.925,       ,       ,       ,      ,       ,       ,  -13.6,      0,  NONE,   NONE,      ,      ,   0.0,     3D, 3704,      ,       , 107.0,       
2018-08-27, 16:41:27,  -04:00,       ,   40.8438034,  -72.6406784,    72.2, 30.07,    59.5,  31.5,   0.00,   0.00,   -2.31,   0.36,   0.45,  -0.01,   0.00, 190.6, 283.8,  27.7,  28.8,   4.8,  30.92,  27.90,     3.17,  167.29,   37.71,  14.66, 1028.0,    0.08,  227.62,  221.30,  221.16,  220.64,  205.25,  213.19,  956.20,  978.25,  975.41,  980.82, 1019.51, 1027.62,  887.55,  898.92,   -46.0,   0,  GPS,   67.0, 111.40, 115.20, 125.300, 119.925,       ,       ,       ,      ,       ,       ,  -13.6,      0,  NONE,   NONE,      ,      ,   0.0,     3D, 3704,      ,       , 107.0,       
2018-08-27, 16:41:28,  -04:00,       ,   40.8438034,  -72.6406784,    72.2, 30.07,    59.6,  31.5,   0.00,   0.00,  -14.53,   0.37,   0.44,  -0.02,  -0.00, 190.6, 283.8,  27.7,  28.8,   4.8,  30.92,  27.90,     3.16,  167.31,   37.69,  14.71, 1023.8,    0.08,  228.05,  221.72,  221.54,  221.03,  205.67,  213.67,  955.50,  977.36,  975.15,  983.47, 1020.50, 1025.79,  888.83,  898.77,   -46.0,   0,  GPS,   67.0, 111.40, 115.20, 125.300, 119.925,       ,       ,       ,      ,       ,       ,  -13.6,      0,  NONE,   NONE,      ,      ,  -3.9,     3D, 3704,      ,       , 107.0,       
2018-08-27, 16:41:29,  -04:00,       ,   40.8438034,  -72.6406784,    73.2, 30.07,    59.0,  31.5,   0.00,   0.00,   -0.48,   0.37,   0.45,  -0.01,  -0.00, 190.6, 283.8,  27.7,  28.8,   4.8,  30.92,  27.90,     3.15,  167.35,   37.66,  14.69, 1027.8,    0.08,  228.44,  222.16,  221.91,  221.39,  206.02,  214.12,  954.91,  977.33,  975.91,  983.05, 1020.70, 1026.31,  888.51,  899.19,   -46.6,   0,  GPS,   67.0, 111.40, 115.20, 125.300, 119.925,       ,       ,       ,      ,       ,       ,  -13.6,      0,  NONE,   NONE,      ,      ,   0.0,     3D, 3704,      ,       , 107.0,       
2018-08-27, 16:41:30,  -04:00,       ,   40.8438034,  -72.6406784,    73.2, 30.07,    59.0,  31.5,   0.00,   0.00,    4.29,   0.37,   0.43,   0.00,  -0.00, 190.6, 283.8,  27.7,  28.8,   4.7,  30.92,  27.90,     3.16,  167.41,   37.73,  14.67, 1029.6,    0.08,  228.91,  222.58,  222.29,  221.83,  206.49,  214.59,  954.21,  978.13,  976.57,  983.30, 1019.52, 1025.64,  889.13,  899.43,   -46.5,   0,  GPS,   67.0, 111.40, 115.20, 125.300, 119.925,       ,       ,       ,      ,       ,       ,  -13.6,      0,  NONE,   NONE,      ,      ,   0.0,     3D, 3704,      ,       , 107.0,       
2018-08-27, 16:41:31,  -04:00,       ,   40.8438034,  -72.6406784,    73.2, 30.07,    58.9,  31.5,   0.00,   0.00,   -1.21,   0.37,   0.43,  -0.00,   0.02, 190.6, 283.8,  27.7,  28.8,   4.7,  30.92,  27.89,     3.16,  167.43,   37.37,  14.76, 1020.4,    0.08,  229.36,  223.00,  222.67,  222.22,  206.88,  215.04,  953.81,  979.36,  976.87,  984.41, 1020.84, 1025.24,  889.96,  899.95,   -46.6,   0,  GPS,   67.0, 111.40, 115.20, 125.300, 119.925,       ,       ,       ,      ,       ,       ,  -13.6,      0,  NONE,   NONE,      ,      ,   0.0,     3D, 3704,      ,       , 107.0,       
2018-08-27, 16:41:32,  -04:00,       ,   40.8438034,  -72.6406784,    72.2, 30.07,    58.9,  31.5,   0.00,   0.00,  -13.77,   0.47,   0.34,  -0.00,  -0.01, 190.8, 283.8,  27.7,  28.8,   4.6,  30.93,  27.89,     3.18,  167.44,   37.56,  14.70, 1027.1,    0.08,  229.77,  223.44,  223.04,  222.58,  207.24,  215.52,  953.83,  979.91,  975.74,  985.09, 1020.58, 1024.65,  891.18,  899.43,   -46.7,   0,  GPS,   67.0, 111.40, 115.20, 125.300, 119.925,       ,       ,       ,      ,       ,       ,  -13.6,      0,  NONE,   NONE,      ,      , -133.9,     3D, 3704,      ,       , 107.0,       
2018-08-27, 16:41:33,  -04:00,       ,   40.8437996,  -72.6406784,    72.2, 30.07,    58.3,  31.5,   0.00,   0.00,  -18.81,   0.35,   0.45,  -0.02,   0.00, 190.6, 283.8,  27.7,  28.8,   4.6,  30.92,  27.89,     3.18,  167.46,   37.62,  14.74, 1022.3,    0.08,  230.23,  223.83,  223.44,  223.00,  207.68,  215.99,  952.48,  980.87,  975.04,  984.83, 1021.64, 1025.90,  891.59,  899.21,   -47.2,   0,  GPS,   67.0, 111.40, 115.20, 125.300, 119.925,       ,       ,       ,      ,       ,       ,  -13.6,      0,  NONE,   NONE,      ,      ,   0.0,     3D, 3704,      ,       , 107.0,       
2018-08-27, 16:41:34,  -04:00,       ,   40.8437996,  -72.6406784,    72.2, 30.07,    58.0,  31.5,   0.00,   0.00,  -31.74,   0.36,   0.45,  -0.00,   0.00, 190.6, 283.8,  27.7,  28.8,   4.5,  30.93,  27.89,     3.17,  167.51,   37.61,  14.74, 1024.9,    0.08,  230.65,  224.26,  223.80,  223.39,  208.07,  216.43,  952.46,  982.05,  975.04,  984.31, 1022.09, 1026.61,  892.35,  899.73,   -47.5,   0,  GPS,   67.0, 111.40, 115.20, 125.300, 119.925,       ,       ,       ,      ,       ,       ,  -13.6,      0,  NONE,   NONE,      ,      ,   0.0,     3D, 3704,      ,       , 107.0,       
2018-08-27, 16:41:35,  -04:00,       ,   40.8437996,  -72.6406784,    72.2, 30.07,    58.7,  31.5,   0.00,   0.00,  -16.12,   0.36,   0.43,  -0.00,   0.00, 190.6, 283.8,  27.7,  28.8,   4.5,  30.93,  27.88,     3.15,  167.51,   37.61,  14.70, 1026.0,    0.08,  231.05,  224.67,  224.19,  223.72,  208.43,  216.89,  952.44,  982.34,  973.58,  984.68, 1021.03, 1027.77,  892.94,  899.35,   -46.9,   0,  GPS,   67.0, 111.40, 115.20, 125.300, 121.800,       ,       ,       ,      ,       ,       ,  -13.6,      0,  NONE,   NONE,      ,      ,   0.0,     3D, 3704,      ,       , 107.0,       
2018-08-27, 16:41:36,  -04:00,       ,   40.8437996,  -72.6406784,    71.2, 30.07,    58.7,  31.5,   0.00,   0.00,  -19.62,   0.37,   0.44,  -0.00,  -0.01, 190.6, 283.8,  27.7,  28.8,   4.5,  30.93,  27.89,     3.15,  167.52,   37.32,  14.78, 1019.1,    0.08,  231.51,  225.09,  224.58,  224.16,  208.86,  217.34,  952.35,  984.24,  974.85,  986.60, 1022.49, 1028.40,  895.79,  900.00,   -46.9,   0,  GPS,   67.0, 111.40, 115.20, 125.300, 121.800,       ,       ,       ,      ,       ,       ,  -13.6,      0,  NONE,   NONE,      ,      ,   0.0,     3D, 3704,      ,       , 107.0,       
2018-08-27, 16:41:37,  -04:00,       ,   40.8437996,  -72.6406784,    72.2, 30.07,    58.6,  31.5,   0.00,   0.00,  -13.94,   0.36,   0.42,  -0.01,   0.00, 190.6, 283.8,  27.7,  28.8,   4.5,  30.92,  27.88,     3.14,  167.53,   37.23,  14.79, 1019.8,    0.08,  231.93,  225.48,  224.94,  224.53,  209.26,  217.79,  952.04,  986.19,  977.28,  989.59, 1023.04, 1028.28,  897.71,  901.47,   -46.9,   0,  GPS,   67.0, 111.40, 115.20, 125.300, 121.800,       ,       ,       ,      ,       ,       ,  -13.6,      0,  NONE,   NONE,      ,      ,  -3.9,     3D, 3704,      ,       , 107.0,       
2018-08-27, 16:41:38,  -04:00,       ,   40.8437996,  -72.6406784,    73.2, 30.07,    58.5,  31.5,   0.00,   0.00,   11.32,   0.37,   0.40,   0.00,   0.00, 190.6, 283.8,  27.7,  28.8,   4.4,  30.93,  27.87,     3.16,  167.57,   37.35,  14.78, 1021.9,    0.08,  232.35,  225.89,  225.32,  224.92,  209.65,  218.25,  952.21,  985.68,  978.97,  991.24, 1023.80, 1028.81,  898.26,  902.33,   -47.0,   0,  GPS,   67.0, 111.40, 115.20, 125.300, 121.800,       ,       ,       ,      ,       ,       ,  -13.6,      0,  NONE,   NONE,      ,      ,  -3.9,     3D, 3704,      ,       , 107.0,       
2018-08-27, 16:41:39,  -04:00,       ,   40.8438034,  -72.6406784,    73.2, 30.07,    59.2,  31.5,   0.00,   0.00,   15.31,   0.35,   0.44,  -0.01,   0.00, 190.6, 283.8,  27.7,  28.8,   4.4,  30.93,  27.87,     3.14,  167.58,   37.23,  14.78, 1021.3,    0.08,  232.80,  226.31,  225.68,  225.30,  210.04,  218.71,  951.98,  986.57,  978.20,  992.59, 1024.60, 1029.22,  899.10,  902.18,   -46.3,   0,  GPS,   67.0, 111.40, 115.20, 125.300, 121.800,       ,       ,       ,      ,       ,       ,  -13.6,      0,  NONE,   NONE,      ,      ,  -3.9,     3D, 3704,      ,       , 107.0,       
2018-08-27, 16:41:40,  -04:00,       ,   40.8438034,  -72.6406784,    72.2, 30.07,    59.2,  31.5,   0.00,   0.00,    2.23,   0.34,   0.45,  -0.01,  -0.00, 190.6, 283.8,  27.7,  28.8,   4.4,  30.93,  27.87,     3.14,  167.61,   37.28,  14.78, 1021.0,    0.08,  233.19,  226.71,  226.04,  225.67,  210.43,  219.17,  951.85,  988.17,  978.19,  993.82, 1024.75, 1028.82,  901.13,  902.09,   -46.3,   0,  GPS,   67.0, 111.40, 115.20, 125.300, 121.800,       ,       ,       ,      ,       ,       ,  -13.6,      0,  NONE,   NONE,      ,      ,  -3.9,     3D, 3704,      ,       , 107.0,       
2018-08-27, 16:41:41,  -04:00,       ,   40.8438034,  -72.6406784,    71.2, 30.07,    58.5,  31.5,   0.00,   0.00,  -41.54,   0.36,   0.43,   0.00,   0.01, 190.6, 283.8,  27.7,  28.8,   4.3,  30.93,  27.88,     3.14,  167.65,   37.40,  14.77, 1021.6,    0.08,  233.63,  227.12,  226.40,  226.05,  210.81,  219.63,  952.86,  989.01,  978.58,  994.03, 1025.42, 1028.49,  901.80,  902.89,   -47.0,   0,  GPS,   67.0, 111.40, 115.20, 125.300, 121.800,       ,       ,       ,      ,       ,       ,  -13.6,      0,  NONE,   NONE,      ,      ,  -3.9,     3D, 3704,      ,       , 107.0,       
2018-08-27, 16:41:42,  -04:00,       ,   40.8438072,  -72.6406784,    70.2, 30.07,    58.6,  31.5,   0.00,   0.00,  -51.70,   0.30,   0.45,  -0.00,  -0.01, 190.6, 283.8,  27.7,  28.8,   4.3,  30.93,  27.88,     3.14,  167.69,   37.24,  14.75, 1022.7,    0.08,  233.99,  227.51,  226.79,  226.38,  211.16,  220.05,  952.31,  988.48,  977.67,  994.13, 1025.75, 1028.20,  902.14,  902.17,   -46.9,   0,  GPS,   67.0, 111.40, 115.20, 125.300, 121.800,       ,       ,       ,      ,       ,       ,  -13.6,      0,  NONE,   NONE,      ,      ,   0.0,     3D, 3704,      ,       , 110.0,       
2018-08-27, 16:41:43,  -04:00,       ,   40.8438072,  -72.6406784,    71.2, 30.07,    58.2,  31.5,   0.00,   0.00,  -39.36,   0.29,   0.43,  -0.00,   0.01, 190.7, 283.8,  27.7,  28.8,   4.3,  30.93,  27.89,     3.15,  167.74,   37.37,  14.76, 1023.8,    0.09,  234.41,  227.90,  227.15,  226.76,  211.55,  220.50,  951.50,  988.08,  976.56,  994.07, 1028.58, 1028.76,  902.24,  901.99,   -47.4,   0,  GPS,   67.0, 111.40, 115.20, 125.300, 121.800,       ,       ,       ,      ,       ,       ,  -13.6,      0,  NONE,   NONE,      ,      ,   0.0,     3D, 3704,      ,       , 110.0,       
2018-08-27, 16:41:44,  -04:00,       ,   40.8438072,  -72.6406784,    71.2, 30.07,    58.0,  31.5,   0.00,   0.00,  -11.46,   0.30,   0.42,   0.01,   0.00, 190.6, 283.8,  27.7,  28.8,   4.3,  30.93,  27.89,     3.15,  167.77,   37.49,  14.74, 1025.9,    0.09,  234.86,  228.31,  227.51,  227.18,  211.95,  220.94,  952.44,  988.14,  977.58,  993.82, 1028.80, 1030.23,  903.38,  902.38,   -47.5,   0,  GPS,   67.0, 111.40, 115.20, 125.300, 121.800,       ,       ,       ,      ,       ,       ,  -13.6,      0,  NONE,   NONE,      ,      ,   0.0,     3D, 3704,      ,       , 110.0,       
2018-08-27, 16:41:45,  -04:00,       ,   40.8438034,  -72.6406784,    72.2, 30.07,    58.1,  31.5,   0.00,   0.00,   17.60,   0.30,   0.41,  -0.01,  -0.01, 190.6, 283.8,  27.7,  28.8,   4.2,  30.93,  27.88,     3.15,  167.80,   37.53,  14.75, 1027.2,    0.09,  235.25,  228.71,  227.90,  227.51,  212.30,  221.41,  952.28,  987.33,  977.35,  994.18, 1029.69, 1029.87,  903.10,  902.71,   -47.4,   0,  GPS,   67.0, 111.40, 115.20, 125.300, 121.800,       ,       ,       ,      ,       ,       ,  -13.6,      0,  NONE,   NONE,      ,      ,  -3.9,     3D, 3704,      ,       , 110.0,       
2018-08-27, 16:41:46,  -04:00,       ,   40.8438034,  -72.6406784,    71.2, 30.07,    58.1,  31.5,   0.00,   0.00,   -3.45,   0.29,   0.44,  -0.01,   0.01, 190.6, 283.8,  27.7,  28.8,   4.2,  30.93,  27.85,     3.15,  167.78,   37.16,  14.80, 1021.4,    0.09,  235.72,  229.10,  228.25,  227.91,  212.70,  221.84,  952.03,  988.14,  978.46,  994.32, 1030.41, 1028.19,  903.70,  903.22,   -47.4,   0,  GPS,   67.0, 111.40, 115.20, 125.300, 121.800,       ,       ,       ,      ,       ,       ,  -13.6,      0,  NONE,   NONE,      ,      ,  -3.9,     3D, 3704,      ,       , 110.0,       
2018-08-27, 16:41:47,  -04:00,       ,   40.8438072,  -72.6406784,    69.2, 30.07,    50.7,  31.5,   0.00,   0.00,  -45.11,   0.29,   0.41,  -0.01,  -0.01, 190.7, 283.8,  27.7,  28.8,   4.1,  30.93,  27.84,     3.11,  167.73,   36.88,  14.89, 1013.2,    0.08,  236.12,  229.48,  228.59,  228.29,  213.08,  222.31,  952.22,  988.11,  977.32,  996.49, 1029.05, 1029.34,  904.52,  903.18,   -54.9,   0,  GPS,   67.0, 111.40, 115.20, 125.300, 121.800,       ,       ,       ,      ,       ,       ,  -13.6,      0,  NONE,   NONE,      ,      ,   0.0,     3D, 3704,      ,       , 133.0,       
2018-08-27, 16:41:48,  -04:00,       ,   40.8438148,  -72.6406784,    69.2, 30.07,    50.4,  31.5,   0.00,   0.00,  -63.48,   0.30,   0.38,   0.00,  -0.01, 190.7, 283.8,  27.7,  28.8,   4.1,  30.93,  27.85,     3.14,  167.70,   36.83,  14.88, 1014.7,    0.09,  236.50,  229.89,  228.97,  228.62,  213.44,  222.73,  952.73,  988.16,  979.03,  997.92, 1028.61, 1030.66,  906.32,  904.34,   -55.2,   0,  GPS,   67.0, 111.40, 115.20, 125.300, 121.800,       ,       ,       ,      ,       ,       ,  -13.6,      0,  NONE,   NONE,      ,      ,   0.0,     3D, 3704,      ,       , 133.0,       
2018-08-27, 16:41:49,  -04:00,       ,   40.8438072,  -72.6406784,    69.2, 30.07,    50.7,  31.5,   0.00,   0.00,  -43.13,   0.30,   0.41,  -0.01,   0.01, 190.7, 283.8,  27.7,  28.8,   4.1,  30.93,  27.84,     3.15,  167.67,   36.94,  14.85, 1018.5,    0.09,  236.93,  230.26,  229.36,  229.04,  213.82,  223.15,  951.67,  988.95,  979.77,  997.49, 1030.23, 1028.90,  906.16,  904.17,   -54.8,   0,  GPS,   67.0, 111.40, 115.20, 125.300, 121.800,       ,       ,       ,      ,       ,       ,  -13.6,      0,  NONE,   NONE,      ,      ,   0.0,     3D, 3704,      ,       , 133.0,       
2018-08-27, 16:41:50,  -04:00,       ,   40.8438072,  -72.6406708,    71.2, 30.07,    50.8,  31.5,   0.00,   0.00,   15.65,   0.33,   0.38,  -0.00,  -0.00, 190.7, 283.8,  27.7,  28.8,   4.1,  30.93,  27.84,     3.16,  167.66,   37.13,  14.82, 1021.8,    0.09,  237.31,  230.67,  229.69,  229.36,  214.16,  223.60,  951.93,  990.07,  977.94,  998.22, 1031.76, 1029.19,  907.32,  903.96,   -54.7,   0,  GPS,   67.0, 111.40, 115.20, 125.300, 121.800,       ,       ,       ,      ,       ,       ,  -13.6,      0,  NONE,   NONE,      ,      ,   0.0,     3D, 3704,      ,       , 133.0,       
2018-08-27, 16:41:51,  -04:00,       ,   40.8438148,  -72.6406784,    72.2, 30.07,    51.0,  31.5,   0.00,   0.00,   48.74,   0.30,   0.38,  -0.01,   0.01, 190.7, 283.8,  27.7,  28.8,   4.1,  30.93,  27.84,     3.15,  167.64,   37.33,  14.76, 1027.0,    0.09,  237.76,  231.05,  230.08,  229.75,  214.59,  224.03,  953.03,  989.56,  977.42,  997.84, 1031.86, 1028.55,  907.35,  904.23,   -54.5,   0,  GPS,   67.0, 111.40, 115.20, 125.300, 121.800,       ,       ,       ,      ,       ,       ,  -13.6,      0,  NONE,   NONE,      ,      ,   0.0,     3D, 3704,      ,       , 133.0,       
2018-08-27, 16:41:52,  -04:00,       ,   40.8438148,  -72.6406784,    71.2, 30.07,    50.7,  31.5,   0.00,   0.00,   16.18,   0.29,   0.38,  -0.00,  -0.00, 190.7, 283.8,  27.7,  28.8,   4.0,  30.93,  27.86,     3.14,  167.67,   37.13,  14.78, 1022.8,    0.09,  238.15,  231.44,  230.44,  230.14,  214.96,  224.49,  953.45,  990.34,  978.69,  998.89, 1033.17, 1028.67,  908.45,  904.98,   -54.8,   0,  GPS,   67.0, 111.40, 115.20, 125.300, 121.800,       ,       ,       ,      ,       ,       ,  -13.6,      0,  NONE,   NONE,      ,      ,  -3.9,     3D, 3704,      ,       , 133.0,       
2018-08-27, 16:41:53,  -04:00,       ,   40.8438148,  -72.6406784,    71.2, 30.07,    50.1,  31.5,   0.00,   0.00,   -0.31,   0.30,   0.38,  -0.02,  -0.00, 190.7, 283.8,  27.7,  28.8,   4.0,  30.93,  27.86,     3.12,  167.67,   37.11,  14.84, 1020.2,    0.09,  238.57,  231.81,  230.82,  230.50,  215.31,  224.91,  954.06,  991.93,  978.99, 1000.74, 1035.48, 1029.55,  909.75,  906.02,   -55.4,   0,  GPS,   67.0, 111.40, 115.20, 125.300, 121.800,       ,       ,       ,      ,       ,       ,  -13.6,      0,  NONE,   NONE,      ,      ,   0.0,     3D, 3704,      ,       , 133.0,       
2018-08-27, 16:41:54,  -04:00,       ,   40.8438148,  -72.6406784,    70.2, 30.07,    50.1,  31.5,   0.00,   0.00,  -17.28,   0.30,   0.37,  -0.01,   0.00, 190.7, 283.8,  27.7,  28.8,   4.0,  30.93,  27.86,     3.14,  167.68,   37.01,  14.82, 1018.9,    0.09,  238.95,  232.18,  231.19,  230.83,  215.64,  225.33,  955.13,  992.13,  979.12, 1001.34, 1035.91, 1031.04,  910.13,  906.14,   -55.4,   0,  GPS,   67.0, 111.40, 115.20, 125.300, 121.800,       ,       ,       ,      ,       ,       ,  -13.6,      0,  NONE,   NONE,      ,      ,   3.9,     3D, 3704,      ,       , 133.0,       
2018-08-27, 16:41:55,  -04:00,       ,   40.8438148,  -72.6406784,    68.2, 30.07,    50.0,  31.5,   0.00,   0.00,  -55.16,   0.31,   0.36,  -0.01,  -0.00, 190.7, 283.8,  27.7,  28.8,   4.0,  30.93,  27.87,     3.14,  167.67,   37.01,  14.78, 1024.1,    0.09,  239.38,  232.56,  231.54,  231.22,  216.03,  225.77,  955.68,  993.66,  978.01, 1001.18, 1035.69, 1032.83,  911.17,  906.04,   -55.5,   0,  GPS,   67.0, 111.40, 115.20, 125.300, 121.800,       ,       ,       ,      ,       ,       ,  -13.6,      0,  NONE,   NONE,      ,      ,   0.0,     3D, 3704,      ,       , 133.0,       
2018-08-27, 16:41:56,  -04:00,       ,   40.8438148,  -72.6406784,    69.2, 30.07,    49.9,  31.5,   0.00,   0.00,  -53.02,   0.29,   0.38,  -0.01,   0.00, 190.7, 283.8,  27.7,  28.8,   4.0,  30.93,  27.86,     3.16,  167.67,   37.20,  14.70, 1027.7,    0.09,  239.78,  232.94,  231.90,  231.57,  216.39,  226.20,  956.05,  995.22,  978.07, 1002.28, 1035.22, 1033.22,  912.40,  906.17,   -55.6,   0,  GPS,   67.0, 111.40, 115.20, 125.300, 121.800,       ,       ,       ,      ,       ,       ,  -13.6,      0,  NONE,   NONE,      ,      ,   3.9,     3D, 3704,      ,       , 133.0,       
2018-08-27, 16:41:57,  -04:00,       ,   40.8438148,  -72.6406784,    72.2, 30.07,    49.6,  31.5,   0.00,   0.00,   19.43,   0.32,   0.36,  -0.00,   0.00, 190.7, 283.8,  27.7,  28.8,   4.0,  30.93,  27.88,     3.15,  167.62,   37.47,  14.67, 1034.1,    0.09,  240.19,  233.29,  232.26,  231.93,  216.76,  226.62,  956.75,  995.41,  978.66, 1004.17, 1036.21, 1033.18,  912.80,  906.75,   -55.9,   0,  GPS,   67.0, 111.40, 115.20, 125.300, 121.800,       ,       ,       ,      ,       ,       ,  -13.6,      0,  NONE,   NONE,      ,      ,   0.0,     3D, 3704,      ,       , 133.5,       
2018-08-27, 16:41:58,  -04:00,       ,   40.8438072,  -72.6406784,    72.2, 30.07,    49.6,  31.5,   0.00,   0.00,   45.24,   0.31,   0.37,  -0.01,  -0.00, 190.7, 283.8,  27.7,  28.8,   3.9,  30.93,  27.88,     3.17,  167.57,   37.74,  14.63, 1038.1,    0.09,  240.55,  233.68,  232.61,  232.26,  217.09,  227.03,  957.16,  995.50,  977.95, 1003.31, 1034.52, 1032.32,  912.63,  906.70,   -55.9,   0,  GPS,   67.0, 111.40, 115.20, 125.300, 121.800,       ,       ,       ,      ,       ,       ,  -13.6,      0,  NONE,   NONE,      ,      ,   0.0,     3D, 3704,      ,       , 133.5,       
2018-08-27, 16:41:59,  -04:00,       ,   40.8438072,  -72.6406784,    73.2, 30.07,    49.9,  31.5,   0.00,   0.00,   41.64,   0.31,   0.37,   0.01,   0.00, 190.7, 283.8,  27.7,  28.8,   3.9,  30.93,  27.89,     3.18,  167.56,   37.70,  14.61, 1038.5,    0.09,  240.94,  234.03,  232.97,  232.61,  217.45,  227.47,  959.21,  997.36,  978.82, 1004.71, 1035.56, 1034.35,  913.91,  908.29,   -55.6,   0,  GPS,   67.0, 111.40, 115.20, 125.300, 121.800,       ,       ,       ,      ,       ,       ,  -13.6,      0,  NONE,   NONE,      ,      ,   0.0,     3D, 3704,      ,       , 133.5,       
2018-08-27, 16:42:00,  -04:00,       ,   40.8438072,  -72.6406784,    72.2, 30.07,    49.9,  31.5,   0.00,   0.00,   12.22,   0.31,   0.37,   0.00,   0.00, 190.7, 283.8,  27.7,  28.8,   3.9,  30.93,  27.90,     3.15,  167.57,   37.62,  14.64, 1036.0,    0.09,  241.36,  234.43,  233.31,  233.01,  217.85,  227.89,  960.40,  997.48,  980.07, 1004.83, 1035.63, 1035.06,  915.15,  909.30,   -55.7,   0,  GPS,   67.0, 111.40, 115.20, 125.300, 121.800,       ,       ,       ,      ,       ,       ,  -13.6,      0,  NONE,   NONE,      ,      ,   0.0,     3D, 3704,      ,       , 133.5,       
2018-08-27, 16:42:01,  -04:00,       ,   40.8438072,  -72.6406784,    71.2, 30.07,    49.7,  31.5,   0.00,   0.00,  -20.70,   0.33,   0.36,  -0.02,   0.00, 190.8, 283.8,  27.7,  28.8,   3.9,  30.93,  27.90,     3.16,  167.61,   37.73,  14.62, 1038.6,    0.09,  241.74,  234.79,  233.67,  233.33,  218.15,  228.29,  961.48,  998.99,  979.63, 1005.99, 1034.99, 1034.36,  915.71,  909.77,   -55.8,   0,  GPS,   67.0, 111.40, 115.20, 125.300, 121.800,       ,       ,       ,      ,       ,       ,  -13.6,      0,  NONE,   NONE,      ,      ,   0.0,     3D, 3704,      ,       , 133.5,       
2018-08-27, 16:42:02,  -04:00,       ,   40.8438072,  -72.6406784,    71.2, 30.07,    49.8,  31.5,   0.00,   0.00,   -9.26,   0.33,   0.37,  -0.02,   0.00, 190.8, 283.8,  27.7,  28.8,   3.9,  30.93,  27.89,     3.14,  167.65,   37.54,  14.70, 1033.5,    0.09,  242.14,  235.15,  234.00,  233.72,  218.56,  228.71,  962.16,  999.61,  979.93, 1006.97, 1034.25, 1034.26,  916.53,  909.91,   -55.7,   0,  GPS,   67.0, 111.40, 115.20, 125.300, 121.800,       ,       ,       ,      ,       ,       ,  -13.6,      0,  NONE,   NONE,      ,      ,   3.9,     3D, 3704,      ,       , 133.5,       
2018-08-27, 16:42:03,  -04:00,       ,   40.8438072,  -72.6406784,    71.2, 30.07,    49.9,  31.5,   0.00,   0.00,  -28.57,   0.34,   0.35,  -0.01,  -0.00, 190.8, 283.8,  27.7,  28.8,   3.9,  30.93,  27.90,     3.14,  167.62,   37.42,  14.70, 1030.0,    0.09,  242.51,  235.52,  234.36,  234.03,  218.89,  229.15,  961.74,  999.57,  980.37, 1009.53, 1034.58, 1035.74,  917.46,  910.14,   -55.6,   0,  GPS,   67.0, 111.40, 115.20, 125.300, 121.800,       ,       ,       ,      ,       ,       ,  -13.6,      0,  NONE,   NONE,      ,      ,   0.0,     3D, 3704,      ,       , 133.5,       
2018-08-27, 16:42:04,  -04:00,       ,   40.8438148,  -72.6406784,    73.2, 30.07,    49.7,  31.5,   0.00,   0.00,   14.35,   0.36,   0.35,   0.01,   0.00, 190.7, 283.8,  27.7,  28.8,   3.8,  30.93,  27.90,     3.16,  167.60,   37.42,  14.72, 1031.2,    0.09,  242.94,  235.88,  234.71,  234.41,  219.25,  229.52,  961.27, 1000.12,  980.61, 1010.09, 1033.60, 1036.37,  918.71,  909.91,   -55.8,   0,  GPS,   67.0, 111.40, 115.20, 125.300, 121.800,       ,       ,       ,      ,       ,       ,  -13.6,      0,  NONE,   NONE,      ,      ,  -3.9,     3D, 3704,      ,       , 133.5,       
2018-08-27, 16:42:05,  -04:00,       ,   40.8438148,  -72.6406784,    72.2, 30.07,    49.6,  31.5,   0.00,   0.00,   10.33,   0.34,   0.36,  -0.00,  -0.00, 190.7, 283.8,  27.7,  28.8,   3.8,  30.93,  27.89,     3.18,  167.62,   37.50,  14.69, 1035.2,    0.09,  243.33,  236.26,  235.04,  234.77,  219.63,  229.95,  960.96,  999.79,  980.29, 1011.56, 1034.71, 1035.97,  918.36,  910.71,   -56.0,   0,  GPS,   67.0, 111.40, 115.20, 125.300, 121.800,       ,       ,       ,      ,       ,       ,  -13.6,      0,  NONE,   NONE,      ,      ,  -7.9,     3D, 3704,      ,       , 133.5,       
2018-08-27, 16:42:06,  -04:00,       ,   40.8438148,  -72.6406784,    73.2, 30.07,    49.4,  31.5,   0.00,   0.00,    9.84,   0.36,   0.37,   0.01,   0.00, 190.7, 283.8,  27.7,  28.8,   3.8,  30.93,  27.88,     3.16,  167.65,   37.69,  14.63, 1039.2,    0.09,  243.72,  236.60,  235.42,  235.10,  219.97,  230.39,  961.14, 1000.86,  979.72, 1012.16, 1034.47, 1036.01,  919.00,  910.33,   -56.2,   0,  GPS,   67.0, 111.40, 115.20, 125.300, 121.800,       ,       ,       ,      ,       ,       ,  -13.6,      0,  NONE,   NONE,      ,      ,  -7.9,     3D, 3704,      ,       , 133.5,       
2018-08-27, 16:42:07,  -04:00,       ,   40.8438148,  -72.6406784,    73.2, 30.07,    49.3,  31.5,   0.00,   0.00,    8.62,   0.36,   0.41,  -0.02,  -0.01, 190.7, 283.8,  27.7,  28.8,   3.8,  30.93,  27.90,     3.14,  167.69,   37.50,  14.65, 1036.6,    0.09,  244.08,  236.96,  235.74,  235.43,  220.32,  230.79,  961.27, 1000.04,  979.85, 1011.00, 1037.75, 1035.94,  918.56,  910.53,   -56.2,   0,  GPS,   67.0, 111.40, 115.20, 125.300, 121.800,       ,       ,       ,      ,       ,       ,  -13.6,      0,  NONE,   NONE,      ,      ,  -3.9,     3D, 3704,      ,       , 133.5,       
2018-08-27, 16:42:08,  -04:00,       ,   40.8438148,  -72.6406784,    73.2, 30.07,    49.3,  31.5,   0.00,   0.00,   -1.06,   0.36,   0.36,  -0.00,  -0.00, 190.7, 283.8,  27.7,  28.8,   3.8,  30.93,  27.88,     3.16,  167.70,   37.50,  14.67, 1035.9,    0.09,  244.47,  237.34,  236.09,  235.81,  220.67,  231.19,  961.54, 1000.43,  979.88, 1011.09, 1035.95, 1036.57,  919.64,  910.36,   -56.3,   0,  GPS,   67.0, 111.40, 115.20, 125.300, 121.800,       ,       ,       ,      ,       ,       ,  -13.6,      0,  NONE,   NONE,      ,      ,  -3.9,     3D, 3704,      ,       , 133.5,       
2018-08-27, 16:42:09,  -04:00,       ,   40.8438072,  -72.6406784,    73.2, 30.07,    48.6,  31.5,   0.00,   0.00,    1.36,   0.36,   0.36,  -0.01,   0.00, 190.7, 283.8,  27.7,  28.8,   3.8,  30.93,  27.86,     3.16,  167.71,   37.67,  14.67, 1040.1,    0.09,  244.83,  237.67,  236.42,  236.09,  220.98,  231.58,  962.41,  999.86,  979.85, 1011.17, 1035.83, 1038.18,  919.39,  910.66,   -56.9,   0,  GPS,   67.0, 111.40, 115.20, 125.300, 121.800,       ,       ,       ,      ,       ,       ,  -13.6,      0,  NONE,   NONE,      ,      ,  -3.9,     3D, 3704,      ,       , 133.5,       
2018-08-27, 16:42:10,  -04:00,       ,   40.8438072,  -72.6406784,    73.2, 30.07,    48.2,  31.5,   0.00,   0.00,   -1.90,   0.37,   0.35,   0.00,  -0.00, 190.7, 283.8,  27.7,  28.8,   3.7,  30.93,  27.86,     3.17,  167.73,   37.28,  14.76, 1030.7,    0.09,  245.21,  238.05,  236.77,  236.45,  221.33,  231.99,  962.56, 1000.66,  979.85, 1013.67, 1034.78, 1041.59,  920.35,  910.75,   -57.3,   0,  GPS,   67.0, 111.40, 115.20, 125.300, 121.800,       ,       ,       ,      ,       ,       ,  -13.6,      0,  NONE,   NONE,      ,      ,  -3.9,     3D, 3704,      ,       , 133.5,       
2018-08-27, 16:42:11,  -04:00,       ,   40.8438072,  -72.6406784,    73.2, 30.07,    47.4,  31.5,   0.00,   0.00,  -12.43,   0.34,   0.38,  -0.03,  -0.00, 190.7, 283.8,  27.7,  28.8,   3.7,  30.93,  27.86,     3.15,  167.75,   37.33,  14.75, 1031.9,    0.09,  245.60,  238.39,  237.09,  236.81,  221.69,  232.38,  962.47, 1001.41,  979.70, 1014.50, 1034.46, 1041.68,  920.72,  910.91,   -58.1,   0,  GPS,   67.0, 111.40, 115.20, 125.300, 121.800,       ,       ,       ,      ,       ,       ,  -13.6,      0,  NONE,   NONE,      ,      ,   0.0,     3D, 3704,      ,       , 133.5,       
2018-08-27, 16:42:12,  -04:00,       ,   40.8438072,  -72.6406784,    73.2, 30.07,    47.3,  31.5,   0.00,   0.00,   -4.09,   0.35,   0.36,  -0.00,   0.00, 190.7, 283.8,  27.7,  28.8,   3.7,  30.93,  27.86,     3.14,  167.78,   37.48,  14.69, 1037.6,    0.09,  245.94,  238.75,  237.43,  237.11,  222.01,  232.78,  963.24, 1002.16,  980.14, 1014.94, 1034.90, 1042.51,  922.48,  910.88,   -58.2,   0,  GPS,   67.0, 111.40, 115.20, 125.300, 121.800,       ,       ,       ,      ,       ,       ,  -13.6,      0,  NONE,   NONE,      ,      ,   0.0,     3D, 3704,      ,       , 133.5,       
2018-08-27, 16:42:13,  -04:00,       ,   40.8438072,  -72.6406784,    73.2, 30.07,    47.0,  31.5,   0.00,   0.00,   -5.14,   0.34,   0.37,   0.00,  -0.01, 190.7, 283.8,  27.7,  28.8,   3.7,  30.93,  27.86,     3.14,  167.82,   37.54,  14.67, 1039.4,    0.09,  246.35,  239.08,  237.76,  237.49,  222.40,  233.19,  963.56, 1003.27,  980.64, 1014.23, 1035.21, 1043.55,  922.62,  911.71,   -58.5,   0,  GPS,   67.0, 111.40, 115.20, 125.300, 121.800,       ,       ,       ,      ,       ,       ,  -13.6,      0,  NONE,   NONE,      ,      ,   0.0,     3D, 3704,      ,       , 133.5,       
2018-08-27, 16:42:14,  -04:00,       ,   40.8438072,  -72.6406784,    74.2, 30.07,    46.7,  31.5,   0.00,   0.00,    8.47,   0.36,   0.36,  -0.01,  -0.01, 190.7, 283.8,  27.7,  28.8,   3.6,  30.93,  27.85,     3.16,  167.87,   37.53,  14.68, 1038.0,    0.09,  246.69,  239.44,  238.09,  237.79,  222.71,  233.58,  963.95, 1004.52,  981.38, 1014.77, 1036.79, 1043.00,  923.33,  912.65,   -58.8,   0,  GPS,   67.0, 111.40, 115.20, 125.300, 121.800,       ,       ,       ,      ,       ,       ,  -13.6,      0,  NONE,   NONE,      ,      ,   0.0,     3D, 3704,      ,       , 133.5,       
2018-08-27, 16:42:15,  -04:00,       ,   40.8438072,  -72.6406784,    73.2, 30.07,    47.8,  31.5,   0.00,   0.00,   -6.06,   0.36,   0.36,  -0.00,   0.00, 190.7, 283.8,  27.7,  28.8,   3.6,  30.93,  27.85,     3.16,  167.91,   37.32,  14.71, 1033.8,    0.09,  247.05,  239.79,  238.43,  238.12,  223.04,  233.99,  963.80, 1005.10,  981.07, 1015.31, 1037.30, 1043.50,  923.88,  912.84,   -57.7,   0,  GPS,   67.0, 111.40, 115.20, 125.300, 121.800,       ,       ,       ,      ,       ,       ,  -13.6,      0,  NONE,   NONE,      ,      ,   0.0,     3D, 3704,      ,       , 133.5,       
2018-08-27, 16:42:16,  -04:00,       ,   40.8438072,  -72.6406784,    74.2, 30.07,    48.3,  31.5,   0.00,   0.00,    2.49,   0.37,   0.35,   0.00,  -0.01, 190.7, 283.8,  27.7,  28.8,   3.6,  30.93,  27.87,     3.15,  167.99,   37.43,  14.68, 1036.3,    0.09,  247.43,  240.13,  238.75,  238.45,  223.39,  234.38,  963.99, 1004.97,  982.08, 1015.29, 1038.69, 1042.38,  924.80,  913.08,   -57.3,   0,  GPS,   67.0, 111.40, 115.20, 125.300, 121.800,       ,       ,       ,      ,       ,       ,  -13.6,      0,  NONE,   NONE,      ,      ,   0.0,     3D, 3704,      ,       , 133.5,       
2018-08-27, 16:42:17,  -04:00,       ,   40.8438072,  -72.6406784,    74.2, 30.07,    49.4,  31.5,   0.00,   0.00,    2.65,   0.34,   0.35,  -0.00,   0.00, 190.7, 283.8,  27.7,  28.8,   3.6,  30.93,  27.86,     3.15,  168.03,   37.55,  14.63, 1041.8,    0.09,  247.80,  240.46,  239.06,  238.77,  223.72,  234.77,  963.74, 1006.24,  982.59, 1015.98, 1038.99, 1041.40,  925.20,  913.47,   -56.1,   0,  GPS,   67.0, 111.40, 115.20, 125.300, 121.800,       ,       ,       ,      ,       ,       ,  -13.6,      0,  NONE,   NONE,      ,      ,  -3.9,     3D, 3704,      ,       , 133.5,       
2018-08-27, 16:42:18,  -04:00,       ,   40.8438072,  -72.6406784,    73.2, 30.07,    49.5,  31.5,   0.00,   0.00,   -4.14,   0.34,   0.36,  -0.01,   0.00, 190.7, 283.8,  27.7,  28.8,   3.6,  30.93,  27.85,     3.14,  168.09,   37.41,  14.66, 1036.8,    0.09,  248.15,  240.79,  239.41,  239.08,  224.03,  235.16,  963.85, 1006.66,  982.88, 1017.77, 1037.40, 1042.39,  925.64,  913.21,   -56.0,   0,  GPS,   67.0, 111.40, 115.20, 125.300, 121.800,       ,       ,       ,      ,       ,       ,  -13.6,      0,  NONE,   NONE,      ,      ,   0.0,     3D, 3704,      ,       , 133.5,       
2018-08-27, 16:42:19,  -04:00,       ,   40.8438072,  -72.6406784,    73.2, 30.07,    49.6,  31.5,   0.00,   0.00,  -17.87,   0.35,   0.35,  -0.01,  -0.00, 190.7, 283.8,  27.7,  28.8,   3.5,  30.93,  27.86,     3.12,  168.09,   37.23,  14.73, 1033.0,    0.09,  248.49,  241.15,  239.74,  239.41,  224.38,  235.52,  964.34, 1006.35,  983.02, 1019.00, 1036.63, 1043.18,  925.94,  912.99,   -55.9,   0,  GPS,   67.0, 111.40, 115.20, 125.300, 121.800,       ,       ,       ,      ,       ,       ,  -13.6,      0,  NONE,   NONE,      ,      ,   0.0,     3D, 3704,      ,       , 133.5,       
2018-08-27, 16:42:20,  -04:00,       ,   40.8438072,  -72.6406784,    73.2, 30.07,    49.8,  31.5,   0.00,   0.00,  -21.83,   0.37,   0.36,   0.00,   0.00, 190.8, 283.8,  27.7,  28.8,   3.5,  30.93,  27.86,     3.16,  168.11,   37.47,  14.64, 1038.2,    0.09,  248.90,  241.48,  240.07,  239.77,  224.74,  235.93,  964.05, 1006.95,  984.26, 1018.28, 1037.19, 1042.09,  926.55,  913.07,   -55.7,   0,  GPS,   67.0, 111.40, 115.20, 125.300, 121.800,       ,       ,       ,      ,       ,       ,  -13.6,      0,  NONE,   NONE,      ,      ,  -3.9,     3D, 3704,      ,       , 133.5,       
2018-08-27, 16:42:21,  -04:00,       ,   40.8438072,  -72.6406784,    73.2, 30.07,    48.3,  31.5,   0.00,   0.00,   -6.90,   0.36,   0.38,  -0.01,   0.00, 190.7, 283.8,  27.7,  28.8,   3.5,  30.93,  27.85,     3.15,  168.09,   37.38,  14.69, 1037.0,    0.09,  249.23,  241.81,  240.37,  240.07,  225.03,  236.32,  964.95, 1007.21,  984.41, 1018.46, 1036.82, 1044.07,  926.55,  913.70,   -57.3,   0,  GPS,   67.0, 111.40, 115.20, 125.300, 121.800,       ,       ,       ,      ,       ,       ,  -13.6,      0,  NONE,   NONE,      ,      ,   0.0,     3D, 3704,      ,       , 133.5,       
2018-08-27, 16:42:22,  -04:00,       ,   40.8438072,  -72.6406784,    73.2, 30.07,    47.7,  31.5,   0.00,   0.00,  -11.36,   0.33,   0.35,   0.00,  -0.00, 190.8, 283.8,  27.7,  28.8,   3.5,  30.93,  27.85,     3.14,  168.11,   37.12,  14.80, 1028.2,    0.09,  249.59,  242.13,  240.69,  240.37,  225.36,  236.71,  965.69, 1007.48,  984.22, 1019.72, 1036.66, 1043.84,  926.94,  913.97,   -57.9,   0,  GPS,   67.0, 111.40, 115.20, 125.300, 121.800,       ,       ,       ,      ,       ,       ,  -13.6,      0,  NONE,   NONE,      ,      ,   0.0,     3D, 3704,      ,       , 133.5,       
2018-08-27, 16:42:23,  -04:00,       ,   40.8438072,  -72.6406784,    73.2, 30.07,    46.6,  31.5,   0.00,   0.00,   -8.89,   0.32,   0.34,  -0.01,  -0.01, 190.8, 283.8,  27.7,  28.8,   3.5,  30.93,  27.86,     3.16,  168.14,   37.31,  14.69, 1034.4,    0.09,  249.95,  242.47,  241.00,  240.72,  225.72,  237.05,  965.96, 1007.87,  983.31, 1019.83, 1037.42, 1042.02,  927.29,  913.91,   -58.9,   0,  GPS,   67.0, 111.40, 115.20, 125.300, 121.800,       ,       ,       ,      ,       ,       ,  -13.6,      0,  NONE,   NONE,      ,      ,   0.0,     3D, 3704,      ,       , 133.5,       
2018-08-27, 16:42:24,  -04:00,       ,   40.8438072,  -72.6406784,    73.2, 30.07,    46.3,  31.5,   0.00,   0.00,   -5.02,   0.32,   0.34,  -0.01,  -0.00, 190.8, 283.8,  27.7,  28.8,   3.5,  30.93,  27.87,     3.14,  168.14,   37.11,  14.74, 1032.0,    0.09,  250.28,  242.82,  241.33,  240.99,  226.01,  237.43,  966.01, 1007.90,  982.94, 1020.83, 1037.98, 1041.43,  927.97,  913.68,   -59.2,   0,  GPS,   67.0, 111.40, 115.20, 125.300, 121.800,       ,       ,       ,      ,       ,       ,  -13.6,      0,  NONE,   NONE,      ,      ,  -3.9,     3D, 3704,      ,       , 133.5,       
2018-08-27, 16:42:25,  -04:00,       ,   40.8438072,  -72.6406784,    73.2, 30.07,    46.1,  31.5,   0.00,   0.00,  -17.38,   0.34,   0.33,   0.00,   0.01, 190.7, 283.8,  27.7,  28.8,   3.5,  30.93,  27.88,     3.11,  168.13,   37.01,  14.75, 1031.0,    0.09,  250.67,  243.15,  241.63,  241.33,  226.35,  237.82,  965.93, 1008.19,  981.31, 1021.69, 1039.04, 1040.54,  927.80,  913.56,   -59.5,   0,  GPS,   67.0, 111.40, 115.20, 125.300, 121.800,       ,       ,       ,      ,       ,       ,  -13.6,      0,  NONE,   NONE,      ,      ,   0.0,     3D, 3704,      ,       , 133.5,       
2018-08-27, 16:42:26,  -04:00,       ,   40.8438072,  -72.6406784,    73.2, 30.07,    45.7,  31.5,   0.00,   0.00,  -17.51,   0.33,   0.35,  -0.01,  -0.00, 190.8, 283.8,  27.7,  28.8,   3.4,  30.93,  27.88,     3.12,  168.10,   36.94,  14.75, 1032.5,    0.09,  250.97,  243.45,  241.95,  241.62,  226.62,  238.18,  966.33, 1008.11,  982.04, 1024.02, 1037.20, 1042.02,  928.63,  913.90,   -59.8,   0,  GPS,   67.0, 111.40, 115.20, 125.300, 121.800,       ,       ,       ,      ,       ,       ,  -13.6,      0,  NONE,   NONE,      ,      ,   0.0,     3D, 3704,      ,       , 133.5,       
2018-08-27, 16:42:27,  -04:00,       ,   40.8438072,  -72.6406784,    73.2, 30.07,    47.2,  31.5,   0.00,   0.00,   -9.84,   0.33,   0.34,  -0.02,  -0.00, 190.8, 283.8,  27.7,  28.8,   3.4,  30.93,  27.89,     3.09,  168.08,   37.18,  14.72, 1034.5,    0.09,  251.30,  243.78,  242.25,  241.90,  226.97,  238.54,  966.46, 1009.29,  981.82, 1024.99, 1037.03, 1044.02,  929.27,  914.24,   -58.3,   0,  GPS,   67.0, 111.40, 115.20, 125.300, 121.800,       ,       ,       ,      ,       ,       ,  -13.6,      0,  NONE,   NONE,      ,      ,   0.0,     3D, 3704,      ,       , 134.0,       
2018-08-27, 16:42:28,  -04:00,       ,   40.8438148,  -72.6406784,    73.2, 30.07,    47.7,  31.5,   0.00,   0.00,    2.86,   0.33,   0.32,  -0.01,   0.00, 190.7, 283.8,  27.7,  28.8,   3.4,  30.93,  27.90,     3.12,  168.06,   37.15,  14.73, 1033.9,    0.09,  251.66,  244.12,  242.56,  242.22,  227.25,  238.90,  965.86, 1009.67,  982.01, 1025.42, 1037.15, 1045.01,  930.07,  913.68,   -57.8,   0,  GPS,   67.0, 111.40, 115.20, 125.300, 121.800,       ,       ,       ,      ,       ,       ,  -13.6,      0,  NONE,   NONE,      ,      ,   0.0,     3D, 3704,      ,       , 134.0,       
2018-08-27, 16:42:29,  -04:00,       ,   40.8438148,  -72.6406784,    73.2, 30.07,    49.2,  31.5,   0.00,   0.00,    0.79,   0.33,   0.33,  -0.01,   0.00, 190.7, 283.8,  27.7,  28.8,   3.5,  30.93,  27.89,     3.12,  168.03,   37.43,  14.64, 1041.9,    0.09,  251.99,  244.44,  242.86,  242.52,  227.57,  239.23,  966.58, 1010.74,  982.93, 1023.28, 1037.66, 1044.86,  929.43,  914.37,   -56.3,   0,  GPS,   67.0, 111.40, 115.20, 125.300, 121.800,       ,       ,       ,      ,       ,       ,  -13.6,      0,  NONE,   NONE,      ,      ,   0.0,     3D, 3704,      ,       , 134.0,       
2018-08-27, 16:42:30,  -04:00,       ,   40.8438148,  -72.6406784,    73.2, 30.07,    49.5,  31.5,   0.00,   0.00,  -12.61,   0.33,   0.34,  -0.00,  -0.00, 190.7, 283.8,  27.7,  28.8,   3.4,  30.93,  27.88,     3.13,  167.97,   37.33,  14.67, 1039.4,    0.09,  252.34,  244.77,  243.15,  242.82,  227.90,  239.59,  966.95, 1013.38,  983.79, 1022.60, 1036.30, 1045.79,  930.08,  914.42,   -56.1,   0,  GPS,   67.0, 111.40, 115.20, 125.300, 121.800,       ,       ,       ,      ,       ,       ,  -13.6,      0,  NONE,   NONE,      ,      ,   0.0,     3D, 3704,      ,       , 134.0,       
2018-08-27, 16:42:31,  -04:00,       ,   40.8438148,  -72.6406784,    73.2, 30.07,    49.7,  31.5,   0.00,   0.00,   -0.42,   0.33,   0.33,  -0.01,   0.00, 190.7, 283.8,  27.7,  28.8,   3.4,  30.92,  27.87,     3.13,  167.92,   37.26,  14.72, 1034.6,    0.09,  252.68,  245.08,  243.45,  243.10,  228.19,  239.94,  967.44, 1014.15,  982.40, 1023.28, 1034.78, 1046.17,  930.11,  914.15,   -55.8,   0,  GPS,   67.0, 111.40, 115.20, 125.300, 121.800,       ,       ,       ,      ,       ,       ,  -13.6,      0,  NONE,   NONE,      ,      ,   0.0,     3D, 3704,      ,       , 134.0,       
2018-08-27, 16:42:32,  -04:00,       ,   40.8438148,  -72.6406784,    73.2, 30.07,    50.0,  31.5,   0.00,   0.00,   -7.76,   0.33,   0.34,  -0.01,  -0.00, 190.7, 283.8,  27.7,  28.8,   3.4,  30.92,  27.88,     3.11,  167.82,   37.02,  14.74, 1032.2,    0.09,  253.01,  245.41,  243.75,  243.39,  228.50,  240.30,  967.62, 1013.98,  983.34, 1022.79, 1033.84, 1046.53,  930.67,  914.13,   -55.5,   0,  GPS,   67.0, 111.40, 115.20, 125.300, 121.800,       ,       ,       ,      ,       ,       ,  -13.6,      0,  NONE,   NONE,      ,      ,  -3.9,     3D, 3704,      ,       , 134.0,       
2018-08-27, 16:42:33,  -04:00,       ,   40.8438072,  -72.6406784,    73.2, 30.07,    48.5,  31.5,   0.00,   0.00,  -14.77,   0.33,   0.35,  -0.01,  -0.00, 190.7, 283.8,  27.7,  28.8,   3.4,  30.92,  27.89,     3.14,  167.72,   37.20,  14.69, 1038.6,    0.09,  253.37,  245.73,  244.05,  243.72,  228.86,  240.61,  967.70, 1013.66,  983.48, 1022.30, 1032.65, 1046.89,  929.63,  914.12,   -57.0,   0,  GPS,   67.0, 111.40, 115.20, 125.300, 121.800,       ,       ,       ,      ,       ,       ,  -13.6,      0,  NONE,   NONE,      ,      ,  -3.9,     3D, 3704,      ,       , 134.0,       
2018-08-27, 16:42:34,  -04:00,       ,   40.8438072,  -72.6406784,    74.2, 30.07,    48.1,  31.5,   0.00,   0.00,   -2.85,   0.31,   0.35,  -0.02,  -0.00, 190.7, 283.8,  27.7,  28.8,   3.4,  30.92,  27.90,     3.15,  167.59,   37.25,  14.68, 1038.2,    0.09,  253.67,  246.06,  244.35,  243.99,  229.12,  240.96,  967.97, 1012.79,  982.63, 1022.41, 1032.02, 1046.65,  929.34,  914.06,   -57.4,   0,  GPS,   67.0, 111.40, 115.20, 125.300, 121.800,       ,       ,       ,      ,       ,       ,  -13.6,      0,  NONE,   NONE,      ,      ,   0.0,     3D, 3704,      ,       , 134.0,       
2018-08-27, 16:42:35,  -04:00,       ,   40.8438072,  -72.6406784,    74.2, 30.07,    46.4,  31.5,   0.00,   0.00,   12.86,   0.33,   0.34,  -0.00,  -0.00, 190.7, 283.8,  27.7,  28.8,   3.4,  30.93,  27.89,     3.15,  167.46,   37.42,  14.62, 1043.1,    0.09,  254.00,  246.38,  244.62,  244.27,  229.44,  241.30,  969.22, 1010.87,  981.84, 1022.56, 1031.20, 1046.73,  928.37,  914.37,   -59.2,   0,  GPS,   67.0, 111.40, 115.20, 125.300, 121.800,       ,       ,       ,      ,       ,       ,  -13.6,      0,  NONE,   NONE,      ,      ,   0.0,     3D, 3704,      ,       , 134.0,       
2018-08-27, 16:42:36,  -04:00,       ,   40.8438072,  -72.6406784,    73.2, 30.07,    46.3,  31.5,   0.00,   0.00,  -14.08,   0.31,   0.37,  -0.01,   0.00, 190.7, 283.8,  27.7,  28.8,   3.4,  30.93,  27.89,     3.17,  167.33,   37.24,  14.68, 1038.0,    0.09,  254.33,  246.69,  244.91,  244.59,  229.75,  241.63,  969.01, 1010.55,  981.37, 1021.63, 1030.63, 1047.55,  928.18,  914.06,   -59.3,   0,  GPS,   67.0, 111.40, 115.20, 125.300, 121.800,       ,       ,       ,      ,       ,       ,  -13.6,      0,  NONE,   NONE,      ,      ,   0.0,     3D, 3704,      ,       , 134.0,       
2018-08-27, 16:42:37,  -04:00,       ,   40.8438072,  -72.6406784,    73.2, 30.07,    46.1,  31.5,   0.00,   0.00,   -7.84,   0.30,   0.38,  -0.00,   0.00, 190.7, 283.8,  27.7,  28.8,   3.3,  30.93,  27.90,     3.15,  167.20,   37.17,  14.76, 1034.6,    0.09,  254.65,  246.99,  245.16,  244.86,  230.01,  241.96,  970.64, 1010.28,  981.06, 1021.95, 1030.71, 1049.23,  927.43,  914.96,   -59.5,   0,  GPS,   67.0, 111.40, 115.20, 125.300, 121.800,       ,       ,       ,      ,       ,       ,  -13.6,      0,  NONE,   NONE,      ,      ,   0.0,     3D, 3704,      ,       , 134.0,       
2018-08-27, 16:42:38,  -04:00,       ,   40.8438072,  -72.6406784,    72.2, 30.07,    45.9,  31.5,   0.00,   0.00,  -42.84,   0.31,   0.38,  -0.01,  -0.01, 190.7, 283.8,  27.7,  28.8,   3.3,  30.93,  27.91,     3.14,  167.09,   37.19,  14.68, 1041.3,    0.09,  254.98,  247.31,  245.44,  245.14,  230.33,  242.29,  971.34, 1009.88,  980.51, 1021.75, 1030.09, 1049.46,  927.26,  914.24,   -59.6,   0,  GPS,   67.0, 111.40, 115.20, 125.300, 121.800,       ,       ,       ,      ,       ,       ,  -13.6,      0,  NONE,   NONE,      ,      ,   0.0,     3D, 3704,      ,       , 134.0,       
2018-08-27, 16:42:39,  -04:00,       ,   40.8438072,  -72.6406784,    72.2, 30.07,    46.7,  31.5,   0.00,   0.00,  -37.12,   0.32,   0.40,   0.00,  -0.00, 190.7, 283.8,  27.7,  28.8,   3.3,  30.93,  27.92,     3.14,  167.00,   37.39,  14.63, 1043.7,    0.09,  255.29,  247.62,  245.73,  245.43,  230.62,  242.61,  972.68, 1009.69,  980.90, 1019.87, 1029.71, 1048.17,  926.62,  914.74,   -58.8,   0,  GPS,   67.0, 111.40, 115.20, 125.300, 121.800,       ,       ,       ,      ,       ,       ,  -13.6,      0,  NONE,   NONE,      ,      ,   0.0,     3D, 3704,      ,       , 134.0,       
2018-08-27, 16:42:40,  -04:00,       ,   40.8438072,  -72.6406784,    74.2, 30.07,    47.2,  31.5,   0.00,   0.00,    2.46,   0.31,   0.42,  -0.01,  -0.00, 190.7, 283.8,  27.7,  28.8,   3.3,  30.93,  27.90,     3.15,  166.97,   37.46,  14.63, 1045.9,    0.09,  255.62,  247.95,  246.00,  245.70,  230.92,  242.94,  973.27, 1008.46,  980.94, 1019.22, 1032.57, 1047.19,  926.45,  915.31,   -58.4,   0,  GPS,   67.0, 111.40, 115.20, 125.300, 121.800,       ,       ,       ,      ,       ,       ,  -13.6,      0,  NONE,   NONE,      ,      ,  -3.9,     3D, 3704,      ,       , 134.0,       
2018-08-27, 16:42:41,  -04:00,       ,   40.8438072,  -72.6406784,    74.2, 30.07,    48.9,  31.5,   0.00,   0.00,   25.12,   0.29,   0.43,   0.00,  -0.00, 190.6, 283.8,  27.7,  28.8,   3.3,  30.93,  27.90,     3.13,  167.01,   37.67,  14.59, 1050.2,    0.09,  255.95,  248.25,  246.29,  246.00,  231.25,  243.27,  974.69, 1008.05,  980.43, 1018.31, 1032.78, 1046.87,  925.56,  915.54,   -56.6,   0,  GPS,   67.0, 111.40, 115.20, 125.300, 121.800,       ,       ,       ,      ,       ,       ,  -13.6,      0,  NONE,   NONE,      ,      ,  -3.9,     3D, 3704,      ,       , 134.0,       
2018-08-27, 16:42:42,  -04:00,       ,   40.8438072,  -72.6406784,    73.2, 30.07,    49.2,  31.5,   0.00,   0.00,    3.49,   0.30,   0.46,  -0.02,  -0.00, 190.7, 283.8,  27.7,  28.8,   3.3,  30.93,  27.91,     3.13,  167.11,   37.29,  14.68, 1039.9,    0.09,  256.25,  248.57,  246.54,  246.25,  231.51,  243.60,  974.49, 1007.21,  980.86, 1017.30, 1032.51, 1046.91,  925.20,  914.88,   -56.4,   0,  GPS,   67.0, 111.40, 115.20, 125.300, 121.800,       ,       ,       ,      ,       ,       ,  -13.6,      0,  NONE,   NONE,      ,      ,  -3.9,     3D, 3704,      ,       , 134.0,       
2018-08-27, 16:42:43,  -04:00,       ,   40.8438072,  -72.6406784,    74.2, 30.07,    49.3,  31.5,   0.00,   0.00,    0.72,   0.29,   0.45,  -0.03,   0.01, 190.6, 283.8,  27.7,  28.8,   3.3,  30.93,  27.92,     3.14,  167.24,   37.21,  14.66, 1039.6,    0.09,  256.53,  248.90,  246.81,  246.54,  231.78,  243.91,  973.93, 1006.74,  979.86, 1016.76, 1032.32, 1047.44,  924.61,  914.41,   -56.2,   0,  GPS,   67.0, 111.40, 115.20, 125.300, 121.800,       ,       ,       ,      ,       ,       ,  -13.6,      0,  NONE,   NONE,      ,      ,  -3.9,     3D, 3704,      ,       , 134.0,       
2018-08-27, 16:42:44,  -04:00,       ,   40.8438072,  -72.6406784,    73.2, 30.07,    49.6,  31.5,   0.00,   0.00,   -9.88,   0.31,   0.44,   0.01,   0.01, 190.6, 283.8,  27.7,  28.8,   3.2,  30.93,  27.92,     3.13,  167.43,   37.18,  14.64, 1042.2,    0.09,  256.88,  249.20,  247.08,  246.81,  232.08,  244.26,  974.63, 1006.27,  979.57, 1014.97, 1032.55, 1046.16,  924.95,  914.29,   -55.9,   0,  GPS,   67.0, 111.40, 115.20, 125.300, 121.800,       ,       ,       ,      ,       ,       ,  -13.6,      0,  NONE,   NONE,      ,      ,   0.0,     3D, 3704,      ,       , 134.0,       
2018-08-27, 16:42:45,  -04:00,       ,   40.8438148,  -72.6406784,    74.2, 30.07,    49.7,  31.5,   0.00,   0.00,   -5.58,   0.29,   0.47,  -0.01,  -0.00, 190.7, 283.8,  27.7,  28.8,   3.2,  30.93,  27.90,     3.15,  167.69,   37.04,  14.68, 1039.3,    0.09,  257.18,  249.50,  247.35,  247.10,  232.35,  244.56,  974.77, 1006.13,  981.00, 1014.31, 1031.50, 1045.92,  923.80,  914.93,   -55.8,   0,  GPS,   67.0, 111.40, 115.20, 125.300, 121.800,       ,       ,       ,      ,       ,       ,  -13.6,      0,  NONE,   NONE,      ,      ,   0.0,     3D, 3704,      ,       , 134.0,       
2018-08-27, 16:42:46,  -04:00,       ,   40.8438148,  -72.6406784,    74.2, 30.07,    49.4,  31.5,   0.00,   0.00,   -0.78,   0.32,   0.48,  -0.01,   0.00, 190.6, 283.8,  27.7,  28.8,   3.2,  30.93,  27.90,     3.14,  167.96,   37.21,  14.63, 1043.4,    0.09,  257.49,  249.83,  247.62,  247.36,  232.65,  244.87,  974.39, 1006.64,  981.09, 1013.56, 1030.88, 1046.67,  923.96,  914.82,   -56.1,   0,  GPS,   67.0, 111.40, 115.20, 125.300, 121.800,       ,       ,       ,      ,       ,       ,  -13.6,      0,  NONE,   NONE,      ,      ,   0.0,     3D, 3704,      ,       , 134.0,       
2018-08-27, 16:42:47,  -04:00,       ,   40.8438072,  -72.6406784,    74.2, 30.07,    47.4,  31.5,   0.00,   0.00,    1.31,   0.31,   0.47,  -0.00,  -0.01, 190.7, 283.8,  27.7,  28.8,   3.2,  30.93,  27.91,     3.15,  168.28,   37.22,  14.63, 1043.4,    0.09,  257.82,  250.11,  247.89,  247.67,  232.95,  245.19,  976.36, 1007.02,  980.86, 1013.52, 1030.51, 1048.14,  924.29,  915.70,   -58.1,   0,  GPS,   67.0, 111.40, 115.20, 125.300, 121.800,       ,       ,       ,      ,       ,       ,  -13.6,      0,  NONE,   NONE,      ,      ,   0.0,     3D, 3704,      ,       , 134.0,       
2018-08-27, 16:42:48,  -04:00,       ,   40.8438072,  -72.6406784,    74.2, 30.07,    47.3,  31.5,   0.00,   0.00,   -6.04,   0.30,   0.51,  -0.01,  -0.00, 190.7, 283.8,  27.7,  28.8,   3.2,  30.93,  27.92,     3.13,  168.60,   37.27,  14.63, 1044.4,    0.09,  258.12,  250.44,  248.13,  247.92,  233.22,  245.52,  977.04, 1006.38,  980.79, 1014.01, 1029.50, 1047.00,  924.65,  915.64,   -58.2,   0,  GPS,   67.0, 111.40, 115.20, 125.300, 121.800,       ,       ,       ,      ,       ,       ,  -13.6,      0,  NONE,   NONE,      ,      ,   0.0,     3D, 3704,      ,       , 134.0,       
2018-08-27, 16:42:49,  -04:00,       ,   40.8438148,  -72.6406784,    74.2, 30.07,    47.2,  31.5,   0.00,   0.00,  -10.99,   0.33,   0.47,   0.00,   0.01, 190.7, 283.8,  27.7,  28.8,   3.2,  30.93,  27.92,     3.14,  168.96,   37.42,  14.57, 1047.7,    0.09,  258.45,  250.76,  248.37,  248.19,  233.52,  245.82,  977.72, 1006.82,  980.20, 1013.80, 1028.81, 1048.58,  924.37,  915.76,   -58.3,   0,  GPS,   67.0, 111.40, 115.20, 125.300, 121.800,       ,       ,       ,      ,       ,       ,  -13.6,      0,  NONE,   NONE,      ,      ,   0.0,     3D, 3704,      ,       , 134.0,       
2018-08-27, 16:42:50,  -04:00,       ,   40.8438148,  -72.6406784,    74.2, 30.07,    47.1,  31.5,   0.00,   0.00,   -1.60,   0.31,   0.45,   0.01,   0.01, 190.7, 283.8,  27.7,  28.8,   3.2,  30.93,  27.90,     3.15,  169.25,   37.39,  14.58, 1048.0,    0.09,  258.72,  251.04,  248.63,  248.45,  233.76,  246.13,  978.21, 1006.65,  979.63, 1012.95, 1029.42, 1049.04,  924.32,  915.70,   -58.4,   0,  GPS,   67.0, 111.40, 115.20, 125.300, 121.800,       ,       ,       ,      ,       ,       ,  -13.6,      0,  NONE,   NONE,      ,      ,  -3.9,     3D, 3704,      ,       , 134.0,       
2018-08-27, 16:42:51,  -04:00,       ,   40.8438072,  -72.6406784,    74.2, 30.07,    47.8,  31.5,   0.00,   0.00,   -7.91,   0.32,   0.45,  -0.01,  -0.01, 190.7, 283.8,  27.7,  28.8,   3.2,  30.93,  27.91,     3.12,  169.49,   37.05,  14.69, 1040.1,    0.09,  259.05,  251.39,  248.88,  248.73,  234.06,  246.43,  978.40, 1006.15,  980.56, 1011.01, 1032.49, 1049.68,  923.84,  916.46,   -57.8,   0,  GPS,   67.0, 111.40, 115.20, 125.300, 121.800,       ,       ,       ,      ,       ,       ,  -13.6,      0,  NONE,   NONE,      ,      ,   0.0,     3D, 3704,      ,       , 134.0,       
2018-08-27, 16:42:52,  -04:00,       ,   40.8438072,  -72.6406784,    73.2, 30.07,    48.3,  31.5,   0.00,   0.00,  -11.10,   0.30,   0.47,  -0.01,   0.00, 190.7, 283.8,  27.7,  28.8,   3.2,  30.93,  27.91,     3.14,  169.67,   37.17,  14.63, 1043.6,    0.09,  259.35,  251.66,  249.12,  249.00,  234.33,  246.74,  978.73, 1005.89,  979.81, 1011.16, 1032.41, 1050.85,  924.21,  916.01,   -57.2,   0,  GPS,   67.0, 111.40, 115.20, 125.300, 121.800,       ,       ,       ,      ,       ,       ,  -13.6,      0,  NONE,   NONE,      ,      ,   0.0,     3D, 3704,      ,       , 134.0,       
2018-08-27, 16:42:53,  -04:00,       ,   40.8438148,  -72.6406784,    74.2, 30.07,    50.2,  31.5,   0.00,   0.00,   -6.76,   0.30,   0.45,  -0.01,   0.00, 190.7, 283.8,  27.7,  28.8,   3.2,  30.93,  27.91,     3.15,  169.81,   37.25,  14.62, 1046.2,    0.09,  259.62,  251.96,  249.38,  249.24,  234.59,  247.05,  978.62, 1006.23,  979.91, 1011.38, 1032.34, 1049.98,  924.45,  915.78,   -55.3,   0,  GPS,   67.0, 111.40, 115.20, 125.300, 121.800,       ,       ,       ,      ,       ,       ,  -13.6,      0,  NONE,   NONE,      ,      ,  -3.9,     3D, 3704,      ,       , 134.0,       
2018-08-27, 16:42:54,  -04:00,       ,   40.8438148,  -72.6406784,    74.2, 30.07,    50.4,  31.5,   0.00,   0.00,   -0.83,   0.29,   0.43,   0.00,   0.01, 190.6, 283.8,  27.7,  28.8,   3.2,  30.93,  27.90,     3.14,  169.89,   37.10,  14.66, 1042.5,    0.09,  259.92,  252.29,  249.62,  249.50,  234.86,  247.35,  978.05, 1005.17,  980.98, 1011.92, 1030.75, 1049.84,  924.13,  915.57,   -55.1,   0,  GPS,   67.0, 111.40, 115.20, 125.300, 121.800,       ,       ,       ,      ,       ,       ,  -13.6,      0,  NONE,   NONE,      ,      ,  -3.9,     3D, 3704,      ,       , 134.0,       
2018-08-27, 16:42:55,  -04:00,       ,   40.8438148,  -72.6406784,    73.2, 30.07,    50.6,  31.5,   0.00,   0.00,  -11.05,   0.29,   0.45,  -0.01,   0.00, 190.6, 283.8,  27.7,  28.8,   3.2,  30.93,  27.90,     3.11,  169.96,   36.77,  14.72, 1036.3,    0.09,  260.25,  252.59,  249.84,  249.78,  235.16,  247.62,  978.67, 1004.69,  982.23, 1012.72, 1028.77, 1050.58,  924.16,  915.80,   -54.9,   0,  GPS,   67.0, 111.40, 115.20, 125.300, 121.800,       ,       ,       ,      ,       ,       ,  -13.6,      0,  NONE,   NONE,      ,      ,   0.0,     3D, 3704,      ,       , 134.0,       
2018-08-27, 16:42:56,  -04:00,       ,   40.8438148,  -72.6406784,    73.2, 30.07,    50.9,  31.5,   0.00,   0.00,  -30.73,   0.29,   0.44,  -0.01,  -0.01, 190.7, 283.8,  27.7,  28.8,   3.2,  30.93,  27.89,     3.11,  170.02,   36.72,  14.70, 1038.1,    0.09,  260.54,  252.87,  250.08,  250.04,  235.41,  247.92,  978.75, 1004.09,  982.71, 1012.31, 1028.58, 1049.04,  924.55,  916.08,   -54.6,   0,  GPS,   67.0, 111.40, 115.20, 125.300, 121.800,       ,       ,       ,      ,       ,       ,  -13.6,      0,  NONE,   NONE,      ,      ,   0.0,     3D, 3704,      ,       , 134.0,       
2018-08-27, 16:42:57,  -04:00,       ,   40.8438072,  -72.6406784,    72.2, 30.07,    49.5,  31.5,   0.00,   0.00,  -48.40,   0.30,   0.45,  -0.02,  -0.01, 190.7, 283.8,  27.7,  28.8,   3.2,  30.93,  27.89,     3.13,  170.05,   36.50,  14.78, 1034.4,    0.09,  260.84,  253.17,  250.32,  250.28,  235.67,  248.19,  978.78, 1003.81,  983.25, 1012.83, 1029.82, 1049.88,  924.68,  916.45,   -56.0,   0,  GPS,   67.0, 111.40, 115.20, 125.300, 121.800,       ,       ,       ,      ,       ,       ,  -13.6,      0,  NONE,   NONE,      ,      ,   0.0,     3D, 3704,      ,       , 134.5,       
2018-08-27, 16:42:58,  -04:00,       ,   40.8438072,  -72.6406784,    72.2, 30.07,    49.1,  31.5,   0.00,   0.00,  -26.37,   0.27,   0.44,  -0.00,   0.01, 190.7, 283.8,  27.7,  28.8,   3.2,  30.93,  27.89,     3.11,  170.08,   36.47,  14.78, 1034.8,    0.09,  261.09,  253.48,  250.53,  250.50,  235.91,  248.51,  979.77, 1004.07,  984.24, 1012.65, 1030.38, 1050.40,  924.94,  917.14,   -56.4,   0,  GPS,   67.0, 111.40, 115.20, 125.300, 121.800,       ,       ,       ,      ,       ,       ,  -13.6,      0,  NONE,   NONE,      ,      ,   0.0,     3D, 3704,      ,       , 134.5,       
2018-08-27, 16:42:59,  -04:00,       ,   40.8438072,  -72.6406784,    72.2, 30.07,    47.2,  31.5,   0.00,   0.00,  -30.72,   0.27,   0.46,  -0.01,  -0.00, 190.7, 283.8,  27.7,  28.8,   3.1,  30.92,  27.90,     3.14,  170.09,   36.63,  14.71, 1038.2,    0.09,  261.37,  253.76,  250.74,  250.76,  236.18,  248.79,  980.45, 1005.05,  984.93, 1012.17, 1029.65, 1050.26,  924.84,  917.66,   -58.3,   0,  GPS,   67.0, 111.40, 115.20, 125.300, 121.800,       ,       ,       ,      ,       ,       ,  -13.6,      0,  NONE,   NONE,      ,      ,   0.0,     3D, 3704,      ,       , 134.5,       
2018-08-27, 16:43:00,  -04:00,       ,   40.8438072,  -72.6406784,    72.2, 30.07,    47.0,  31.5,   0.00,   0.00,  -16.89,   0.29,   0.46,  -0.01,  -0.00, 190.7, 283.8,  27.7,  28.8,   3.1,  30.92,  27.89,     3.13,  170.15,   36.55,  14.74, 1035.9,    0.09,  261.69,  254.06,  250.97,  251.03,  236.45,  249.08,  980.75, 1004.08,  985.95, 1011.64, 1029.44, 1050.47,  925.07,  918.11,   -58.5,   0,  GPS,   67.0, 111.40, 115.20, 125.300, 121.800,       ,       ,       ,      ,       ,       ,  -13.6,      0,  NONE,   NONE,      ,      ,   0.0,     3D, 3704,      ,       , 134.5,       
2018-08-27, 16:43:01,  -04:00,       ,   40.8438072,  -72.6406784,    72.2, 30.07,    46.7,  31.5,   0.00,   0.00,   -8.74,   0.27,   0.46,  -0.01,  -0.00, 190.6, 283.8,  27.7,  28.8,   3.2,  30.92,  27.88,     3.12,  170.21,   36.58,  14.79, 1032.3,    0.09,  261.96,  254.33,  251.19,  251.25,  236.70,  249.36,  981.30, 1005.73,  987.65, 1012.46, 1028.98, 1051.32,  925.67,  919.04,   -58.8,   0,  GPS,   67.0, 111.40, 115.20, 125.300, 121.800,       ,       ,       ,      ,       ,       ,  -13.6,      0,  NONE,   NONE,      ,      ,   0.0,     3D, 3704,      ,       , 134.5,       
2018-08-27, 16:43:02,  -04:00,       ,   40.8438072,  -72.6406784,    73.2, 30.07,    48.8,  31.5,   0.00,   0.00,    8.21,   0.25,   0.45,  -0.01,   0.00, 190.6, 283.8,  27.7,  28.8,   3.2,  30.92,  27.89,     3.14,  170.25,   36.53,  14.74, 1037.8,    0.09,  262.26,  254.63,  251.40,  251.52,  236.96,  249.65,  981.57, 1007.16,  988.34, 1012.28, 1029.97, 1050.83,  926.15,  919.35,   -56.7,   0,  GPS,   67.0, 111.40, 115.20, 125.300, 121.800,       ,       ,       ,      ,       ,       ,  -13.6,      0,  NONE,   NONE,      ,      ,   0.0,     3D, 3704,      ,       , 147.0,       
2018-08-27, 16:43:03,  -04:00,       ,   40.8438034,  -72.6406784,    73.2, 30.07,    48.7,  31.5,   0.00,   0.00,    6.70,   0.26,   0.44,  -0.01,   0.01, 190.6, 283.8,  27.7,  28.8,   3.1,  30.92,  27.89,     3.13,  170.30,   36.51,  14.75, 1036.0,    0.09,  262.53,  254.91,  251.63,  251.76,  237.26,  249.92,  981.32, 1006.95,  989.53, 1012.55, 1029.59, 1050.80,  926.52,  919.60,   -56.8,   0,  GPS,   67.0, 111.40, 115.20, 125.300, 121.800,       ,       ,       ,      ,       ,       ,  -13.6,      0,  NONE,   NONE,      ,      ,   0.0,     3D, 3704,      ,       , 147.0,       
2018-08-27, 16:43:04,  -04:00,       ,   40.8438072,  -72.6406784,    72.2, 30.07,    48.3,  31.5,   0.00,   0.00,  -17.50,   0.25,   0.46,  -0.00,  -0.00, 190.6, 283.8,  27.7,  28.8,   3.1,  30.92,  27.89,     3.12,  170.31,   36.70,  14.65, 1043.6,    0.09,  262.85,  255.20,  251.82,  252.00,  237.47,  250.22,  982.35, 1006.66,  990.36, 1011.35, 1028.54, 1050.19,  926.82,  919.86,   -57.3,   0,  GPS,   67.0, 111.40, 115.20, 125.300, 121.800,       ,       ,       ,      ,       ,       ,  -13.6,      0,  NONE,   NONE,      ,      ,   0.0,     3D, 3704,      ,       , 147.0,       
2018-08-27, 16:43:05,  -04:00,       ,   40.8438072,  -72.6406784,    73.2, 30.07,    49.8,  31.5,   0.00,   0.00,   -4.19,   0.24,   0.46,  -0.01,   0.00, 190.6, 283.8,  27.7,  28.8,   3.1,  30.92,  27.90,     3.13,  170.31,   36.67,  14.72, 1042.2,    0.09,  263.10,  255.48,  252.03,  252.24,  237.74,  250.49,  983.09, 1006.71,  989.68, 1012.29, 1027.63, 1051.19,  926.80,  920.00,   -55.7,   0,  GPS,   67.0, 111.40, 115.20, 125.300, 121.800,       ,       ,       ,      ,       ,       ,  -13.6,      0,  NONE,   NONE,      ,      ,   0.0,     3D, 3704,      ,       , 147.0,       
2018-08-27, 16:43:06,  -04:00,       ,   40.8438072,  -72.6406784,    73.2, 30.07,    50.0,  31.5,   0.00,   0.00,   14.63,   0.25,   0.46,   0.01,  -0.00, 190.6, 283.8,  27.7,  28.8,   3.1,  30.92,  27.91,     3.14,  170.32,   36.71,  14.70, 1041.7,    0.09,  263.34,  255.75,  252.26,  252.48,  237.97,  250.74,  983.26, 1005.99,  990.60, 1012.10, 1028.40, 1050.35,  926.61,  920.51,   -55.6,   0,  GPS,   67.0, 111.40, 115.20, 125.300, 121.800,       ,       ,       ,      ,       ,       ,  -13.6,      0,  NONE,   NONE,      ,      ,   0.0,     3D, 3704,      ,       , 147.0,       
2018-08-27, 16:43:07,  -04:00,       ,   40.8438072,  -72.6406784,    73.2, 30.07,    50.0,  31.5,   0.00,   0.00,   13.94,   0.26,   0.46,  -0.00,  -0.00, 190.6, 283.8,  27.7,  28.8,   3.1,  30.92,  27.91,     3.14,  170.31,   36.70,  14.70, 1041.4,    0.09,  263.65,  256.04,  252.45,  252.71,  238.24,  251.01,  983.36, 1005.41,  992.74, 1012.20, 1028.91, 1048.92,  926.39,  921.55,   -55.5,   0,  GPS,   67.0, 111.40, 115.20, 125.300, 121.800,       ,       ,       ,      ,       ,       ,  -13.6,      0,  NONE,   NONE,      ,      ,   0.0,     3D, 3704,      ,       , 147.0,       
2018-08-27, 16:43:08,  -04:00,    HTO,   40.8438072,  -72.6406784,    73.2, 30.07,    50.2,  31.5,   0.00,   0.00,  -11.84,   0.24,   0.47,  -0.01,  -0.00, 190.6, 283.8,  27.7,  28.8,   3.1,  30.92,  27.92,     3.13,  170.29,   36.53,  14.73, 1039.0,    0.09,  263.89,  256.32,  252.65,  252.96,  238.48,  251.30,  983.17, 1004.55,  993.90, 1012.27, 1028.39, 1051.34,  927.23,  921.43,   -55.3,   0,  GPS,   86.0, 111.40, 115.20, 125.300, 121.800,  0.131,       ,       ,      ,   15.4,   86.5,  -13.6,      0,  NONE,   NONE,      ,      ,   0.0,     3D, 1852,      ,       , 147.0,       
2018-08-27, 16:43:09,  -04:00,    HTO,   40.8438072,  -72.6406784,    72.2, 30.07,    50.2,  31.5,   0.00,   0.00,  -16.13,   0.26,   0.46,   0.00,   0.00, 190.6, 283.8,  27.7,  28.8,   3.1,  30.92,  27.93,     3.13,  170.26,   36.57,  14.73, 1040.4,    0.09,  264.19,  256.59,  252.84,  253.20,  238.75,  251.54,  983.63, 1004.07,  995.01, 1012.34, 1027.80, 1052.49,  927.27,  922.20,   -55.3,   0,  GPS,   86.0, 111.40, 115.20, 125.300, 121.800,  0.131,       ,       ,      ,   15.4,   86.5,  -13.6,      0,  NONE,   NONE,      ,      ,  -3.9,     3D, 1852,      ,       , 147.0,       
2018-08-27, 16:43:10,  -04:00,    HTO,   40.8438072,  -72.6406784,    72.2, 30.07,    50.8,  31.5,   0.00,   0.00,  -26.01,   0.25,   0.48,  -0.00,   0.00, 190.6, 283.8,  27.7,  28.8,   3.1,  30.92,  27.91,     3.13,  170.27,   36.69,  14.69, 1041.3,    0.09,  264.46,  256.86,  253.05,  253.44,  238.99,  251.82,  984.78, 1004.90,  994.87, 1013.27, 1027.27, 1052.42,  927.41,  922.60,   -54.7,   0,  GPS,   86.0, 111.40, 115.20, 125.300, 121.800,  0.131,       ,       ,      ,   15.4,   86.5,  -13.6,      0,  NONE,   NONE,      ,      ,   0.0,     3D, 1852,      ,       , 147.0,       
2018-08-27, 16:43:11,  -04:00,    HTO,   40.8438072,  -72.6406784,    72.2, 30.07,    49.1,  31.5,   0.00,   0.00,  -31.63,   0.25,   0.47,  -0.00,   0.00, 190.5, 283.8,  27.7,  28.8,   3.1,  30.92,  27.92,     3.11,  170.25,   36.72,  14.66, 1044.5,    0.09,  264.73,  257.15,  253.23,  253.67,  239.23,  252.08,  985.30, 1005.49,  995.88, 1012.03, 1027.27, 1051.77,  927.60,  923.08,   -56.4,   0,  GPS,   86.0, 111.40, 115.20, 125.300, 121.800,  0.131,       ,       ,      ,   15.4,   86.5,  -13.6,      0,  NONE,   NONE,      ,      ,  -3.9,     3D, 1852,      ,       , 147.0,       
2018-08-27, 16:43:12,  -04:00,    HTO,   40.8438072,  -72.6406784,    72.2, 30.07,    49.0,  31.5,   0.00,   0.00,  -27.39,   0.24,   0.51,   0.00,  -0.00, 190.5, 283.8,  27.7,  28.8,   3.1,  30.92,  27.90,     3.14,  170.25,   36.47,  14.73, 1040.0,    0.09,  264.97,  257.42,  253.44,  253.88,  239.46,  252.32,  985.45, 1003.80,  996.19, 1012.18, 1028.06, 1052.40,  927.42,  923.11,   -56.5,   0,  GPS,   86.0, 111.40, 115.20, 125.300, 121.800,  0.131,       ,       ,      ,   15.4,   86.5,  -13.6,      0,  NONE,   NONE,      ,      ,  -3.9,     3D, 1852,      ,       , 147.0,       
2018-08-27, 16:43:13,  -04:00,    HTO,   40.8438072,  -72.6406784,    72.2, 30.07,    48.9,  31.5,   0.00,   0.00,  -18.77,   0.24,   0.49,   0.00,   0.01, 190.5, 283.8,  27.7,  28.8,   3.1,  30.92,  27.89,     3.13,  170.28,   36.40,  14.80, 1034.9,    0.09,  265.27,  257.67,  253.63,  254.12,  239.74,  252.59,  986.25, 1004.78,  997.72, 1012.41, 1028.17, 1052.03,  928.01,  924.54,   -56.6,   0,  GPS,   86.0, 111.40, 115.20, 125.300, 121.800,  0.131,       ,       ,      ,   15.4,   86.5,  -13.6,      0,  NONE,   NONE,      ,      ,   0.0,     3D, 1852,      ,       , 147.0,       
2018-08-27, 16:43:14,  -04:00,    HTO,   40.8438072,  -72.6406708,    71.2, 30.07,    48.9,  31.5,   0.00,   0.00,  -14.55,   0.25,   0.52,  -0.01,  -0.00, 190.5, 283.8,  27.7,  28.8,   3.1,  30.92,  27.89,     3.14,  170.29,   36.07,  14.82, 1031.9,    0.09,  265.51,  257.94,  253.85,  254.34,  239.95,  252.86,  986.76, 1004.53,  997.87, 1012.69, 1026.54, 1052.65,  928.33,  924.53,   -56.6,   0,  GPS,   86.0, 111.40, 115.20, 125.300, 121.800,  0.131,       ,       ,      ,   15.4,   86.5,  -13.6,      0,  NONE,   NONE,      ,      ,   0.0,     3D, 1852,      ,       , 147.0,       
2018-08-27, 16:43:15,  -04:00,    HTO,   40.8438072,  -72.6406784,    71.2, 30.07,    49.0,  31.5,   0.00,   0.00,  -23.97,   0.26,   0.53,  -0.02,  -0.01, 190.5, 283.8,  27.7,  28.8,   3.1,  30.92,  27.90,     3.14,  170.31,   36.15,  14.75, 1036.8,    0.09,  265.81,  258.21,  254.01,  254.58,  240.23,  253.11,  987.38, 1005.50,  998.24, 1013.00, 1025.67, 1051.55,  929.43,  924.91,   -56.5,   0,  GPS,   86.0, 111.40, 115.20, 125.300, 121.800,  0.131,       ,       ,      ,   15.4,   86.5,  -13.6,      0,  NONE,   NONE,      ,      ,   0.0,     3D, 1852,      ,       , 147.0,       
2018-08-27, 16:43:16,  -04:00,    HTO,   40.8438072,  -72.6406784,    70.2, 30.07,    48.6,  31.5,   0.00,   0.00,  -31.40,   0.24,   0.53,   0.00,   0.00, 190.5, 283.8,  27.7,  28.8,   3.0,  30.92,  27.88,     3.15,  170.34,   36.29,  14.68, 1040.3,    0.09,  266.07,  258.48,  254.19,  254.81,  240.49,  253.35,  987.64, 1004.89, 1000.02, 1012.81, 1026.39, 1051.77,  929.80,  925.89,   -57.0,   0,  GPS,   86.0, 111.40, 115.20, 125.300, 121.800,  0.131,       ,       ,      ,   15.4,   86.5,  -13.6,      0,  NONE,   NONE,      ,      ,   0.0,     3D, 1852,      ,       , 147.0,       
2018-08-27, 16:43:17,  -04:00,    HTO,   40.8438072,  -72.6406784,    71.2, 30.07,    50.5,  31.5,   0.00,   0.00,  -19.09,   0.25,   0.51,  -0.01,  -0.00, 190.5, 283.8,  27.7,  28.8,   3.0,  30.92,  27.86,     3.15,  170.37,   36.16,  14.80, 1034.7,    0.09,  266.29,  258.73,  254.37,  255.02,  240.70,  253.65,  987.06, 1005.09, 1001.15, 1012.37, 1027.02, 1053.64,  929.98,  926.16,   -55.0,   0,  GPS,   86.0, 111.40, 115.20, 125.300, 121.800,  0.131,       ,       ,      ,   15.4,   86.5,  -13.6,      0,  NONE,   NONE,      ,      ,   0.0,     3D, 1852,      ,       , 147.0,       
2018-08-27, 16:43:18,  -04:00,    HTO,   40.8438072,  -72.6406784,    70.2, 30.07,    50.5,  31.5,   0.00,   0.00,  -10.51,   0.24,   0.51,  -0.01,   0.00, 190.5, 283.8,  27.7,  28.8,   3.0,  30.92,  27.85,     3.13,  170.40,   36.14,  14.81, 1034.6,    0.09,  266.54,  258.99,  254.56,  255.24,  240.95,  253.89,  987.14, 1005.65,  999.47, 1012.38, 1028.72, 1053.99,  930.25,  925.45,   -55.0,   0,  GPS,   86.0, 111.40, 115.20, 125.300, 121.800,  0.131,       ,       ,      ,   15.4,   86.5,  -13.6,      0,  NONE,   NONE,      ,      ,  -3.9,     3D, 1852,      ,       , 147.0,       
2018-08-27, 16:43:19,  -04:00,    HTO,   40.8438072,  -72.6406784,    70.2, 30.07,    50.7,  31.5,   0.00,   0.00,  -20.85,   0.23,   0.53,  -0.00,  -0.00, 190.5, 283.8,  27.7,  28.8,   3.0,  30.92,  27.84,     3.11,  170.48,   35.91,  14.79, 1033.9,    0.09,  266.84,  259.26,  254.73,  255.47,  241.20,  254.15,  987.07, 1005.57,  999.08, 1012.69, 1028.14, 1054.18,  930.52,  924.94,   -54.8,   0,  GPS,   86.0, 111.40, 115.20, 125.300, 121.800,  0.131,       ,       ,      ,   15.4,   86.5,  -13.6,      0,  NONE,   NONE,      ,      ,   0.0,     3D, 1852,      ,       , 147.0,       
2018-08-27, 16:43:20,  -04:00,    HTO,   40.8438072,  -72.6406784,    70.2, 30.07,    50.8,  31.5,   0.00,   0.00,  -11.76,   0.24,   0.53,  -0.02,   0.00, 190.5, 283.8,  27.7,  28.8,   3.0,  30.92,  27.84,     3.11,  170.53,   36.15,  14.73, 1039.5,    0.09,  267.10,  259.50,  254.91,  255.69,  241.45,  254.43,  985.37, 1005.54,  999.39, 1012.47, 1027.71, 1054.45,  930.82,  924.66,   -54.7,   0,  GPS,   86.0, 111.40, 115.20, 125.300, 121.800,  0.131,       ,       ,      ,   15.4,   86.5,  -13.6,      0,  NONE,   NONE,      ,      ,  -3.9,     3D, 1852,      ,       , 147.0,       
2018-08-27, 16:43:21,  -04:00,    HTO,   40.8438072,  -72.6406784,    70.2, 30.07,    50.8,  31.5,   0.00,   0.00,  -12.23,   0.24,   0.53,  -0.01,   0.00, 190.5, 283.8,  27.7,  28.8,   3.0,  30.92,  27.85,     3.11,  170.59,   36.09,  14.78, 1037.7,    0.09,  267.35,  259.77,  255.09,  255.91,  241.69,  254.67,  985.87, 1006.07,  999.17, 1011.86, 1026.65, 1053.95,  930.96,  924.95,   -54.7,   0,  GPS,   86.0, 111.40, 115.20, 125.300, 121.800,  0.131,       ,       ,      ,   15.4,   86.5,  -13.6,      0,  NONE,   NONE,      ,      ,   0.0,     3D, 1852,      ,       , 147.5,       
2018-08-27, 16:43:22,  -04:00,    HTO,   40.8438072,  -72.6406784,    71.2, 30.07,    51.4,  31.5,   0.00,   0.00,   -0.62,   0.24,   0.52,  -0.00,  -0.00, 190.5, 283.8,  27.7,  28.8,   3.0,  30.92,  27.83,     3.11,  170.62,   36.12,  14.78, 1038.6,    0.09,  267.59,  260.03,  255.27,  256.11,  241.90,  254.94,  985.72, 1006.26,  999.73, 1013.82, 1026.12, 1053.57,  931.67,  925.51,   -54.1,   0,  GPS,   86.0, 111.40, 115.20, 125.300, 121.800,  0.131,       ,       ,      ,   15.4,   86.5,  -13.6,      0,  NONE,   NONE,      ,      ,   0.0,     3D, 1852,      ,       , 147.5,       
2018-08-27, 16:43:23,  -04:00,    HTO,   40.8438072,  -72.6406708,    72.2, 30.07,    50.1,  31.5,   0.00,   0.00,   19.00,   0.25,   0.51,  -0.02,  -0.00, 190.5, 283.8,  27.7,  28.8,   3.0,  30.92,  27.83,     3.14,  170.67,   36.05,  14.75, 1038.6,    0.09,  267.85,  260.26,  255.47,  256.34,  242.14,  255.20,  985.83, 1007.21, 1001.25, 1013.20, 1026.02, 1053.82,  931.74,  925.86,   -55.5,   0,  GPS,   86.0, 111.40, 115.20, 125.300, 121.800,  0.131,       ,       ,      ,   15.4,   86.5,  -13.6,      0,  NONE,   NONE,      ,      ,   3.9,     3D, 1852,      ,       , 147.5,       
2018-08-27, 16:43:24,  -04:00,    HTO,   40.8438072,  -72.6406708,    72.2, 30.07,    50.0,  31.5,   0.00,   0.00,    9.50,   0.25,   0.51,  -0.01,   0.00, 190.5, 283.8,  27.7,  28.8,   3.0,  30.92,  27.83,     3.12,  170.74,   35.97,  14.80, 1035.0,    0.09,  268.10,  260.52,  255.63,  256.55,  242.35,  255.45,  985.57, 1007.46, 1002.16, 1014.04, 1025.65, 1054.18,  933.01,  925.97,   -55.5,   0,  GPS,   86.0, 111.40, 115.20, 125.300, 121.800,  0.131,       ,       ,      ,   15.4,   86.5,  -13.6,      0,  NONE,   NONE,      ,      ,  -3.9,     3D, 1852,      ,       , 147.5,       
2018-08-27, 16:43:25,  -04:00,    HTO,   40.8438072,  -72.6406708,    72.2, 30.07,    50.0,  31.5,   0.00,   0.00,   14.94,   0.26,   0.53,  -0.02,  -0.01, 190.5, 283.8,  27.7,  28.8,   3.0,  30.92,  27.84,     3.13,  170.77,   35.82,  14.80, 1034.8,    0.09,  268.37,  260.76,  255.81,  256.77,  242.61,  255.70,  985.59, 1007.54, 1002.22, 1014.31, 1025.45, 1057.55,  933.06,  925.98,   -55.6,   0,  GPS,   86.0, 111.40, 115.20, 125.300, 121.800,  0.131,       ,       ,      ,   15.4,   86.5,  -13.6,      0,  NONE,   NONE,      ,      ,   0.0,     3D, 1852,      ,       , 147.5,       
2018-08-27, 16:43:26,  -04:00,    HTO,   40.8438148,  -72.6406708,    73.2, 30.07,    47.3,  31.5,   0.00,   0.00,   23.41,   0.25,   0.52,  -0.01,   0.00, 190.5, 283.8,  27.7,  28.8,   3.0,  30.92,  27.84,     3.11,  170.79,   36.00,  14.75, 1039.3,    0.09,  268.61,  260.99,  255.99,  256.96,  242.82,  255.96,  985.73, 1008.58, 1001.57, 1014.66, 1025.46, 1057.36,  933.52,  926.01,   -58.2,   0,  GPS,   86.0, 111.40, 115.20, 125.300, 121.800,  0.131,       ,       ,      ,   15.4,   86.5,  -13.6,      0,  NONE,   NONE,      ,      ,   0.0, 3DDiff, 1852,      ,     26, 301.5,     42
2018-08-27, 16:43:27,  -04:00,    HTO,   40.8438148,  -72.6406631,    72.2, 30.07,    47.1,  31.5,   0.00,   0.00,   19.48,   0.24,   0.49,   0.01,   0.00, 190.5, 283.8,  27.7,  28.8,   3.0,  30.92,  27.83,     3.12,  170.82,   35.76,  14.79, 1032.7,    0.09,  268.86,  261.24,  256.17,  257.19,  243.07,  256.20,  985.95, 1008.93, 1003.65, 1015.30, 1027.69, 1056.36,  934.15,  927.23,   -58.5,   0,  GPS,   86.0, 111.40, 115.20, 125.300, 121.800,  0.131,       ,       ,      ,   15.4,   86.5,  -13.6,      0,  NONE,   NONE,      ,      ,  -3.9, 3DDiff, 1852,      ,     26, 305.0,     43
2018-08-27, 16:43:28,  -04:00,    HTO,   40.8438148,  -72.6406631,    72.2, 30.07,    45.7,  31.5,   0.00,   0.00,   -7.55,   0.25,   0.51,  -0.02,  -0.00, 190.5, 283.8,  27.7,  28.8,   3.0,  30.92,  27.81,     3.13,  170.87,   35.89,  14.77, 1038.3,    0.09,  269.15,  261.49,  256.35,  257.43,  243.28,  256.44,  986.64, 1009.52, 1004.14, 1016.45, 1027.42, 1055.03,  935.46,  927.45,   -59.8,   0,  GPS,   86.0, 111.40, 115.20, 125.300, 121.800,  0.131,       ,       ,      ,   15.4,   86.5,  -13.6,      0,  NONE,   NONE,      ,      ,  -3.9, 3DDiff, 1852,      ,     26, 301.5,     43
2018-08-27, 16:43:29,  -04:00,    HTO,   40.8438148,  -72.6406631,    73.2, 30.07,    48.0,  31.5,   0.00,   0.00,    0.64,   0.26,   0.51,  -0.01,   0.01, 190.5, 283.8,  27.7,  28.8,   3.0,  30.92,  27.80,     3.12,  170.90,   36.02,  14.76, 1039.2,    0.09,  269.42,  261.75,  256.51,  257.67,  243.54,  256.68,  987.93, 1011.32, 1004.11, 1016.35, 1028.25, 1052.32,  935.53,  927.66,   -57.5,   0,  GPS,   86.0, 111.40, 115.20, 125.300, 121.800,  0.131,       ,       ,      ,   15.4,   86.5,  -13.6,      0,  NONE,   NONE,      ,      ,   0.0, 3DDiff, 1852,      ,     26, 297.0,     42
2018-08-27, 16:43:30,  -04:00,    HTO,   40.8438148,  -72.6406631,    72.2, 30.07,    48.2,  31.5,   0.00,   0.00,  -16.17,   0.27,   0.47,   0.01,   0.00, 190.5, 283.8,  27.7,  28.8,   2.9,  30.92,  27.82,     3.11,  170.94,   35.87,  14.78, 1037.0,    0.09,  269.67,  261.97,  256.68,  257.85,  243.76,  256.95,  988.19, 1011.78, 1004.42, 1017.04, 1027.46, 1051.49,  936.12,  928.14,   -57.4,   0,  GPS,   86.0, 111.40, 115.20, 125.300, 121.800,  0.131,       ,       ,      ,   15.4,   86.5,  -13.6,      0,  NONE,   NONE,      ,      ,   0.0, 3DDiff, 1852,      ,     26, 299.0,     42
2018-08-27, 16:43:31,  -04:00,    HTO,   40.8438148,  -72.6406631,    72.2, 30.07,    48.4,  31.5,   0.00,   0.00,  -14.41,   0.26,   0.47,   0.01,  -0.00, 190.5, 283.8,  27.7,  28.8,   2.9,  30.92,  27.83,     3.10,  170.97,   35.74,  14.80, 1035.8,    0.09,  269.91,  262.21,  256.86,  258.09,  243.99,  257.21,  989.57, 1012.30, 1003.82, 1018.08, 1026.72, 1053.27,  936.98,  928.38,   -57.1,   0,  GPS,   86.0, 111.40, 115.20, 125.300, 121.800,  0.131,       ,       ,      ,   15.4,   86.5,  -13.6,      0,  NONE,   NONE,      ,      ,   3.9, 3DDiff, 1852,      ,     26, 301.5,     42
2018-08-27, 16:43:32,  -04:00,    HTO,   40.8438148,  -72.6406631,    72.2, 30.07,    48.6,  31.5,   0.00,   0.00,  -16.91,   0.29,   0.51,  -0.01,  -0.00, 190.5, 283.8,  27.7,  28.8,   2.9,  30.92,  27.81,     3.13,  171.01,   35.81,  14.81, 1035.5,    0.09,  270.14,  262.45,  257.02,  258.27,  244.19,  257.43,  988.82, 1012.64, 1004.47, 1018.23, 1026.05, 1053.71,  937.93,  928.05,   -56.9,   0,  GPS,   86.0, 111.40, 115.20, 125.300, 121.800,  0.131,       ,       ,      ,   15.4,   86.5,  -13.6,      0,  NONE,   NONE,      ,      ,   0.0, 3DDiff, 1852,      ,     26, 304.0,     42
2018-08-27, 16:43:33,  -04:00,    HTO,   40.8438148,  -72.6406708,    73.2, 30.07,    48.8,  31.5,   0.00,   0.00,    2.83,   0.26,   0.51,  -0.01,  -0.00, 190.5, 283.8,  27.7,  28.8,   2.9,  30.92,  27.80,     3.13,  171.05,   35.58,  14.86, 1030.4,    0.09,  270.41,  262.68,  257.19,  258.48,  244.39,  257.67,  989.10, 1012.69, 1005.32, 1018.86, 1028.15, 1053.81,  938.04,  928.93,   -56.7,   0,  GPS,   86.0, 111.40, 115.20, 125.300, 121.800,  0.131,       ,       ,      ,   15.4,   86.5,  -13.6,      0,  NONE,   NONE,      ,      ,   0.0, 3DDiff, 1852,      ,     26, 307.0,     43
2018-08-27, 16:43:34,  -04:00,    HTO,   40.8438148,  -72.6406708,    74.2, 30.07,    50.0,  31.2,   0.00,   0.00,   18.00,   0.26,   0.51,  -0.00,   0.00, 190.5, 283.8,  27.7,  28.8,   3.0,  30.92,  27.81,     3.14,  171.10,   35.60,  14.80, 1036.5,    0.09,  270.65,  262.92,  257.35,  258.67,  244.62,  257.93,  989.50, 1012.00, 1004.22, 1021.13, 1027.15, 1053.82,  938.70,  928.96,   -55.5,   0,  GPS,   86.0, 111.40, 115.20, 125.300, 121.800,  0.131,       ,       ,      ,   15.4,   86.5,  -13.6,      0,  NONE,   NONE,      ,      ,  -3.9, 3DDiff, 1852,      ,     26, 304.5,     43
2018-08-27, 16:43:35,  -04:00,    HTO,   40.8438148,  -72.6406631,    73.2, 30.07,    47.9,  31.5,   0.00,   0.00,   15.37,   0.27,   0.51,  -0.01,  -0.00, 190.5, 283.8,  27.7,  28.8,   2.9,  30.92,  27.81,     3.12,  171.14,   35.73,  14.81, 1035.3,    0.09,  270.95,  263.13,  257.53,  258.91,  244.86,  258.16,  989.55, 1012.26, 1004.84, 1021.07, 1026.61, 1055.24,  939.40,  929.24,   -57.6,   0,  GPS,   86.0, 111.40, 115.20, 125.300, 121.800,  0.131,       ,       ,      ,   15.4,   86.5,  -13.6,      0,  NONE,   NONE,      ,      ,  -3.9, 3DDiff, 1852,      ,     26, 299.5,     42
2018-08-27, 16:43:36,  -04:00,    HTO,   40.8438148,  -72.6406631,    72.2, 30.07,    48.1,  31.2,   0.00,   0.00,  -14.16,   0.27,   0.53,  -0.00,  -0.01, 190.5, 283.8,  27.7,  28.8,   2.9,  30.92,  27.82,     3.14,  171.16,   35.59,  14.81, 1034.5,    0.09,  271.16,  263.35,  257.70,  259.08,  245.07,  258.40,  988.75, 1011.96, 1005.76, 1021.28, 1025.99, 1054.09,  940.36,  929.07,   -57.5,   0,  GPS,   86.0, 111.40, 115.20, 125.300, 121.800,  0.131,       ,       ,      ,   15.4,   86.5,  -13.6,      0,  NONE,   NONE,      ,      ,  -3.9, 3DDiff, 1852,      ,     26, 301.5,     42
2018-08-27, 16:43:37,  -04:00,    HTO,   40.8438148,  -72.6406631,    72.2, 30.07,    48.1,  31.5,   0.00,   0.00,  -33.50,   0.29,   0.51,  -0.02,  -0.00, 190.5, 283.8,  27.7,  28.8,   2.9,  30.92,  27.82,     3.12,  171.14,   35.42,  14.89, 1029.1,    0.09,  271.41,  263.56,  257.86,  259.29,  245.28,  258.65,  988.24, 1012.67, 1005.78, 1021.67, 1024.69, 1054.51,  940.66,  928.58,   -57.4,   0,  GPS,   86.0, 111.40, 115.20, 125.300, 121.800,  0.131,       ,       ,      ,   15.4,   86.5,  -13.6,      0,  NONE,   NONE,      ,      ,   0.0, 3DDiff, 1852,      ,     26, 304.0,     42
2018-08-27, 16:43:38,  -04:00,    HTO,   40.8438072,  -72.6406631,    70.2, 30.07,    48.6,  31.5,   0.00,   0.00,  -58.23,   0.29,   0.51,  -0.00,  -0.00, 190.6, 283.8,  27.7,  28.8,   2.9,  30.92,  27.83,     3.13,  171.13,   35.64,  14.83, 1033.9,    0.09,  271.65,  263.80,  258.03,  259.50,  245.49,  258.90,  987.20, 1012.98, 1005.61, 1020.55, 1023.47, 1053.38,  940.49,  928.23,   -57.0,   0,  GPS,   86.0, 111.40, 115.20, 125.300, 121.800,  0.131,       ,       ,      ,   15.4,   86.5,  -13.6,      0,  NONE,   NONE,      ,      ,   0.0, 3DDiff, 1852,      ,     26, 307.0,     42
2018-08-27, 16:43:39,  -04:00,    HTO,   40.8438072,  -72.6406631,    71.2, 30.07,    48.5,  31.5,   0.00,   0.00,  -32.60,   0.27,   0.49,  -0.00,   0.00, 190.5, 283.8,  27.7,  28.8,   2.9,  30.92,  27.83,     3.13,  171.12,   35.60,  14.83, 1034.5,    0.09,  271.92,  264.01,  258.19,  259.71,  245.73,  259.11,  987.09, 1012.90, 1005.57, 1020.18, 1023.34, 1054.15,  940.68,  928.61,   -57.0,   0,  GPS,   86.0, 111.40, 115.20, 125.300, 121.800,  0.131,       ,       ,      ,   15.4,   86.5,  -13.6,      0,  NONE,   NONE,      ,      ,  -3.9, 3DDiff, 1852,      ,     26, 310.0,     43
2018-08-27, 16:43:40,  -04:00,    HTO,   40.8438148,  -72.6406631,    72.2, 30.07,    48.2,  31.5,   0.00,   0.00,   -2.82,   0.27,   0.49,  -0.00,   0.00, 190.6, 283.8,  27.7,  28.8,   2.9,  30.92,  27.83,     3.13,  171.16,   35.61,  14.78, 1036.8,    0.09,  272.14,  264.22,  258.36,  259.91,  245.91,  259.35,  987.30, 1012.08, 1006.65, 1020.70, 1023.50, 1052.54,  941.21,  928.96,   -57.3,   0,  GPS,   86.0, 111.40, 115.20, 125.300, 121.800,  0.131,       ,       ,      ,   15.4,   86.5,  -13.6,      0,  NONE,   NONE,      ,      ,  -3.9, 3DDiff, 1852,      ,     26, 307.0,     42
2018-08-27, 16:43:41,  -04:00,    HTO,   40.8438148,  -72.6406708,    72.2, 30.07,    50.7,  31.5,   0.00,   0.00,   -2.49,   0.26,   0.52,  -0.01,  -0.00, 190.5, 283.8,  27.7,  28.8,   2.9,  30.92,  27.81,     3.16,  171.22,   35.59,  14.86, 1032.3,    0.09,  272.37,  264.43,  258.51,  260.10,  246.15,  259.57,  987.71, 1012.17, 1006.60, 1021.32, 1024.38, 1051.52,  940.99,  929.48,   -54.8,   0,  GPS,   86.0, 111.40, 115.20, 125.300, 121.800,  0.131,       ,       ,      ,   15.4,   86.5,  -13.6,      0,  NONE,   NONE,      ,      ,  -3.9, 3DDiff, 1852,      ,     26, 302.0,     41
2018-08-27, 16:43:42,  -04:00,    HTO,   40.8438148,  -72.6406708,    70.2, 30.07,    50.9,  31.5,   0.00,   0.00,  -25.47,   0.30,   0.47,  -0.00,   0.01, 190.5, 283.8,  27.7,  28.8,   2.9,  30.92,  27.82,     3.12,  171.28,   35.41,  14.89, 1028.7,    0.09,  272.64,  264.67,  258.67,  260.32,  246.36,  259.81,  986.85, 1011.65, 1005.72, 1021.60, 1024.14, 1054.26,  941.44,  929.25,   -54.6,   0,  GPS,   86.0, 111.40, 115.20, 125.300, 121.800,  0.131,       ,       ,      ,   15.4,   86.5,  -13.6,      0,  NONE,   NONE,      ,      ,  -3.9, 3DDiff, 1852,      ,     26, 304.0,     42
2018-08-27, 16:43:43,  -04:00,    HTO,   40.8438148,  -72.6406708,    70.2, 30.07,    51.1,  31.5,   0.00,   0.00,  -32.26,   0.29,   0.46,  -0.00,  -0.00, 190.6, 283.8,  27.7,  28.8,   2.9,  30.92,  27.83,     3.11,  171.36,   35.46,  14.84, 1032.4,    0.09,  272.89,  264.88,  258.85,  260.49,  246.57,  260.04,  987.28, 1011.78, 1005.97, 1022.32, 1023.76, 1055.13,  941.51,  929.63,   -54.4,   0,  GPS,   86.0, 111.40, 115.20, 125.300, 121.800,  0.131,       ,       ,      ,   15.4,   86.5,  -13.6,      0,  NONE,   NONE,      ,      ,  -3.9, 3DDiff, 1852,      ,     26, 306.5,     42
2018-08-27, 16:43:44,  -04:00,    HTO,   40.8438148,  -72.6406708,    71.2, 30.07,    51.4,  31.5,   0.00,   0.00,  -12.85,   0.29,   0.46,   0.00,   0.00, 190.5, 283.8,  27.7,  28.8,   2.9,  30.92,  27.84,     3.13,  171.46,   35.37,  14.82, 1035.5,    0.09,  273.09,  265.06,  259.00,  260.67,  246.78,  260.28,  986.74, 1011.22, 1004.96, 1022.19, 1023.29, 1053.93,  941.97,  928.61,   -54.1,   0,  GPS,   86.0, 111.40, 115.20, 125.300, 121.800,  0.131,       ,       ,      ,   15.4,   86.5,  -13.6,      0,  NONE,   NONE,      ,      ,   0.0, 3DDiff, 1852,      ,     26, 309.5,     42
2018-08-27, 16:43:45,  -04:00,    HTO,   40.8438148,  -72.6406708,    71.2, 30.07,    51.6,  31.5,   0.00,   0.00,  -12.88,   0.30,   0.44,  -0.01,  -0.01, 190.5, 283.8,  27.7,  28.8,   2.9,  30.92,  27.85,     3.12,  171.54,   35.22,  14.87, 1030.0,    0.09,  273.34,  265.27,  259.17,  260.88,  246.97,  260.49,  986.22, 1012.24, 1004.16, 1023.16, 1023.10, 1053.51,  942.22,  928.30,   -53.9,   0,  GPS,   86.0, 111.40, 115.20, 125.300, 121.800,  0.131,       ,       ,      ,   15.4,   86.5,  -13.6,      0,  NONE,   NONE,      ,      ,  -3.9, 3DDiff, 1852,      ,     26, 312.5,     42
2018-08-27, 16:43:46,  -04:00,    HTO,   40.8438148,  -72.6406708,    70.2, 30.07,    52.4,  31.5,   0.00,   0.00,  -28.50,   0.29,   0.46,   0.01,   0.00, 190.5, 283.8,  27.7,  28.8,   2.9,  30.92,  27.86,     3.11,  171.63,   35.39,  14.81, 1037.8,    0.09,  273.57,  265.51,  259.33,  261.06,  247.20,  260.73,  986.75, 1012.98, 1004.50, 1022.09, 1022.67, 1054.22,  942.38,  928.77,   -53.2,   0,  GPS,   86.0, 111.40, 115.20, 125.300, 121.800,  0.131,       ,       ,      ,   15.4,   86.5,  -13.6,      0,  NONE,   NONE,      ,      ,   0.0, 3DDiff, 1852,      ,     26, 309.5,     42
2018-08-27, 16:43:47,  -04:00,    HTO,   40.8438072,  -72.6406708,    71.2, 30.07,    50.7,  31.5,   0.00,   0.00,   -7.34,   0.27,   0.48,  -0.01,   0.01, 190.5, 283.8,  27.7,  28.8,   2.9,  30.92,  27.87,     3.13,  171.72,   35.30,  14.82, 1033.1,    0.09,  273.81,  265.72,  259.48,  261.25,  247.38,  260.97,  987.07, 1013.95, 1005.52, 1022.57, 1022.68, 1054.38,  942.90,  929.39,   -54.8,   0,  GPS,   86.0, 111.40, 115.20, 125.300, 121.800,  0.131,       ,       ,      ,   15.4,   86.5,  -13.6,      0,  NONE,   NONE,      ,      ,   0.0, 3DDiff, 1852,      ,     26, 304.5,     41
2018-08-27, 16:43:48,  -04:00,    HTO,   40.8438072,  -72.6406708,    70.2, 30.07,    50.7,  31.5,   0.00,   0.00,  -13.51,   0.27,   0.48,  -0.01,   0.00, 190.5, 283.8,  27.7,  28.8,   2.9,  30.92,  27.88,     3.13,  171.82,   35.19,  14.83, 1031.6,    0.09,  274.03,  265.91,  259.65,  261.45,  247.59,  261.21,  987.19, 1014.19, 1007.29, 1022.87, 1022.15, 1054.43,  944.02,  930.20,   -54.8,   0,  GPS,   86.0, 111.40, 115.20, 125.300, 121.800,  0.131,       ,       ,      ,   15.4,   86.5,  -13.6,      0,  NONE,   NONE,      ,      ,  -3.9, 3DDiff, 1852,      ,     26, 306.5,     42
2018-08-27, 16:43:49,  -04:00,    HTO,   40.8438072,  -72.6406708,    72.2, 30.07,    50.7,  31.5,   0.00,   0.00,   16.70,   0.26,   0.41,  -0.01,   0.01, 190.4, 283.8,  27.7,  28.8,   2.9,  30.92,  27.88,     3.11,  171.90,   35.08,  14.92, 1028.8,    0.09,  274.27,  266.11,  259.78,  261.65,  247.80,  261.43,  988.08, 1014.58, 1007.38, 1024.61, 1022.61, 1055.68,  944.36,  930.87,   -54.8,   0,  GPS,   86.0, 111.40, 115.20, 125.300, 121.800,  0.131,       ,       ,      ,   15.4,   86.5,  -13.6,      0,  NONE,   NONE,      ,      ,   0.0, 3DDiff, 1852,      ,     26, 309.0,     42
2018-08-27, 16:43:50,  -04:00,    HTO,   40.8438072,  -72.6406708,    71.2, 30.07,    50.6,  31.2,   0.00,   0.00,   16.03,   0.32,   0.42,  -0.02,   0.00, 190.3, 283.8,  27.7,  28.8,   2.8,  30.92,  27.86,     3.11,  172.01,   35.26,  14.85, 1034.0,    0.09,  274.49,  266.29,  259.95,  261.84,  248.01,  261.66,  987.46, 1014.54, 1007.60, 1025.33, 1024.92, 1054.88,  944.45,  931.06,   -54.9,   0,  GPS,   86.0, 111.40, 115.20, 125.300, 121.800,  0.131,       ,       ,      ,   15.4,   86.5,  -13.6,      0,  NONE,   NONE,      ,      ,  -3.9, 3DDiff, 1852,      ,     26, 312.0,     42
2018-08-27, 16:43:51,  -04:00,    HTO,   40.8438072,  -72.6406708,    72.2, 30.07,    50.5,  31.5,   0.00,   0.00,   14.44,   0.32,   0.43,  -0.00,   0.00, 190.3, 283.8,  27.7,  28.8,   2.8,  30.92,  27.86,     3.12,  172.10,   35.21,  14.83, 1035.0,    0.09,  274.75,  266.50,  260.10,  262.03,  248.20,  261.90,  987.02, 1014.82, 1008.30, 1024.21, 1025.82, 1054.02,  944.66,  930.88,   -55.0,   0,  GPS,   86.0, 111.40, 115.20, 125.300, 121.800,  0.131,       ,       ,      ,   15.4,   86.5,  -13.6,      0,  NONE,   NONE,      ,      ,  -3.9, 3DDiff, 1852,      ,     26, 315.5,     42
2018-08-27, 16:43:52,  -04:00,    HTO,   40.8438148,  -72.6406708,    72.2, 30.07,    50.3,  31.5,   0.00,   0.00,   11.96,   0.31,   0.42,  -0.01,  -0.00, 190.3, 283.8,  27.7,  28.8,   2.8,  30.92,  27.86,     3.13,  172.17,   35.07,  14.87, 1033.0,    0.09,  274.96,  266.69,  260.26,  262.20,  248.40,  262.12,  987.08, 1015.13, 1007.85, 1024.86, 1026.90, 1054.92,  945.20,  930.88,   -55.2,   0,  GPS,   86.0, 111.40, 115.20, 125.300, 121.800,  0.131,       ,       ,      ,   15.4,   86.5,  -13.6,      0,  NONE,   NONE,      ,      ,  -7.9, 3DDiff, 1852,      ,     26, 312.5,     42
2018-08-27, 16:43:53,  -04:00,    HTO,   40.8438148,  -72.6406708,    73.2, 30.07,    50.3,  31.2,   0.00,   0.00,   21.43,   0.33,   0.43,  -0.01,  -0.00, 190.3, 283.8,  27.7,  28.8,   2.8,  30.93,  27.89,     3.13,  172.24,   35.31,  14.83, 1035.7,    0.09,  275.20,  266.89,  260.40,  262.42,  248.61,  262.35,  988.22, 1014.80, 1009.73, 1024.85, 1026.55, 1055.60,  944.98,  932.74,   -55.2,   0,  GPS,   86.0, 111.40, 115.20, 125.300, 121.800,  0.131,       ,       ,      ,   15.4,   86.5,  -13.6,      0,  NONE,   NONE,      ,      ,  -7.9, 3DDiff, 1852,      ,     25, 307.5,     41
2018-08-27, 16:43:54,  -04:00,    HTO,   40.8438148,  -72.6406708,    72.2, 30.07,    50.2,  31.2,   0.00,   0.00,    5.35,   0.32,   0.40,  -0.00,  -0.01, 190.3, 283.8,  27.7,  28.8,   2.9,  30.93,  27.91,     3.11,  172.28,   35.15,  14.85, 1033.2,    0.09,  275.41,  267.08,  260.56,  262.59,  248.80,  262.57,  988.33, 1016.16, 1011.10, 1025.76, 1025.64, 1055.14,  946.14,  933.24,   -55.3,   0,  GPS,   86.0, 111.40, 115.20, 125.300, 121.800,  0.131,       ,       ,      ,   15.4,   86.5,  -13.6,      0,  NONE,   NONE,      ,      ,  -3.9, 3DDiff, 1852,      ,     26, 309.5,     42
2018-08-27, 16:43:55,  -04:00,    HTO,   40.8438148,  -72.6406631,    72.2, 30.07,    49.9,  31.2,   0.00,   0.00,   -6.61,   0.33,   0.41,  -0.00,   0.01, 190.2, 283.8,  27.7,  28.8,   2.9,  30.93,  27.92,     3.13,  172.32,   35.01,  14.86, 1032.6,    0.09,  275.63,  267.28,  260.71,  262.78,  249.00,  262.80,  988.61, 1015.97, 1011.17, 1026.50, 1026.49, 1053.22,  946.23,  933.49,   -55.6,   0,  GPS,   86.0, 111.40, 115.20, 125.300, 121.800,  0.131,       ,       ,      ,   15.4,   86.5,  -13.6,      0,  NONE,   NONE,      ,      ,   0.0, 3DDiff, 1852,      ,     14,  23.0,     31
2018-08-27, 16:43:56,  -04:00,    HTO,   40.8438148,  -72.6406631,    73.2, 30.07,    50.0,  31.2,   0.00,   0.00,    0.14,   0.31,   0.41,  -0.01,   0.00, 190.2, 283.8,  27.7,  28.8,   2.8,  30.93,  27.93,     3.10,  172.33,   34.79,  14.90, 1027.3,    0.09,  275.87,  267.47,  260.86,  262.96,  249.18,  263.00,  988.30, 1016.48, 1012.61, 1026.82, 1028.27, 1053.35,  947.25,  934.48,   -55.5,   0,  GPS,   86.0, 111.40, 115.20, 125.300, 121.800,  0.131,       ,       ,      ,   15.4,   86.5,  -13.6,      0,  NONE,   NONE,      ,      ,   3.9, 3DDiff, 1852,      ,     14,  23.5,     32
2018-08-27, 16:43:57,  -04:00,    HTO,   40.8438187,  -72.6406631,    73.2, 30.07,    51.2,  31.2,   0.00,   0.00,   10.59,   0.30,   0.40,  -0.01,   0.00, 190.2, 283.8,  27.7,  28.8,   2.8,  30.93,  27.94,     3.13,  172.33,   34.84,  14.92, 1030.3,    0.09,  276.11,  267.67,  261.00,  263.16,  249.39,  263.23,  987.35, 1016.63, 1013.30, 1026.99, 1030.63, 1052.43,  947.23,  935.16,   -54.3,   0,  GPS,   86.0, 111.40, 115.20, 125.300, 121.800,  0.131,       ,       ,      ,   15.4,   86.5,  -13.6,      0,  NONE,   NONE,      ,      ,   0.0, 3DDiff, 1852,      ,     14,  24.0,     31
2018-08-27, 16:43:58,  -04:00,    HTO,   40.8438148,  -72.6406631,    74.2, 30.07,    52.3,  31.2,   0.00,   0.00,    8.27,   0.31,   0.37,   0.01,   0.00, 190.2, 283.8,  27.7,  28.8,   2.8,  30.93,  27.96,     3.13,  172.33,   34.97,  14.88, 1031.0,    0.09,  276.34,  267.88,  261.15,  263.35,  249.60,  263.46,  986.78, 1017.06, 1013.48, 1028.00, 1032.70, 1053.23,  947.58,  936.09,   -53.2,   0,  GPS,   86.0, 111.40, 115.20, 125.300, 121.800,  0.131,       ,       ,      ,   15.4,   86.5,  -13.6,      0,  NONE,   NONE,      ,      ,   0.0, 3DDiff, 1852,      ,     13,  25.0,     32
2018-08-27, 16:43:59,  -04:00,    HTO,   40.8438148,  -72.6406631,    73.2, 30.07,    52.8,  31.2,   0.00,   0.00,    6.07,   0.29,   0.38,  -0.01,  -0.00, 190.2, 283.8,  27.7,  28.8,   2.8,  30.93,  27.98,     3.14,  172.32,   35.31,  14.80, 1042.3,    0.09,  276.56,  268.04,  261.30,  263.53,  249.81,  263.68,  986.94, 1017.90, 1012.53, 1028.15, 1032.32, 1052.42,  948.11,  935.62,   -52.7,   0,  GPS,   86.0, 111.40, 115.20, 125.300, 121.800,  0.131,       ,       ,      ,   15.4,   86.5,  -13.6,      0,  NONE,   NONE,      ,      ,   0.0, 3DDiff, 1852,      ,     13,  23.0,     31
2018-08-27, 16:44:00,  -04:00,    HTO,   40.8438148,  -72.6406631,    74.2, 30.07,    53.1,  31.2,   0.00,   0.00,    7.06,   0.29,   0.36,   0.00,   0.00, 190.1, 283.8,  27.7,  28.8,   2.9,  30.93,  27.99,     3.14,  172.32,   35.38,  14.79, 1039.0,    0.09,  276.76,  268.25,  261.45,  263.71,  249.96,  263.89,  986.15, 1018.39, 1013.97, 1027.64, 1030.91, 1053.34,  948.80,  935.61,   -52.4,   0,  GPS,   86.0, 111.40, 115.20, 125.300, 121.800,  0.131,       ,       ,      ,   15.4,   86.5,  -13.6,      0,  NONE,   NONE,      ,      ,   0.0, 3DDiff, 1852,      ,     14,  23.0,     31
2018-08-27, 16:44:01,  -04:00,    HTO,   40.8438148,  -72.6406631,    74.2, 30.07,    53.5,  31.2,   0.00,   0.00,   -2.21,   0.30,   0.45,  -0.01,   0.01, 190.4, 283.8,  27.7,  28.8,   2.9,  30.93,  28.02,     3.12,  172.32,   35.25,  14.82, 1037.2,    0.09,  276.99,  268.43,  261.58,  263.91,  250.17,  264.13,  985.45, 1018.61, 1012.18, 1028.27, 1031.40, 1054.60,  948.78,  935.69,   -52.0,   0,  GPS,   86.0, 111.40, 115.20, 125.300, 121.800,  0.131,       ,       ,      ,   15.4,   86.5,  -13.6,      0,  NONE,   NONE,      ,      ,   0.0, 3DDiff, 1852,      ,     14,  18.0,     24
2018-08-27, 16:44:02,  -04:00,    HTO,   40.8438148,  -72.6406631,    74.2, 30.07,    53.7,  31.5,   0.00,   0.00,   -8.66,   0.31,   0.41,  -0.01,  -0.00, 190.1, 283.8,  27.7,  28.8,   2.8,  30.93,  28.03,     3.10,  172.30,   35.34,  14.82, 1038.2,    0.09,  277.22,  268.64,  261.73,  264.07,  250.35,  264.34,  985.87, 1020.15, 1011.22, 1027.87, 1029.68, 1054.19,  949.12,  935.75,   -51.8,   0,  GPS,   86.0, 111.40, 115.20, 125.300, 121.800,  0.131,       ,       ,      ,   15.4,   86.5,  -13.6,      0,  NONE,   NONE,      ,      ,   3.9, 3DDiff, 1852,      ,     14,  18.0,     24
2018-08-27, 16:44:03,  -04:00,    HTO,   40.8438148,  -72.6406631,    74.2, 30.07,    51.7,  31.5,   0.00,   0.00,   -3.61,   0.36,   0.45,  -0.02,   0.00, 189.9, 283.8,  27.7,  28.8,   2.8,  30.93,  28.03,     3.09,  172.29,   35.26,  14.85, 1037.7,    0.09,  277.41,  268.82,  261.87,  264.25,  250.53,  264.55,  986.09, 1020.87, 1010.87, 1026.95, 1031.14, 1055.07,  948.99,  936.05,   -53.8,   0,  GPS,   86.0, 111.40, 115.20, 125.300, 121.800,  0.131,       ,       ,      ,   15.4,   86.5,  -13.6,      0,  NONE,   NONE,      ,      ,   3.9, 3DDiff, 1852,      ,     14,  18.5,     23
2018-08-27, 16:44:04,  -04:00,    HTO,   40.8438148,  -72.6406631,    74.2, 30.07,    51.4,  31.2,   0.00,   0.00,   -9.77,   0.33,   0.32,   0.00,   0.00, 188.0, 283.8,  27.7,  28.8,   2.8,  30.94,  28.04,     3.12,  172.30,   35.82,  14.85, 1052.1,    0.09,  277.62,  269.00,  262.03,  264.46,  250.73,  264.77,  985.95, 1020.80, 1010.99, 1026.46, 1031.39, 1053.36,  949.60,  936.09,   -54.1,   0,  GPS,   86.0, 111.40, 115.20, 125.300, 121.800,  0.131,       ,       ,      ,   15.4,   86.5,  -13.6,      0,  NONE,   NONE,      ,      ,   3.9, 3DDiff, 1852,      ,     13,  18.0,     23
2018-08-27, 16:44:05,  -04:00,    HTO,   40.8438072,  -72.6406708,    74.2, 30.07,    51.6,  31.2,   0.00,   0.00,   -3.48,   0.20,   0.25,  -0.00,   0.00, 186.8, 283.8,  27.7,  28.8,   2.9,  30.94,  28.02,     3.27,  172.27,   37.45,  15.38, 1090.8,    0.10,  277.88,  269.18,  262.15,  264.64,  250.92,  264.97,  988.24, 1023.07, 1011.89, 1027.20, 1031.90, 1052.34,  950.88,  938.64,   -53.9,   0,  GPS,   86.0, 111.40, 115.20, 125.300, 121.800,  0.131,       ,       ,      ,   15.4,   86.5,  -13.6,      0,  NONE,   NONE,      ,      ,   0.0, 3DDiff, 1852,      ,     13,  17.5,     23
2018-08-27, 16:44:06,  -04:00,    HTO,   40.8438072,  -72.6406708,    76.2, 30.07,    51.5,  31.5,   0.00,   0.00,   26.14,   0.23,   0.46,  -0.03,  -0.01, 186.7, 283.8,  27.7,  28.8,   2.9,  30.96,  28.01,     3.54,  172.26,   40.21,  15.25, 1178.3,    0.12,  278.06,  269.34,  262.30,  264.79,  251.09,  265.18,  994.23, 1028.46, 1015.96, 1029.58, 1035.15, 1052.19,  953.86,  944.28,   -54.0,   0,  GPS,   86.0, 111.40, 115.20, 125.300, 121.800,  0.131,       ,       ,      ,   15.4,   86.5,  -13.6,      0,  NONE,   NONE,      ,      ,   0.0, 3DDiff, 1852,      ,     13,  18.0,     23
2018-08-27, 16:44:07,  -04:00,    HTO,   40.8438034,  -72.6406708,    75.2, 30.07,    51.3,  31.5,   0.00,   0.00,   25.26,  -0.10,   0.24,   0.01,   0.00, 182.4, 283.8,  27.7,  28.8,   2.9,  30.98,  28.03,     3.66,  172.24,   42.29,  15.08, 1208.4,    0.12,  278.27,  269.54,  262.47,  264.97,  251.29,  265.42, 1000.17, 1035.17, 1020.65, 1034.83, 1038.68, 1055.09,  958.74,  949.72,   -54.2,   0,  GPS,   86.0, 111.40, 115.20, 125.300, 121.800,  0.131,       ,       ,      ,   15.4,   86.5,  -13.6,      0,  NONE,   NONE,      ,      ,  -3.9, 3DDiff, 1852,      ,     14,  18.0,     24
2018-08-27, 16:44:08,  -04:00,    HTO,   40.8438034,  -72.6406631,    75.2, 30.07,    51.2,  31.5,   0.00,   0.00,    3.90,   0.22,   0.49,  -0.02,   0.00, 179.6, 283.8,  27.7,  28.8,   2.9,  30.97,  28.01,     3.75,  172.28,   43.35,  15.02, 1213.0,    0.12,  278.48,  269.72,  262.62,  265.15,  251.49,  265.64, 1005.23, 1041.05, 1025.87, 1038.28, 1042.85, 1057.03,  963.45,  954.20,   -54.3,   0,  GPS,   86.0, 111.40, 115.20, 125.300, 121.800,  0.130,       ,       ,      ,   15.4,   86.5,  -13.6,      0,  NONE,   NONE,      ,      ,   0.0, 3DDiff, 1852,      ,     14,  18.0,     24
2018-08-27, 16:44:09,  -04:00,    HTO,   40.8438034,  -72.6406631,    77.2, 30.07,    52.6,  31.5,   0.00,   0.00,   26.79,   0.67,   0.48,  -0.02,  -0.00, 173.9, 283.8,  27.7,  28.8,   2.8,  30.97,  28.03,     3.82,  172.28,   44.15,  15.02, 1215.4,    0.12,  278.69,  269.93,  262.80,  265.34,  251.69,  265.90, 1009.03, 1046.92, 1029.09, 1041.51, 1045.92, 1059.48,  967.52,  957.80,   -53.0,   0,  GPS,   86.0, 111.40, 115.20, 125.300, 121.800,  0.130,       ,       ,      ,   15.4,   86.5,  -13.6,      0,  NONE,   NONE,      ,      ,   0.0, 3DDiff, 1852,      ,     14,  18.5,     24
2018-08-27, 16:44:10,  -04:00,    HTO,   40.8437958,  -72.6406631,    77.2, 30.07,    53.0,  31.5,   0.00,   1.30,   24.92,   0.97,   0.57,  -0.02,  -0.01, 166.0, 283.8,  27.7,  28.8,   2.8,  30.97,  28.01,     3.85,  172.28,   44.53,  15.05, 1217.1,    0.12,  278.91,  270.11,  262.99,  265.54,  251.91,  266.15, 1012.76, 1052.74, 1031.63, 1043.62, 1049.18, 1063.44,  971.49,  961.12,   -52.5,   0,  GPS,   86.0, 111.40, 115.20, 125.300, 121.800,  0.130,       ,       ,      ,   15.4,   86.5,  -13.6,      0,  NONE,   NONE,      ,      ,   0.0, 3DDiff, 1852,      ,     14,  18.0,     24
2018-08-27, 16:44:11,  -04:00,    HTO,   40.8437881,  -72.6406555,    76.2, 30.07,    51.5,  31.5,   0.00,   1.83,    3.90,   1.03,   0.54,  -0.04,  -0.00, 156.4, 283.8,  27.7,  28.8,   2.8,  30.96,  27.94,     3.83,  172.30,   44.47,  15.05, 1217.0,    0.12,  279.12,  270.33,  263.14,  265.74,  252.12,  266.38, 1015.32, 1056.79, 1032.53, 1046.02, 1051.98, 1066.32,  974.55,  963.48,   -54.0,   0,  GPS,   86.0, 111.40, 115.20, 125.300, 121.800,  0.129,       ,       ,      ,   15.4,   86.5,  -13.6,      0,  NONE,   NONE,      ,      ,   0.0, 3DDiff, 1852,      ,     14,  17.5,     23
2018-08-27, 16:44:12,  -04:00,    HTO,   40.8437805,  -72.6406403,    75.2, 30.07,    51.4,  31.5,   0.00,   2.39,  -22.61,   1.03,   0.47,  -0.02,   0.02, 145.1, 149.3,  27.7,  28.8,   2.8,  30.95,  27.79,     3.86,  172.33,   44.54,  15.01, 1222.3,    0.12,  279.31,  270.53,  263.31,  265.93,  252.35,  266.60, 1016.14, 1059.98, 1034.51, 1047.12, 1054.33, 1068.03,  977.15,  965.23,   -54.1,   0,  GPS,   86.0, 111.40, 115.20, 125.300, 121.800,  0.129,       ,       ,      ,   15.4,   86.5,  -13.6,      0,  NONE,   NONE,      ,      ,   0.0, 3DDiff, 1852,      ,     14,  17.5,     24
2018-08-27, 16:44:13,  -04:00,    HTO,   40.8437729,  -72.6406250,    75.2, 30.07,    51.3,  31.5,   0.00,   2.82,  -33.88,   0.59,   0.24,   0.01,   0.05, 134.4, 138.1,  27.7,  28.8,   2.8,  30.93,  27.64,     3.84,  172.34,   44.21,  15.10, 1217.2,    0.12,  279.52,  270.72,  263.50,  266.14,  252.56,  266.85, 1018.15, 1063.08, 1035.61, 1049.14, 1056.59, 1069.79,  979.34,  967.45,   -54.2,   0,  GPS,   86.0, 111.40, 115.20, 125.300, 121.800,  0.128,       ,       ,      ,   15.4,   86.5,  -13.6,      0,  NONE,   NONE,      ,      ,   0.0, 3DDiff, 1852,      ,     14,  17.5,     24
2018-08-27, 16:44:14,  -04:00,    HTO,   40.8437691,  -72.6406097,    73.2, 30.07,    51.1,  31.5,   0.00,   3.25,  -57.69,   0.38,   0.08,  -0.04,   0.00, 124.3, 128.2,  27.7,  28.8,   2.8,  30.91,  27.54,     3.82,  172.41,   43.59,  15.09, 1209.6,    0.12,  279.73,  270.93,  263.67,  266.32,  252.80,  267.08, 1020.24, 1065.65, 1036.79, 1050.13, 1058.81, 1069.70,  980.66,  969.42,   -54.4,   0,  GPS,   86.0, 111.40, 115.20, 125.300, 121.800,  0.128,       ,       ,      ,   15.4,   86.4,  -13.6,      0,  NONE,   NONE,      ,      ,   0.0, 3DDiff, 1852,      ,     14,  18.0,     24
2018-08-27, 16:44:15,  -04:00,    HTO,   40.8437614,  -72.6405869,    71.2, 30.07,    50.6,  31.5,   0.00,   3.85,  -91.58,   0.19,   0.13,  -0.05,   0.00, 113.6, 118.6,  27.7,  28.8,   2.8,  30.89,  27.31,     3.83,  172.46,   43.18,  15.13, 1204.1,    0.12,  279.96,  271.14,  263.83,  266.54,  253.07,  267.34, 1023.10, 1069.53, 1036.62, 1052.55, 1059.92, 1071.09,  983.21,  970.85,   -54.9,   0,  GPS,   86.0, 111.40, 115.20, 125.300, 121.800,  0.127,       ,       ,      ,   15.4,   86.4,  -13.6,      0,  NONE,   NONE,      ,      ,  -3.9, 3DDiff, 1852,      ,     14,  18.0,     24
2018-08-27, 16:44:16,  -04:00,    HTO,   40.8437614,  -72.6405563,    73.2, 30.07,    50.2,  31.5,   0.00,   4.37,  -54.09,   0.29,   0.21,  -0.02,  -0.02, 104.3, 108.7,  27.7,  28.8,   2.8,  30.87,  27.15,     3.84,  172.53,   42.95,  15.18, 1199.7,    0.12,  280.12,  271.35,  264.01,  266.72,  253.28,  267.59, 1024.35, 1071.30, 1036.34, 1053.77, 1060.22, 1072.11,  984.52,  971.05,   -55.3,   0,  GPS,   86.0, 111.40, 115.20, 125.300, 121.800,  0.127,       ,       ,      ,   15.4,   86.4,  -13.6,      0,  NONE,   NONE,      ,      ,  -7.9, 3DDiff, 1852,      ,     13,  17.5,     24
2018-08-27, 16:44:17,  -04:00,    HTO,   40.8437614,  -72.6405334,    72.2, 30.07,    51.7,  31.5,   0.00,   4.55,  -35.68,   0.24,   0.27,  -0.02,   0.01,  98.4, 101.3,  27.7,  28.8,   2.8,  30.85,  27.04,     3.81,  172.64,   42.38,  15.07, 1191.8,    0.12,  280.36,  271.56,  264.19,  266.96,  253.52,  267.83, 1024.06, 1072.06, 1035.83, 1053.87, 1061.67, 1071.20,  984.59,  971.21,   -53.9,   0,  GPS,   86.0, 111.40, 115.20, 125.300, 121.800,  0.126,       ,       ,      ,   15.4,   86.4,  -13.6,      0,  NONE,   NONE,      ,      ,  -3.9, 3DDiff, 1852,      ,     13,  17.5,     23
2018-08-27, 16:44:18,  -04:00,    HTO,   40.8437653,  -72.6404953,    73.2, 30.07,    51.7,  31.5,   0.00,   4.59,    4.07,   0.23,   0.22,  -0.01,  -0.01,  94.9,  96.7,  27.7,  28.8,   2.8,  30.84,  26.85,     3.74,  172.75,   42.21,  15.11, 1187.2,    0.12,  280.56,  271.77,  264.37,  267.13,  253.71,  268.07, 1023.88, 1072.16, 1035.10, 1052.91, 1061.96, 1070.43,  983.91,  971.23,   -53.9,   0,  GPS,   86.0, 111.40, 115.20, 125.300, 121.800,  0.126,       ,       ,      ,   15.4,   86.4,  -13.6,      0,  NONE,   NONE,      ,      ,  -3.9, 3DDiff, 1852,      ,     14,  17.5,     23
2018-08-27, 16:44:19,  -04:00,    HTO,   40.8437691,  -72.6404800,    74.2, 30.07,    51.5,  31.5,   0.00,   4.65,   33.87,   0.08,   0.23,  -0.02,   0.00,  92.0,  93.7,  27.7,  28.8,   2.8,  30.82,  26.75,     3.69,  172.88,   42.21,  15.10, 1186.4,    0.12,  280.78,  271.98,  264.55,  267.35,  253.95,  268.31, 1025.75, 1073.42, 1034.47, 1052.36, 1061.66, 1070.60,  984.15,  971.68,   -54.0,   0,  GPS,   86.0, 111.40, 115.20, 125.300, 121.800,  0.126,       ,       ,      ,   15.4,   86.4,  -13.6,      0,  NONE,   NONE,      ,      ,  -3.9, 3DDiff, 1852,      ,     14,  17.5,     24
2018-08-27, 16:44:20,  -04:00,    HTO,   40.8437729,  -72.6404495,    75.2, 30.07,    51.5,  31.5,   0.00,   4.67,   35.04,   0.14,   0.33,  -0.02,   0.03,  89.9,  91.1,  27.7,  28.8,   2.8,  30.81,  26.67,     3.75,  173.02,   42.31,  15.05, 1191.4,    0.12,  280.96,  272.19,  264.72,  267.53,  254.17,  268.55, 1026.75, 1072.80, 1034.20, 1052.29, 1061.77, 1070.92,  984.34,  971.85,   -54.1,   0,  GPS,   86.0, 111.40, 115.20, 125.300, 121.800,  0.126,       ,       ,      ,   15.4,   86.4,  -13.6,      0,  NONE,   NONE,      ,      ,  -7.9, 3DDiff, 1852,      ,     14,  18.0,     24
2018-08-27, 16:44:21,  -04:00,    HTO,   40.8437843,  -72.6404190,    74.2, 30.07,    51.8,  31.5,   0.00,   4.68,   11.22,  -0.12,   0.27,  -0.03,   0.01,  89.0,  89.5,  27.7,  28.8,   2.8,  30.80,  26.59,     3.71,  173.15,   42.47,  15.06, 1191.1,    0.12,  281.17,  272.40,  264.89,  267.74,  254.42,  268.76, 1027.83, 1072.40, 1033.70, 1052.10, 1062.86, 1071.08,  984.20,  972.60,   -53.8,   0,  GPS,   86.0, 111.40, 115.20, 125.300, 121.800,  0.126,       ,       ,      ,   15.4,   86.4,  -13.6,      0,  NONE,   NONE,      ,      ,  -3.9, 3DDiff, 1852,      ,     14,  18.0,     23
2018-08-27, 16:44:22,  -04:00,    HTO,   40.8437843,  -72.6403961,    75.2, 30.07,    52.0,  31.5,   0.00,   4.61,    5.59,  -0.02,   0.32,  -0.04,  -0.00,  89.4,  89.2,  27.7,  28.8,   2.8,  30.78,  26.51,     3.72,  173.29,   42.45,  15.06, 1192.8,    0.12,  281.35,  272.61,  265.06,  267.92,  254.61,  269.00, 1028.53, 1071.65, 1033.49, 1051.36, 1063.35, 1070.19,  983.84,  972.99,   -53.6,   0,  GPS,   86.0, 111.40, 115.20, 125.300, 121.800,  0.126,       ,       ,      ,   15.4,   86.4,  -13.6,      0,  NONE,   NONE,      ,      ,  -3.9, 3DDiff, 1852,      ,     13,  17.5,     24
2018-08-27, 16:44:23,  -04:00,    HTO,   40.8437881,  -72.6403656,    73.2, 30.07,    50.4,  31.5,   0.00,   4.37,  -26.97,  -0.26,   0.23,  -0.01,  -0.00,  88.9,  88.8,  27.7,  28.8,   2.8,  30.78,  26.49,     3.73,  173.39,   42.29,  15.07, 1186.7,    0.12,  281.56,  272.83,  265.24,  268.13,  254.84,  269.21, 1029.50, 1071.76, 1033.24, 1051.74, 1063.27, 1069.62,  983.71,  973.63,   -55.2,   0,  GPS,   86.0, 111.40, 115.20, 125.300, 121.800,  0.125,       ,       ,      ,   15.4,   86.4,  -13.6,      0,  NONE,   NONE,      ,      ,  -3.9, 3DDiff, 1852,      ,     13,  17.5,     23
2018-08-27, 16:44:24,  -04:00,    HTO,   40.8437958,  -72.6403427,    71.2, 30.07,    50.2,  31.5,   0.00,   4.14,  -78.51,  -0.46,   0.21,  -0.03,   0.02,  87.6,  87.9,  27.7,  28.8,   2.8,  30.79,  26.54,     3.73,  173.49,   42.24,  15.10, 1184.0,    0.12,  281.74,  273.03,  265.40,  268.28,  255.06,  269.42, 1030.53, 1071.73, 1033.07, 1052.04, 1062.70, 1070.24,  984.05,  973.78,   -55.3,   0,  GPS,   86.0, 111.40, 115.20, 125.300, 121.800,  0.126,       ,       ,      ,   15.4,   86.4,  -13.6,      0,  NONE,   NONE,      ,      ,  -7.9, 3DDiff, 1852,      ,     14,  17.5,     23
2018-08-27, 16:44:25,  -04:00,    HTO,   40.8437996,  -72.6403198,    71.2, 30.07,    50.0,  31.5,   0.00,   3.73,  -59.96,  -0.35,  -0.13,   0.01,   0.02,  84.6,  86.1,  27.7,  28.8,   2.8,  30.80,  26.61,     3.74,  173.58,   42.29,  15.07, 1185.6,    0.12,  281.96,  273.27,  265.57,  268.52,  255.27,  269.63, 1030.72, 1072.09, 1033.36, 1051.71, 1062.17, 1069.24,  983.92,  973.85,   -55.5,   0,  GPS,   86.0, 111.40, 115.20, 125.300, 121.800,  0.126,       ,       ,      ,   15.4,   86.4,  -13.6,      0,  NONE,   NONE,      ,      ,  -3.9, 3DDiff, 1852,      ,     14,  17.5,     24
2018-08-27, 16:44:26,  -04:00,    HTO,   40.8438034,  -72.6402969,    71.2, 30.07,    49.9,  31.5,   0.00,   3.42,  -63.89,  -0.34,   0.12,  -0.01,   0.02,  81.8,  83.5,  27.7,  28.8,   2.8,  30.80,  26.61,     3.72,  173.69,   41.96,  15.08, 1186.5,    0.12,  282.13,  273.48,  265.75,  268.70,  255.45,  269.84, 1029.66, 1072.04, 1033.52, 1049.94, 1062.42, 1068.73,  983.50,  973.44,   -55.6,   0,  GPS,   86.0, 111.40, 115.20, 125.300, 121.800,  0.125,       ,       ,      ,   15.4,   86.4,  -13.6,      0,  NONE,   NONE,      ,      ,  -3.9, 3DDiff, 1852,      ,     14,  18.0,     24
2018-08-27, 16:44:27,  -04:00,    HTO,   40.8438110,  -72.6402817,    73.2, 30.07,    49.5,  31.5,   0.00,   3.34,    1.91,   0.19,   0.35,  -0.01,   0.01,  79.9,  81.0,  27.7,  28.8,   2.8,  30.80,  26.61,     3.70,  173.80,   41.51,  15.10, 1183.9,    0.12,  282.28,  273.67,  265.92,  268.89,  255.66,  270.06, 1029.69, 1071.31, 1032.34, 1048.86, 1062.43, 1068.66,  982.38,  973.39,   -56.0,   0,  GPS,   86.0, 111.40, 115.20, 125.300, 121.800,  0.126,       ,       ,      ,   15.4,   86.4,  -13.6,      0,  NONE,   NONE,      ,      ,   0.0, 3DDiff, 1852,      ,     14,  18.0,     23
2018-08-27, 16:44:28,  -04:00,    HTO,   40.8438187,  -72.6402588,    75.2, 30.07,    49.2,  31.5,   0.00,   3.83,   59.80,   0.19,   0.01,  -0.01,  -0.01,  77.8,  79.0,  27.7,  28.8,   2.8,  30.79,  26.63,     3.69,  173.91,   41.44,  15.15, 1182.7,    0.12,  282.49,  273.90,  266.11,  269.09,  255.87,  270.29, 1030.95, 1070.51, 1031.01, 1048.83, 1061.96, 1069.69,  981.99,  973.47,   -56.3,   0,  GPS,   86.0, 111.40, 115.20, 125.300, 121.800,  0.126,       ,       ,      ,   15.4,   86.4,  -13.6,      0,  NONE,   NONE,      ,      ,   0.0, 3DDiff, 1852,      ,     13,  17.5,     23
2018-08-27, 16:44:29,  -04:00,    HTO,   40.8438301,  -72.6402359,    74.2, 30.07,    51.0,  31.5,   0.00,   3.98,   41.95,   0.08,   0.23,  -0.01,  -0.01,  74.1,  76.3,  27.7,  28.8,   2.8,  30.78,  26.76,     3.72,  173.99,   41.62,  15.16, 1182.2,    0.12,  282.67,  274.12,  266.27,  269.30,  256.08,  270.50, 1031.64, 1069.83, 1029.69, 1049.94, 1061.68, 1071.23,  981.44,  973.29,   -54.5,   0,  GPS,   86.0, 111.40, 115.20, 125.300, 121.800,  0.126,       ,       ,      ,   15.4,   86.4,  -13.6,      0,  NONE,   NONE,      ,      ,   0.0, 3DDiff, 1852,      ,     13,  17.5,     23
2018-08-27, 16:44:30,  -04:00,    HTO,   40.8438377,  -72.6402206,    75.2, 30.07,    51.1,  31.5,   0.00,   4.20,   41.64,   1.21,   0.24,  -0.02,  -0.04,  71.6,  72.7,  27.7,  28.8,   2.7,  30.78,  26.76,     3.73,  174.04,   41.89,  15.11, 1187.0,    0.12,  282.86,  274.33,  266.45,  269.49,  256.29,  270.71, 1031.82, 1070.45, 1029.05, 1050.39, 1060.62, 1070.92,  981.58,  972.99,   -54.4,   0,  GPS,   86.0, 111.40, 115.20, 125.300, 121.800,  0.126,       ,       ,      ,   15.4,   86.4,  -13.6,      0,  NONE,   NONE,      ,      ,   0.0, 3DDiff, 1852,      ,     13,  17.5,     23
2018-08-27, 16:44:31,  -04:00,    HTO,   40.8438530,  -72.6401978,    75.2, 30.07,    51.2,  31.5,   0.00,   4.67,   27.47,   1.12,  -0.14,  -0.01,  -0.02,  70.3,  70.6,  27.7,  28.8,   2.7,  30.77,  26.76,     3.74,  174.03,   42.11,  15.04, 1190.5,    0.12,  283.02,  274.56,  266.63,  269.67,  256.47,  270.92, 1031.92, 1069.43, 1029.53, 1049.44, 1061.15, 1072.31,  981.14,  973.50,   -54.4,   0,  GPS,   86.0, 111.40, 115.20, 125.300, 121.800,  0.127,       ,       ,      ,   15.4,   86.4,  -13.6,      0,  NONE,   NONE,      ,      ,   3.9, 3DDiff, 1852,      ,     14,  17.5,     23
2018-08-27, 16:44:32,  -04:00,    HTO,   40.8438644,  -72.6401672,    76.2, 30.07,    50.1,  31.5,   0.00,   5.00,   19.03,   1.27,  -0.01,  -0.03,   0.02,  68.7,  69.7,  27.7,  28.8,   2.8,  30.76,  26.87,     3.75,  174.01,   42.29,  15.09, 1192.1,    0.12,  283.21,  274.78,  266.80,  269.87,  256.65,  271.14, 1031.04, 1068.47, 1029.81, 1050.30, 1061.58, 1073.10,  981.70,  973.49,   -55.4,   0,  GPS,   86.0, 111.40, 115.20, 125.300, 121.800,  0.127,       ,       ,      ,   15.4,   86.4,  -13.6,      0,  NONE,   NONE,      ,      ,   3.9, 3DDiff, 1852,      ,     14,  16.5,     22
2018-08-27, 16:44:33,  -04:00,    HTO,   40.8438759,  -72.6401443,    76.2, 30.07,    50.4,  31.5,   0.00,   5.15,   20.59,   1.36,  -0.16,   0.02,   0.02,  68.9,  68.3,  27.7,  28.8,   2.8,  30.78,  26.95,     3.83,  174.00,   43.08,  15.70, 1211.3,    0.13,  283.41,  274.99,  266.98,  270.08,  256.86,  271.35, 1030.77, 1069.44, 1031.59, 1051.20, 1063.97, 1075.16,  982.44,  975.70,   -55.2,   0,  GPS,   86.0, 111.40, 115.20, 125.300, 121.800,  0.127,       ,       ,      ,   15.4,   86.4,  -13.6,      0,  NONE,   NONE,      ,      ,   7.9, 3DDiff, 1852,      ,     13,  17.0,     20
2018-08-27, 16:44:34,  -04:00,    HTO,   40.8438911,  -72.6401215,    76.2, 30.07,    50.7,  31.5,   0.00,   5.15,   13.51,   1.08,  -0.11,   0.01,  -0.02,  70.1,  69.2,  27.7,  28.8,   2.8,  30.77,  27.07,     4.25,  173.98,   44.97,  16.38, 1315.8,    0.16,  283.55,  275.20,  267.11,  270.23,  257.01,  271.56, 1037.18, 1073.32, 1039.55, 1056.52, 1069.61, 1078.44,  986.38,  985.17,   -54.8,   0,  GPS,   86.0, 111.40, 115.20, 125.300, 121.800,  0.128,       ,       ,      ,   15.4,   86.5,  -13.6,      0,  NONE,   NONE,      ,      ,   7.9, 3DDiff, 1852,      ,     13,  16.5,     20
2018-08-27, 16:44:35,  -04:00,    HTO,   40.8439026,  -72.6400909,    77.2, 30.07,    49.6,  31.5,   0.00,   5.27,   20.86,   1.19,  -0.18,  -0.01,  -0.00,  72.0,  71.0,  27.7,  28.8,   2.8,  30.81,  27.26,     4.55,  173.93,   46.41,  15.97, 1366.8,    0.16,  283.70,  275.41,  267.32,  270.44,  257.22,  271.77, 1045.56, 1080.72, 1048.87, 1065.36, 1078.50, 1085.57,  995.34,  997.21,   -55.9,   0,  GPS,   86.0, 111.40, 115.20, 125.300, 121.800,  0.128,       ,       ,      ,   15.4,   86.5,  -13.6,      0,  NONE,   NONE,      ,      ,   7.9, 3DDiff, 1852,      ,     13,  16.0,     20
2018-08-27, 16:44:36,  -04:00,    HTO,   40.8439178,  -72.6400528,    76.2, 30.07,    49.8,  31.5,   0.00,   5.71,    6.93,   0.65,  -0.07,   0.03,   0.01,  74.1,  72.7,  27.7,  28.8,   2.7,  30.91,  27.56,     4.66,  173.90,   46.91,  15.92, 1372.8,    0.16,  283.89,  275.65,  267.50,  270.66,  257.43,  271.99, 1052.50, 1086.72, 1056.59, 1072.22, 1085.53, 1091.76, 1003.92, 1006.18,   -55.7,   0,  GPS,   86.0, 111.40, 115.20, 125.300, 121.800,  0.129,       ,       ,      ,   15.4,   86.5,  -13.6,      0,  NONE,   NONE,      ,      ,   7.9, 3DDiff, 1852,      ,     13,  16.5,     20
2018-08-27, 16:44:37,  -04:00,    HTO,   40.8439293,  -72.6400223,    75.2, 30.07,    49.7,  31.5,   0.00,   5.95,  -34.01,   1.05,  -0.03,   0.02,  -0.00,  77.3,  75.5,  27.7,  28.8,   2.7,  30.94,  27.85,     4.73,  173.87,   47.17,  15.93, 1372.2,    0.16,  284.04,  275.86,  267.70,  270.89,  257.64,  272.22, 1060.33, 1091.35, 1063.63, 1077.99, 1090.63, 1096.32, 1010.01, 1015.30,   -55.8,   0,  GPS,   86.0, 111.40, 115.20, 125.300, 121.800,  0.129,       ,       ,      ,   15.4,   86.5,  -13.6,      0,  NONE,   NONE,      ,      ,   7.9, 3DDiff, 1852,      ,     13,  16.5,     21
2018-08-27, 16:44:38,  -04:00,    HTO,   40.8439445,  -72.6399918,    76.2, 30.07,    49.8,  31.5,   0.00,   6.26,  -13.50,   1.83,   0.01,  -0.00,   0.05,  80.0,  78.4,  27.7,  28.8,   2.7,  31.03,  28.18,     4.74,  173.84,   47.21,  15.90, 1373.0,    0.16,  284.21,  276.08,  267.91,  271.07,  257.85,  272.47, 1068.62, 1096.25, 1070.24, 1086.12, 1097.34, 1101.91, 1016.12, 1022.95,   -55.7,   0,  GPS,   86.0, 111.40, 115.20, 125.300, 121.800,  0.129,       ,       ,      ,   15.4,   86.5,  -13.6,      0,  NONE,   NONE,      ,      ,  11.8, 3DDiff, 1852,      ,     14,  16.5,     21
2018-08-27, 16:44:39,  -04:00,    HTO,   40.8439522,  -72.6399536,    76.2, 30.07,    49.8,  31.5,   0.00,   6.57,   -7.90,   0.51,  -0.07,   0.04,   0.03,  83.5,  81.2,  27.7,  28.8,   2.7,  31.12,  28.54,     4.74,  173.84,   47.14,  15.91, 1372.3,    0.16,  284.37,  276.32,  268.11,  271.29,  258.06,  272.71, 1072.66, 1100.00, 1075.84, 1090.31, 1104.54, 1105.84, 1020.94, 1029.30,   -55.7,   0,  GPS,   86.0, 111.40, 115.20, 125.300, 121.800,  0.129,       ,       ,      ,   15.4,   86.5,  -13.6,      0,  NONE,   NONE,      ,      ,  11.8, 3DDiff, 1852,      ,     13,  17.0,     20
2018-08-27, 16:44:40,  -04:00,    HTO,   40.8439598,  -72.6399078,    76.2, 30.07,    50.0,  31.5,   0.00,   6.67,   -7.75,   0.36,  -0.18,   0.02,   0.02,  88.1,  85.3,  27.7,  28.8,   2.8,  31.19,  28.89,     4.75,  173.88,   47.13,  15.91, 1373.9,    0.16,  284.55,  276.56,  268.34,  271.50,  258.30,  272.97, 1076.58, 1101.39, 1081.07, 1091.65, 1109.98, 1107.31, 1024.27, 1034.81,   -55.5,   0,  GPS,   86.0, 111.40, 115.20, 125.300, 121.800,  0.129,       ,       ,      ,   15.4,   86.5,  -13.6,      0,  NONE,   NONE,      ,      ,   7.9, 3DDiff, 1852,      ,     13,  16.5,     20
2018-08-27, 16:44:41,  -04:00,    HTO,   40.8439713,  -72.6398697,    76.2, 30.07,    51.2,  31.5,   0.00,   7.02,  -13.02,   0.94,   0.07,   0.04,   0.04,  92.4,  89.9,  27.7,  28.8,   2.8,  31.16,  29.25,     4.74,  173.93,   47.04,  15.95, 1370.9,    0.16,  284.73,  276.80,  268.57,  271.72,  258.54,  273.24, 1079.77, 1104.73, 1086.38, 1095.11, 1114.07, 1107.65, 1027.35, 1040.00,   -54.4,   0,  GPS,   86.0, 111.40, 115.20, 125.300, 121.800,  0.129,       ,       ,      ,   15.4,   86.5,  -13.6,      0,  NONE,   NONE,      ,      ,   3.9, 3DDiff, 1852,      ,     13,  16.0,     20
2018-08-27, 16:44:42,  -04:00,    HTO,   40.8439751,  -72.6398239,    75.2, 30.07,    51.6,  31.5,   0.00,   7.66,  -31.47,   0.96,   0.12,   0.04,  -0.03,  95.6,  93.8,  27.7,  28.8,   2.7,  31.16,  29.58,     4.73,  173.99,   47.06,  15.97, 1370.4,    0.16,  284.89,  277.04,  268.79,  271.95,  258.79,  273.45, 1079.96, 1106.71, 1089.92, 1099.03, 1117.00, 1110.56, 1030.99, 1042.63,   -53.9,   0,  GPS,   86.0, 111.40, 115.20, 125.300, 121.800,  0.129,       ,       ,      ,   15.4,   86.5,  -13.6,      0,  NONE,   NONE,      ,      ,   7.9, 3DDiff, 1852,      ,     13,  16.0,     20
2018-08-27, 16:44:43,  -04:00,    HTO,   40.8439827,  -72.6397705,    77.2, 30.07,    51.7,  31.5,   0.00,   8.30,   18.21,   0.74,   0.34,  -0.00,   0.02,  98.5,  97.1,  27.7,  28.8,   2.7,  31.13,  29.88,     4.74,  174.06,   47.01,  15.90, 1374.8,    0.16,  285.03,  277.28,  269.03,  272.19,  259.02,  273.73, 1081.28, 1108.81, 1090.87, 1102.63, 1118.91, 1114.61, 1034.18, 1043.96,   -53.8,   0,  GPS,   86.0, 111.40, 115.20, 125.300, 121.800,  0.128,       ,       ,      ,   15.4,   86.5,  -13.6,      0,  NONE,   NONE,      ,      ,   7.9, 3DDiff, 1852,      ,     13,  16.5,     21
2018-08-27, 16:44:44,  -04:00,    HTO,   40.8439827,  -72.6397171,    75.2, 30.07,    51.8,  31.5,   0.00,   8.86,  -25.86,   0.49,   0.04,  -0.01,   0.03,  98.4,  98.9,  27.7,  28.8,   2.7,  31.09,  30.14,     4.74,  174.13,   46.99,  15.91, 1372.6,    0.16,  285.22,  277.49,  269.25,  272.42,  259.29,  273.99, 1082.80, 1111.10, 1092.81, 1105.40, 1119.93, 1117.24, 1038.48, 1046.02,   -53.7,   0,  GPS,   86.0, 111.40, 115.20, 125.300, 121.800,  0.128,       ,       ,      ,   15.4,   86.5,  -13.6,      0,  NONE,   NONE,      ,      ,   7.9, 3DDiff, 1852,      ,     13,  16.5,     21
2018-08-27, 16:44:45,  -04:00,    HTO,   40.8439903,  -72.6396637,    74.2, 30.07,    52.9,  31.5,   0.00,   9.08,  -43.98,   0.49,  -0.12,  -0.02,   0.01,  96.0,  98.1,  27.7,  28.8,   2.7,  31.13,  30.30,     4.76,  174.25,   46.95,  15.87, 1375.1,    0.16,  285.40,  277.76,  269.48,  272.61,  259.53,  274.23, 1084.69, 1114.45, 1094.48, 1108.36, 1120.30, 1120.04, 1041.77, 1048.57,   -52.6,   0,  GPS,   86.0, 111.40, 115.20, 125.300, 121.800,  0.127,       ,       ,      ,   15.4,   86.5,  -13.6,      0,  NONE,   NONE,      ,      ,   7.9, 3DDiff, 1852,      ,     13,  17.0,     20
2018-08-27, 16:44:46,  -04:00,    HTO,   40.8439941,  -72.6396179,    74.2, 30.07,    52.3,  31.5,   0.00,   8.61,  -47.89,   0.63,  -0.02,  -0.08,  -0.00,  87.2,  93.6,  27.7,  28.8,   2.7,  31.14,  30.28,     4.81,  174.37,   46.97,  15.96, 1368.4,    0.16,  285.57,  278.00,  269.72,  272.82,  259.80,  274.48, 1085.84, 1116.90, 1094.74, 1109.82, 1119.83, 1121.33, 1044.21, 1049.61,   -53.2,   0,  GPS,   86.0, 111.40, 115.20, 125.300, 121.800,  0.127,       ,       ,      ,   15.4,   86.4,  -13.6,      0,  NONE,   NONE,      ,      ,   7.9, 3DDiff, 1852,      ,     13,  16.5,     20
2018-08-27, 16:44:47,  -04:00,    HTO,   40.8440094,  -72.6395645,    76.2, 30.07,    51.1,  31.5,   0.00,   8.24,   -7.54,   0.10,  -0.32,  -0.06,   0.03,  76.3,  82.8,  27.7,  28.8,   2.7,  31.12,  29.95,     4.81,  174.48,   46.93,  15.98, 1367.7,    0.16,  285.74,  278.24,  269.96,  273.06,  260.04,  274.75, 1086.69, 1120.52, 1094.20, 1111.69, 1118.64, 1123.23, 1046.95, 1050.19,   -54.5,   0,  GPS,   86.0, 111.40, 115.20, 125.300, 121.800,  0.127,       ,       ,      ,   15.4,   86.4,  -13.6,      0,  NONE,   NONE,      ,      ,   7.9, 3DDiff, 1852,      ,     13,  16.5,     20
2018-08-27, 16:44:48,  -04:00,    HTO,   40.8440285,  -72.6395264,    79.2, 30.07,    51.0,  31.5,   0.00,   8.24,   80.95,   1.38,  -0.42,  -0.09,  -0.07,  66.0,  72.2,  27.7,  28.8,   2.7,  31.08,  29.59,     4.82,  174.60,   46.90,  15.96, 1368.1,    0.16,  285.91,  278.48,  270.18,  273.28,  260.28,  274.99, 1087.10, 1123.30, 1094.37, 1112.05, 1117.52, 1125.20, 1049.79, 1050.29,   -54.5,   0,  GPS,   86.0, 111.40, 115.20, 125.300, 121.800,  0.128,       ,       ,      ,   15.4,   86.5,  -13.6,      0,  NONE,   NONE,      ,      ,   7.9, 3DDiff, 1852,      ,     13,  16.5,     20
2018-08-27, 16:44:49,  -04:00,    HTO,   40.8440552,  -72.6394958,    81.2, 30.07,    51.1,  31.5,   0.00,   8.09,  110.60,   0.91,  -0.58,  -0.10,  -0.01,  55.6,  61.8,  27.7,  28.8,   2.7,  31.04,  29.24,     4.81,  174.70,   46.97,  16.04, 1364.8,    0.16,  286.11,  278.70,  270.41,  273.51,  260.53,  275.26, 1087.82, 1126.75, 1094.47, 1113.40, 1116.83, 1127.21, 1052.00, 1050.92,   -54.4,   0,  GPS,   86.0, 111.40, 115.20, 125.300, 121.800,  0.129,       ,       ,      ,   15.4,   86.5,  -13.6,      0,  NONE,   NONE,      ,      ,  15.7, 3DDiff, 1852,      ,     13,  16.5,     20
2018-08-27, 16:44:50,  -04:00,    HTO,   40.8440895,  -72.6394577,    80.2, 30.07,    51.0,  31.5,   0.00,   7.91,   71.53,   0.78,  -0.40,  -0.06,   0.01,  45.3,  51.6,  27.7,  28.8,   2.7,  31.01,  28.72,     4.81,  174.77,   46.83,  16.08, 1362.4,    0.16,  286.27,  278.97,  270.65,  273.76,  260.76,  275.52, 1088.99, 1128.32, 1094.58, 1112.59, 1116.99, 1128.22, 1053.26, 1052.03,   -54.5,   0,  GPS,   86.0, 111.40, 115.20, 125.300, 121.800,  0.130,       ,       ,      ,   15.4,   86.5,  -13.6,      0,  NONE,   NONE,      ,      ,   7.9, 3DDiff, 1852,      ,     13,  16.5,     21
2018-08-27, 16:44:51,  -04:00,    HTO,   40.8441162,  -72.6394348,    80.2, 30.07,    50.7,  31.5,   0.00,   7.95,   38.44,   0.48,  -0.54,  -0.07,  -0.03,  35.3,  41.5,  27.7,  28.8,   2.7,  30.98,  28.39,     4.82,  174.81,   46.90,  16.17, 1365.0,    0.17,  286.48,  279.21,  270.89,  274.00,  261.03,  275.75, 1089.17, 1131.30, 1094.57, 1113.43, 1116.92, 1130.13, 1055.31, 1052.44,   -54.8,   0,  GPS,   86.0, 111.40, 115.20, 125.300, 121.800,  0.131,       ,       ,      ,   15.4,   86.5,  -13.6,      0,  NONE,   NONE,      ,      ,   3.9, 3DDiff, 1852,      ,     13,  17.0,     20
2018-08-27, 16:44:52,  -04:00,    HTO,   40.8441544,  -72.6394272,    78.2, 30.07,    51.3,  31.5,   0.00,   8.26,  -18.10,   1.14,  -0.27,  -0.05,   0.01,  26.7,  31.8,  27.7,  28.8,   2.7,  30.96,  28.06,     4.85,  174.79,   47.10,  16.10, 1383.9,    0.17,  286.63,  279.45,  271.11,  274.23,  261.27,  276.02, 1088.89, 1134.07, 1095.41, 1116.37, 1117.85, 1133.02, 1058.39, 1053.65,   -54.3,   0,  GPS,   86.0, 111.40, 115.20, 125.300, 121.800,  0.134,       ,       ,      ,   15.4,   86.5,  -13.6,      0,  NONE,   NONE,      ,      ,   7.9, 3DDiff, 1852,      ,     12,  16.5,     20
2018-08-27, 16:44:53,  -04:00,    HTO,   40.8441963,  -72.6394119,    76.2, 30.07,    52.0,  31.5,   0.00,   8.83,  -77.29,   1.53,  -0.48,  -0.06,   0.04,  17.4,  22.8,  27.7,  28.8,   2.7,  30.93,  27.82,     4.91,  174.73,   47.19,  16.04, 1389.1,    0.17,  286.82,  279.70,  271.37,  274.42,  261.49,  276.28, 1088.86, 1136.50, 1096.49, 1119.67, 1120.63, 1135.58, 1060.49, 1055.44,   -53.6,   0,  GPS,   86.0, 111.40, 115.20, 125.300, 121.800,  0.136,       ,       ,      ,   15.4,   86.5,  -13.6,      0,  NONE,   NONE,      ,      ,   3.9, 3DDiff, 1852,      ,     12,  16.5,     20
2018-08-27, 16:44:54,  -04:00,    HTO,   40.8442345,  -72.6394119,    76.2, 30.07,    52.0,  31.5,   0.00,   9.23,  -82.31,   0.82,  -0.62,   0.04,   0.03,  13.6,  15.1,  27.7,  28.8,   2.7,  30.92,  27.42,     4.95,  174.68,   47.23,  16.00, 1393.6,    0.17,  287.00,  279.94,  271.62,  274.66,  261.73,  276.52, 1089.33, 1138.36, 1098.66, 1122.97, 1122.48, 1137.23, 1063.47, 1057.94,   -53.5,   0,  GPS,   86.0, 111.40, 115.20, 125.300, 121.800,  0.138,       ,       ,      ,   15.4,   86.5,  -13.6,      0,  NONE,   NONE,      ,      ,   0.0, 3DDiff, 1852,      ,     13,  16.5,     20
2018-08-27, 16:44:55,  -04:00,    HTO,   40.8442841,  -72.6394119,    76.2, 30.07,    52.0,  31.5,   0.00,   9.43,  -53.98,   0.89,  -0.56,   0.03,   0.01,  13.3,  13.4,  27.7,  28.8,   2.7,  30.90,  27.21,     4.91,  174.65,   47.35,  15.92, 1397.8,    0.17,  287.15,  280.17,  271.86,  274.87,  261.99,  276.77, 1090.63, 1139.78, 1101.67, 1124.26, 1125.39, 1137.87, 1065.38, 1060.51,   -53.5,   0,  GPS,   86.0, 111.40, 115.20, 125.300, 121.800,  0.141,       ,       ,      ,   15.4,   86.5,  -13.6,      0,  NONE,   NONE,      ,      ,   0.0, 3DDiff, 1852,      ,     13,  16.5,     20
2018-08-27, 16:44:56,  -04:00,    HTO,   40.8443298,  -72.6394119,    77.2, 30.07,    52.2,  31.5,   0.00,  10.09,   -3.97,   1.25,  -0.70,   0.01,   0.01,  11.9,  13.0,  27.7,  28.8,   2.7,  30.89,  26.97,     4.89,  174.63,   47.39,  15.84, 1403.3,    0.17,  287.33,  280.42,  272.10,  275.13,  262.23,  277.02, 1091.88, 1140.16, 1105.34, 1126.22, 1127.71, 1139.62, 1067.79, 1063.40,   -53.4,   0,  GPS,   86.0, 111.40, 115.20, 125.300, 121.800,  0.143,       ,       ,      ,   15.4,   86.5,  -13.6,      0,  NONE,   NONE,      ,      ,   3.9, 3DDiff, 1852,      ,     13,  16.5,     20
2018-08-27, 16:44:57,  -04:00,    HTO,   40.8443794,  -72.6394196,    77.2, 30.07,    53.1,  31.5,   0.00,  10.81,    2.47,   1.37,  -0.83,   0.02,  -0.02,  11.4,  11.8,  27.7,  28.8,   2.7,  30.92,  26.85,     4.89,  174.62,   47.35,  15.87, 1403.3,    0.17,  287.54,  280.66,  272.31,  275.38,  262.47,  277.28, 1094.68, 1140.36, 1107.76, 1127.58, 1129.61, 1141.26, 1068.85, 1066.88,   -52.4,   0,  GPS,   86.0, 111.40, 115.20, 125.300, 121.800,  0.146,       ,       ,      ,   15.4,   86.5,  -13.6,      0,  NONE,   NONE,      ,      ,   0.0, 3DDiff, 1852,      ,     13,  17.0,     20
2018-08-27, 16:44:58,  -04:00,    HTO,   40.8444328,  -72.6394272,    77.2, 30.07,    53.2,  31.5,   0.00,  11.45,    1.90,   1.41,  -0.92,   0.05,   0.01,  10.6,  11.3,  27.7,  28.8,   2.7,  30.91,  26.80,     4.85,  174.61,   47.41,  15.65, 1401.9,    0.16,  287.72,  280.90,  272.55,  275.60,  262.72,  277.52, 1098.38, 1140.42, 1110.15, 1128.43, 1131.63, 1142.83, 1070.02, 1069.98,   -52.3,   0,  GPS,   86.0, 111.40, 115.20, 125.300, 121.800,  0.149,       ,       ,      ,   15.4,   86.5,  -13.6,      0,  NONE,   NONE,      ,      ,   3.9, 3DDiff, 1852,      ,     12,  16.5,     20
2018-08-27, 16:44:59,  -04:00,    HTO,   40.8444901,  -72.6394272,    76.2, 30.07,    53.0,  31.5,   0.00,  11.97,  -18.62,   0.78,  -0.70,   0.05,   0.02,  10.6,  10.6,  27.7,  28.8,   2.7,  30.92,  26.76,     4.66,  174.60,   46.88,  15.48, 1353.2,    0.15,  287.90,  281.15,  272.80,  275.83,  262.96,  277.73, 1097.83, 1138.15, 1109.42, 1126.64, 1130.98, 1140.76, 1068.50, 1068.31,   -52.6,   0,  GPS,   86.0, 111.40, 115.20, 125.300, 121.800,  0.153,       ,       ,      ,   15.4,   86.5,  -13.6,      0,  NONE,   NONE,      ,      ,   7.9, 3DDiff, 1852,      ,     12,  16.0,     20
2018-08-27, 16:45:00,  -04:00,    HTO,   40.8445473,  -72.6394272,    76.2, 30.07,    53.0,  31.5,   0.00,  12.23,  -13.67,   0.97,  -0.87,   0.03,   0.06,  10.6,  10.8,  27.7,  28.8,   2.7,  30.99,  26.85,     4.52,  174.62,   46.53,  15.57, 1335.0,    0.15,  288.08,  281.38,  273.03,  276.04,  263.22,  277.95, 1095.88, 1135.71, 1107.04, 1125.18, 1128.30, 1138.54, 1066.84, 1064.55,   -52.5,   0,  GPS,   86.0, 111.40, 115.20, 125.300, 121.800,  0.156,       ,       ,      ,   15.4,   86.6,  -13.6,      0,  NONE,   NONE,      ,      ,   3.9, 3DDiff, 1852,      ,     13,  16.0,     20
2018-08-27, 16:45:01,  -04:00,    HTO,   40.8446045,  -72.6394348,    77.2, 30.07,    53.2,  31.5,   0.00,  12.62,   14.22,   1.01,  -0.60,   0.01,   0.00,  10.4,  10.6,  27.7,  28.8,   2.7,  30.95,  27.05,     4.45,  174.63,   46.42,  15.60, 1333.9,    0.15,  288.30,  281.62,  273.25,  276.28,  263.46,  278.18, 1095.21, 1134.73, 1105.03, 1124.35, 1125.42, 1137.36, 1065.48, 1061.76,   -52.3,   0,  GPS,   86.0, 111.40, 115.20, 125.300, 121.800,  0.159,       ,       ,      ,   15.3,   86.6,  -13.6,      0,  NONE,   NONE,      ,      ,   7.9, 3DDiff, 1852,      ,     13,  16.5,     20
2018-08-27, 16:45:02,  -04:00,    HTO,   40.8446655,  -72.6394348,    78.2, 30.07,    53.4,  31.5,   0.00,  12.77,   16.98,   0.81,  -0.58,   0.03,   0.06,  10.9,  10.6,  27.7,  28.8,   2.7,  31.08,  27.28,     4.45,  174.65,   46.43,  15.57, 1336.9,    0.15,  288.50,  281.84,  273.46,  276.50,  263.68,  278.37, 1095.30, 1132.99, 1104.94, 1122.47, 1123.90, 1135.96, 1063.88, 1060.76,   -52.1,   0,  GPS,   86.0, 111.40, 115.20, 125.300, 121.800,  0.163,       ,       ,      ,   15.3,   86.6,  -13.6,      0,  NONE,   NONE,      ,      ,  11.8, 3DDiff, 1852,      ,     13,  16.5,     20
2018-08-27, 16:45:03,  -04:00,    HTO,   40.8447227,  -72.6394348,    76.2, 30.07,    52.7,  31.5,   0.00,  12.87,  -14.34,   1.12,  -0.56,   0.01,   0.01,  11.4,  11.2,  27.7,  28.8,   2.6,  31.04,  27.52,     4.47,  174.71,   46.42,  15.55, 1337.3,    0.15,  288.68,  282.08,  273.67,  276.68,  263.92,  278.58, 1094.09, 1133.19, 1104.21, 1121.92, 1121.87, 1135.18, 1063.34, 1058.62,   -52.8,   0,  GPS,   86.0, 111.40, 115.20, 125.300, 121.800,  0.166,       ,       ,      ,   15.3,   86.6,  -13.6,      0,  NONE,   NONE,      ,      ,  15.7, 3DDiff, 1852,      ,     13,  17.0,     20
2018-08-27, 16:45:04,  -04:00,    HTO,   40.8447838,  -72.6394348,    76.2, 30.07,    52.9,  31.5,   0.00,  13.08,  -30.75,   1.32,  -0.71,  -0.02,   0.12,  11.3,  11.5,  27.7,  28.8,   2.6,  31.14,  27.85,     4.46,  174.71,   46.39,  15.54, 1338.1,    0.15,  288.86,  282.31,  273.87,  276.92,  264.16,  278.76, 1093.11, 1132.36, 1103.95, 1120.55, 1120.17, 1133.79, 1062.83, 1056.88,   -52.6,   0,  GPS,   86.0, 111.40, 115.20, 125.300, 121.800,  0.170,       ,       ,      ,   15.3,   86.6,  -13.6,      0,  NONE,   NONE,      ,      ,   7.9, 3DDiff, 1852,      ,     12,  16.5,     20
2018-08-27, 16:45:05,  -04:00,    HTO,   40.8448448,  -72.6394424,    77.2, 30.07,    53.2,  31.5,   0.00,  13.33,  -19.69,   1.09,  -0.66,   0.01,   0.10,  11.0,  11.5,  27.7,  28.8,   2.7,  31.14,  28.19,     4.45,  174.77,   46.38,  15.56, 1338.4,    0.15,  289.10,  282.53,  274.09,  277.13,  264.37,  278.94, 1091.58, 1131.19, 1103.03, 1121.16, 1118.96, 1132.49, 1061.92, 1055.12,   -52.3,   0,  GPS,   86.0, 111.40, 115.20, 125.300, 121.800,  0.173,       ,       ,      ,   15.3,   86.6,  -13.6,      0,  NONE,   NONE,      ,      ,  15.7, 3DDiff, 1852,      ,     12,  16.0,     20
2018-08-27, 16:45:06,  -04:00,    HTO,   40.8449097,  -72.6394501,    77.2, 30.07,    53.4,  31.5,   0.00,  13.49,    0.01,   1.21,  -0.67,   0.02,   0.00,  10.8,  11.0,  27.7,  28.8,   2.7,  31.21,  28.46,     4.43,  174.79,   46.28,  15.46, 1335.6,    0.15,  289.29,  282.74,  274.28,  277.34,  264.58,  279.13, 1090.44, 1130.99, 1103.03, 1121.46, 1119.19, 1131.93, 1061.80, 1054.51,   -52.1,   0,  GPS,   86.0, 111.40, 115.20, 125.300, 121.800,  0.177,       ,       ,      ,   15.3,   86.6,  -13.6,      0,  NONE,   NONE,      ,      ,  15.7, 3DDiff, 1852,      ,     13,  16.0,     20
2018-08-27, 16:45:07,  -04:00,    HTO,   40.8449707,  -72.6394501,    78.2, 30.07,    53.6,  31.5,   0.00,  13.53,   29.79,   1.40,  -0.89,   0.03,  -0.02,  11.3,  10.9,  27.7,  28.8,   2.7,  31.30,  28.70,     4.41,  174.82,   46.16,  15.47, 1328.1,    0.15,  289.50,  282.95,  274.48,  277.55,  264.79,  279.32, 1090.18, 1130.36, 1101.06, 1119.48, 1117.45, 1130.27, 1060.59, 1053.24,   -51.9,   0,  GPS,   86.0, 111.40, 115.20, 125.300, 121.800,  0.181,       ,       ,      ,   15.3,   86.7,  -13.6,      0,  NONE,   NONE,      ,      ,  15.7, 3DDiff, 1852,      ,     13,  16.5,     20
2018-08-27, 16:45:08,  -04:00,    HTO,   40.8450356,  -72.6394501,    78.2, 30.07,    53.8,  31.5,   0.00,  13.65,    5.27,   1.32,  -0.52,  -0.05,  -0.08,  11.2,  11.5,  27.7,  28.8,   2.7,  31.19,  29.02,     4.40,  174.85,   46.14,  15.48, 1326.4,    0.15,  289.71,  283.17,  274.66,  277.74,  264.98,  279.51, 1090.07, 1128.80, 1099.40, 1117.27, 1116.83, 1130.21, 1059.59, 1051.93,   -51.7,   0,  GPS,   86.0, 111.40, 115.20, 125.300, 121.800,  0.184,       ,       ,      ,   15.3,   86.7,  -13.6,      0,  NONE,   NONE,      ,      ,  19.7, 3DDiff, 1852,      ,     14,  16.0,     21
2018-08-27, 16:45:09,  -04:00,    HTO,   40.8451004,  -72.6394577,    79.2, 30.07,    54.9,  31.5,   0.00,  13.76,   18.71,   0.91,  -0.96,   0.03,   0.04,  11.2,  11.2,  27.7,  28.8,   2.6,  31.32,  29.32,     4.41,  174.89,   46.16,  15.49, 1327.5,    0.15,  289.94,  283.40,  274.86,  277.94,  265.19,  279.69, 1090.06, 1128.05, 1098.38, 1115.55, 1115.73, 1130.11, 1058.67, 1051.43,   -50.6,   0,  GPS,   86.0, 111.40, 115.20, 125.300, 121.800,  0.188,       ,       ,      ,   15.3,   86.7,  -13.6,      0,  NONE,   NONE,      ,      ,  11.8, 3DDiff, 1852,      ,     13,  16.5,     20
2018-08-27, 16:45:10,  -04:00,    HTO,   40.8451653,  -72.6394653,    79.2, 30.07,    55.0,  31.5,   0.00,  13.84,   18.65,   1.14,  -0.83,  -0.01,  -0.03,  11.0,  11.6,  27.7,  28.8,   2.6,  31.24,  29.59,     4.41,  174.91,   46.16,  15.47, 1328.6,    0.15,  290.14,  283.59,  275.03,  278.13,  265.39,  279.84, 1089.81, 1127.76, 1098.99, 1112.91, 1114.98, 1128.71, 1057.81, 1051.62,   -50.5,   0,  GPS,   86.0, 111.40, 115.20, 125.300, 121.800,  0.192,       ,       ,      ,   15.3,   86.7,  -13.6,      0,  NONE,   NONE,      ,      ,  11.8, 3DDiff, 1852,      ,     13,  16.0,     20
2018-08-27, 16:45:11,  -04:00,    HTO,   40.8452263,  -72.6394653,    79.2, 30.07,    55.4,  31.5,   0.00,  13.96,    3.29,   0.94,  -0.87,   0.02,   0.06,  10.7,  11.0,  27.7,  28.8,   2.6,  31.06,  29.87,     4.42,  174.95,   46.17,  15.49, 1328.2,    0.15,  290.37,  283.79,  275.18,  278.34,  265.60,  280.00, 1089.26, 1127.20, 1097.43, 1112.28, 1116.15, 1129.33, 1057.40, 1050.37,   -50.1,   0,  GPS,   86.0, 111.40, 115.20, 125.300, 121.800,  0.195,       ,       ,      ,   15.3,   86.7,  -13.6,      0,  NONE,   NONE,      ,      ,  11.8, 3DDiff, 1852,      ,     13,  15.5,     20
2018-08-27, 16:45:12,  -04:00,    HTO,   40.8452950,  -72.6394730,    78.2, 30.07,    55.9,  31.5,   0.00,  14.03,  -24.89,   1.00,  -0.77,   0.01,   0.02,  10.5,  11.0,  27.7,  28.8,   2.7,  31.11,  30.08,     4.42,  174.98,   46.14,  15.50, 1326.4,    0.15,  290.56,  284.00,  275.35,  278.51,  265.79,  280.17, 1090.90, 1127.16, 1098.45, 1111.54, 1116.50, 1128.87, 1057.12, 1050.71,   -49.7,   0,  GPS,   86.0, 111.40, 115.20, 125.300, 121.800,  0.199,       ,       ,      ,   15.3,   86.7,  -13.6,      0,  NONE,   NONE,      ,      ,  15.7, 3DDiff, 1852,      ,     13,  15.5,     20
2018-08-27, 16:45:13,  -04:00,    HTO,   40.8453598,  -72.6394806,    78.2, 30.07,    56.0,  31.5,   0.00,  14.05,  -16.85,   1.42,  -0.79,   0.02,   0.06,  10.4,  10.5,  27.7,  28.8,   2.7,  31.06,  30.28,     4.41,  175.01,   46.16,  15.48, 1328.2,    0.15,  290.79,  284.21,  275.52,  278.71,  265.99,  280.33, 1091.09, 1127.02, 1098.31, 1110.44, 1116.42, 1128.69, 1056.22, 1050.25,   -49.5,   0,  GPS,   86.0, 111.40, 115.20, 125.300, 121.800,  0.203,       ,       ,      ,   15.3,   86.7,  -13.6,      0,  NONE,   NONE,      ,      ,   7.9, 3DDiff, 1852,      ,     13,  15.5,     20
2018-08-27, 16:45:14,  -04:00,    HTO,   40.8454208,  -72.6394806,    78.2, 30.07,    56.5,  31.5,   0.00,  14.13,   -9.81,   1.25,  -0.71,   0.01,  -0.04,  10.7,  10.8,  27.7,  28.8,   2.7,  31.08,  30.43,     4.38,  175.06,   46.11,  15.54, 1322.7,    0.15,  291.01,  284.40,  275.69,  278.91,  266.18,  280.50, 1092.00, 1126.06, 1098.70, 1111.21, 1115.72, 1128.05, 1055.78, 1050.39,   -49.0,   0,  GPS,   86.0, 111.40, 115.20, 125.300, 121.800,  0.207,       ,       ,      ,   15.3,   86.7,  -13.6,      0,  NONE,   NONE,      ,      ,  15.7, 3DDiff, 1852,      ,     13,  16.0,     21
2018-08-27, 16:45:15,  -04:00,    HTO,   40.8454857,  -72.6394882,    79.2, 30.07,    56.0,  31.5,   0.00,  14.09,   22.76,   1.03,  -0.78,   0.04,   0.01,  10.6,  10.8,  27.7,  28.8,   2.7,  30.91,  30.59,     4.36,  175.10,   46.07,  15.55, 1321.4,    0.15,  291.22,  284.61,  275.85,  279.08,  266.38,  280.63, 1092.20, 1126.59, 1098.43, 1110.67, 1113.13, 1128.15, 1055.56, 1049.76,   -49.5,   0,  GPS,   86.0, 111.40, 115.20, 125.300, 121.800,  0.210,       ,       ,      ,   15.3,   86.8,  -13.6,      0,  NONE,   NONE,      ,      ,  11.8, 3DDiff, 1852,      ,     13,  16.5,     20
2018-08-27, 16:45:16,  -04:00,    HTO,   40.8455544,  -72.6394958,    80.2, 30.07,    56.2,  31.5,   0.00,  14.19,   14.75,   1.38,  -0.66,   0.01,   0.04,  11.0,  10.9,  27.7,  28.8,   2.6,  30.95,  30.71,     4.38,  175.15,   46.00,  15.54, 1321.4,    0.15,  291.41,  284.80,  276.02,  279.22,  266.56,  280.78, 1093.24, 1125.66, 1097.93, 1109.28, 1111.24, 1127.83, 1055.33, 1049.60,   -49.3,   0,  GPS,   86.0, 111.40, 115.20, 125.300, 121.800,  0.214,       ,       ,      ,   15.3,   86.8,  -13.6,      0,  NONE,   NONE,      ,      ,   7.9, 3DDiff, 1852,      ,     13,  16.0,     20
2018-08-27, 16:45:17,  -04:00,    HTO,   40.8456192,  -72.6394958,    80.2, 30.07,    55.4,  31.5,   0.00,  14.37,    2.41,   1.08,  -0.81,   0.01,  -0.07,  11.0,  11.1,  27.7,  28.8,   2.6,  30.87,  30.86,     4.39,  175.22,   45.97,  15.55, 1321.3,    0.15,  291.65,  285.00,  276.17,  279.43,  266.74,  280.93, 1093.75, 1125.89, 1097.70, 1109.28, 1110.84, 1128.61, 1055.40, 1049.80,   -50.1,   0,  GPS,   86.0, 111.40, 115.20, 125.300, 121.800,  0.218,       ,       ,      ,   15.3,   86.8,  -13.6,      0,  NONE,   NONE,      ,      ,  11.8, 3DDiff, 1852,      ,     13,  15.5,     20
2018-08-27, 16:45:18,  -04:00,    HTO,   40.8456841,  -72.6394958,    80.2, 30.07,    55.4,  31.2,   0.00,  14.33,   17.37,   1.53,  -1.13,   0.02,   0.03,  10.8,  11.0,  27.7,  28.8,   2.7,  30.93,  31.00,     4.36,  175.28,   45.94,  15.49, 1320.0,    0.15,  291.85,  285.21,  276.35,  279.58,  266.92,  281.06, 1093.61, 1126.73, 1097.41, 1110.37, 1110.09, 1128.62, 1055.90, 1049.21,   -50.1,   0,  GPS,   86.0, 111.40, 115.20, 125.300, 121.800,  0.222,       ,       ,      ,   15.3,   86.8,  -13.6,      0,  NONE,   NONE,      ,      ,   7.9, 3DDiff, 1852,      ,     13,  15.5,     20
2018-08-27, 16:45:19,  -04:00,    HTO,   40.8457527,  -72.6395035,    81.2, 30.07,    55.4,  31.2,   0.00,  14.25,   16.22,   0.77,  -0.82,   0.03,   0.03,  10.9,  10.9,  27.7,  28.8,   2.7,  30.91,  31.13,     4.34,  175.34,   45.84,  15.48, 1315.5,    0.15,  292.03,  285.40,  276.47,  279.75,  267.10,  281.18, 1093.10, 1126.85, 1096.23, 1110.18, 1110.03, 1126.39, 1055.18, 1048.42,   -50.1,   0,  GPS,   86.0, 111.40, 115.20, 125.300, 121.800,  0.226,       ,       ,      ,   15.3,   86.8,  -13.6,      0,  NONE,   NONE,      ,      ,  11.8, 3DDiff, 1852,      ,     13,  15.5,     20
2018-08-27, 16:45:20,  -04:00,    HTO,   40.8458176,  -72.6395035,    82.2, 30.07,    55.4,  31.2,   0.00,  14.03,   43.27,   0.93,  -1.01,   0.03,  -0.04,  11.0,  10.9,  27.7,  28.8,   2.7,  30.92,  31.25,     4.32,  175.37,   45.75,  15.49, 1312.0,    0.15,  292.24,  285.57,  276.62,  279.93,  267.30,  281.33, 1092.53, 1126.13, 1093.99, 1110.76, 1108.76, 1124.79, 1055.07, 1046.84,   -50.1,   0,  GPS,   86.0, 111.40, 115.20, 125.300, 121.800,  0.230,       ,       ,      ,   15.3,   86.8,  -13.6,      0,  NONE,   NONE,      ,      ,  11.8, 3DDiff, 1852,      ,     13,  16.0,     21
2018-08-27, 16:45:21,  -04:00,    HTO,   40.8458824,  -72.6395035,    81.2, 30.07,    56.5,  31.2,   0.00,  13.74,   23.26,   1.03,  -0.78,  -0.00,  -0.05,  10.7,  11.1,  27.7,  28.8,   2.7,  31.00,  31.37,     4.34,  175.43,   45.77,  15.48, 1316.2,    0.15,  292.43,  285.76,  276.77,  280.07,  267.46,  281.47, 1091.50, 1125.55, 1092.10, 1110.60, 1108.18, 1123.97, 1054.48, 1045.81,   -49.0,   0,  GPS,   86.0, 111.40, 115.20, 125.300, 121.800,  0.233,       ,       ,      ,   15.3,   86.8,  -13.6,      0,  NONE,   NONE,      ,      ,  11.8, 3DDiff, 1852,      ,     13,  16.5,     20
2018-08-27, 16:45:22,  -04:00,    HTO,   40.8459435,  -72.6395111,    81.2, 30.07,    56.7,  31.2,   0.00,  13.53,    1.28,   0.86,  -1.07,   0.00,   0.02,  10.7,  10.9,  27.7,  28.8,   2.7,  31.06,  31.45,     4.34,  175.47,   45.76,  15.45, 1317.1,    0.15,  292.62,  285.94,  276.92,  280.27,  267.62,  281.59, 1090.09, 1124.95, 1092.18, 1110.31, 1108.04, 1124.48, 1053.49, 1045.41,   -48.8,   0,  GPS,   86.0, 111.40, 115.20, 125.300, 121.800,  0.237,       ,       ,      ,   15.3,   86.9,  -13.6,      0,  NONE,   NONE,      ,      ,  15.7, 3DDiff, 1852,      ,     13,  16.0,     20
2018-08-27, 16:45:23,  -04:00,    HTO,   40.8460045,  -72.6395111,    82.2, 30.07,    57.8,  31.2,   0.00,  13.08,    1.19,   0.90,  -1.00,   0.03,  -0.01,   9.8,  10.5,  27.7,  28.8,   2.6,  31.05,  31.55,     4.32,  175.52,   45.79,  15.45, 1319.0,    0.15,  292.82,  286.15,  277.07,  280.41,  267.80,  281.74, 1088.95, 1124.47, 1091.59, 1110.17, 1106.89, 1124.12, 1052.87, 1044.35,   -47.7,   0,  GPS,   86.0, 111.40, 115.20, 125.300, 121.800,  0.240,       ,       ,      ,   15.3,   86.9,  -13.6,      0,  NONE,   NONE,      ,      ,   7.9, 3DDiff, 1852,      ,     13,  15.5,     20
2018-08-27, 16:45:24,  -04:00,    HTO,   40.8460655,  -72.6395187,    81.2, 30.07,    58.0,  31.2,   0.00,  12.95,   -0.52,   1.23,  -0.80,   0.03,   0.04,  10.7,  10.1,  27.7,  28.8,   2.7,  31.11,  31.58,     4.35,  175.58,   45.83,  15.42, 1320.0,    0.15,  293.01,  286.33,  277.20,  280.57,  267.96,  281.86, 1088.32, 1125.05, 1091.40, 1109.65, 1106.27, 1122.70, 1053.00, 1043.92,   -47.5,   0,  GPS,   86.0, 111.40, 115.20, 125.300, 121.800,  0.244,       ,       ,      ,   15.3,   86.9,  -13.6,      0,  NONE,   NONE,      ,      ,   7.9, 3DDiff, 1852,      ,     13,  15.5,     20
2018-08-27, 16:45:25,  -04:00,    HTO,   40.8461227,  -72.6395264,    82.2, 30.07,    58.3,  31.2,   0.00,  12.95,   -1.64,   1.52,  -1.12,   0.03,  -0.04,   9.8,  10.5,  27.7,  28.8,   2.7,  31.04,  31.66,     4.34,  175.60,   45.84,  15.41, 1321.4,    0.15,  293.19,  286.52,  277.34,  280.75,  268.15,  281.98, 1087.82, 1124.61, 1090.55, 1110.34, 1106.37, 1123.06, 1052.85, 1043.59,   -47.2,   0,  GPS,   86.0, 111.40, 115.20, 125.300, 121.800,  0.247,       ,       ,      ,   15.3,   86.9,  -13.6,      0,  NONE,   NONE,      ,      ,  11.8, 3DDiff, 1852,      ,     13,  15.5,     20
2018-08-27, 16:45:26,  -04:00,    HTO,   40.8461838,  -72.6395264,    83.2, 30.07,    58.6,  31.2,   0.00,  13.04,   13.03,   1.07,  -0.78,   0.02,   0.01,  10.3,   9.9,  27.7,  28.8,   2.7,  31.04,  31.69,     4.34,  175.65,   45.81,  15.43, 1320.5,    0.15,  293.39,  286.70,  277.47,  280.90,  268.31,  282.08, 1087.28, 1124.50, 1090.34, 1110.50, 1105.06, 1122.21, 1052.90, 1043.31,   -46.9,   0,  GPS,   86.0, 111.40, 115.20, 125.300, 121.800,  0.251,       ,       ,      ,   15.3,   86.9,  -13.6,      0,  NONE,   NONE,      ,      ,  11.8, 3DDiff, 1852,      ,     13,  16.0,     21
2018-08-27, 16:45:27,  -04:00,    HTO,   40.8462410,  -72.6395340,    83.2, 30.07,    58.5,  31.2,   0.00,  13.06,   13.65,   1.01,  -0.66,   0.03,  -0.00,  11.3,  10.6,  27.7,  28.8,   2.7,  31.01,  31.72,     4.37,  175.69,   45.74,  15.44, 1318.4,    0.15,  293.56,  286.90,  277.61,  281.08,  268.47,  282.20, 1088.71, 1123.69, 1090.25, 1110.63, 1106.82, 1121.65, 1052.21, 1044.22,   -47.0,   0,  GPS,   86.0, 111.40, 115.20, 125.300, 121.800,  0.254,       ,       ,      ,   15.3,   86.9,  -13.6,      0,  NONE,   NONE,      ,      ,   7.9, 3DDiff, 1852,      ,     13,  16.0,     20
2018-08-27, 16:45:28,  -04:00,    HTO,   40.8463058,  -72.6395416,    81.2, 30.07,    58.9,  31.2,   0.00,  13.08,  -31.28,   0.98,  -0.64,  -0.01,   0.02,  11.8,  11.6,  27.7,  28.8,   2.7,  30.90,  31.80,     4.34,  175.72,   45.67,  15.44, 1315.4,    0.14,  293.73,  287.06,  277.73,  281.24,  268.64,  282.32, 1089.48, 1122.22, 1091.33, 1110.08, 1108.26, 1121.03, 1051.64, 1045.25,   -46.6,   0,  GPS,   86.0, 111.40, 115.20, 125.300, 121.800,  0.258,       ,       ,      ,   15.3,   86.9,  -13.6,      0,  NONE,   NONE,      ,      ,  11.8, 3DDiff, 1852,      ,     13,  16.0,     20
2018-08-27, 16:45:29,  -04:00,    HTO,   40.8463631,  -72.6395416,    80.2, 30.07,    58.5,  31.2,   0.00,  13.02,  -55.98,   1.22,  -0.88,   0.00,   0.06,  11.0,  11.6,  27.7,  28.8,   2.6,  30.89,  31.88,     4.32,  175.75,   45.61,  15.47, 1314.0,    0.15,  293.94,  287.26,  277.85,  281.39,  268.82,  282.44, 1089.62, 1121.22, 1091.51, 1111.57, 1109.47, 1121.55, 1050.59, 1045.25,   -47.0,   0,  GPS,   86.0, 111.40, 115.20, 125.300, 121.800,  0.261,       ,       ,      ,   15.3,   87.0,  -13.6,      0,  NONE,   NONE,      ,      ,  11.8, 3DDiff, 1852,      ,     13,  15.5,     20
2018-08-27, 16:45:30,  -04:00,    HTO,   40.8464241,  -72.6395416,    83.2, 30.07,    58.7,  31.2,   0.00,  13.12,   -3.00,   0.65,  -0.80,   0.00,   0.01,  10.8,  11.0,  27.7,  28.8,   2.6,  30.96,  31.92,     4.34,  175.79,   45.56,  15.50, 1313.0,    0.15,  294.09,  287.45,  277.98,  281.54,  268.97,  282.53, 1089.38, 1121.00, 1092.02, 1112.52, 1108.52, 1121.93, 1050.23, 1045.02,   -46.8,   0,  GPS,   86.0, 111.40, 115.20, 125.300, 121.800,  0.265,       ,       ,      ,   15.3,   87.0,  -13.6,      0,  NONE,   NONE,      ,      ,   7.9, 3DDiff, 1852,      ,     13,  15.5,     20
2018-08-27, 16:45:31,  -04:00,    HTO,   40.8464890,  -72.6395493,    85.2, 30.07,    58.8,  31.2,   0.00,  13.18,   59.82,   0.85,  -0.44,  -0.01,  -0.04,  10.9,  10.8,  27.7,  28.8,   2.6,  30.88,  31.94,     4.37,  175.82,   45.54,  15.48, 1314.8,    0.15,  294.29,  287.63,  278.10,  281.71,  269.13,  282.66, 1087.74, 1119.97, 1091.78, 1112.81, 1107.64, 1121.51, 1049.46, 1044.27,   -46.7,   0,  GPS,   86.0, 111.40, 115.20, 125.300, 121.800,  0.269,       ,       ,      ,   15.3,   87.0,  -13.6,      0,  NONE,   NONE,      ,      ,   7.9, 3DDiff, 1852,      ,     13,  15.5,     20
2018-08-27, 16:45:32,  -04:00,    HTO,   40.8465500,  -72.6395493,    85.2, 30.07,    59.1,  31.2,   0.00,  13.24,   73.26,   0.87,  -0.51,   0.00,   0.00,  11.6,  10.9,  27.7,  28.8,   2.7,  30.94,  31.93,     4.37,  175.86,   45.48,  15.51, 1312.0,    0.15,  294.46,  287.81,  278.22,  281.86,  269.28,  282.75, 1086.84, 1119.00, 1090.96, 1112.88, 1107.03, 1122.54, 1049.03, 1042.88,   -46.4,   0,  GPS,   86.0, 111.40, 115.20, 125.300, 121.800,  0.272,       ,       ,      ,   15.3,   87.0,  -13.6,      0,  NONE,   NONE,      ,      ,  11.8, 3DDiff, 1852,      ,     13,  16.0,     21
2018-08-27, 16:45:33,  -04:00,    HTO,   40.8466110,  -72.6395569,    84.2, 30.07,    59.3,  31.2,   0.00,  13.26,   27.32,   0.34,  -0.90,   0.02,   0.03,  12.1,  11.8,  27.7,  28.8,   2.7,  31.01,  31.97,     4.38,  175.91,   45.50,  15.52, 1313.6,    0.15,  294.63,  287.99,  278.34,  282.02,  269.43,  282.86, 1087.58, 1117.53, 1089.44, 1112.15, 1105.85, 1122.29, 1047.85, 1042.50,   -46.2,   0,  GPS,   86.0, 111.40, 115.20, 125.300, 121.800,  0.276,       ,       ,      ,   15.3,   87.0,  -13.6,      0,  NONE,   NONE,      ,      ,   7.9, 3DDiff, 1852,      ,     13,  16.0,     20
2018-08-27, 16:45:34,  -04:00,    HTO,   40.8466682,  -72.6395569,    83.2, 30.07,    59.5,  31.0,   0.00,  13.04,  -14.30,   1.38,  -0.52,   0.02,  -0.01,  11.6,  11.9,  27.7,  28.8,   2.7,  31.00,  32.03,     4.35,  175.94,   45.52,  15.51, 1314.4,    0.15,  294.81,  288.19,  278.47,  282.16,  269.57,  282.96, 1086.88, 1117.00, 1089.20, 1111.42, 1105.92, 1121.66, 1046.87, 1042.32,   -46.0,   0,  GPS,   86.0, 111.40, 115.20, 125.300, 121.800,  0.279,       ,       ,      ,   15.3,   87.0,  -13.6,      0,  NONE,   NONE,      ,      ,  11.8, 3DDiff, 1852,      ,     12,  16.0,     20
2018-08-27, 16:45:35,  -04:00,    HTO,   40.8467293,  -72.6395569,    81.2, 30.07,    59.9,  31.0,   0.00,  12.95,  -70.36,   1.94,  -0.68,   0.03,   0.02,  12.6,  12.0,  27.7,  28.8,   2.6,  31.01,  32.07,     4.35,  175.97,   45.55,  15.46, 1317.0,    0.15,  294.97,  288.35,  278.61,  282.34,  269.76,  283.05, 1086.30, 1116.80, 1087.83, 1110.80, 1105.74, 1122.01, 1046.06, 1041.69,   -45.6,   0,  GPS,   86.0, 111.40, 115.20, 125.300, 121.800,  0.283,       ,       ,      ,   15.3,   87.0,  -13.6,      0,  NONE,   NONE,      ,      ,  11.8, 3DDiff, 1852,      ,     12,  15.5,     20
2018-08-27, 16:45:36,  -04:00,    HTO,   40.8467903,  -72.6395645,    81.2, 30.07,    60.3,  31.0,   0.00,  12.67,  -87.24,   1.71,  -0.89,   0.06,  -0.04,  13.6,  12.8,  27.7,  28.8,   2.6,  30.89,  32.12,     4.37,  176.00,   45.48,  15.52, 1311.1,    0.15,  295.13,  288.54,  278.73,  282.47,  269.88,  283.16, 1086.37, 1116.20, 1088.33, 1110.11, 1105.46, 1121.21, 1046.17, 1041.78,   -45.2,   0,  GPS,   86.0, 111.40, 115.20, 125.300, 121.800,  0.286,       ,       ,      ,   15.3,   87.0,  -13.6,      0,  NONE,   NONE,      ,      ,  23.6, 3DDiff, 1852,      ,     13,  15.5,     20
2018-08-27, 16:45:37,  -04:00,    HTO,   40.8468475,  -72.6395645,    81.2, 30.07,    60.6,  31.0,   0.00,  12.38,  -59.38,   1.29,  -0.67,   0.05,   0.00,  16.3,  14.5,  27.7,  28.8,   2.6,  30.96,  32.19,     4.36,  176.02,   45.45,  15.57, 1308.1,    0.15,  295.30,  288.74,  278.83,  282.62,  270.00,  283.23, 1086.17, 1116.45, 1088.62, 1110.12, 1104.46, 1120.53, 1046.09, 1042.02,   -44.9,   0,  GPS,   86.0, 111.40, 115.20, 125.300, 121.800,  0.289,       ,       ,      ,   15.3,   87.1,  -13.6,      0,  NONE,   NONE,      ,      ,  15.7, 3DDiff, 1852,      ,     13,  15.5,     20
2018-08-27, 16:45:38,  -04:00,    HTO,   40.8468971,  -72.6395569,    82.2, 30.07,    60.9,  31.0,   0.00,  12.11,  -18.76,   1.11,  -0.42,   0.05,   0.00,  18.8,  17.3,  27.7,  28.8,   2.6,  30.81,  32.26,     4.34,  176.08,   45.49,  15.54, 1312.1,    0.15,  295.45,  288.89,  278.97,  282.75,  270.17,  283.32, 1085.68, 1115.61, 1089.57, 1108.26, 1103.92, 1119.86, 1045.54, 1042.73,   -44.6,   0,  GPS,   86.0, 111.40, 115.20, 125.300, 121.800,  0.292,       ,       ,      ,   15.3,   87.1,  -13.6,      0,  NONE,   NONE,      ,      ,  15.7, 3DDiff, 1852,      ,     13,  16.0,     21
2018-08-27, 16:45:39,  -04:00,    HTO,   40.8469582,  -72.6395416,    83.2, 30.07,    61.9,  31.0,   0.00,  11.78,   30.03,   0.93,  -0.48,   0.08,   0.02,  22.6,  19.8,  27.7,  28.8,   2.7,  30.79,  32.33,     4.37,  176.15,   45.54,  15.52, 1317.2,    0.15,  295.60,  289.08,  279.07,  282.92,  270.32,  283.41, 1085.57, 1115.60, 1091.38, 1107.84, 1103.38, 1119.70, 1045.29, 1044.05,   -43.6,   0,  GPS,   86.0, 111.40, 115.20, 125.300, 121.800,  0.295,       ,       ,      ,   15.3,   87.1,  -13.6,      0,  NONE,   NONE,      ,      ,  15.7, 3DDiff, 1852,      ,     13,  16.0,     20
2018-08-27, 16:45:40,  -04:00,    HTO,   40.8470078,  -72.6395340,    83.2, 30.07,    62.0,  31.0,   0.00,  11.35,   10.69,   1.25,  -0.37,   0.04,  -0.03,  27.8,  24.5,  27.7,  28.8,   2.7,  30.54,  32.40,     4.32,  176.23,   45.48,  15.57, 1313.8,    0.15,  295.76,  289.26,  279.22,  283.05,  270.45,  283.47, 1085.85, 1114.56, 1092.87, 1108.01, 1103.48, 1118.86, 1045.27, 1045.04,   -43.5,   0,  GPS,   86.0, 111.40, 115.20, 125.300, 121.800,  0.298,       ,       ,      ,   15.3,   87.1,  -13.6,      0,  NONE,   NONE,      ,      ,  15.7, 3DDiff, 1852,      ,     12,  16.0,     20
2018-08-27, 16:45:41,  -04:00,    HTO,   40.8470573,  -72.6395035,    85.2, 30.07,    61.6,  31.0,   0.00,  11.27,   27.98,   1.47,  -0.37,  -0.00,  -0.01,  31.4,  29.5,  27.7,  28.8,   2.6,  30.28,  32.46,     4.34,  176.31,   45.48,  15.54, 1316.9,    0.15,  295.90,  289.44,  279.33,  283.18,  270.59,  283.55, 1086.85, 1115.01, 1093.80, 1107.30, 1105.00, 1118.75, 1045.45, 1046.12,   -43.9,   0,  GPS,   86.0, 111.40, 115.20, 125.300, 121.800,  0.300,       ,       ,      ,   15.3,   87.1,  -13.6,      0,  NONE,   NONE,      ,      ,  15.7, 3DDiff, 1852,      ,     12,  15.5,     20
2018-08-27, 16:45:42,  -04:00,    HTO,   40.8471069,  -72.6394882,    86.2, 30.07,    61.6,  31.0,   0.00,  11.66,   69.52,   0.12,   0.01,   0.04,   0.01,  33.1,  32.2,  27.7,  28.8,   2.6,  30.20,  32.52,     4.31,  176.37,   45.48,  15.54, 1314.8,    0.15,  296.05,  289.62,  279.46,  283.34,  270.72,  283.64, 1086.88, 1116.49, 1093.97, 1107.33, 1106.02, 1119.74, 1046.17, 1046.55,   -43.9,   0,  GPS,   86.0, 111.40, 115.20, 125.300, 121.800,  0.303,       ,       ,      ,   15.3,   87.1,  -13.6,      0,  NONE,   NONE,      ,      ,   3.9, 3DDiff, 1852,      ,     13,  15.5,     20
2018-08-27, 16:45:43,  -04:00,    HTO,   40.8471603,  -72.6394577,    85.2, 30.07,    61.4,  31.0,   0.00,  11.90,   43.98,   0.29,   0.11,   0.03,  -0.02,  37.1,  34.6,  27.7,  28.8,   2.6,  30.22,  32.57,     4.33,  176.45,   45.48,  15.51, 1317.6,    0.15,  296.21,  289.80,  279.61,  283.46,  270.87,  283.73, 1087.52, 1118.12, 1092.61, 1108.57, 1105.34, 1120.15, 1047.10, 1046.37,   -44.1,   0,  GPS,   86.0, 111.40, 115.20, 125.300, 121.800,  0.306,       ,       ,      ,   15.3,   87.1,  -13.6,      0,  NONE,   NONE,      ,      ,  -7.9, 3DDiff, 1852,      ,     13,  15.5,     20
2018-08-27, 16:45:44,  -04:00,    HTO,   40.8472099,  -72.6394348,    85.2, 30.07,    61.3,  31.0,   0.00,  12.13,    2.66,   0.12,   0.11,   0.02,  -0.02,  41.3,  38.8,  27.7,  28.8,   2.6,  30.02,  32.62,     4.31,  176.49,   45.51,  15.47, 1319.4,    0.15,  296.34,  289.96,  279.73,  283.61,  271.00,  283.80, 1088.82, 1119.03, 1091.57, 1108.24, 1104.81, 1119.84, 1048.26, 1046.17,   -44.2,   0,  GPS,   86.0, 111.40, 115.20, 125.300, 121.800,  0.308,       ,       ,      ,   15.3,   87.1,  -13.6,      0,  NONE,   NONE,      ,      ,  -7.9, 3DDiff, 1852,      ,     13,  15.5,     20
2018-08-27, 16:45:45,  -04:00,    HTO,   40.8472595,  -72.6393890,    87.2, 30.07,    59.8,  31.0,   0.00,  12.25,   25.52,  -0.01,  -0.20,   0.06,  -0.03,  44.9,  42.7,  27.7,  28.8,   2.6,  30.03,  32.67,     4.16,  176.52,   44.84,  14.61, 1278.3,    0.13,  296.49,  290.13,  279.85,  283.74,  271.14,  283.88, 1086.27, 1118.18, 1091.71, 1108.12, 1104.38, 1119.89, 1047.64, 1044.74,   -45.7,   0,  GPS,   86.0, 111.40, 115.20, 125.300, 121.800,  0.311,       ,       ,      ,   15.3,   87.1,  -13.6,      0,  NONE,   NONE,      ,      , -11.8, 3DDiff, 1852,      ,     13,  16.0,     20
2018-08-27, 16:45:46,  -04:00,    HTO,   40.8473091,  -72.6393509,    86.2, 30.07,    60.2,  31.0,   0.00,  12.27,   19.33,   0.09,   0.08,   0.02,  -0.04,  48.6,  46.4,  27.7,  28.8,   2.6,  29.91,  32.71,     3.80,  176.54,   41.55,  14.58, 1175.5,    0.11,  296.64,  290.29,  279.99,  283.89,  271.27,  283.95, 1078.54, 1114.73, 1085.97, 1103.91, 1101.32, 1118.82, 1044.04, 1037.44,   -45.3,   0,  GPS,   86.0, 111.40, 115.20, 125.300, 121.800,  0.313,       ,       ,      ,   15.3,   87.1,  -13.6,      0,  NONE,   NONE,      ,      ,  -7.9, 3DDiff, 1852,      ,     12,  16.0,     20
2018-08-27, 16:45:47,  -04:00,    HTO,   40.8473511,  -72.6393051,    85.2, 30.07,    61.3,  31.0,   0.00,  12.29,  -30.87,   0.24,  -0.30,   0.02,   0.03,  51.9,  50.0,  27.7,  28.8,   2.6,  29.91,  32.75,     3.59,  176.56,   38.90,  14.85, 1138.7,    0.11,  296.76,  290.47,  280.09,  284.01,  271.41,  284.01, 1071.09, 1109.36, 1080.19, 1098.70, 1095.29, 1115.58, 1038.32, 1029.94,   -44.2,   0,  GPS,   86.0, 111.40, 115.20, 125.300, 121.800,  0.315,       ,       ,      ,   15.3,   87.2,  -13.6,      0,  NONE,   NONE,      ,      ,  -3.9, 3DDiff, 1852,      ,     12,  15.5,     20
2018-08-27, 16:45:48,  -04:00,    HTO,   40.8473930,  -72.6392593,    84.2, 30.07,    61.4,  31.0,   0.00,  12.27,  -51.40,   0.22,  -0.29,   0.03,   0.03,  53.4,  52.5,  27.7,  28.8,   2.6,  29.85,  32.79,     3.56,  176.55,   38.23,  14.86, 1137.5,    0.11,  296.90,  290.62,  280.21,  284.16,  271.50,  284.07, 1065.41, 1104.43, 1074.85, 1094.15, 1089.96, 1110.37, 1034.08, 1023.81,   -44.1,   0,  GPS,   86.0, 111.40, 115.20, 125.300, 121.800,  0.316,       ,       ,      ,   15.3,   87.2,  -13.6,      0,  NONE,   NONE,      ,      ,   0.0, 3DDiff, 1852,      ,     13,  15.5,     20
2018-08-27, 16:45:49,  -04:00,    HTO,   40.8474388,  -72.6392136,    84.2, 30.07,    61.4,  31.0,   0.00,  12.23,  -46.38,  -0.12,  -0.23,   0.00,  -0.00,  55.3,  54.3,  27.7,  28.8,   2.6,  29.83,  32.83,     3.54,  176.54,   37.91,  14.83, 1143.5,    0.11,  297.06,  290.78,  280.30,  284.26,  271.65,  284.10, 1061.13, 1100.27, 1069.12, 1088.42, 1086.44, 1104.94, 1029.36, 1018.25,   -44.1,   0,  GPS,   86.0, 111.40, 115.20, 125.300, 121.800,  0.318,       ,       ,      ,   15.3,   87.2,  -13.6,      0,  NONE,   NONE,      ,      ,   0.0, 3DDiff, 1852,      ,     13,  15.5,     20
2018-08-27, 16:45:50,  -04:00,    HTO,   40.8474808,  -72.6391678,    83.2, 30.07,    61.4,  31.0,   0.00,  11.84,  -47.15,  -0.13,  -0.42,   0.03,   0.06,  56.2,  55.9,  27.7,  28.8,   2.6,  29.59,  32.86,     3.44,  176.54,   36.78,  14.36, 1099.9,    0.09,  297.21,  290.95,  280.39,  284.40,  271.75,  284.13, 1056.33, 1096.53, 1065.01, 1084.17, 1084.49, 1102.21, 1025.48, 1013.32,   -44.1,   0,  GPS,   86.0, 111.40, 115.20, 125.300, 121.800,  0.320,       ,       ,      ,   15.3,   87.2,  -13.6,      0,  NONE,   NONE,      ,      ,  -3.9, 3DDiff, 1852,      ,     13,  15.5,     21
2018-08-27, 16:45:51,  -04:00,    HTO,   40.8475189,  -72.6391144,    82.2, 30.07,    62.9,  31.0,   0.00,  11.10,  -56.76,  -0.10,  -0.42,   0.01,   0.03,  56.5,  56.5,  27.7,  28.8,   2.6,  29.56,  32.89,     3.26,  176.54,   34.15,  14.87, 1038.7,    0.09,  297.33,  291.07,  280.48,  284.52,  271.84,  284.17, 1048.79, 1090.56, 1063.09, 1081.56, 1080.91, 1102.22, 1021.92, 1007.92,   -42.6,   0,  GPS,   86.0, 111.40, 115.20, 125.300, 121.800,  0.322,       ,       ,      ,   15.3,   87.2,  -13.6,      0,  NONE,   NONE,      ,      ,   0.0, 3DDiff, 1852,      ,     13,  16.0,     20
2018-08-27, 16:45:52,  -04:00,    HTO,   40.8475494,  -72.6390762,    82.2, 30.07,    62.3,  31.0,   0.00,  10.24,  -40.55,   0.13,  -0.14,  -0.01,  -0.02,  56.3,  56.7,  27.7,  28.8,   2.6,  29.54,  32.88,     3.22,  176.52,   33.21,  14.92, 1033.9,    0.09,  297.48,  291.20,  280.57,  284.59,  271.91,  284.17, 1041.62, 1084.05, 1056.88, 1078.58, 1078.41, 1097.20, 1018.37, 1001.56,   -43.2,   0,  GPS,   86.0, 111.40, 115.20, 125.300, 121.800,  0.323,       ,       ,      ,   15.3,   87.2,  -13.6,      0,  NONE,   NONE,      ,      ,   3.9, 3DDiff, 1852,      ,     12,  16.0,     20
2018-08-27, 16:45:53,  -04:00,    HTO,   40.8475800,  -72.6390381,    82.2, 30.07,    60.7,  31.0,   0.00,   9.60,  -39.39,  -0.13,  -0.22,  -0.01,  -0.03,  57.1,  56.8,  27.7,  28.8,   2.6,  29.66,  32.81,     3.19,  176.53,   32.95,  14.94, 1033.7,    0.09,  297.60,  291.32,  280.63,  284.71,  272.01,  284.17, 1036.52, 1077.23, 1051.67, 1074.84, 1073.99, 1094.09, 1014.10,  996.81,   -44.8,   0,  GPS,   86.0, 111.40, 115.20, 125.300, 121.800,  0.324,       ,       ,      ,   15.3,   87.2,  -13.6,      0,  NONE,   NONE,      ,      ,   0.0, 3DDiff, 1852,      ,     12,  15.5,     20
2018-08-27, 16:45:54,  -04:00,    HTO,   40.8476105,  -72.6389999,    83.2, 30.07,    60.6,  31.0,   0.00,   8.84,   -1.48,   0.34,  -0.22,  -0.00,  -0.01,  55.8,  56.6,  27.7,  28.8,   2.6,  29.63,  32.76,     3.17,  176.50,   32.74,  14.95, 1032.1,    0.09,  297.73,  291.44,  280.67,  284.80,  272.07,  284.17, 1031.96, 1073.09, 1048.06, 1071.38, 1072.53, 1090.73, 1010.90,  993.22,   -44.9,   0,  GPS,   86.0, 111.40, 115.20, 125.300, 121.800,  0.325,       ,       ,      ,   15.3,   87.2,  -13.6,      0,  NONE,   NONE,      ,      ,   0.0, 3DDiff, 1852,      ,     13,  15.5,     20
2018-08-27, 16:45:55,  -04:00,    HTO,   40.8476410,  -72.6389694,    82.2, 30.07,    60.5,  31.0,   0.00,   7.95,   -8.36,  -0.22,  -0.23,   0.02,   0.04,  55.6,  55.9,  27.7,  28.8,   2.6,  29.75,  32.60,     3.16,  176.48,   32.52,  14.97, 1029.4,    0.09,  297.86,  291.57,  280.72,  284.89,  272.14,  284.14, 1028.12, 1069.53, 1045.52, 1068.06, 1070.78, 1089.04, 1008.34,  990.73,   -45.0,   0,  GPS,   86.0, 111.40, 115.20, 125.300, 121.800,  0.326,       ,       ,      ,   15.3,   87.2,  -13.6,      0,  NONE,   NONE,      ,      ,   0.0, 3DDiff, 1852,      ,     13,  15.5,     20
2018-08-27, 16:45:56,  -04:00,    HTO,   40.8476639,  -72.6389313,    81.2, 30.07,    60.4,  31.0,   0.00,   6.84,  -42.02,  -0.12,  -0.10,   0.00,  -0.02,  56.2,  55.8,  27.7,  28.8,   2.6,  29.76,  32.42,     3.18,  176.50,   32.33,  14.97, 1027.5,    0.09,  297.97,  291.68,  280.78,  284.98,  272.18,  284.14, 1024.71, 1066.62, 1043.02, 1064.92, 1068.25, 1086.78, 1006.49,  988.07,   -45.1,   0,  GPS,   86.0, 111.40, 115.20, 125.300, 121.800,  0.327,       ,       ,      ,   15.3,   87.2,  -13.6,      0,  NONE,   NONE,      ,      ,   0.0, 3DDiff, 1852,      ,     13,  16.0,     20
2018-08-27, 16:45:57,  -04:00,    HTO,   40.8476791,  -72.6389160,    82.2, 30.07,    59.3,  31.0,   0.00,   5.40,  -19.06,  -0.15,  -0.24,  -0.01,  -0.01,  55.9,  56.1,  27.7,  28.8,   2.6,  29.88,  32.26,     3.17,  176.48,   32.29,  15.02, 1025.4,    0.09,  298.11,  291.77,  280.79,  285.07,  272.23,  284.11, 1022.67, 1063.16, 1039.88, 1063.47, 1065.36, 1085.85, 1004.03,  985.80,   -46.2,   0,  GPS,   86.0, 111.40, 115.20, 125.300, 121.800,  0.328,       ,       ,      ,   15.3,   87.2,  -13.6,      0,  NONE,   NONE,      ,      ,   3.9, 3DDiff, 1852,      ,     13,  16.0,     20
2018-08-27, 16:45:58,  -04:00,    HTO,   40.8476944,  -72.6389008,    82.2, 30.07,    59.9,  31.0,   0.00,   3.93,   -1.28,  -0.09,  -0.20,  -0.01,   0.01,  56.4,  56.1,  27.7,  28.8,   2.6,  29.92,  32.12,     3.16,  176.50,   32.29,  15.02, 1024.0,    0.09,  298.20,  291.86,  280.85,  285.13,  272.25,  284.13, 1020.32, 1060.00, 1036.08, 1060.17, 1063.76, 1084.18, 1001.44,  983.21,   -45.6,   0,  GPS,   86.0, 111.40, 115.20, 125.300, 121.800,  0.329,       ,       ,      ,   15.3,   87.2,  -13.6,      0,  NONE,   NONE,      ,      ,   0.0, 3DDiff, 1852,      ,     12,  16.0,     20
2018-08-27, 16:45:59,  -04:00,    HTO,   40.8477058,  -72.6388931,    83.2, 30.07,    61.1,  31.0,   0.00,   2.66,   17.69,  -0.20,  -0.27,   0.01,  -0.01,  56.8,  56.5,  27.7,  28.8,   2.6,  30.05,  31.94,     3.14,  176.52,   31.96,  15.14, 1015.2,    0.09,  298.33,  291.98,  280.88,  285.20,  272.31,  284.08, 1018.39, 1056.82, 1032.48, 1057.39, 1061.46, 1083.34,  999.05,  980.65,   -44.4,   0,  GPS,   86.0, 111.40, 115.20, 125.300, 121.800,  0.329,       ,       ,      ,   15.3,   87.2,  -13.6,      0,  NONE,   NONE,      ,      ,   0.0, 3DDiff, 1852,      ,     12,  15.5,     20
2018-08-27, 16:46:00,  -04:00,    HTO,   40.8477097,  -72.6388855,    81.2, 30.07,    61.1,  31.0,   0.00,   1.44,  -14.87,  -0.12,  -0.34,   0.00,   0.03,  56.9,  56.3,  27.7,  28.8,   2.6,  30.15,  31.77,     3.15,  176.55,   31.87,  15.10, 1018.2,    0.09,  298.42,  292.07,  280.91,  285.28,  272.32,  284.05, 1015.47, 1053.11, 1028.68, 1054.15, 1058.92, 1081.22,  996.67,  976.96,   -44.4,   0,  GPS,   86.0, 111.40, 115.20, 125.300, 121.800,  0.329,       ,       ,      ,   15.3,   87.2,  -13.6,      0,  NONE,   NONE,      ,      ,   0.0, 3DDiff, 1852,      ,     13,  15.5,     20
2018-08-27, 16:46:01,  -04:00,    HTO,   40.8477097,  -72.6388855,    81.2, 30.07,    61.1,  31.0,   0.00,   0.00,  -24.22,   0.10,  -0.31,   0.00,   0.01,  57.3,  56.3,  27.7,  28.8,   2.6,  30.30,  31.62,     3.13,  176.62,   31.92,  15.11, 1018.6,    0.09,  298.53,  292.16,  280.94,  285.36,  272.35,  284.02, 1012.97, 1050.92, 1026.46, 1051.20, 1057.27, 1078.77,  994.04,  975.42,   -44.4,   0,  GPS,   86.0, 111.40, 115.20, 125.300, 121.800,  0.329,       ,       ,      ,   15.3,   87.2,  -13.6,      0,  NONE,   NONE,      ,      ,   0.0, 3DDiff, 1852,      ,     13,  15.5,     20
2018-08-27, 16:46:02,  -04:00,    HTO,   40.8477097,  -72.6388855,    83.2, 30.07,    61.1,  31.0,   0.00,   0.00,   10.87,   0.29,  -0.29,   0.00,  -0.00,  57.4,  56.3,  27.7,  28.8,   2.6,  30.39,  31.49,     3.13,  176.64,   31.86,  15.11, 1020.1,    0.09,  298.66,  292.25,  280.99,  285.44,  272.38,  283.99, 1010.17, 1049.57, 1024.87, 1047.87, 1053.87, 1076.54,  992.40,  972.90,   -44.4,   0,  GPS,   86.0, 111.40, 115.20, 125.300, 121.800,  0.329,       ,       ,      ,   15.3,   87.2,  -13.6,      0,  NONE,   NONE,      ,      ,   0.0, 3DDiff, 1852,      ,     13,  16.0,     20
2018-08-27, 16:46:03,  -04:00,    HTO,   40.8477097,  -72.6388855,    82.2, 30.07,    62.2,  31.0,   0.00,   0.00,    9.58,   0.31,  -0.30,   0.01,   0.00,  57.4,  56.3,  27.7,  28.8,   2.6,  30.47,  31.41,     3.11,  176.69,   31.91,  15.05, 1022.2,    0.09,  298.75,  292.32,  281.03,  285.51,  272.44,  283.98, 1007.88, 1048.38, 1023.10, 1045.17, 1051.96, 1074.14,  990.51,  971.04,   -43.3,   0,  GPS,   86.0, 111.40, 115.20, 125.300, 121.800,  0.329,       ,       ,      ,   15.3,   87.2,  -13.6,      0,  NONE,   NONE,      ,      ,   0.0, 3DDiff, 1852,      ,     13,  16.0,     20
2018-08-27, 16:46:04,  -04:00,    HTO,   40.8477097,  -72.6388855,    82.2, 30.07,    61.6,  31.0,   0.00,   0.00,   -1.29,   0.34,  -0.31,   0.01,  -0.00,  57.5,  56.3,  27.7,  28.8,   2.6,  30.55,  31.38,     3.11,  176.74,   31.95,  15.08, 1022.5,    0.09,  298.87,  292.41,  281.05,  285.58,  272.47,  283.90, 1004.71, 1045.65, 1021.96, 1043.42, 1049.71, 1071.61,  988.87,  968.39,   -43.9,   0,  GPS,   86.0, 111.40, 115.20, 125.300, 121.800,  0.329,       ,       ,      ,   15.3,   87.2,  -13.6,      0,  NONE,   NONE,      ,      ,   0.0, 3DDiff, 1852,      ,     12,  15.5,     20
2018-08-27, 16:46:05,  -04:00,    HTO,   40.8477097,  -72.6388779,    84.2, 30.07,    60.1,  31.0,   0.00,   0.00,   14.92,   0.42,  -0.35,   0.01,   0.00,  57.4,  56.3,  27.7,  28.8,   2.6,  30.63,  31.34,     3.11,  176.76,   32.05,  15.04, 1027.0,    0.09,  298.96,  292.50,  281.09,  285.64,  272.50,  283.90, 1002.54, 1043.38, 1021.21, 1042.70, 1048.04, 1071.51,  987.01,  966.87,   -45.4,   0,  GPS,   86.0, 111.40, 115.20, 125.300, 121.800,  0.329,       ,       ,      ,   15.3,   87.2,  -13.6,      0,  NONE,   NONE,      ,      ,   0.0, 3DDiff, 1852,      ,     12,  15.5,     20
2018-08-27, 16:46:06,  -04:00,    HTO,   40.8477097,  -72.6388779,    83.2, 30.07,    60.0,  31.0,   0.00,   0.00,    4.00,   0.43,  -0.46,   0.00,  -0.01,  56.9,  56.3,  27.7,  28.8,   2.6,  30.77,  31.32,     3.13,  176.81,   31.87,  15.04, 1023.0,    0.09,  299.06,  292.58,  281.12,  285.70,  272.53,  283.87, 1001.27, 1042.34, 1021.01, 1041.76, 1046.43, 1069.46,  985.86,  965.53,   -45.5,   0,  GPS,   86.0, 111.40, 115.20, 125.300, 121.800,  0.329,       ,       ,      ,   15.3,   87.2,  -13.6,      0,  NONE,   NONE,      ,      ,   0.0, 3DDiff, 1852,      ,     13,  15.5,     20
2018-08-27, 16:46:07,  -04:00,    HTO,   40.8477097,  -72.6388779,    83.2, 30.07,    59.9,  31.0,   0.00,   0.00,  -13.91,   0.43,  -0.46,   0.01,  -0.00,  56.9,  56.3,  27.7,  28.8,   2.6,  30.81,  31.31,     3.13,  176.86,   32.01,  15.02, 1027.1,    0.09,  299.15,  292.62,  281.16,  285.76,  272.56,  283.83,  999.85, 1040.68, 1020.67, 1040.09, 1043.40, 1067.89,  984.42,  964.62,   -45.6,   0,  GPS,   86.0, 111.40, 115.20, 125.300, 121.800,  0.329,       ,       ,      ,   15.3,   87.2,  -13.6,      0,  NONE,   NONE,      ,      ,   0.0, 3DDiff, 1852,      ,     13,  15.5,     20
2018-08-27, 16:46:08,  -04:00,    HTO,   40.8477097,  -72.6388779,    83.2, 30.07,    59.9,  31.0,   0.00,   0.00,    3.07,   0.43,  -0.48,   0.01,   0.00,  57.0,  56.3,  27.7,  28.8,   2.6,  30.82,  31.33,     3.11,  176.91,   32.13,  14.99, 1027.5,    0.09,  299.24,  292.71,  281.18,  285.82,  272.59,  283.78,  998.58, 1039.26, 1018.93, 1038.83, 1040.69, 1066.93,  983.61,  963.05,   -45.7,   0,  GPS,   86.0, 111.40, 115.20, 125.300, 121.800,  0.329,       ,       ,      ,   15.3,   87.2,  -13.6,      0,  NONE,   NONE,      ,      ,   0.0, 3DDiff, 1852,      ,     13,  15.5,     20
2018-08-27, 16:46:09,  -04:00,    HTO,   40.8477097,  -72.6388855,    82.2, 30.07,    59.8,  31.0,   0.00,   0.00,   -9.95,   0.47,  -0.46,  -0.00,  -0.00,  57.1,  56.3,  27.7,  28.8,   2.6,  30.84,  31.32,     3.14,  176.97,   32.32,  14.93, 1035.4,    0.09,  299.35,  292.77,  281.21,  285.91,  272.65,  283.74,  997.44, 1038.63, 1017.36, 1038.06, 1039.47, 1064.42,  982.26,  961.72,   -45.7,   0,  GPS,   86.0, 111.40, 115.20, 125.300, 121.800,  0.329,       ,       ,      ,   15.3,   87.2,  -13.6,      0,  NONE,   NONE,      ,      ,   0.0, 3DDiff, 1852,      ,     13,  16.0,     20
2018-08-27, 16:46:10,  -04:00,    HTO,   40.8477097,  -72.6388779,    83.2, 30.07,    60.5,  31.0,   0.00,   0.00,  -12.94,   0.44,  -0.51,   0.01,   0.00,  57.0,  56.3,  27.7,  28.8,   2.6,  30.92,  31.34,     3.15,  177.03,   32.70,  14.83, 1042.2,    0.09,  299.42,  292.86,  281.27,  285.97,  272.68,  283.72,  996.20, 1039.06, 1016.83, 1037.04, 1038.98, 1063.26,  981.42,  960.43,   -45.0,   0,  GPS,   86.0, 111.40, 115.20, 125.300, 121.800,  0.329,       ,       ,      ,   15.3,   87.2,  -13.6,      0,  NONE,   NONE,      ,      ,   0.0, 3DDiff, 1852,      ,     12,  15.5,     20
2018-08-27, 16:46:11,  -04:00,    HTO,   40.8477097,  -72.6388855,    84.2, 30.07,    61.8,  31.0,   0.00,   0.00,   12.07,   0.45,  -0.47,   0.01,  -0.01,  57.1,  56.3,  27.7,  28.8,   2.6,  31.04,  31.36,     3.13,  177.10,   32.51,  14.88, 1037.0,    0.09,  299.51,  292.92,  281.30,  286.03,  272.71,  283.69,  995.75, 1039.69, 1017.46, 1036.48, 1038.04, 1062.78,  980.96,  960.46,   -43.7,   0,  GPS,   86.0, 111.40, 115.20, 125.300, 121.800,  0.329,       ,       ,      ,   15.3,   87.2,  -13.6,      0,  NONE,   NONE,      ,      ,   0.0, 3DDiff, 1852,      ,     12,  15.5,     20
2018-08-27, 16:46:12,  -04:00,    HTO,   40.8477097,  -72.6388855,    82.2, 30.07,    61.9,  31.0,   0.00,   0.00,  -14.72,   0.44,  -0.46,   0.00,   0.00,  57.1,  56.3,  27.7,  28.8,   2.6,  31.11,  31.38,     3.11,  177.16,   32.51,  14.90, 1034.1,    0.09,  299.60,  293.00,  281.31,  286.07,  272.75,  283.65,  995.32, 1038.44, 1018.40, 1035.64, 1036.37, 1063.16,  980.56,  960.11,   -43.6,   0,  GPS,   86.0, 111.40, 115.20, 125.300, 121.800,  0.329,       ,       ,      ,   15.3,   87.2,  -13.6,      0,  NONE,   NONE,      ,      ,   0.0, 3DDiff, 1852,      ,     12,  15.5,     20
2018-08-27, 16:46:13,  -04:00,    HTO,   40.8477097,  -72.6388855,    83.2, 30.07,    62.0,  31.0,   0.00,   0.00,  -18.43,   0.45,  -0.44,   0.01,  -0.00,  57.2,  56.3,  27.7,  28.8,   2.6,  31.21,  31.41,     3.13,  177.26,   32.36,  14.95, 1031.6,    0.09,  299.69,  293.05,  281.35,  286.15,  272.80,  283.62,  994.55, 1038.14, 1017.02, 1036.36, 1034.88, 1063.91,  980.08,  959.27,   -43.5,   0,  GPS,   86.0, 111.40, 115.20, 125.300, 121.800,  0.329,       ,       ,      ,   15.3,   87.2,  -13.6,      0,  NONE,   NONE,      ,      ,   0.0, 3DDiff, 1852,      ,     13,  15.5,     20
2018-08-27, 16:46:14,  -04:00,    HTO,   40.8477097,  -72.6388855,    83.2, 30.07,    62.2,  31.0,   0.00,   0.00,   -7.99,   0.45,  -0.44,   0.01,   0.01,  57.1,  56.3,  27.7,  28.8,   2.6,  31.28,  31.43,     3.11,  177.33,   31.94,  15.06, 1023.1,    0.09,  299.78,  293.13,  281.40,  286.21,  272.84,  283.56,  994.75, 1037.53, 1016.61, 1036.23, 1035.44, 1061.92,  979.56,  959.33,   -43.3,   0,  GPS,   86.0, 111.40, 115.20, 125.300, 121.800,  0.329,       ,       ,      ,   15.3,   87.2,  -13.6,      0,  NONE,   NONE,      ,      ,   0.0, 3DDiff, 1852,      ,     13,  15.5,     20
2018-08-27, 16:46:15,  -04:00,    HTO,   40.8477097,  -72.6388855,    83.2, 30.07,    61.8,  31.0,   0.00,   0.00,   -6.84,   0.48,  -0.44,   0.02,  -0.00,  57.2,  56.3,  27.7,  28.8,   2.6,  31.35,  31.45,     3.10,  177.37,   32.08,  15.01, 1027.5,    0.09,  299.85,  293.19,  281.42,  286.28,  272.89,  283.51,  993.83, 1036.79, 1015.25, 1035.74, 1035.24, 1061.53,  978.65,  958.26,   -43.7,   0,  GPS,   86.0, 111.40, 115.20, 125.300, 121.800,  0.329,       ,       ,      ,   15.3,   87.2,  -13.6,      0,  NONE,   NONE,      ,      ,   0.0, 3DDiff, 1852,      ,     13,  16.0,     20
2018-08-27, 16:46:16,  -04:00,    HTO,   40.8477097,  -72.6388855,    83.2, 30.07,    61.1,  31.0,   0.00,   0.00,  -11.28,   0.48,  -0.45,   0.00,  -0.01,  57.2,  56.3,  27.7,  28.8,   2.6,  31.44,  31.47,     3.11,  177.47,   32.19,  14.97, 1030.7,    0.09,  299.94,  293.25,  281.44,  286.34,  272.93,  283.47,  993.28, 1037.08, 1014.47, 1035.02, 1035.13, 1061.99,  979.13,  957.34,   -44.4,   0,  GPS,   86.0, 111.40, 115.20, 125.300, 121.800,  0.329,       ,       ,      ,   15.3,   87.2,  -13.6,      0,  NONE,   NONE,      ,      ,   0.0, 3DDiff, 1852,      ,     12,  15.5,     20
2018-08-27, 16:46:17,  -04:00,    HTO,   40.8477097,  -72.6388779,    84.2, 30.07,    60.0,  31.2,   0.00,   0.00,   -1.35,   0.48,  -0.44,   0.01,  -0.00,  57.3,  56.3,  27.7,  28.8,   2.6,  31.48,  31.50,     3.13,  177.52,   32.21,  15.00, 1030.9,    0.09,  300.03,  293.31,  281.48,  286.40,  272.95,  283.42,  993.39, 1037.28, 1014.94, 1033.90, 1035.85, 1060.99,  978.57,  957.75,   -45.5,   0,  GPS,   86.0, 111.40, 115.20, 125.300, 121.800,  0.329,       ,       ,      ,   15.3,   87.2,  -13.6,      0,  NONE,   NONE,      ,      ,   0.0, 3DDiff, 1852,      ,     12,  15.5,     20
2018-08-27, 16:46:18,  -04:00,    HTO,   40.8477097,  -72.6388779,    84.2, 30.07,    59.9,  31.2,   0.00,   0.00,   11.67,   0.43,  -0.45,   0.01,  -0.01,  57.3,  56.3,  27.7,  28.8,   2.6,  31.54,  31.51,     3.69,  177.57,   36.02,  17.49, 1204.6,    0.14,  300.07,  293.37,  281.53,  286.46,  272.99,  283.38,  998.50, 1040.78, 1017.14, 1037.81, 1039.21, 1060.60,  980.23,  962.61,   -45.6,   0,  GPS,   86.0, 111.40, 115.20, 125.300, 121.800,  0.329,       ,       ,      ,   15.3,   87.2,  -13.6,      0,  NONE,   NONE,      ,      ,   0.0, 3DDiff, 1852,      ,     12,  15.5,     20
2018-08-27, 16:46:19,  -04:00,    HTO,   40.8477097,  -72.6388779,    87.2, 30.07,    59.9,  31.2,   0.00,   0.00,   81.44,   0.15,  -0.47,   0.02,   0.01,  57.3,  56.3,  27.8,  28.8,   2.7,  31.59,  31.54,     4.81,  177.65,   42.91,  17.44, 1430.1,    0.18,  300.17,  293.43,  281.55,  286.52,  273.04,  283.38, 1018.63, 1061.52, 1036.03, 1057.38, 1057.34, 1074.17,  997.49,  989.90,   -45.7,   0,  GPS,   86.0, 111.40, 115.20, 125.300, 121.800,  0.329,       ,       ,      ,   15.3,   87.2,  -13.6,      0,  NONE,   NONE,      ,      ,   0.0, 3DDiff, 1852,      ,     13,  15.5,     20
2018-08-27, 16:46:20,  -04:00,    HTO,   40.8477097,  -72.6388779,    89.2, 30.07,    59.8,  31.2,   0.00,   0.00,  134.01,   0.05,  -0.45,   0.00,   0.00,  57.3,  56.3,  27.8,  28.8,   2.6,  31.65,  31.55,     5.69,  177.73,   46.30,  17.41, 1527.3,    0.21,  300.26,  293.52,  281.63,  286.58,  273.07,  283.39, 1040.31, 1083.14, 1060.21, 1077.00, 1080.65, 1091.64, 1018.84, 1022.30,   -45.7,   0,  GPS,   86.0, 111.40, 115.20, 125.300, 121.800,  0.329,       ,       ,      ,   15.3,   87.2,  -13.6,      0,  NONE,   NONE,      ,      ,   0.0, 3DDiff, 1852,      ,     13,  16.0,     20
2018-08-27, 16:46:21,  -04:00,    HTO,   40.8477097,  -72.6388779,    89.2, 30.07,    60.5,  31.2,   0.00,   0.00,   87.84,  -0.05,  -0.48,   0.02,   0.01,  57.3,  56.3,  27.7,  28.8,   2.6,  31.68,  31.58,     6.54,  177.85,   48.20,  17.77, 1600.0,    0.24,  300.32,  293.58,  281.72,  286.67,  273.19,  283.49, 1062.69, 1103.89, 1086.46, 1098.17, 1105.83, 1111.83, 1041.80, 1059.98,   -45.0,   0,  GPS,   86.0, 111.40, 115.20, 125.300, 121.800,  0.329,       ,       ,      ,   15.3,   87.2,  -13.6,      0,  NONE,   NONE,      ,      ,   0.0, 3DDiff, 1852,      ,     13,  16.5,     20
2018-08-27, 16:46:22,  -04:00,    HTO,   40.8477097,  -72.6388779,    88.2, 30.07,    61.1,  31.2,   0.00,   0.00,   20.81,  -0.04,  -0.52,   0.03,  -0.02,  57.3,  56.3,  27.7,  28.8,   2.6,  31.66,  31.57,     6.95,  177.93,   49.13,  17.52, 1645.0,    0.24,  300.40,  293.68,  281.84,  286.78,  273.28,  283.58, 1082.98, 1123.40, 1105.71, 1115.29, 1126.95, 1129.01, 1063.68, 1086.75,   -44.3,   0,  GPS,   86.0, 111.40, 115.20, 125.300, 121.800,  0.329,       ,       ,      ,   15.3,   87.2,  -13.6,      0,  NONE,   NONE,      ,      ,   0.0, 3DDiff, 1852,      ,     12,  16.0,     20
2018-08-27, 16:46:23,  -04:00,    HTO,   40.8477097,  -72.6388855,    91.2, 30.07,    61.9,  31.2,   0.00,   0.00,   35.56,  -0.04,  -0.45,  -0.01,   0.02,  57.3,  56.3,  27.7,  28.8,   2.6,  31.71,  31.58,     7.14,  177.94,   49.65,  17.30, 1659.1,    0.24,  300.50,  293.79,  281.99,  286.91,  273.42,  283.70, 1101.17, 1139.07, 1123.72, 1129.24, 1146.11, 1142.66, 1080.27, 1113.71,   -43.6,   0,  GPS,   86.0, 111.40, 115.20, 125.300, 121.800,  0.329,       ,       ,      ,   15.3,   87.2,  -13.6,      0,  NONE,   NONE,      ,      ,   0.0, 3DDiff, 1852,      ,     12,  15.5,     20
2018-08-27, 16:46:24,  -04:00,    HTO,   40.8477097,  -72.6388855,    90.2, 30.07,    61.9,  31.2,   0.00,   0.00,   35.67,  -0.07,  -0.46,   0.01,  -0.02,  57.3,  56.3,  27.7,  28.8,   2.6,  31.71,  31.58,     7.24,  177.90,   50.01,  17.23, 1672.7,    0.25,  300.57,  293.92,  282.14,  287.06,  273.58,  283.86, 1116.26, 1152.50, 1138.58, 1141.79, 1161.37, 1154.70, 1097.63, 1133.93,   -43.6,   0,  GPS,   86.0, 111.40, 115.20, 125.300, 121.800,  0.329,       ,       ,      ,   15.3,   87.2,  -13.6,      0,  NONE,   NONE,      ,      ,  -3.9, 3DDiff, 1852,      ,     13,  16.0,     20
2018-08-27, 16:46:25,  -04:00,    HTO,   40.8477097,  -72.6388855,    90.2, 30.07,    62.0,  31.2,   0.00,   0.00,   -5.00,  -0.05,  -0.46,  -0.01,  -0.01,  57.3,  56.3,  27.7,  28.8,   2.6,  31.72,  31.57,     7.24,  177.83,   50.06,  17.31, 1666.8,    0.25,  300.65,  294.07,  282.37,  287.23,  273.78,  284.01, 1131.69, 1164.82, 1151.63, 1153.72, 1174.58, 1165.58, 1111.56, 1153.47,   -43.5,   0,  GPS,   86.0, 111.40, 115.20, 125.300, 121.800,  0.329,       ,       ,      ,   15.3,   87.2,  -13.6,      0,  NONE,   NONE,      ,      ,   0.0, 3DDiff, 1852,      ,     13,  16.0,     20
2018-08-27, 16:46:26,  -04:00,    HTO,   40.8477097,  -72.6388855,    89.2, 30.07,    62.2,  31.2,   0.00,   0.00,   -5.75,  -0.05,  -0.47,   0.01,  -0.01,  57.3,  56.3,  27.7,  28.8,   2.6,  31.76,  31.58,     7.27,  177.74,   50.05,  17.37, 1661.4,    0.25,  300.75,  294.24,  282.56,  287.38,  273.96,  284.19, 1148.49, 1181.65, 1169.64, 1169.22, 1196.18, 1183.04, 1128.70, 1176.87,   -43.3,   0,  GPS,   86.0, 111.40, 115.20, 125.300, 121.800,  0.329,       ,       ,      ,   15.3,   87.2,  -13.6,      0,  NONE,   NONE,      ,      ,   0.0, 3DDiff, 1852,      ,     13,  16.0,     20
2018-08-27, 16:46:27,  -04:00,    HTO,   40.8477097,  -72.6388855,    86.2, 30.07,    60.6,  31.2,   0.00,   0.00, -109.78,  -0.04,  -0.48,   0.01,   0.01,  57.3,  56.3,  27.7,  28.8,   2.6,  31.76,  31.60,     7.34,  177.65,   50.13,  17.22, 1677.0,    0.25,  300.84,  294.40,  282.80,  287.59,  274.18,  284.37, 1164.37, 1195.28, 1184.27, 1182.18, 1213.55, 1197.30, 1143.65, 1195.22,   -44.9,   0,  GPS,   86.0, 111.40, 115.20, 125.300, 121.800,  0.329,       ,       ,      ,   15.3,   87.2,  -13.6,      0,  NONE,   NONE,      ,      ,   0.0, 3DDiff, 1852,      ,     13,  16.5,     20
2018-08-27, 16:46:28,  -04:00,    HTO,   40.8477097,  -72.6388855,    89.2, 30.07,    59.8,  31.2,   0.00,   0.00,  -33.78,  -0.09,  -0.45,   0.01,  -0.02,  57.3,  56.3,  27.7,  28.8,   2.6,  31.79,  31.59,     7.35,  177.61,   50.26,  17.09, 1689.1,    0.25,  300.91,  294.57,  283.01,  287.76,  274.36,  284.55, 1170.86, 1201.38, 1188.83, 1186.70, 1219.88, 1200.16, 1151.59, 1201.61,   -45.7,   0,  GPS,   86.0, 111.40, 115.20, 125.300, 121.800,  0.329,       ,       ,      ,   15.3,   87.2,  -13.6,      0,  NONE,   NONE,      ,      ,   0.0, 3DDiff, 1852,      ,     12,  16.0,     20
2018-08-27, 16:46:29,  -04:00,    HTO,   40.8477097,  -72.6388855,    87.2, 30.07,    58.2,  31.2,   0.00,   0.00,  -19.59,  -0.05,  -0.46,   0.01,   0.02,  57.3,  56.3,  27.7,  28.8,   2.5,  31.77,  31.56,     7.36,  177.57,   49.97,  17.48, 1653.3,    0.25,  301.05,  294.78,  283.26,  287.96,  274.60,  284.70, 1180.63, 1213.15, 1198.09, 1199.55, 1230.32, 1212.97, 1163.51, 1214.36,   -47.3,   0,  GPS,   86.0, 111.40, 115.20, 125.300, 121.800,  0.329,       ,       ,      ,   15.3,   87.2,  -13.6,      0,  NONE,   NONE,      ,      ,   0.0, 3DDiff, 1852,      ,     12,  15.5,     20
2018-08-27, 16:46:30,  -04:00,    HTO,   40.8477097,  -72.6388855,    89.2, 30.07,    57.8,  31.2,   0.00,   0.00,    8.91,  -0.09,  -0.47,   0.01,  -0.00,  57.3,  56.3,  27.7,  28.8,   2.6,  31.76,  31.56,     7.32,  177.56,   49.91,  17.43, 1657.0,    0.25,  301.17,  294.97,  283.52,  288.16,  274.84,  284.89, 1189.51, 1225.95, 1207.01, 1212.32, 1238.17, 1225.05, 1176.95, 1224.29,   -47.7,   0,  GPS,   86.0, 111.40, 115.20, 125.300, 121.800,  0.329,       ,       ,      ,   15.3,   87.2,  -13.6,      0,  NONE,   NONE,      ,      ,   0.0, 3DDiff, 1852,      ,     13,  16.0,     20
2018-08-27, 16:46:31,  -04:00,    HTO,   40.8477097,  -72.6388855,    87.2, 30.07,    57.5,  31.2,   0.00,   0.00,  -10.63,  -0.05,  -0.45,   0.02,  -0.01,  57.3,  56.3,  27.7,  28.8,   2.6,  31.76,  31.56,     7.40,  177.59,   50.17,  17.12, 1690.2,    0.25,  301.29,  295.16,  283.76,  288.34,  275.06,  285.07, 1194.12, 1230.04, 1210.94, 1215.67, 1242.18, 1227.58, 1182.56, 1229.65,   -48.0,   0,  GPS,   86.0, 111.40, 115.20, 125.300, 121.800,  0.329,       ,       ,      ,   15.3,   87.2,  -13.6,      0,  NONE,   NONE,      ,      ,   0.0, 3DDiff, 1852,      ,     13,  16.0,     20
2018-08-27, 16:46:32,  -04:00,    HTO,   40.8477097,  -72.6388855,    87.2, 30.07,    57.1,  31.2,   0.00,   0.00,  -39.66,  -0.23,  -0.48,   0.00,   0.01,  57.3,  56.3,  27.7,  28.8,   2.6,  31.77,  31.55,     7.40,  177.57,   50.28,  17.00, 1700.5,    0.25,  301.39,  295.38,  284.00,  288.56,  275.26,  285.27, 1196.77, 1229.15, 1213.04, 1216.36, 1242.22, 1227.16, 1184.26, 1232.15,   -48.3,   0,  GPS,   86.0, 111.40, 115.20, 125.300, 121.800,  0.329,       ,       ,      ,   15.3,   87.2,  -13.6,      0,  NONE,   NONE,      ,      ,  -3.9, 3DDiff, 1852,      ,     13,  16.0,     20
2018-08-27, 16:46:33,  -04:00,    HTO,   40.8477097,  -72.6388855,    89.2, 30.07,    59.7,  31.2,   0.00,   0.00,   16.81,  -0.15,  -0.46,  -0.00,  -0.01,  57.3,  56.3,  27.7,  28.8,   2.6,  31.79,  31.55,     7.39,  177.58,   50.21,  17.09, 1692.8,    0.25,  301.54,  295.57,  284.24,  288.78,  275.51,  285.45, 1199.10, 1229.16, 1214.25, 1217.67, 1243.36, 1227.52, 1185.91, 1235.28,   -45.7,   0,  GPS,   86.0, 111.40, 115.20, 125.300, 121.800,  0.329,       ,       ,      ,   15.3,   87.2,  -13.6,      0,  NONE,   NONE,      ,      ,   0.0, 3DDiff, 1852,      ,     13,  16.5,     20
2018-08-27, 16:46:34,  -04:00,    HTO,   40.8477097,  -72.6388779,    91.2, 30.07,    60.5,  31.2,   0.00,   0.00,   70.19,  -0.15,  -0.46,   0.00,  -0.01,  57.3,  56.3,  27.7,  28.8,   2.5,  31.81,  31.53,     7.38,  177.60,   50.15,  17.08, 1684.8,    0.25,  301.69,  295.81,  284.51,  288.98,  275.74,  285.64, 1201.28, 1228.95, 1214.77, 1218.61, 1243.59, 1227.51, 1187.65, 1237.28,   -45.0,   0,  GPS,   86.0, 111.40, 115.20, 125.300, 121.800,  0.329,       ,       ,      ,   15.3,   87.2,  -13.6,      0,  NONE,   NONE,      ,      ,   0.0, 3DDiff, 1852,      ,     12,  16.0,     20
2018-08-27, 16:46:35,  -04:00,    HTO,   40.8477097,  -72.6388855,    89.2, 30.07,    61.8,  31.2,   0.00,   0.00,   39.50,  -0.10,  -0.47,  -0.00,   0.01,  57.4,  56.3,  27.7,  28.8,   2.5,  31.74,  31.55,     6.40,  177.59,   49.11,  14.81, 1558.2,    0.18,  301.84,  296.01,  284.76,  289.22,  275.99,  285.84, 1199.05, 1226.74, 1210.85, 1216.33, 1240.48, 1224.44, 1185.85, 1230.18,   -43.6,   0,  GPS,   86.0, 111.40, 115.20, 125.300, 121.800,  0.329,       ,       ,      ,   15.3,   87.2,  -13.6,      0,  NONE,   NONE,      ,      ,   0.0, 3DDiff, 1852,      ,     12,  15.5,     20
2018-08-27, 16:46:36,  -04:00,    HTO,   40.8477097,  -72.6388855,    87.2, 30.07,    62.1,  31.2,   0.00,   0.00,  -49.13,   0.05,  -0.49,   0.00,  -0.00,  57.4,  56.3,  27.7,  28.8,   2.5,  31.78,  31.56,     5.09,  177.59,   46.58,  14.60, 1346.0,    0.14,  301.99,  296.26,  285.03,  289.41,  276.25,  286.03, 1186.81, 1216.83, 1196.15, 1204.23, 1226.01, 1213.02, 1172.87, 1204.93,   -43.4,   0,  GPS,   86.0, 111.40, 115.20, 125.300, 121.800,  0.329,       ,       ,      ,   15.3,   87.2,  -13.6,      0,  NONE,   NONE,      ,      ,   0.0, 3DDiff, 1852,      ,     13,  16.0,     20
2018-08-27, 16:46:37,  -04:00,    HTO,   40.8477097,  -72.6388855,    85.2, 30.07,    62.3,  31.2,   0.00,   0.00,  -93.32,   0.16,  -0.44,  -0.01,   0.00,  57.4,  56.3,  27.7,  28.8,   2.5,  31.81,  31.57,     4.24,  177.61,   41.87,  14.47, 1175.1,    0.11,  302.14,  296.46,  285.27,  289.63,  276.47,  286.18, 1169.26, 1201.22, 1180.09, 1188.68, 1211.09, 1199.81, 1154.96, 1180.50,   -43.2,   0,  GPS,   86.0, 111.40, 115.20, 125.300, 121.800,  0.329,       ,       ,      ,   15.3,   87.2,  -13.6,      0,  NONE,   NONE,      ,      ,   0.0, 3DDiff, 1852,      ,     13,  16.0,     20
2018-08-27, 16:46:38,  -04:00,    HTO,   40.8477097,  -72.6388855,    84.2, 30.07,    62.5,  31.2,   0.00,   0.00,  -99.50,   0.26,  -0.46,  -0.00,  -0.01,  57.4,  56.3,  27.7,  28.8,   2.5,  31.87,  31.56,     3.63,  177.62,   36.66,  14.90, 1077.1,    0.10,  302.32,  296.67,  285.51,  289.86,  276.68,  286.27, 1151.66, 1183.98, 1164.95, 1171.27, 1194.50, 1186.67, 1136.73, 1154.96,   -43.0,   0,  GPS,   86.0, 111.40, 115.20, 125.300, 121.800,  0.329,       ,       ,      ,   15.3,   87.2,  -13.6,      0,  NONE,   NONE,      ,      ,  -3.9, 3DDiff, 1852,      ,     13,  16.0,     20
2018-08-27, 16:46:39,  -04:00,    HTO,   40.8477097,  -72.6388855,    84.2, 30.07,    60.1,  31.2,   0.00,   0.00,  -69.49,   0.22,  -0.44,   0.02,   0.01,  57.4,  56.3,  27.7,  28.8,   2.5,  31.89,  31.55,     3.40,  177.62,   34.08,  15.12, 1058.8,    0.10,  302.48,  296.87,  285.67,  290.01,  276.87,  286.31, 1136.48, 1167.33, 1149.91, 1156.13, 1176.79, 1173.01, 1120.01, 1131.39,   -45.4,   0,  GPS,   86.0, 111.40, 115.20, 125.300, 121.800,  0.329,       ,       ,      ,   15.3,   87.2,  -13.6,      0,  NONE,   NONE,      ,      ,   0.0, 3DDiff, 1852,      ,     13,  16.5,     20
2018-08-27, 16:46:40,  -04:00,    HTO,   40.8477097,  -72.6388855,    83.2, 30.07,    59.2,  31.2,   0.00,   0.00,  -61.41,   0.32,  -0.45,   0.01,  -0.01,  57.4,  56.3,  27.7,  28.8,   2.5,  31.87,  31.53,     3.31,  177.65,   33.46,  15.05, 1062.4,    0.10,  302.63,  297.05,  285.84,  290.16,  277.02,  286.35, 1123.37, 1152.31, 1136.95, 1143.17, 1160.55, 1162.11, 1105.55, 1112.87,   -46.2,   0,  GPS,   86.0, 111.40, 115.20, 125.300, 121.800,  0.329,       ,       ,      ,   15.3,   87.2,  -13.6,      0,  NONE,   NONE,      ,      ,   0.0, 3DDiff, 1852,      ,     12,  16.0,     20
2018-08-27, 16:46:41,  -04:00,    HTO,   40.8477097,  -72.6388855,    82.2, 30.07,    58.4,  31.2,   0.00,   0.00,  -70.19,   0.27,  -0.46,   0.01,   0.01,  57.4,  56.3,  27.7,  28.8,   2.5,  31.89,  31.53,     3.27,  177.68,   33.48,  14.94, 1072.8,    0.10,  302.80,  297.21,  285.97,  290.29,  277.16,  286.35, 1112.77, 1139.56, 1126.54, 1131.45, 1148.74, 1151.07, 1092.60, 1099.29,   -47.1,   0,  GPS,   86.0, 111.40, 115.20, 125.300, 121.800,  0.329,       ,       ,      ,   15.3,   87.2,  -13.6,      0,  NONE,   NONE,      ,      ,   3.9, 3DDiff, 1852,      ,     12,  16.0,     20
2018-08-27, 16:46:42,  -04:00,    HTO,   40.8477097,  -72.6388855,    83.2, 30.07,    58.2,  31.2,   0.00,   0.00,  -34.16,   0.32,  -0.43,   0.00,  -0.01,  57.4,  56.3,  27.7,  28.8,   2.5,  31.93,  31.55,     3.26,  177.75,   33.48,  14.92, 1072.2,    0.10,  302.96,  297.34,  286.09,  290.43,  277.26,  286.36, 1101.95, 1128.37, 1116.14, 1122.23, 1138.64, 1141.84, 1081.47, 1085.07,   -47.3,   0,  GPS,   86.0, 111.40, 115.20, 125.300, 121.800,  0.329,       ,       ,      ,   15.3,   87.2,  -13.6,      0,  NONE,   NONE,      ,      ,   3.9, 3DDiff, 1852,      ,     13,  16.0,     20
2018-08-27, 16:46:43,  -04:00,    HTO,   40.8477097,  -72.6388855,    82.2, 30.07,    58.0,  31.2,   0.00,   0.00,  -21.76,   0.31,  -0.42,   0.01,  -0.00,  57.4,  56.3,  27.7,  28.8,   2.5,  31.97,  31.56,     3.26,  177.81,   33.28,  14.95, 1069.3,    0.10,  303.12,  297.51,  286.18,  290.53,  277.37,  286.34, 1092.23, 1118.49, 1107.07, 1114.01, 1129.26, 1132.95, 1071.60, 1072.01,   -47.5,   0,  GPS,   86.0, 111.40, 115.20, 125.300, 121.800,  0.329,       ,       ,      ,   15.3,   87.2,  -13.6,      0,  NONE,   NONE,      ,      ,   3.9, 3DDiff, 1852,      ,     13,  16.0,     20
2018-08-27, 16:46:44,  -04:00,    HTO,   40.8477097,  -72.6388779,    83.2, 30.07,    57.8,  31.5,   0.00,   0.00,  -17.03,   0.34,  -0.42,   0.01,  -0.00,  57.4,  56.3,  27.7,  28.8,   2.6,  32.00,  31.58,     3.26,  177.91,   33.16,  14.98, 1064.4,    0.10,  303.26,  297.63,  286.27,  290.65,  277.44,  286.31, 1083.73, 1110.68, 1100.18, 1106.06, 1119.40, 1125.89, 1063.46, 1061.97,   -47.7,   0,  GPS,   86.0, 111.40, 115.20, 125.300, 121.800,  0.329,       ,       ,      ,   15.3,   87.2,  -13.6,      0,  NONE,   NONE,      ,      ,   3.9, 3DDiff, 1852,      ,     13,  16.0,     20
2018-08-27, 16:46:45,  -04:00,    HTO,   40.8477097,  -72.6388855,    84.2, 30.07,    60.5,  31.5,   0.00,   0.00,   10.13,   0.35,  -0.40,   0.01,   0.00,  57.4,  56.3,  27.7,  28.8,   2.6,  31.99,  31.60,     3.24,  178.00,   33.09,  15.00, 1067.2,    0.10,  303.45,  297.76,  286.33,  290.74,  277.52,  286.28, 1077.71, 1104.32, 1092.76, 1100.39, 1111.84, 1119.60, 1056.10, 1053.22,   -45.0,   0,  GPS,   86.0, 111.40, 115.20, 125.300, 121.800,  0.329,       ,       ,      ,   15.3,   87.2,  -13.6,      0,  NONE,   NONE,      ,      ,   3.9, 3DDiff, 1852,      ,     13,  16.5,     20
2018-08-27, 16:46:46,  -04:00,    HTO,   40.8477097,  -72.6388779,    84.2, 30.07,    61.3,  31.5,   0.00,   0.00,   15.69,   0.33,  -0.40,   0.00,  -0.00,  57.4,  56.3,  27.7,  28.8,   2.6,  32.02,  31.62,     3.25,  178.11,   33.07,  15.00, 1064.9,    0.10,  303.57,  297.85,  286.40,  290.81,  277.59,  286.25, 1072.08, 1097.98, 1086.99, 1095.21, 1105.25, 1114.18, 1049.22, 1045.40,   -44.1,   0,  GPS,   86.0, 111.40, 115.20, 125.300, 121.800,  0.329,       ,       ,      ,   15.3,   87.2,  -13.6,      0,    TO,     TO,  -0.4,   7.0,   3.9, 3DDiff, 1852,      ,     12,  16.0,     20
2018-08-27, 16:46:47,  -04:00,    HTO,   40.8477097,  -72.6388855,    85.2, 30.07,    62.5,  31.5,   0.00,   0.00,   20.34,   0.33,  -0.42,   0.01,   0.01,  57.4,  56.3,  27.7,  28.8,   2.6,  32.05,  31.62,     3.27,  178.22,   32.98,  15.03, 1061.6,    0.10,  303.77,  297.99,  286.48,  290.89,  277.65,  286.19, 1066.29, 1092.47, 1079.77, 1090.89, 1098.91, 1109.43, 1043.22, 1036.96,   -43.0,   0,  GPS,   86.0, 111.40, 115.20, 125.300, 121.800,  0.329,       ,       ,      ,   15.3,   87.2,  -13.6,      0,    TO,     TO,  -0.2,   7.0,   0.0, 3DDiff, 1852,      ,     12,  16.0,     20
2018-08-27, 16:46:48,  -04:00,    HTO,   40.8477097,  -72.6388855,    84.2, 30.07,    62.8,  31.5,   0.00,   0.00,   14.06,   0.34,  -0.38,   0.00,  -0.00,  57.5,  56.3,  27.7,  28.8,   2.5,  32.09,  31.63,     3.25,  178.31,   32.63,  15.15, 1050.0,    0.10,  303.91,  298.06,  286.52,  290.98,  277.69,  286.16, 1061.12, 1087.46, 1075.34, 1087.89, 1093.61, 1106.91, 1038.72, 1030.33,   -42.7,   0,  GPS,   86.0, 111.40, 115.20, 125.300, 121.800,  0.329,       ,       ,      ,   15.3,   87.2,  -13.6,      0,    TO,     TO,  -0.1,   7.0,   0.0, 3DDiff, 1852,      ,     13,  16.0,     20
2018-08-27, 16:46:49,  -04:00,    HTO,   40.8477097,  -72.6388855,    84.2, 30.07,    63.1,  31.5,   0.00,   0.00,    2.56,   0.33,  -0.35,   0.01,  -0.00,  57.6,  56.3,  27.7,  28.8,   2.6,  32.12,  31.62,     3.25,  178.37,   32.68,  15.09, 1056.6,    0.10,  304.02,  298.18,  286.57,  291.04,  277.74,  286.10, 1057.68, 1082.15, 1070.77, 1083.89, 1088.33, 1103.53, 1033.42, 1025.30,   -42.4,   0,  GPS,   86.0, 111.40, 115.20, 125.300, 121.800,  0.329,       ,       ,      ,   15.3,   87.2,  -13.6,      0,    TO,     TO,  -0.0,   7.0,   0.0, 3DDiff, 1852,      ,     13,  16.0,     20
2018-08-27, 16:46:50,  -04:00,    HTO,   40.8477097,  -72.6388855,    84.2, 30.07,    63.5,  31.5,   0.00,   0.00,  -13.46,   0.40,  -0.33,   0.01,  -0.01,  57.8,  56.3,  27.7,  28.8,   2.6,  32.14,  31.62,     3.24,  178.46,   32.72,  15.06, 1057.6,    0.10,  304.17,  298.27,  286.60,  291.11,  277.80,  286.04, 1054.47, 1077.22, 1068.49, 1081.19, 1084.78, 1099.31, 1028.54, 1021.47,   -42.0,   0,  GPS,   86.0, 111.40, 115.20, 125.300, 121.800,  0.329,       ,       ,      ,   15.3,   87.2,  -13.6,      0,    TO,     TO,   0.0,   7.0,   3.9, 3DDiff, 1852,      ,     13,  16.0,     20
2018-08-27, 16:46:51,  -04:00,    HTO,   40.8477097,  -72.6388779,    84.2, 30.07,    61.1,  31.5,   0.00,   0.00,  -15.86,   0.42,  -0.40,   0.01,   0.01,  57.7,  56.3,  27.7,  28.8,   2.6,  32.16,  31.61,     3.23,  178.52,   32.62,  15.10, 1055.8,    0.10,  304.30,  298.36,  286.63,  291.17,  277.86,  286.01, 1050.76, 1072.93, 1065.57, 1078.11, 1082.86, 1095.80, 1024.43, 1017.24,   -44.4,   0,  GPS,   86.0, 111.40, 115.20, 125.300, 121.800,  0.329,       ,       ,      ,   15.3,   87.2,  -13.6,      0,    TO,     TO,   0.0,   7.0,   3.9, 3DDiff, 1852,      ,     13,  16.5,     20
2018-08-27, 16:46:52,  -04:00,    HTO,   40.8477097,  -72.6388855,    83.2, 30.07,    60.5,  31.5,   0.00,   0.00,  -25.49,   0.40,  -0.33,   0.01,  -0.00,  57.8,  56.3,  27.7,  28.8,   2.6,  32.17,  31.60,     3.24,  178.61,   32.66,  15.09, 1056.1,    0.10,  304.46,  298.48,  286.69,  291.23,  277.89,  285.95, 1047.38, 1069.48, 1061.36, 1075.12, 1077.86, 1091.45, 1020.99, 1012.16,   -45.0,   0,  GPS,   86.0, 111.40, 115.20, 125.300, 121.800,  0.329,       ,       ,      ,   15.3,   87.2,  -13.6,      0,    TO,     TO,   0.0,   7.0,   0.0, 3DDiff, 1852,      ,     12,  16.0,     20
2018-08-27, 16:46:53,  -04:00,    HTO,   40.8477097,  -72.6388779,    83.2, 30.07,    58.5,  31.5,   0.00,   0.00,  -29.47,   0.38,  -0.33,   0.01,   0.00,  57.8,  56.3,  27.7,  28.8,   2.6,  32.19,  31.59,     3.25,  178.69,   32.54,  15.17, 1049.1,    0.10,  304.57,  298.55,  286.72,  291.28,  277.94,  285.90, 1043.75, 1067.56, 1058.80, 1072.83, 1076.71, 1086.93, 1018.12, 1009.00,   -47.0,   0,  GPS,   86.0, 111.40, 115.20, 125.300, 121.800,  0.329,       ,       ,      ,   15.3,   87.2,  -13.6,      0,    TO,     TO,   0.0,   7.0,   3.9, 3DDiff, 1852,      ,     12,  16.0,     20
2018-08-27, 16:46:54,  -04:00,    HTO,   40.8477097,  -72.6388779,    83.2, 30.07,    58.1,  31.5,   0.00,   0.00,  -20.52,   0.41,  -0.34,   0.00,  -0.01,  57.8,  56.3,  27.7,  28.8,   2.6,  32.21,  31.58,     3.23,  178.76,   32.61,  15.08, 1057.5,    0.10,  304.69,  298.63,  286.76,  291.32,  277.97,  285.89, 1042.03, 1064.57, 1057.00, 1069.63, 1074.46, 1084.32, 1015.13, 1006.39,   -47.4,   0,  GPS,   86.0, 111.40, 115.20, 125.300, 121.800,  0.329,       ,       ,      ,   15.3,   87.2,  -13.6,      0,    TO,     TO,  -0.0,   7.0,   0.0, 3DDiff, 1852,      ,     13,  15.5,     20
2018-08-27, 16:46:55,  -04:00,    HTO,   40.8477097,  -72.6388779,    84.2, 30.07,    57.7,  31.5,   0.00,   0.00,   -6.46,   0.40,  -0.34,   0.00,  -0.01,  57.8,  56.3,  27.7,  28.8,   2.6,  32.18,  31.54,     3.23,  178.86,   33.03,  14.90, 1071.0,    0.10,  304.80,  298.73,  286.80,  291.38,  277.99,  285.85, 1040.93, 1062.81, 1055.00, 1067.64, 1072.63, 1082.42, 1012.61, 1003.90,   -47.8,   0,  GPS,   86.0, 111.40, 115.20, 125.300, 121.800,  0.329,       ,       ,      ,   15.3,   87.2,  -13.6,      0,    TO,     TO,  -0.0,   7.0,   0.0, 3DDiff, 1852,      ,     13,  15.5,     20
2018-08-27, 16:46:56,  -04:00,    HTO,   40.8477058,  -72.6388779,    84.2, 30.07,    57.3,  31.5,   0.00,   0.00,   -4.57,   0.38,  -0.38,   0.00,   0.01,  57.8,  56.3,  27.7,  28.8,   2.6,  32.19,  31.54,     3.26,  179.01,   32.96,  14.96, 1067.0,    0.10,  304.95,  298.81,  286.83,  291.44,  278.06,  285.82, 1038.56, 1060.69, 1053.88, 1064.19, 1072.09, 1080.70, 1010.42, 1001.13,   -48.2,   0,  GPS,   86.0, 111.40, 115.20, 125.300, 121.800,  0.329,       ,       ,      ,   15.3,   87.2,  -13.6,      0,    TO,     TO,  -0.0,   7.0,   3.9, 3DDiff, 1852,      ,     13,  16.0,     20
2018-08-27, 16:46:57,  -04:00,    HTO,   40.8477097,  -72.6388855,    82.2, 30.07,    59.0,  31.5,   0.00,   0.00,  -14.94,   0.41,  -0.43,   0.01,  -0.01,  57.7,  56.3,  27.7,  28.8,   2.6,  32.21,  31.53,     3.25,  179.17,   32.90,  15.00, 1065.3,    0.10,  305.05,  298.88,  286.85,  291.47,  278.07,  285.82, 1036.09, 1058.94, 1053.28, 1062.97, 1069.79, 1077.98, 1008.03,  999.15,   -46.5,   0,  GPS,   86.0, 111.40, 115.20, 125.300, 121.800,  0.329,       ,       ,      ,   15.3,   87.2,  -13.6,      0,    TO,     TO,  -0.0,   7.0,   0.0, 3DDiff, 1852,      ,     13,  16.0,     20
2018-08-27, 16:46:58,  -04:00,    HTO,   40.8477097,  -72.6388779,    83.2, 30.07,    59.3,  31.5,   0.00,   0.00,  -12.59,   0.38,  -0.41,  -0.00,   0.01,  57.7,  56.3,  27.7,  28.8,   2.6,  32.21,  31.50,     3.24,  179.28,   32.89,  15.00, 1065.0,    0.10,  305.17,  298.97,  286.88,  291.55,  278.10,  285.79, 1034.64, 1057.10, 1051.19, 1062.04, 1068.37, 1078.69, 1006.19,  997.09,   -46.1,   0,  GPS,   86.0, 111.40, 115.20, 125.300, 121.800,  0.329,       ,       ,      ,   15.3,   87.2,  -13.6,      0,    TO,     TO,   0.0,   7.0,   0.0, 3DDiff, 1852,      ,     13,  16.0,     20
2018-08-27, 16:46:59,  -04:00,    HTO,   40.8477097,  -72.6388855,    84.2, 30.07,    60.9,  31.5,   0.00,   0.00,   18.92,   0.40,  -0.42,   0.01,   0.00,  57.7,  56.3,  27.7,  28.8,   2.6,  32.21,  31.51,     3.25,  179.36,   32.85,  14.99, 1063.8,    0.10,  305.29,  299.06,  286.91,  291.59,  278.14,  285.77, 1033.07, 1056.78, 1050.02, 1062.38, 1068.05, 1077.92, 1005.51,  995.55,   -44.5,   0,  GPS,   86.0, 111.40, 115.20, 125.300, 121.800,  0.329,       ,       ,      ,   15.3,   87.2,  -13.6,      0,    TO,     TO,   0.0,   7.0,   0.0, 3DDiff, 1852,      ,     13,  15.5,     20
2018-08-27, 16:47:00,  -04:00,    HTO,   40.8477097,  -72.6388855,    83.2, 30.07,    61.1,  31.5,   0.00,   0.00,   -1.64,   0.38,  -0.43,   0.01,   0.00,  57.7,  56.3,  27.7,  28.8,   2.6,  32.20,  31.50,     3.24,  179.40,   32.92,  14.98, 1064.7,    0.10,  305.38,  299.14,  286.96,  291.65,  278.16,  285.74, 1030.37, 1055.85, 1048.25, 1061.22, 1067.49, 1076.31, 1004.62,  993.45,   -44.4,   0,  GPS,   86.0, 111.40, 115.20, 125.300, 121.800,  0.329,       ,       ,      ,   15.3,   87.2,  -13.6,      0,    TO,     TO,   0.0,   7.0,   0.0, 3DDiff, 1852,      ,     13,  15.5,     20
2018-08-27, 16:47:01,  -04:00,    HTO,   40.8477097,  -72.6388855,    82.2, 30.07,    61.2,  31.5,   0.00,   0.00,  -40.56,   0.42,  -0.42,   0.01,  -0.00,  57.6,  56.3,  27.7,  28.8,   2.6,  32.21,  31.49,     3.26,  179.44,   33.02,  14.96, 1068.7,    0.10,  305.48,  299.20,  286.97,  291.68,  278.19,  285.76, 1029.29, 1055.21, 1047.04, 1059.77, 1065.84, 1075.12, 1002.67,  992.60,   -44.2,   0,  GPS,   86.0, 111.40, 115.20, 125.300, 121.800,  0.329,       ,       ,      ,   15.3,   87.2,  -13.6,      0,    TO,     TO,   0.0,   7.0,   0.0, 3DDiff, 1852,      ,     13,  15.5,     20
2018-08-27, 16:47:02,  -04:00,    HTO,   40.8477097,  -72.6388855,    84.2, 30.07,    61.4,  31.5,   0.00,   0.00,  -17.85,   0.38,  -0.44,   0.01,  -0.00,  57.6,  56.3,  27.7,  28.8,   2.6,  32.21,  31.49,     3.26,  179.49,   33.42,  14.81, 1080.1,    0.10,  305.60,  299.27,  287.00,  291.74,  278.25,  285.73, 1028.39, 1056.82, 1047.74, 1059.48, 1066.04, 1074.74, 1002.27,  992.49,   -44.1,   0,  GPS,   86.0, 111.40, 115.20, 125.300, 121.800,  0.329,       ,       ,      ,   15.3,   87.2,  -13.6,      0,    TO,     TO,   0.0,   7.0,   0.0, 3DDiff, 1852,      ,     13,  16.0,     20
2018-08-27, 16:47:03,  -04:00,    HTO,   40.8477097,  -72.6388855,    86.2, 30.07,    59.7,  31.5,   0.00,   0.00,   50.16,   0.44,  -0.42,   0.02,  -0.01,  57.6,  56.3,  27.7,  28.8,   2.6,  32.19,  31.50,     3.27,  179.57,   33.95,  14.67, 1093.4,    0.10,  305.71,  299.36,  287.03,  291.78,  278.28,  285.73, 1026.69, 1057.49, 1047.94, 1060.14, 1069.00, 1075.86, 1002.11,  992.71,   -45.8,   0,  GPS,   86.0, 111.40, 115.20, 125.300, 121.800,  0.329,       ,       ,      ,   15.3,   87.2,  -13.6,      0,    TO,     TO,   0.0,   7.0,   0.0, 3DDiff, 1852,      ,     13,  16.0,     20
2018-08-27, 16:47:04,  -04:00,    HTO,   40.8477097,  -72.6388855,    86.2, 30.07,    59.2,  31.5,   0.00,   0.00,   51.43,   0.46,  -0.44,   0.02,   0.01,  57.6,  56.3,  27.7,  28.8,   2.6,  32.20,  31.50,     3.28,  179.72,   33.67,  14.79, 1081.0,    0.10,  305.80,  299.42,  287.07,  291.83,  278.31,  285.69, 1025.15, 1058.45, 1048.38, 1060.24, 1070.02, 1077.72, 1002.52,  991.81,   -46.2,   0,  GPS,   86.0, 111.40, 115.20, 125.300, 121.800,  0.329,       ,       ,      ,   15.3,   87.2,  -13.6,      0,    TO,     TO,   0.0,   7.0,   0.0, 3DDiff, 1852,      ,     13,  16.0,     20
2018-08-27, 16:47:05,  -04:00,    HTO,   40.8477097,  -72.6388779,    85.2, 30.07,    57.7,  31.5,   0.00,   0.00,   22.96,   0.49,  -0.44,   0.01,  -0.00,  57.6,  56.3,  27.7,  28.8,   2.6,  32.17,  31.49,     3.26,  179.91,   33.36,  14.83, 1079.7,    0.10,  305.91,  299.49,  287.09,  291.89,  278.34,  285.70, 1023.66, 1059.02, 1048.34, 1059.96, 1070.76, 1075.80, 1002.05,  991.40,   -47.8,   0,  GPS,   86.0, 111.40, 115.20, 125.300, 121.800,  0.329,       ,       ,      ,   15.3,   87.2,  -13.6,      0,    TO,     TO,   0.0,   7.0,  -3.9, 3DDiff, 1852,      ,     12,  15.5,     20
2018-08-27, 16:47:06,  -04:00,    HTO,   40.8477097,  -72.6388779,    85.2, 30.07,    57.4,  31.5,   0.00,   0.00,    0.62,   0.49,  -0.44,   0.02,  -0.00,  57.6,  56.3,  27.7,  28.8,   2.6,  32.19,  31.49,     3.27,  180.10,   33.25,  14.85, 1073.4,    0.10,  306.02,  299.55,  287.15,  291.95,  278.40,  285.70, 1022.41, 1059.39, 1048.14, 1057.96, 1071.60, 1075.46, 1001.50,  990.83,   -48.0,   0,  GPS,   86.0, 111.40, 115.20, 125.300, 121.800,  0.329,       ,       ,      ,   15.3,   87.2,  -13.6,      0,    TO,     TO,   0.0,   7.0,   0.0, 3DDiff, 1852,      ,     13,  15.5,     20
2018-08-27, 16:47:07,  -04:00,    HTO,   40.8477097,  -72.6388779,    84.2, 30.07,    57.2,  31.5,   0.00,   0.00,  -34.26,   0.48,  -0.45,   0.02,  -0.00,  57.6,  56.3,  27.7,  28.8,   2.6,  32.22,  31.51,     3.25,  180.23,   32.85,  14.98, 1063.7,    0.10,  306.11,  299.61,  287.20,  291.98,  278.41,  285.70, 1022.13, 1059.50, 1047.73, 1055.88, 1070.81, 1074.86, 1000.88,  990.56,   -48.3,   0,  GPS,   86.0, 111.40, 115.20, 125.300, 121.800,  0.329,       ,       ,      ,   15.3,   87.2,  -13.6,      0,    TO,     TO,   0.0,   7.0,   0.0, 3DDiff, 1852,      ,     13,  15.5,     20
2018-08-27, 16:47:08,  -04:00,    HTO,   40.8477097,  -72.6388779,    84.2, 30.07,    56.9,  31.2,   0.00,   0.00,  -30.70,   0.47,  -0.49,  -0.00,   0.00,  57.6,  56.3,  27.7,  28.8,   2.5,  32.21,  31.51,     3.23,  180.33,   32.67,  14.99, 1064.1,    0.10,  306.23,  299.69,  287.21,  292.04,  278.46,  285.70, 1020.84, 1058.89, 1046.18, 1054.17, 1069.38, 1073.96, 1000.32,  989.01,   -48.6,   0,  GPS,   86.0, 111.40, 115.20, 125.300, 121.800,  0.329,       ,       ,      ,   15.3,   87.2,  -13.6,      0,    TO,     TO,   0.0,   7.0,   0.0, 3DDiff, 1852,      ,     13,  16.0,     20
2018-08-27, 16:47:09,  -04:00,    HTO,   40.8477097,  -72.6388779,    86.2, 30.07,    59.5,  31.2,   0.00,   0.00,   -6.85,   0.47,  -0.48,   0.00,  -0.01,  57.6,  56.3,  27.7,  28.8,   2.5,  32.24,  31.52,     3.25,  180.38,   32.61,  15.02, 1064.0,    0.10,  306.32,  299.75,  287.25,  292.10,  278.53,  285.70, 1019.21, 1057.81, 1044.18, 1053.30, 1067.52, 1073.08,  999.20,  987.35,   -46.0,   0,  GPS,   86.0, 111.40, 115.20, 125.300, 121.800,  0.329,       ,       ,      ,   15.3,   87.2,  -13.6,      0,    TO,     TO,   0.0,   7.0,   0.0, 3DDiff, 1852,      ,     13,  16.0,     20
2018-08-27, 16:47:10,  -04:00,    HTO,   40.8477097,  -72.6388779,    86.2, 30.07,    60.2,  31.2,   0.00,   0.00,   15.84,   0.49,  -0.48,   0.01,   0.01,  57.5,  56.3,  27.7,  28.8,   2.5,  32.26,  31.49,     3.23,  180.41,   32.28,  15.17, 1051.8,    0.10,  306.41,  299.82,  287.31,  292.17,  278.56,  285.73, 1017.73, 1055.93, 1043.50, 1052.29, 1066.35, 1071.28,  997.61,  986.68,   -45.3,   0,  GPS,   86.0, 111.40, 115.20, 125.300, 121.800,  0.329,       ,       ,      ,   15.3,   87.2,  -13.6,      0,    TO,     TO,   0.0,   7.0,   0.0, 3DDiff, 1852,      ,     12,  16.0,     20
2018-08-27, 16:47:11,  -04:00,    HTO,   40.8477097,  -72.6388855,    85.2, 30.07,    61.4,  31.2,   0.00,   0.00,    8.91,   0.49,  -0.52,   0.01,  -0.00,  57.5,  56.3,  27.7,  28.8,   2.6,  32.27,  31.50,     3.23,  180.43,   32.01,  15.25, 1046.4,    0.10,  306.53,  299.87,  287.36,  292.22,  278.61,  285.73, 1016.44, 1054.47, 1041.96, 1050.77, 1064.49, 1069.20,  996.52,  985.43,   -44.0,   0,  GPS,   86.0, 111.40, 115.20, 125.300, 121.800,  0.329,       ,       ,      ,   15.3,   87.2,  -13.6,      0,    TO,     TO,   0.0,   7.0,   3.9, 3DDiff, 1852,      ,     12,  15.5,     20
2018-08-27, 16:47:12,  -04:00,    HTO,   40.8477097,  -72.6388779,    83.2, 30.07,    61.8,  31.2,   0.00,   0.00,  -42.27,   0.46,  -0.51,   0.01,  -0.01,  57.5,  56.3,  27.7,  28.8,   2.6,  32.27,  31.53,     3.21,  180.41,   32.06,  15.17, 1050.5,    0.10,  306.60,  299.94,  287.42,  292.28,  278.64,  285.73, 1015.40, 1052.99, 1041.71, 1048.32, 1062.63, 1067.69,  995.81,  985.00,   -43.7,   0,  GPS,   86.0, 111.40, 115.20, 125.300, 121.800,  0.329,       ,       ,      ,   15.3,   87.2,  -13.6,      0,    TO,     TO,   0.0,   7.0,   3.9, 3DDiff, 1852,      ,     13,  15.5,     20
2018-08-27, 16:47:13,  -04:00,    HTO,   40.8477097,  -72.6388779,    83.2, 30.07,    62.1,  31.2,   0.00,   0.00,  -69.31,   0.49,  -0.49,   0.01,  -0.01,  57.4,  56.3,  27.7,  28.8,   2.6,  32.29,  31.54,     3.21,  180.43,   31.74,  15.30, 1041.8,    0.10,  306.71,  300.00,  287.45,  292.34,  278.71,  285.73, 1014.68, 1051.93, 1039.72, 1047.57, 1064.29, 1067.74,  994.69,  984.47,   -43.4,   0,  GPS,   86.0, 111.40, 115.20, 125.300, 121.800,  0.329,       ,       ,      ,   15.3,   87.2,  -13.6,      0,    TO,     TO,   0.0,   7.0,   0.0, 3DDiff, 1852,      ,     13,  15.5,     20
2018-08-27, 16:47:14,  -04:00,    HTO,   40.8477097,  -72.6388779,    85.2, 30.07,    62.5,  31.2,   0.00,   0.00,  -19.26,   0.47,  -0.48,  -0.00,   0.00,  57.4,  56.3,  27.7,  28.8,   2.5,  32.29,  31.56,     3.21,  180.52,   31.78,  15.26, 1047.4,    0.10,  306.80,  300.06,  287.48,  292.38,  278.76,  285.76, 1013.72, 1051.27, 1038.55, 1045.76, 1064.09, 1066.11,  994.05,  983.77,   -43.0,   0,  GPS,   86.0, 111.40, 115.20, 125.300, 121.800,  0.329,       ,       ,      ,   15.3,   87.2,  -13.6,      0,    TO,     TO,   0.0,   7.0,   3.9, 3DDiff, 1852,      ,     13,  16.0,     20
2018-08-27, 16:47:15,  -04:00,    HTO,   40.8477097,  -72.6388779,    84.2, 30.07,    60.5,  31.2,   0.00,   0.00,   -0.91,   0.52,  -0.49,   0.01,  -0.01,  57.4,  56.3,  27.7,  28.8,   2.5,  32.30,  31.57,     3.23,  180.67,   32.16,  15.01, 1063.2,    0.10,  306.89,  300.11,  287.54,  292.44,  278.81,  285.79, 1013.00, 1050.45, 1039.10, 1045.19, 1062.70, 1065.30,  993.41,  983.66,   -45.0,   0,  GPS,   86.0, 111.40, 115.20, 125.300, 121.800,  0.329,       ,       ,      ,   15.3,   87.2,  -13.6,      0,    TO,     TO,   0.0,   7.0,   0.0, 3DDiff, 1852,      ,     13,  16.0,     20
2018-08-27, 16:47:16,  -04:00,    HTO,   40.8477097,  -72.6388855,    84.2, 30.07,    59.7,  31.2,   0.00,   0.00,    1.27,   0.49,  -0.51,   0.01,   0.01,  57.3,  56.3,  27.7,  28.8,   2.5,  32.32,  31.57,     3.20,  180.88,   31.98,  14.77, 1042.9,    0.09,  307.01,  300.18,  287.60,  292.52,  278.86,  285.80, 1012.43, 1049.83, 1041.19, 1044.63, 1061.97, 1065.36,  993.35,  983.85,   -45.7,   0,  GPS,   86.0, 111.40, 115.20, 125.300, 121.800,  0.329,       ,       ,      ,   15.3,   87.2,  -13.6,      0,    TO,     TO,   0.0,   7.0,   0.0, 3DDiff, 1852,      ,     12,  16.0,     20
2018-08-27, 16:47:17,  -04:00,    HTO,   40.8477097,  -72.6388779,    82.2, 30.07,    58.4,  31.2,   0.00,   0.00,  -50.19,   0.52,  -0.43,   0.01,  -0.01,  57.5,  56.3,  27.7,  28.8,   2.5,  32.33,  31.59,     3.10,  181.07,   30.30,  14.99,  998.6,    0.08,  307.11,  300.24,  287.66,  292.58,  278.92,  285.85, 1010.00, 1047.87, 1042.02, 1043.49, 1060.62, 1062.26,  991.83,  982.66,   -47.1,   0,  GPS,   86.0, 111.40, 115.20, 125.300, 121.800,  0.329,       ,       ,      ,   15.3,   87.2,  -13.6,      0,    TO,     TO,   0.0,   7.0,   0.0, 3DDiff, 1852,      ,     12,  15.5,     20
2018-08-27, 16:47:18,  -04:00,    HTO,   40.8477097,  -72.6388779,    84.2, 30.07,    58.2,  31.2,   0.00,   0.00,  -26.03,   0.63,  -0.44,   0.01,  -0.01,  57.4,  56.3,  27.7,  28.8,   2.6,  32.35,  31.60,     3.04,  181.20,   29.80,  14.95, 1000.5,    0.08,  307.20,  300.27,  287.69,  292.64,  279.00,  285.85, 1007.23, 1045.56, 1041.77, 1044.95, 1057.10, 1064.78,  990.80,  980.90,   -47.3,   0,  GPS,   86.0, 111.40, 115.20, 125.300, 121.800,  0.329,       ,       ,      ,   15.3,   87.2,  -13.6,      0,    TO,     TO,   0.0,   7.0,   0.0, 3DDiff, 1852,      ,     13,  15.5,     20
2018-08-27, 16:47:19,  -04:00,    HTO,   40.8477097,  -72.6388779,    84.2, 30.07,    57.9,  31.2,   0.00,   0.00,   13.62,   0.66,  -0.46,   0.01,   0.01,  57.4,  56.3,  27.7,  28.8,   2.6,  32.34,  31.60,     3.03,  181.30,   30.10,  14.84, 1014.6,    0.09,  307.29,  300.35,  287.73,  292.71,  279.02,  285.86, 1004.41, 1044.10, 1040.82, 1044.71, 1055.59, 1063.38,  990.04,  979.38,   -47.6,   0,  GPS,   86.0, 111.40, 115.20, 125.300, 121.800,  0.329,       ,       ,      ,   15.3,   87.2,  -13.6,      0,    TO,     TO,   0.0,   7.0,   0.0, 3DDiff, 1852,      ,     13,  15.5,     20
2018-08-27, 16:47:20,  -04:00,    HTO,   40.8477097,  -72.6388779,    85.2, 30.07,    57.6,  31.2,   0.00,   0.00,   23.69,   0.66,  -0.42,   0.00,  -0.00,  57.4,  56.3,  27.7,  28.8,   2.5,  32.29,  31.60,     3.03,  181.33,   30.30,  14.80, 1016.4,    0.09,  307.41,  300.41,  287.76,  292.77,  279.07,  285.85, 1002.48, 1042.78, 1041.13, 1045.11, 1055.13, 1065.49,  989.86,  978.26,   -47.8,   0,  GPS,   86.0, 111.40, 115.20, 125.300, 121.800,  0.329,       ,       ,      ,   15.3,   87.2,  -13.6,      0,    TO,     TO,   0.0,   7.0,   3.9, 3DDiff, 1852,      ,     13,  16.0,     20
2018-08-27, 16:47:21,  -04:00,    HTO,   40.8477097,  -72.6388779,    86.2, 30.07,    59.4,  31.2,   0.00,   0.00,   35.53,   0.67,  -0.46,   0.01,  -0.01,  57.3,  56.3,  27.7,  28.8,   2.5,  32.25,  31.60,     3.04,  181.34,   30.02,  14.92, 1003.8,    0.08,  307.48,  300.45,  287.81,  292.83,  279.12,  285.89, 1000.49, 1042.27, 1038.26, 1045.08, 1053.82, 1066.76,  988.80,  976.12,   -46.1,   0,  GPS,   86.0, 111.40, 115.20, 125.300, 121.800,  0.329,       ,       ,      ,   15.3,   87.2,  -13.6,      0,    TO,     TO,   0.0,   7.0,   0.0, 3DDiff, 1852,      ,     13,  16.0,     20
2018-08-27, 16:47:22,  -04:00,    HTO,   40.8477097,  -72.6388779,    86.2, 30.07,    59.9,  31.2,   0.00,   0.00,   19.17,   0.64,  -0.45,   0.01,  -0.01,  57.3,  56.3,  27.7,  28.8,   2.5,  32.19,  31.62,     3.02,  181.33,   29.85,  14.90, 1004.3,    0.08,  307.59,  300.48,  287.84,  292.88,  279.16,  285.86,  999.56, 1041.66, 1035.13, 1043.80, 1050.83, 1067.29,  988.35,  973.72,   -45.6,   0,  GPS,   86.0, 111.40, 115.20, 125.300, 121.800,  0.329,       ,       ,      ,   15.3,   87.2,  -13.6,      0,    TO,     TO,   0.0,   7.0,   0.0, 3DDiff, 1852,      ,     12,  16.0,     20
2018-08-27, 16:47:23,  -04:00,    HTO,   40.8477097,  -72.6388779,    85.2, 30.07,    60.7,  31.2,   0.00,   0.00,   10.95,   0.68,  -0.42,   0.01,  -0.01,  57.3,  56.3,  27.7,  28.8,   2.5,  32.18,  31.63,     3.03,  181.31,   29.76,  14.92, 1002.5,    0.08,  307.69,  300.54,  287.88,  292.94,  279.22,  285.86,  998.42, 1040.46, 1033.93, 1042.46, 1050.35, 1066.18,  987.28,  972.43,   -44.8,   0,  GPS,   86.0, 111.40, 115.20, 125.300, 121.800,  0.329,       ,       ,      ,   15.3,   87.2,  -13.6,      0,    TO,     TO,   0.0,   7.0,   0.0, 3DDiff, 1852,      ,     12,  15.5,     20
2018-08-27, 16:47:24,  -04:00,    HTO,   40.8477097,  -72.6388855,    84.2, 30.07,    60.8,  31.2,   0.00,   0.00,  -41.52,   0.68,  -0.43,   0.01,  -0.00,  57.3,  56.3,  27.7,  28.8,   2.5,  32.19,  31.64,     3.02,  181.28,   29.80,  14.94, 1004.6,    0.09,  307.76,  300.59,  287.91,  292.98,  279.25,  285.86,  996.52, 1039.16, 1031.97, 1041.48, 1048.91, 1065.83,  986.87,  970.86,   -44.7,   0,  GPS,   86.0, 111.40, 115.20, 125.300, 121.800,  0.329,       ,       ,      ,   15.3,   87.2,  -13.6,      0,    TO,     TO,   0.0,   7.0,  -3.9, 3DDiff, 1852,      ,     13,  15.5,     20
2018-08-27, 16:47:25,  -04:00,    HTO,   40.8477097,  -72.6388855,    84.2, 30.07,    60.9,  31.2,   0.00,   0.00,  -43.09,   0.68,  -0.48,   0.00,   0.00,  57.2,  56.3,  27.7,  28.8,   2.5,  32.19,  31.65,     3.02,  181.25,   29.81,  14.97, 1003.7,    0.09,  307.87,  300.61,  287.94,  293.03,  279.30,  285.86,  995.31, 1038.15, 1031.30, 1039.24, 1048.02, 1064.98,  985.61,  970.33,   -44.5,   0,  GPS,   86.0, 111.40, 115.20, 125.300, 121.800,  0.329,       ,       ,      ,   15.3,   87.2,  -13.6,      0,    TO,     TO,   0.0,   7.0,  -3.9, 3DDiff, 1852,      ,     13,  15.5,     20
2018-08-27, 16:47:26,  -04:00,    HTO,   40.8477097,  -72.6388855,    82.2, 30.07,    61.1,  31.2,   0.00,   0.00,  -61.98,   0.69,  -0.48,  -0.00,  -0.00,  57.3,  56.3,  27.7,  28.8,   2.5,  32.19,  31.64,     3.02,  181.22,   29.96,  14.88, 1011.5,    0.09,  307.94,  300.66,  287.97,  293.07,  279.33,  285.86,  993.96, 1037.85, 1029.43, 1037.94, 1047.09, 1064.70,  984.83,  969.04,   -44.4,   0,  GPS,   86.0, 111.40, 115.20, 125.300, 121.800,  0.329,       ,       ,      ,   15.3,   87.2,  -13.6,      0,    TO,     TO,   0.0,   7.0,   0.0, 3DDiff, 1852,      ,     13,  15.5,     20
2018-08-27, 16:47:27,  -04:00,    HTO,   40.8477097,  -72.6388779,    83.2, 30.07,    59.5,  31.2,   0.00,   0.00,  -47.09,   0.66,  -0.49,   0.01,   0.00,  57.3,  56.3,  27.7,  28.8,   2.5,  32.17,  31.64,     3.06,  181.15,   29.87,  14.95, 1000.4,    0.08,  308.05,  300.69,  288.00,  293.13,  279.34,  285.83,  992.73, 1036.44, 1027.94, 1037.43, 1047.51, 1062.32,  984.06,  968.30,   -46.0,   0,  GPS,   86.0, 111.40, 115.20, 125.300, 121.800,  0.329,       ,       ,      ,   15.3,   87.2,  -13.6,      0,    TO,     TO,   0.0,   7.0,  -3.9, 3DDiff, 1852,      ,     13,  16.0,     20
2018-08-27, 16:47:28,  -04:00,    HTO,   40.8477097,  -72.6388855,    84.2, 30.07,    59.1,  31.2,   0.00,   0.00,    9.62,   0.66,  -0.45,   0.01,   0.01,  57.3,  56.3,  27.7,  28.8,   2.5,  32.17,  31.65,     3.03,  181.10,   29.52,  15.04,  994.0,    0.08,  308.16,  300.72,  288.06,  293.18,  279.40,  285.83,  991.23, 1035.77, 1025.98, 1036.89, 1045.48, 1060.93,  983.90,  966.49,   -46.4,   0,  GPS,   86.0, 111.40, 115.20, 125.300, 121.800,  0.329,       ,       ,      ,   15.3,   87.2,  -13.6,      0,    TO,     TO,   0.0,   7.0,   0.0, 3DDiff, 1852,      ,     12,  16.0,     20
2018-08-27, 16:47:29,  -04:00,    HTO,   40.8477097,  -72.6388779,    84.2, 30.07,    58.0,  31.2,   0.00,   0.00,   16.07,   0.68,  -0.42,   0.00,  -0.01,  57.3,  56.3,  27.7,  28.8,   2.5,  32.17,  31.65,     3.02,  181.03,   29.31,  15.10,  991.2,    0.08,  308.23,  300.73,  288.09,  293.22,  279.43,  285.82,  989.51, 1035.78, 1022.92, 1036.39, 1043.65, 1062.06,  983.48,  964.34,   -47.5,   0,  GPS,   86.0, 111.40, 115.20, 125.300, 121.800,  0.329,       ,       ,      ,   15.3,   87.2,  -13.6,      0,    TO,     TO,   0.0,   7.0,  -3.9, 3DDiff, 1852,      ,     12,  15.5,     20
2018-08-27, 16:47:30,  -04:00,    HTO,   40.8477097,  -72.6388779,    84.2, 30.07,    57.8,  31.2,   0.00,   0.00,    5.49,   0.69,  -0.51,   0.01,  -0.01,  57.2,  56.3,  27.7,  28.8,   2.5,  32.15,  31.66,     3.01,  180.97,   29.42,  15.03,  998.7,    0.08,  308.32,  300.78,  288.09,  293.25,  279.46,  285.79,  987.86, 1034.75, 1020.65, 1035.80, 1041.48, 1061.90,  982.97,  962.59,   -47.7,   0,  GPS,   86.0, 111.40, 115.20, 125.300, 121.800,  0.329,       ,       ,      ,   15.3,   87.2,  -13.6,      0,    TO,     TO,   0.0,   7.0,  -3.9, 3DDiff, 1852,      ,     13,  15.5,     20
2018-08-27, 16:47:31,  -04:00,    HTO,   40.8477097,  -72.6388779,    84.2, 30.07,    57.6,  31.2,   0.00,   0.00,  -11.64,   0.68,  -0.44,   0.00,   0.00,  57.1,  56.3,  27.7,  28.8,   2.5,  32.16,  31.67,     3.03,  180.93,   29.44,  15.00,  997.8,    0.08,  308.44,  300.81,  288.12,  293.31,  279.51,  285.79,  986.89, 1034.98, 1017.28, 1035.67, 1039.75, 1060.12,  982.48,  960.96,   -47.9,   0,  GPS,   86.0, 111.40, 115.20, 125.300, 121.800,  0.329,       ,       ,      ,   15.3,   87.2,  -13.6,      0,    TO,     TO,   0.0,   7.0,   0.0, 3DDiff, 1852,      ,     13,  15.5,     20
2018-08-27, 16:47:32,  -04:00,    HTO,   40.8477097,  -72.6388779,    83.2, 30.07,    57.4,  31.2,   0.00,   0.00,  -30.77,   0.70,  -0.48,  -0.00,   0.01,  57.2,  56.3,  27.7,  28.8,   2.5,  32.18,  31.69,     3.03,  180.86,   29.38,  15.00,  996.9,    0.08,  308.49,  300.82,  288.17,  293.34,  279.54,  285.77,  985.27, 1033.31, 1016.73, 1035.48, 1038.61, 1058.40,  981.78,  960.00,   -48.1,   0,  GPS,   86.0, 111.40, 115.20, 125.300, 121.800,  0.329,       ,       ,      ,   15.3,   87.2,  -13.6,      0,    TO,     TO,   0.0,   7.0,  -3.9, 3DDiff, 1852,      ,     13,  15.5,     20
2018-08-27, 16:47:33,  -04:00,    HTO,   40.8477097,  -72.6388779,    84.2, 30.07,    58.5,  31.2,   0.00,   0.00,    4.76,   0.71,  -0.45,   0.01,   0.00,  57.3,  56.3,  27.7,  28.8,   2.5,  32.19,  31.70,     3.03,  180.82,   29.93,  14.85, 1011.1,    0.08,  308.59,  300.85,  288.18,  293.38,  279.58,  285.74,  984.62, 1033.60, 1015.65, 1035.38, 1039.56, 1056.85,  981.31,  959.93,   -47.0,   0,  GPS,   86.0, 111.40, 115.20, 125.300, 121.800,  0.329,       ,       ,      ,   15.3,   87.2,  -13.6,      0,    TO,     TO,   0.0,   7.0,  -3.9, 3DDiff, 1852,      ,     13,  16.0,     20
2018-08-27, 16:47:34,  -04:00,    HTO,   40.8477097,  -72.6388779,    84.2, 30.07,    59.0,  31.2,   0.00,   0.00,   -4.59,   0.73,  -0.47,  -0.01,  -0.00,  57.2,  56.3,  27.7,  28.8,   2.5,  32.20,  31.70,     3.05,  180.79,   29.96,  14.84, 1008.9,    0.08,  308.68,  300.88,  288.23,  293.43,  279.58,  285.73,  984.06, 1034.59, 1015.08, 1034.96, 1039.99, 1057.16,  981.29,  959.59,   -46.5,   0,  GPS,   86.0, 111.40, 115.20, 125.300, 121.800,  0.329,       ,       ,      ,   15.3,   87.2,  -13.6,      0,    TO,     TO,   0.0,   7.0,   0.0, 3DDiff, 1852,      ,     12,  16.0,     20
2018-08-27, 16:47:35,  -04:00,    HTO,   40.8477097,  -72.6388779,    85.2, 30.07,    60.1,  31.2,   0.00,   0.00,   26.15,   0.73,  -0.42,   0.00,   0.00,  57.2,  56.3,  27.7,  28.8,   2.5,  32.16,  31.70,     3.06,  180.79,   29.64,  14.93, 1001.2,    0.08,  308.77,  300.89,  288.24,  293.44,  279.63,  285.70,  983.99, 1034.01, 1014.45, 1034.57, 1038.62, 1060.94,  980.83,  958.92,   -45.4,   0,  GPS,   86.0, 111.40, 115.20, 125.300, 121.800,  0.329,       ,       ,      ,   15.3,   87.2,  -13.6,      0,    TO,     TO,   0.0,   7.0,   0.0, 3DDiff, 1852,      ,     12,  15.5,     20
2018-08-27, 16:47:36,  -04:00,    HTO,   40.8477097,  -72.6388779,    85.2, 30.07,    60.3,  31.2,   0.00,   0.00,   27.76,   0.74,  -0.46,   0.02,  -0.00,  57.2,  56.3,  27.7,  28.8,   2.5,  32.19,  31.69,     3.07,  180.82,   29.68,  14.89, 1004.1,    0.08,  308.84,  300.93,  288.26,  293.49,  279.65,  285.68,  983.40, 1033.22, 1013.29, 1035.42, 1038.17, 1061.34,  981.15,  957.57,   -45.2,   0,  GPS,   86.0, 111.40, 115.20, 125.300, 121.800,  0.329,       ,       ,      ,   15.3,   87.2,  -13.6,      0,    TO,     TO,   0.0,   7.0,   0.0, 3DDiff, 1852,      ,     13,  15.5,     20
2018-08-27, 16:47:37,  -04:00,    HTO,   40.8477097,  -72.6388779,    84.2, 30.07,    60.4,  31.2,   0.00,   0.00,  -13.06,   0.71,  -0.51,   0.01,   0.02,  57.2,  56.3,  27.7,  28.8,   2.5,  32.16,  31.70,     3.06,  180.86,   29.84,  14.91, 1009.0,    0.09,  308.93,  300.93,  288.29,  293.52,  279.70,  285.65,  983.33, 1032.82, 1013.32, 1033.67, 1039.67, 1061.82,  979.92,  957.60,   -45.1,   0,  GPS,   86.0, 111.40, 115.20, 125.300, 121.800,  0.329,       ,       ,      ,   15.3,   87.2,  -13.6,      0,    TO,     TO,   0.0,   7.0,   0.0, 3DDiff, 1852,      ,     13,  15.5,     20
2018-08-27, 16:47:38,  -04:00,    HTO,   40.8477097,  -72.6388779,    85.2, 30.07,    60.6,  31.2,   0.00,   0.00,  -14.08,   0.74,  -0.48,   0.01,  -0.01,  57.2,  56.3,  27.7,  28.8,   2.6,  32.17,  31.71,     3.05,  180.89,   29.87,  14.88, 1008.3,    0.08,  309.01,  300.96,  288.30,  293.55,  279.72,  285.64,  982.90, 1032.90, 1011.63, 1032.83, 1040.14, 1060.93,  979.04,  956.86,   -44.9,   0,  GPS,   86.0, 111.40, 115.20, 125.300, 121.800,  0.329,       ,       ,      ,   15.3,   87.2,  -13.6,      0,    TO,     TO,   0.0,   7.0,   0.0, 3DDiff, 1852,      ,     13,  15.5,     20
2018-08-27, 16:47:39,  -04:00,    HTO,   40.8477097,  -72.6388779,    85.2, 30.07,    60.2,  31.2,   0.00,   0.00,   11.97,   0.71,  -0.49,   0.01,   0.01,  57.2,  56.3,  27.7,  28.8,   2.5,  32.19,  31.71,     3.05,  180.92,   30.00,  14.94, 1014.3,    0.09,  309.08,  300.96,  288.31,  293.59,  279.75,  285.60,  982.99, 1032.85, 1010.55, 1033.44, 1041.01, 1060.70,  978.37,  956.58,   -45.3,   0,  GPS,   86.0, 111.40, 115.20, 125.300, 121.800,  0.329,       ,       ,      ,   15.3,   87.2,  -13.6,      0,    TO,     TO,   0.0,   7.0,   0.0, 3DDiff, 1852,      ,     13,  16.0,     20
2018-08-27, 16:47:40,  -04:00,    HTO,   40.8477097,  -72.6388855,    84.2, 30.07,    60.0,  31.0,   0.00,   0.00,  -20.75,   0.73,  -0.49,   0.00,  -0.01,  57.2,  56.3,  27.7,  28.8,   2.5,  32.20,  31.71,     3.04,  180.93,   30.30,  14.86, 1020.2,    0.09,  309.14,  300.99,  288.35,  293.63,  279.76,  285.55,  983.64, 1032.68, 1011.06, 1032.49, 1041.85, 1061.52,  978.44,  956.42,   -45.5,   0,  GPS,   86.0, 111.40, 115.20, 125.300, 121.800,  0.329,       ,       ,      ,   15.3,   87.2,  -13.6,      0,    TO,     TO,   0.0,   7.0,   0.0, 3DDiff, 1852,      ,     12,  16.0,     20
2018-08-27, 16:47:41,  -04:00,    HTO,   40.8477097,  -72.6388779,    85.2, 30.07,    58.9,  31.2,   0.00,   0.00,   -8.72,   0.67,  -0.52,   0.00,   0.00,  57.2,  56.3,  27.7,  28.8,   2.5,  32.22,  31.70,     3.05,  180.95,   30.29,  14.88, 1019.8,    0.09,  309.23,  300.96,  288.36,  293.62,  279.79,  285.49,  983.51, 1034.04, 1012.19, 1033.02, 1041.75, 1062.51,  978.69,  956.74,   -46.6,   0,  GPS,   86.0, 111.40, 115.20, 125.300, 121.800,  0.329,       ,       ,      ,   15.3,   87.2,  -13.6,      0,    TO,     TO,   0.0,   7.0,   0.0, 3DDiff, 1852,      ,     12,  15.5,     20
2018-08-27, 16:47:42,  -04:00,    HTO,   40.8477097,  -72.6388779,    83.2, 30.07,    58.8,  31.2,   0.00,   0.00,  -38.74,   0.70,  -0.49,   0.00,  -0.01,  57.3,  56.3,  27.7,  28.8,   2.5,  32.23,  31.72,     3.06,  180.98,   30.38,  14.88, 1021.7,    0.09,  309.29,  300.97,  288.37,  293.65,  279.80,  285.47,  984.09, 1033.78, 1011.07, 1032.70, 1041.17, 1064.90,  978.27,  956.47,   -46.7,   0,  GPS,   86.0, 111.40, 115.20, 125.300, 121.800,  0.329,       ,       ,      ,   15.3,   87.2,  -13.6,      0,    TO,     TO,   0.0,   7.0,   0.0, 3DDiff, 1852,      ,     13,  15.5,     20
2018-08-27, 16:47:43,  -04:00,    HTO,   40.8477097,  -72.6388779,    86.2, 30.07,    58.7,  31.0,   0.00,   0.00,   13.09,   0.64,  -0.54,   0.00,   0.02,  57.2,  56.3,  27.7,  28.8,   2.5,  32.25,  31.71,     3.08,  181.01,   30.62,  14.76, 1029.2,    0.09,  309.38,  300.97,  288.40,  293.68,  279.83,  285.41,  983.99, 1034.68, 1012.51, 1032.69, 1041.26, 1064.88,  977.86,  956.79,   -46.8,   0,  GPS,   86.0, 111.40, 115.20, 125.300, 121.800,  0.329,       ,       ,      ,   15.3,   87.2,  -13.6,      0,    TO,     TO,   0.0,   7.0,   0.0, 3DDiff, 1852,      ,     13,  15.5,     20
2018-08-27, 16:47:44,  -04:00,    HTO,   40.8477097,  -72.6388779,    86.2, 30.07,    58.5,  31.0,   0.00,   0.00,   49.09,   0.64,  -0.53,   0.00,  -0.01,  57.2,  56.3,  27.7,  28.8,   2.5,  32.27,  31.72,     3.10,  181.09,   30.19,  14.94, 1010.8,    0.09,  309.45,  300.99,  288.40,  293.69,  279.83,  285.37,  983.50, 1035.44, 1013.01, 1031.89, 1039.93, 1065.61,  978.10,  955.94,   -47.0,   0,  GPS,   86.0, 111.40, 115.20, 125.300, 121.800,  0.329,       ,       ,      ,   15.3,   87.2,  -13.6,      0,    TO,     TO,   0.0,   7.0,  -3.9, 3DDiff, 1852,      ,     13,  15.5,     20
2018-08-27, 16:47:45,  -04:00,    HTO,   40.8477097,  -72.6388779,    85.2, 30.07,    59.9,  31.0,   0.00,   0.00,    4.86,   0.66,  -0.48,   0.00,   0.01,  57.3,  56.3,  27.7,  28.8,   2.5,  32.26,  31.72,     3.07,  181.16,   29.87,  15.03, 1007.6,    0.09,  309.51,  301.00,  288.44,  293.73,  279.88,  285.31,  983.22, 1035.74, 1011.40, 1031.00, 1039.16, 1066.00,  977.94,  954.86,   -45.6,   0,  GPS,   86.0, 111.40, 115.20, 125.300, 121.800,  0.329,       ,       ,      ,   15.3,   87.2,  -13.6,      0,    TO,     TO,   0.0,   7.0,  -3.9, 3DDiff, 1852,      ,     13,  16.0,     20
2018-08-27, 16:47:46,  -04:00,    HTO,   40.8477097,  -72.6388779,    86.2, 30.07,    59.9,  31.0,   0.00,   0.00,   -7.20,   0.63,  -0.47,  -0.00,   0.00,  57.2,  56.3,  27.7,  28.8,   2.5,  32.26,  31.73,     3.05,  181.25,   29.59,  15.02, 1002.3,    0.09,  309.56,  301.02,  288.47,  293.76,  279.90,  285.25,  983.16, 1035.76, 1009.58, 1030.64, 1038.12, 1064.07,  977.39,  953.94,   -45.6,   0,  GPS,   86.0, 111.40, 115.20, 125.300, 121.800,  0.329,       ,       ,      ,   15.3,   87.2,  -13.6,      0,    TO,     TO,   0.0,   7.0,   0.0, 3DDiff, 1852,      ,     12,  15.5,     20
2018-08-27, 16:47:47,  -04:00,    HTO,   40.8477097,  -72.6388779,    85.2, 30.07,    60.7,  31.0,   0.00,   0.00,  -11.53,   0.67,  -0.47,   0.00,  -0.00,  57.2,  56.3,  27.7,  28.8,   2.5,  32.26,  31.75,     3.04,  181.34,   29.45,  15.04, 1000.3,    0.09,  309.63,  301.03,  288.48,  293.77,  279.92,  285.19,  982.04, 1036.01, 1008.92, 1030.41, 1037.60, 1062.08,  976.71,  953.21,   -44.8,   0,  GPS,   86.0, 111.40, 115.20, 125.300, 121.800,  0.329,       ,       ,      ,   15.3,   87.2,  -13.6,      0,    TO,     TO,   0.0,   7.0,   0.0, 3DDiff, 1852,      ,     12,  15.5,     20
2018-08-27, 16:47:48,  -04:00,    HTO,   40.8477097,  -72.6388779,    85.2, 30.07,    60.8,  31.0,   0.00,   0.00,    0.32,   0.68,  -0.51,  -0.01,  -0.01,  57.2,  56.3,  27.7,  28.8,   2.5,  32.28,  31.76,     3.04,  181.38,   29.90,  14.91, 1018.3,    0.09,  309.69,  301.02,  288.51,  293.80,  279.94,  285.13,  981.39, 1036.06, 1007.90, 1031.77, 1037.35, 1061.32,  977.07,  952.92,   -44.7,   0,  GPS,   86.0, 111.40, 115.20, 125.300, 121.800,  0.329,       ,       ,      ,   15.3,   87.2,  -13.6,      0,    TO,     TO,   0.0,   7.0,   0.0, 3DDiff, 1852,      ,     13,  15.5,     20
2018-08-27, 16:47:49,  -04:00,    HTO,   40.8477097,  -72.6388779,    84.2, 30.07,    60.9,  31.0,   0.00,   0.00,  -37.31,   0.68,  -0.49,   0.01,  -0.01,  57.2,  56.3,  27.7,  28.8,   2.5,  32.28,  31.76,     3.07,  181.48,   30.14,  14.85, 1021.9,    0.09,  309.78,  301.01,  288.54,  293.77,  279.97,  285.10,  981.12, 1037.06, 1008.49, 1032.43, 1039.72, 1063.84,  977.40,  953.32,   -44.6,   0,  GPS,   86.0, 111.40, 115.20, 125.300, 121.800,  0.329,       ,       ,      ,   15.3,   87.2,  -13.6,      0,    TO,     TO,   0.0,   7.0,   0.0, 3DDiff, 1852,      ,     13,  15.5,     20
2018-08-27, 16:47:50,  -04:00,    HTO,   40.8477097,  -72.6388779,    84.2, 30.07,    61.0,  31.0,   0.00,   0.00,  -35.51,   0.70,  -0.48,   0.01,   0.01,  57.2,  56.3,  27.7,  28.8,   2.5,  32.28,  31.76,     3.09,  181.53,   30.43,  14.74, 1030.1,    0.09,  309.81,  301.03,  288.57,  293.81,  280.00,  285.04,  980.37, 1039.25, 1009.16, 1032.40, 1040.00, 1065.82,  977.97,  953.04,   -44.5,   0,  GPS,   86.0, 111.40, 115.20, 125.300, 121.800,  0.329,       ,       ,      ,   15.3,   87.2,  -13.6,      0,    TO,     TO,   0.0,   7.0,  -3.9, 3DDiff, 1852,      ,     13,  15.5,     20
2018-08-27, 16:47:51,  -04:00,    HTO,   40.8477097,  -72.6388855,    84.2, 30.07,    59.9,  31.0,   0.00,   0.00,  -32.03,   0.67,  -0.47,   0.02,   0.00,  57.2,  56.3,  27.7,  28.8,   2.5,  32.28,  31.77,     3.07,  181.57,   30.41,  14.78, 1025.4,    0.09,  309.86,  301.03,  288.60,  293.83,  280.03,  284.98,  980.62, 1039.67, 1010.40, 1031.15, 1038.68, 1065.37,  977.73,  953.26,   -45.6,   0,  GPS,   86.0, 113.60, 115.20, 125.300, 121.800,  0.329,       ,       ,      ,   15.3,   87.2,  -13.6,      0,    TO,     TO,   0.0,   7.0,  -3.9, 3DDiff, 1852,      ,     13,  16.0,     20
2018-08-27, 16:47:52,  -04:00,    HTO,   40.8477097,  -72.6388855,    82.2, 30.07,    59.8,  31.0,   0.00,   0.00,  -54.56,   0.71,  -0.48,   0.00,   0.01,  57.2,  56.3,  27.7,  28.8,   2.5,  32.30,  31.76,     3.04,  181.64,   29.99,  14.90, 1013.0,    0.09,  309.92,  301.03,  288.62,  293.86,  280.06,  284.95,  980.44, 1039.16, 1009.63, 1031.81, 1038.12, 1063.18,  977.55,  952.28,   -45.7,   0,  GPS,   86.0, 113.60, 115.20, 125.300, 121.800,  0.329,       ,       ,      ,   15.3,   87.2,  -13.6,      0,    TO,     TO,   0.0,   7.0,   0.0, 3DDiff, 1852,      ,     12,  15.5,     20
2018-08-27, 16:47:53,  -04:00,    HTO,   40.8477097,  -72.6388779,    84.2, 30.07,    59.2,  31.0,   0.00,   0.00,  -13.32,   0.71,  -0.48,   0.02,  -0.00,  57.2,  56.3,  27.7,  28.8,   2.5,  32.30,  31.76,     3.04,  181.74,   30.25,  14.82, 1021.9,    0.09,  309.96,  301.03,  288.64,  293.88,  280.09,  284.89,  980.51, 1039.85, 1008.52, 1030.87, 1036.41, 1061.94,  976.96,  951.96,   -46.3,   0,  GPS,   86.0, 113.60, 115.20, 125.300, 121.800,  0.329,       ,       ,      ,   15.3,   87.2,  -13.6,      0,    TO,     TO,   0.0,   7.0,   0.0, 3DDiff, 1852,      ,     12,  15.5,     20
2018-08-27, 16:47:54,  -04:00,    HTO,   40.8477097,  -72.6388779,    83.2, 30.07,    59.3,  31.0,   0.00,   0.00,  -11.87,   0.67,  -0.51,   0.01,  -0.00,  57.2,  56.3,  27.7,  28.8,   2.5,  32.28,  31.76,     3.03,  181.83,   29.67,  15.03, 1001.2,    0.09,  310.02,  301.04,  288.69,  293.89,  280.12,  284.83,  979.83, 1040.68, 1008.90, 1030.82, 1035.18, 1063.38,  977.54,  951.69,   -46.2,   0,  GPS,   86.0, 113.60, 115.20, 125.300, 121.800,  0.329,       ,       ,      ,   15.3,   87.2,  -13.6,      0,    TO,     TO,   0.0,   7.0,   0.0, 3DDiff, 1852,      ,     12,  15.5,     20
2018-08-27, 16:47:55,  -04:00,    HTO,   40.8477097,  -72.6388779,    84.2, 30.07,    59.2,  31.0,   0.00,   0.00,   -2.18,   0.70,  -0.49,   0.01,   0.01,  57.2,  56.3,  27.7,  28.8,   2.5,  32.27,  31.74,     3.02,  181.90,   29.30,  15.11,  999.0,    0.09,  310.07,  301.06,  288.72,  293.91,  280.15,  284.78,  978.71, 1040.62, 1006.27, 1031.26, 1033.69, 1065.79,  977.96,  950.46,   -46.3,   0,  GPS,   86.0, 113.60, 115.20, 125.300, 121.800,  0.329,       ,       ,      ,   15.3,   87.2,  -13.6,      0,    TO,     TO,   0.0,   7.0,   0.0, 3DDiff, 1852,      ,     13,  15.5,     20
2018-08-27, 16:47:56,  -04:00,    HTO,   40.8477097,  -72.6388779,    84.2, 30.07,    59.0,  31.0,   0.00,   0.00,   12.58,   0.67,  -0.51,   0.01,   0.00,  57.2,  56.3,  27.7,  28.8,   2.5,  32.28,  31.72,     3.04,  181.97,   29.70,  14.88, 1014.8,    0.09,  310.12,  301.06,  288.75,  293.94,  280.18,  284.74,  978.12, 1041.46, 1006.65, 1030.21, 1033.33, 1063.01,  978.25,  950.06,   -46.4,   0,  GPS,   86.0, 113.60, 115.20, 125.300, 121.800,  0.329,       ,       ,      ,   15.3,   87.2,  -13.6,      0,    TO,     TO,   0.0,   7.0,   0.0, 3DDiff, 1852,      ,     13,  15.5,     20
2018-08-27, 16:47:57,  -04:00,    HTO,   40.8477097,  -72.6388779,    85.2, 30.07,    59.3,  31.0,   0.00,   0.00,    9.47,   0.70,  -0.47,  -0.01,   0.01,  57.2,  56.3,  27.7,  28.8,   2.5,  32.26,  31.72,     3.02,  182.03,   29.80,  14.89, 1016.4,    0.09,  310.17,  301.08,  288.79,  293.95,  280.21,  284.68,  977.81, 1041.37, 1007.03, 1030.41, 1031.90, 1059.84,  977.75,  949.97,   -46.2,   0,  GPS,   86.0, 113.60, 115.20, 125.300, 121.800,  0.329,       ,       ,      ,   15.3,   87.2,  -13.6,      0,    TO,     TO,   0.0,   7.0,   0.0, 3DDiff, 1852,      ,     13,  16.0,     20
2018-08-27, 16:47:58,  -04:00,    HTO,   40.8477097,  -72.6388779,    85.2, 30.07,    59.7,  31.0,   0.00,   0.00,   22.96,   0.68,  -0.45,   0.02,  -0.00,  57.2,  56.3,  27.7,  28.8,   2.5,  32.24,  31.74,     3.06,  182.09,   29.62,  15.01, 1004.5,    0.09,  310.20,  301.07,  288.81,  293.96,  280.24,  284.62,  977.19, 1040.80, 1006.42, 1031.17, 1032.50, 1058.41,  977.77,  949.17,   -45.7,   0,  GPS,   86.0, 113.60, 115.20, 125.300, 121.800,  0.329,       ,       ,      ,   15.3,   87.2,  -13.6,      0,    TO,     TO,   0.0,   7.0,   0.0, 3DDiff, 1852,      ,     12,  16.0,     20
2018-08-27, 16:47:59,  -04:00,    HTO,   40.8477097,  -72.6388779,    83.2, 30.07,    60.3,  31.0,   0.00,   0.00,  -26.16,   0.71,  -0.48,   0.00,   0.00,  57.2,  56.3,  27.7,  28.8,   2.5,  32.23,  31.75,     3.04,  182.15,   29.29,  15.09,  996.3,    0.09,  310.26,  301.08,  288.87,  293.98,  280.28,  284.56,  976.54, 1040.52, 1005.16, 1031.45, 1032.20, 1057.00,  977.19,  948.35,   -45.2,   0,  GPS,   86.0, 113.60, 110.85, 125.300, 121.800,  0.329,       ,       ,      ,   15.3,   87.2,  -13.6,      0,    TO,     TO,   0.0,   7.0,  -3.9, 3DDiff, 1852,      ,     12,  15.5,     20
2018-08-27, 16:48:00,  -04:00,    HTO,   40.8477097,  -72.6388779,    83.2, 30.07,    60.2,  31.0,   0.00,   0.00,  -47.76,   0.68,  -0.47,   0.01,  -0.01,  57.2,  56.3,  27.7,  28.8,   2.5,  32.24,  31.76,     3.03,  182.16,   29.30,  15.04, 1002.7,    0.09,  310.29,  301.08,  288.93,  294.00,  280.31,  284.51,  975.01, 1040.21, 1002.87, 1031.19, 1030.49, 1056.35,  977.21,  946.64,   -45.3,   0,  GPS,   86.0, 113.60, 110.85, 125.300, 121.800,  0.329,       ,       ,      ,   15.3,   87.2,  -13.6,      0,    TO,     TO,   0.0,   7.0,  -3.9, 3DDiff, 1852,      ,     12,  15.5,     20
2018-08-27, 16:48:01,  -04:00,    HTO,   40.8477097,  -72.6388779,    82.2, 30.07,    60.3,  31.0,   0.00,   0.00,  -47.77,   0.67,  -0.46,   0.02,  -0.01,  57.2,  56.3,  27.7,  28.8,   2.5,  32.25,  31.76,     3.03,  182.15,   29.33,  15.07, 1002.8,    0.09,  310.33,  301.09,  288.96,  294.03,  280.36,  284.46,  974.21, 1039.84, 1000.85, 1033.68, 1030.15, 1055.38,  976.86,  946.03,   -45.2,   0,  GPS,   86.0, 113.60, 110.85, 125.300, 121.800,  0.329,       ,       ,      ,   15.3,   87.2,  -13.6,      0,    TO,     TO,   0.0,   7.0,   0.0, 3DDiff, 1852,      ,     13,  15.5,     20
2018-08-27, 16:48:02,  -04:00,    HTO,   40.8477097,  -72.6388779,    84.2, 30.07,    60.3,  31.2,   0.00,   0.00,  -12.50,   0.67,  -0.45,   0.01,   0.01,  57.2,  56.3,  27.7,  28.8,   2.4,  32.26,  31.77,     3.03,  182.14,   29.50,  14.98, 1009.8,    0.09,  310.36,  301.09,  288.99,  294.04,  280.39,  284.41,  973.72, 1039.07,  999.96, 1032.59, 1029.97, 1053.06,  976.00,  946.04,   -45.2,   0,  GPS,   86.0, 113.60, 110.85, 125.300, 121.800,  0.329,       ,       ,      ,   15.3,   87.2,  -13.6,      0,    TO,     TO,   0.0,   7.0,   0.0, 3DDiff, 1852,      ,     13,  15.5,     20
2018-08-27, 16:48:03,  -04:00,    HTO,   40.8477097,  -72.6388779,    84.2, 30.07,    60.2,  31.0,   0.00,   0.00,   10.33,   0.69,  -0.46,   0.02,  -0.01,  57.2,  56.3,  27.7,  28.8,   2.5,  32.26,  31.77,     3.04,  182.13,   29.81,  14.93, 1015.1,    0.09,  310.42,  301.09,  289.04,  294.04,  280.42,  284.35,  973.23, 1039.56,  999.35, 1031.42, 1030.69, 1055.40,  975.55,  945.54,   -45.3,   0,  GPS,   86.0, 113.60, 110.85, 125.300, 121.800,  0.329,       ,       ,      ,   15.3,   87.2,  -13.6,      0,    TO,     TO,   0.0,   7.0,   0.0, 3DDiff, 1852,      ,     13,  16.0,     20
2018-08-27, 16:48:04,  -04:00,    HTO,   40.8477097,  -72.6388855,    84.2, 30.07,    59.6,  31.0,   0.00,   0.00,   15.77,   0.68,  -0.41,   0.00,  -0.01,  57.2,  56.3,  27.7,  28.8,   2.5,  32.27,  31.77,     3.06,  182.06,   29.94,  14.86, 1019.4,    0.09,  310.45,  301.12,  289.08,  294.07,  280.46,  284.29,  972.89, 1038.83,  999.47, 1032.47, 1031.00, 1057.22,  975.98,  945.83,   -45.9,   0,  GPS,   86.0, 113.60, 110.85, 125.300, 121.800,  0.329,       ,       ,      ,   15.3,   87.2,  -13.6,      0,    TO,     TO,   0.0,   7.0,   0.0, 3DDiff, 1852,      ,     12,  15.5,     20
2018-08-27, 16:48:05,  -04:00,    HTO,   40.8477097,  -72.6388779,    84.2, 30.07,    58.5,  31.0,   0.00,   0.00,   14.33,   0.68,  -0.45,   0.01,  -0.00,  57.3,  56.3,  27.7,  28.8,   2.5,  32.28,  31.77,     3.09,  182.06,   30.20,  14.81, 1024.3,    0.09,  310.50,  301.14,  289.14,  294.10,  280.49,  284.23,  973.26, 1039.58,  999.68, 1034.09, 1033.38, 1057.99,  975.88,  946.67,   -47.0,   0,  GPS,   86.0, 113.60, 110.85, 125.300, 121.800,  0.329,       ,       ,      ,   15.3,   87.2,  -13.6,      0,    TO,     TO,   0.0,   7.0,   0.0, 3DDiff, 1852,      ,     12,  15.5,     20
2018-08-27, 16:48:06,  -04:00,    HTO,   40.8477097,  -72.6388779,    85.2, 30.07,    58.3,  31.0,   0.00,   0.00,   24.84,   0.67,  -0.44,   0.00,  -0.00,  57.3,  56.3,  27.7,  28.8,   2.5,  32.27,  31.76,     3.10,  182.01,   29.99,  14.91, 1017.7,    0.09,  310.56,  301.15,  289.17,  294.10,  280.52,  284.14,  973.96, 1040.02, 1001.34, 1036.48, 1032.25, 1058.76,  976.72,  947.13,   -47.2,   0,  GPS,   86.0, 113.60, 110.85, 125.300, 121.800,  0.329,       ,       ,      ,   15.3,   87.2,  -13.6,      0,    TO,     TO,   0.0,   7.0,   0.0, 3DDiff, 1852,      ,     12,  15.5,     20
2018-08-27, 16:48:07,  -04:00,    HTO,   40.8477097,  -72.6388779,    84.2, 30.07,    58.1,  31.0,   0.00,   0.00,    8.87,   0.68,  -0.41,   0.01,  -0.00,  57.3,  56.3,  27.7,  28.8,   2.5,  32.26,  31.76,     3.07,  181.98,   29.90,  14.90, 1014.7,    0.09,  310.57,  301.17,  289.20,  294.13,  280.54,  284.08,  974.48, 1039.57, 1001.10, 1038.54, 1034.36, 1057.67,  976.57,  947.58,   -47.4,   0,  GPS,   86.0, 113.60, 110.85, 125.300, 121.800,  0.329,       ,       ,      ,   15.3,   87.2,  -13.6,      0,    TO,     TO,   0.0,   7.0,   0.0, 3DDiff, 1852,      ,     13,  16.0,     20
2018-08-27, 16:48:08,  -04:00,    HTO,   40.8477097,  -72.6388779,    83.2, 30.07,    58.0,  31.0,   0.00,   0.00,  -49.11,   0.64,  -0.43,  -0.00,   0.02,  57.3,  56.3,  27.7,  28.8,   2.4,  32.27,  31.75,     3.07,  181.98,   29.77,  14.93, 1010.4,    0.09,  310.60,  301.18,  289.24,  294.13,  280.55,  284.01,  975.17, 1037.42, 1002.56, 1039.81, 1035.34, 1057.39,  976.08,  948.08,   -47.5,   0,  GPS,   86.0, 113.60, 110.85, 125.300, 121.800,  0.329,       ,       ,      ,   15.3,   87.2,  -13.6,      0,    TO,     TO,   0.0,   7.0,   0.0, 3DDiff, 1852,      ,     13,  16.0,     20
2018-08-27, 16:48:09,  -04:00,    HTO,   40.8477097,  -72.6388779,    84.2, 30.07,    58.2,  31.0,   0.00,   0.00,  -22.30,   0.63,  -0.42,   0.01,  -0.00,  57.3,  56.3,  27.7,  28.8,   2.5,  32.28,  31.75,     3.05,  182.01,   29.75,  14.94, 1013.4,    0.09,  310.63,  301.20,  289.26,  294.16,  280.61,  283.93,  975.01, 1034.59, 1001.76, 1041.32, 1033.41, 1057.59,  974.87,  947.56,   -47.3,   0,  GPS,   86.0, 113.60, 110.85, 125.300, 121.800,  0.329,       ,       ,      ,   15.3,   87.2,  -13.6,      0,    TO,     TO,   0.0,   7.0,   0.0, 3DDiff, 1852,      ,     13,  16.5,     20
2018-08-27, 16:48:10,  -04:00,    HTO,   40.8477097,  -72.6388779,    84.2, 30.07,    58.7,  31.0,   0.00,   0.00,   11.18,   0.64,  -0.41,   0.01,  -0.00,  57.2,  56.3,  27.7,  28.8,   2.5,  32.27,  31.75,     3.04,  182.02,   29.47,  14.99, 1004.4,    0.09,  310.66,  301.21,  289.29,  294.15,  280.62,  283.86,  975.27, 1033.60, 1001.48, 1042.53, 1032.35, 1056.47,  974.07,  947.30,   -46.7,   0,  GPS,   86.0, 113.60, 110.85, 125.300, 121.800,  0.329,       ,       ,      ,   15.3,   87.2,  -13.6,      0,    TO,     TO,   0.0,   7.0,  -3.9, 3DDiff, 1852,      ,     12,  16.0,     20
2018-08-27, 16:48:11,  -04:00,    HTO,   40.8477097,  -72.6388779,    82.2, 30.07,    59.6,  31.0,   0.00,   0.00,  -26.08,   0.65,  -0.42,  -0.00,   0.00,  57.3,  56.3,  27.7,  28.8,   2.5,  32.29,  31.75,     3.01,  182.10,   29.64,  14.89, 1014.6,    0.09,  310.71,  301.23,  289.31,  294.16,  280.64,  283.78,  974.62, 1033.51, 1001.00, 1041.12, 1031.38, 1054.39,  973.04,  946.86,   -45.9,   0,  GPS,   86.0, 113.60, 110.85, 125.300, 121.800,  0.329,       ,       ,      ,   15.3,   87.2,  -13.6,      0,    TO,     TO,   0.0,   7.0,   0.0, 3DDiff, 1852,      ,     12,  15.5,     20
2018-08-27, 16:48:12,  -04:00,    HTO,   40.8477097,  -72.6388779,    81.2, 30.07,    59.7,  31.0,   0.00,   0.00,  -70.71,   0.65,  -0.42,   0.01,   0.01,  57.3,  56.3,  27.7,  28.8,   2.5,  32.28,  31.75,     3.05,  182.14,   29.99,  14.75, 1027.1,    0.09,  310.74,  301.26,  289.33,  294.16,  280.64,  283.72,  975.41, 1032.74, 1001.49, 1040.79, 1032.17, 1055.81,  973.13,  946.62,   -45.8,   0,  GPS,   86.0, 113.60, 110.85, 125.300, 121.800,  0.329,       ,       ,      ,   15.3,   87.2,  -13.6,      0,    TO,     TO,   0.0,   7.0,   0.0, 3DDiff, 1852,      ,     13,  16.0,     20
2018-08-27, 16:48:13,  -04:00,    HTO,   40.8477097,  -72.6388779,    84.2, 30.07,    59.8,  31.0,   0.00,   0.00,  -18.42,   0.65,  -0.36,   0.01,   0.00,  57.4,  56.3,  27.7,  28.8,   2.5,  32.29,  31.74,     3.07,  182.21,   30.00,  14.79, 1022.3,    0.09,  310.75,  301.27,  289.38,  294.16,  280.67,  283.65,  975.61, 1032.22, 1000.99, 1039.54, 1031.65, 1057.95,  971.74,  946.27,   -45.7,   0,  GPS,   86.0, 113.60, 110.85, 125.300, 121.800,  0.329,       ,       ,      ,   15.3,   87.2,  -13.6,      0,    TO,     TO,   0.0,   7.0,   0.0, 3DDiff, 1852,      ,     13,  16.0,     20
2018-08-27, 16:48:14,  -04:00,    HTO,   40.8477097,  -72.6388779,    84.2, 30.07,    59.8,  31.2,   0.00,   0.00,   34.41,   0.66,  -0.38,   0.01,   0.01,  57.4,  56.3,  27.7,  28.8,   2.4,  32.27,  31.72,     3.04,  182.27,   29.76,  14.93, 1011.5,    0.09,  310.78,  301.30,  289.39,  294.19,  280.72,  283.56,  976.30, 1031.93, 1000.93, 1039.84, 1031.03, 1058.62,  971.30,  945.26,   -45.7,   0,  GPS,   86.0, 113.60, 110.85, 125.300, 121.800,  0.329,       ,       ,      ,   15.3,   87.2,  -13.6,      0,    TO,     TO,   0.0,   7.0,  -3.9, 3DDiff, 1852,      ,     13,  16.0,     20
2018-08-27, 16:48:15,  -04:00,    HTO,   40.8477097,  -72.6388779,    85.2, 30.07,    60.8,  31.0,   0.00,   0.00,   40.36,   0.64,  -0.42,   0.01,   0.00,  57.4,  56.3,  27.7,  28.8,   2.4,  32.28,  31.72,     3.02,  182.33,   29.28,  15.05, 1000.1,    0.09,  310.81,  301.32,  289.41,  294.19,  280.73,  283.48,  976.66, 1029.98,  999.14, 1040.41, 1030.29, 1058.19,  970.02,  944.51,   -44.7,   0,  GPS,   86.0, 113.60, 110.85, 125.300, 121.800,  0.329,       ,       ,      ,   15.3,   87.2,  -13.6,      0,    TO,     TO,   0.0,   7.0,   0.0, 3DDiff, 1852,      ,     13,  16.5,     20
2018-08-27, 16:48:16,  -04:00,    HTO,   40.8477097,  -72.6388855,    84.2, 30.07,    60.3,  31.0,   0.00,   0.00,    6.88,   0.67,  -0.40,  -0.00,  -0.01,  57.4,  56.3,  27.7,  28.8,   2.4,  32.28,  31.73,     2.99,  182.38,   29.12,  15.06, 1000.5,    0.09,  310.81,  301.35,  289.42,  294.19,  280.74,  283.44,  976.45, 1026.97,  997.97, 1038.75, 1027.33, 1055.35,  969.14,  943.40,   -45.2,   0,  GPS,   86.0, 113.60, 110.85, 125.300, 121.800,  0.329,       ,       ,      ,   15.3,   87.2,  -13.6,      0,    TO,     TO,   0.0,   7.0,   0.0, 3DDiff, 1852,      ,     12,  16.0,     20
2018-08-27, 16:48:17,  -04:00,    HTO,   40.8477097,  -72.6388779,    85.2, 30.07,    59.2,  31.0,   0.00,   0.00,    9.04,   0.68,  -0.37,   0.01,   0.00,  57.4,  56.3,  27.7,  28.8,   2.5,  32.30,  31.72,     3.00,  182.45,   29.08,  15.07,  999.9,    0.09,  310.84,  301.36,  289.42,  294.19,  280.77,  283.35,  976.42, 1025.45,  999.16, 1037.53, 1026.87, 1054.88,  967.80,  944.09,   -46.3,   0,  GPS,   86.0, 113.60, 110.85, 125.300, 121.800,  0.329,       ,       ,      ,   15.3,   87.2,  -13.6,      0,    TO,     TO,   0.0,   7.0,   0.0, 3DDiff, 1852,      ,     12,  15.5,     20
2018-08-27, 16:48:18,  -04:00,    HTO,   40.8477097,  -72.6388779,    85.2, 30.07,    59.2,  31.0,   0.00,   0.00,    9.38,   0.69,  -0.36,  -0.01,  -0.00,  57.4,  56.3,  27.7,  28.8,   2.5,  32.31,  31.73,     3.03,  182.50,   29.33,  14.90, 1013.7,    0.09,  310.85,  301.39,  289.45,  294.19,  280.81,  283.29,  977.66, 1025.02, 1001.95, 1037.45, 1024.89, 1054.12,  967.32,  945.49,   -46.3,   0,  GPS,   86.0, 113.60, 110.85, 125.300, 121.800,  0.329,       ,       ,      ,   15.3,   87.2,  -13.6,      0,    TO,     TO,   0.0,   7.0,   0.0, 3DDiff, 1852,      ,     13,  16.0,     20
2018-08-27, 16:48:19,  -04:00,    HTO,   40.8477097,  -72.6388779,    84.2, 30.07,    59.2,  31.0,   0.00,   0.00,  -10.95,   0.68,  -0.35,   0.01,  -0.00,  57.4,  56.3,  27.7,  28.8,   2.5,  32.30,  31.73,     3.03,  182.51,   29.79,  14.82, 1017.9,    0.09,  310.88,  301.40,  289.47,  294.21,  280.82,  283.20,  978.05, 1025.04, 1003.82, 1037.58, 1024.10, 1053.01,  966.71,  946.18,   -46.2,   0,  GPS,   86.0, 113.60, 110.85, 125.300, 121.800,  0.329,       ,       ,      ,   15.3,   87.2,  -13.6,      0,    TO,     TO,   0.0,   7.0,   3.9, 3DDiff, 1852,      ,     13,  16.0,     20
2018-08-27, 16:48:20,  -04:00,    HTO,   40.8477097,  -72.6388779,    85.2, 30.07,    59.2,  31.0,   0.00,   0.00,  -12.42,   0.70,  -0.42,   0.00,   0.00,  57.4,  56.3,  27.7,  28.8,   2.4,  32.33,  31.73,     3.06,  182.53,   29.37,  15.01, 1004.1,    0.09,  310.91,  301.45,  289.48,  294.22,  280.83,  283.12,  977.51, 1024.47, 1006.05, 1037.06, 1023.18, 1054.42,  967.11,  946.82,   -46.3,   0,  GPS,   86.0, 113.60, 110.85, 125.300, 121.800,  0.329,       ,       ,      ,   15.3,   87.2,  -13.6,      0,    TO,     TO,   0.0,   7.0,   3.9, 3DDiff, 1852,      ,     13,  16.0,     20
2018-08-27, 16:48:21,  -04:00,    HTO,   40.8477097,  -72.6388779,    86.2, 30.07,    57.5,  31.2,   0.00,   0.00,   25.10,   0.67,  -0.40,   0.01,  -0.00,  57.4,  56.3,  27.7,  28.8,   2.4,  32.31,  31.68,     3.04,  182.53,   29.08,  15.12,  996.2,    0.09,  310.93,  301.45,  289.45,  294.22,  280.88,  283.07,  977.48, 1022.75, 1004.61, 1036.93, 1021.42, 1055.78,  966.19,  947.22,   -48.0,   0,  GPS,   86.0, 113.60, 110.85, 125.300, 121.800,  0.329,       ,       ,      ,   15.3,   87.2,  -13.6,      0,    TO,     TO,   0.0,   7.0,   0.0, 3DDiff, 1852,      ,     13,  16.5,     20
2018-08-27, 16:48:22,  -04:00,    HTO,   40.8477097,  -72.6388779,    85.2, 30.07,    57.8,  31.0,   0.00,   0.00,   -8.03,   0.68,  -0.35,   0.00,   0.00,  57.4,  56.3,  27.7,  28.8,   2.4,  32.29,  31.64,     3.03,  182.53,   29.15,  15.05,  999.3,    0.08,  310.94,  301.49,  289.45,  294.23,  280.88,  282.97,  977.23, 1022.08, 1004.00, 1037.44, 1019.35, 1053.07,  965.79,  946.95,   -47.7,   0,  GPS,   86.0, 113.60, 110.85, 125.300, 121.800,  0.329,       ,       ,      ,   15.3,   87.2,  -13.6,      0,    TO,     TO,   0.0,   7.0,   0.0, 3DDiff, 1852,      ,     12,  16.0,     20
2018-08-27, 16:48:23,  -04:00,    HTO,   40.8477097,  -72.6388779,    86.2, 30.07,    58.5,  31.2,   0.00,   0.00,   10.28,   0.71,  -0.43,   0.00,   0.00,  57.4,  56.3,  27.7,  28.8,   2.5,  32.28,  31.61,     3.04,  182.51,   29.29,  14.97, 1009.2,    0.09,  310.96,  301.52,  289.45,  294.22,  280.91,  282.91,  976.15, 1021.39, 1002.99, 1037.88, 1018.86, 1050.26,  965.10,  946.08,   -46.9,   0,  GPS,   86.0, 113.60, 110.85, 125.300, 121.800,  0.329,       ,       ,      ,   15.3,   87.2,  -13.6,      0,    TO,     TO,   0.0,   7.0,  -3.9, 3DDiff, 1852,      ,     12,  15.5,     20
2018-08-27, 16:48:24,  -04:00,    HTO,   40.8477097,  -72.6388779,    84.2, 30.07,    58.4,  31.0,   0.00,   0.00,  -31.65,   0.75,  -0.41,  -0.00,  -0.00,  57.4,  56.3,  27.7,  28.8,   2.5,  32.28,  31.63,     3.05,  182.55,   29.56,  14.85, 1013.0,    0.08,  310.96,  301.54,  289.48,  294.22,  280.94,  282.86,  975.36, 1020.41, 1003.44, 1038.22, 1018.80, 1050.62,  965.00,  945.67,   -47.1,   0,  GPS,   86.0, 113.60, 110.85, 125.300, 121.800,  0.329,       ,       ,      ,   15.3,   87.2,  -13.6,      0,    TO,     TO,   0.0,   7.0,  -7.9, 3DDiff, 1852,      ,     13,  16.0,     20
2018-08-27, 16:48:25,  -04:00,    HTO,   40.8477097,  -72.6388855,    89.2, 30.07,    58.3,  31.0,   0.00,   0.00,   45.84,   0.80,  -0.33,   0.02,  -0.00,  57.5,  56.3,  27.7,  28.8,   2.5,  32.26,  31.62,     3.06,  182.64,   29.62,  14.90, 1015.4,    0.09,  310.99,  301.57,  289.47,  294.22,  280.97,  282.78,  975.54, 1020.72, 1004.52, 1037.23, 1018.84, 1050.71,  964.24,  946.01,   -47.2,   0,  GPS,   86.0, 113.60, 110.85, 125.300, 121.800,  0.329,       ,       ,      ,   15.3,   87.2,  -13.6,      0,    TO,     TO,   0.0,   7.0,  -3.9, 3DDiff, 1852,      ,     13,  16.0,     20
2018-08-27, 16:48:26,  -04:00,    HTO,   40.8477097,  -72.6388855,    86.2, 30.07,    58.2,  31.0,   0.00,   0.00,   50.03,   0.78,  -0.37,   0.01,  -0.02,  57.4,  56.3,  27.7,  28.8,   2.4,  32.21,  31.60,     3.07,  182.73,   29.57,  14.88, 1014.1,    0.09,  310.99,  301.62,  289.47,  294.22,  281.00,  282.70,  976.16, 1021.82, 1005.47, 1039.03, 1018.92, 1053.25,  964.52,  946.61,   -47.3,   0,  GPS,   86.0, 113.60, 110.85, 125.300, 121.800,  0.329,       ,       ,      ,   15.3,   87.2,  -13.6,      0,    TO,     TO,   0.0,   7.0,   0.0, 3DDiff, 1852,      ,     13,  16.0,     20
2018-08-27, 16:48:27,  -04:00,    HTO,   40.8477097,  -72.6388855,    85.2, 30.07,    60.0,  31.0,   0.00,   0.00,  -49.04,   0.74,  -0.35,   0.02,   0.00,  57.4,  56.3,  27.7,  28.8,   2.4,  32.21,  31.58,     3.06,  182.85,   29.56,  14.84, 1017.9,    0.09,  311.01,  301.63,  289.45,  294.22,  281.00,  282.66,  976.28, 1021.12, 1008.00, 1041.69, 1019.63, 1054.92,  964.79,  947.41,   -45.5,   0,  GPS,   86.0, 113.60, 110.85, 125.300, 121.800,  0.329,       ,       ,      ,   15.3,   87.2,  -13.6,      0,    TO,     TO,   0.0,   7.0,   0.0, 3DDiff, 1852,      ,     13,  16.5,     20
2018-08-27, 16:48:28,  -04:00,    HTO,   40.8477097,  -72.6388855,    85.2, 30.07,    59.9,  31.0,   0.00,   0.00,  -34.57,   0.79,  -0.37,   0.02,  -0.01,  57.4,  56.3,  27.7,  28.8,   2.4,  32.20,  31.57,     3.06,  182.99,   29.77,  14.81, 1020.3,    0.09,  311.00,  301.66,  289.45,  294.23,  281.03,  282.60,  976.46, 1021.42, 1009.62, 1043.54, 1019.19, 1057.10,  965.63,  947.30,   -45.6,   0,  GPS,   86.0, 113.60, 110.85, 125.300, 121.800,  0.329,       ,       ,      ,   15.3,   87.2,  -13.6,      0,    TO,     TO,   0.0,   7.0,   0.0, 3DDiff, 1852,      ,     12,  16.0,     20
2018-08-27, 16:48:29,  -04:00,    HTO,   40.8477097,  -72.6388779,    85.2, 30.07,    58.9,  31.0,   0.00,   0.00,  -43.60,   0.78,  -0.44,   0.00,   0.00,  57.4,  56.3,  27.7,  28.8,   2.4,  32.21,  31.56,     3.07,  183.10,   29.62,  14.86, 1017.6,    0.09,  311.02,  301.69,  289.45,  294.25,  281.06,  282.53,  977.81, 1021.05, 1013.52, 1043.73, 1019.96, 1057.92,  965.46,  948.93,   -46.5,   0,  GPS,   86.0, 113.60, 110.85, 125.300, 121.800,  0.329,       ,       ,      ,   15.3,   87.2,  -13.6,      0,    TO,     TO,   0.0,   7.0,   0.0, 3DDiff, 1852,      ,     12,  16.0,     20
2018-08-27, 16:48:30,  -04:00,    HTO,   40.8477097,  -72.6388779,    86.2, 30.07,    58.9,  31.0,   0.00,   0.00,  -12.06,   0.77,  -0.44,   0.01,   0.01,  57.4,  56.3,  27.7,  28.8,   2.4,  32.19,  31.52,     3.06,  183.20,   29.46,  14.87, 1015.1,    0.09,  311.02,  301.72,  289.45,  294.25,  281.09,  282.46,  977.32, 1020.69, 1012.75, 1043.49, 1020.56, 1057.74,  964.96,  948.36,   -46.5,   0,  GPS,   86.0, 113.60, 110.85, 125.300, 121.800,  0.329,       ,       ,      ,   15.3,   87.2,  -13.6,      0,    TO,     TO,   0.0,   7.0,   0.0, 3DDiff, 1852,      ,     13,  16.5,     20
2018-08-27, 16:48:31,  -04:00,    HTO,   40.8477097,  -72.6388779,    87.2, 30.07,    58.9,  31.0,   0.00,   0.00,   26.94,   0.75,  -0.44,   0.01,  -0.01,  57.3,  56.3,  27.7,  28.8,   2.5,  32.17,  31.52,     3.05,  183.26,   29.20,  15.02, 1002.5,    0.09,  311.03,  301.73,  289.44,  294.25,  281.09,  282.39,  977.61, 1020.68, 1012.93, 1043.09, 1019.82, 1056.94,  964.28,  948.28,   -46.6,   0,  GPS,   86.0, 113.60, 110.85, 125.300, 121.800,  0.329,       ,       ,      ,   15.3,   87.2,  -13.6,      0,    TO,     TO,   0.0,   7.0,  -3.9, 3DDiff, 1852,      ,     13,  16.0,     20
2018-08-27, 16:48:32,  -04:00,    HTO,   40.8477097,  -72.6388779,    86.2, 30.07,    58.8,  31.0,   0.00,   0.00,   -9.38,   0.75,  -0.43,   0.01,   0.01,  57.4,  56.3,  27.7,  28.8,   2.4,  32.17,  31.53,     3.06,  183.34,   28.99,  15.06,  999.1,    0.08,  311.05,  301.78,  289.42,  294.23,  281.12,  282.36,  976.49, 1019.29, 1012.58, 1041.70, 1018.51, 1055.62,  964.03,  947.59,   -46.7,   0,  GPS,   86.0, 113.60, 110.85, 125.300, 121.800,  0.329,       ,       ,      ,   15.3,   87.2,  -13.6,      0,    TO,     TO,   0.0,   7.0,  -3.9, 3DDiff, 1852,      ,     13,  16.5,     20
2018-08-27, 16:48:33,  -04:00,    HTO,   40.8477097,  -72.6388779,    89.2, 30.07,    57.5,  31.0,   0.00,   0.00,   66.92,   0.71,  -0.44,   0.00,  -0.01,  57.3,  56.3,  27.7,  28.8,   2.4,  32.15,  31.51,     3.02,  183.37,   28.54,  15.22,  986.1,    0.08,  311.05,  301.81,  289.42,  294.25,  281.17,  282.33,  976.37, 1018.78, 1012.37, 1039.84, 1016.26, 1053.43,  963.44,  946.91,   -48.0,   0,  GPS,   86.0, 113.60, 110.85, 125.300, 121.800,  0.329,       ,       ,      ,   15.3,   87.2,  -13.6,      0,    TO,     TO,   0.0,   7.0,   0.0, 3DDiff, 1852,      ,     13,  16.5,     20
2018-08-27, 16:48:34,  -04:00,    HTO,   40.8477097,  -72.6388779,    86.2, 30.07,    57.3,  31.0,   0.00,   0.00,   21.26,   0.75,  -0.42,   0.00,   0.01,  57.4,  56.3,  27.7,  28.8,   2.4,  32.12,  31.52,     3.00,  183.36,   28.48,  15.18,  988.1,    0.08,  311.05,  301.84,  289.42,  294.25,  281.18,  282.27,  975.52, 1016.74, 1011.19, 1039.32, 1014.86, 1049.76,  962.26,  945.89,   -48.2,   0,  GPS,   86.0, 113.60, 110.85, 125.300, 121.800,  0.329,       ,       ,      ,   15.3,   87.2,  -13.6,      0,    TO,     TO,   0.0,   7.0,   0.0, 3DDiff, 1852,      ,     12,  16.5,     20
2018-08-27, 16:48:35,  -04:00,    HTO,   40.8477097,  -72.6388779,    85.2, 30.07,    58.6,  31.0,   0.00,   0.00,  -60.34,   0.74,  -0.40,   0.02,  -0.01,  57.4,  56.3,  27.7,  28.8,   2.4,  32.11,  31.51,     3.01,  183.40,   28.86,  14.96, 1007.6,    0.09,  311.06,  301.85,  289.42,  294.27,  281.18,  282.21,  975.79, 1017.70, 1009.85, 1040.04, 1014.04, 1051.04,  962.98,  945.20,   -46.9,   0,  GPS,   86.0, 113.60, 110.85, 125.300, 121.800,  0.329,       ,       ,      ,   15.3,   87.2,  -13.6,      0,    TO,     TO,   0.0,   7.0,   0.0, 3DDiff, 1852,      ,     12,  16.0,     20
2018-08-27, 16:48:36,  -04:00,    HTO,   40.8477097,  -72.6388779,    86.2, 30.07,    58.6,  31.0,   0.00,   0.00,  -10.85,   0.77,  -0.41,   0.01,   0.01,  57.4,  56.3,  27.7,  28.8,   2.4,  32.09,  31.52,     3.00,  183.51,   29.21,  14.84, 1017.4,    0.09,  311.06,  301.87,  289.42,  294.27,  281.22,  282.20,  977.25, 1017.57, 1010.52, 1041.07, 1014.65, 1052.80,  964.12,  945.92,   -46.9,   0,  GPS,   86.0, 113.60, 110.85, 125.300, 121.800,  0.329,       ,       ,      ,   15.3,   87.2,  -13.6,      0,    TO,     TO,   0.0,   7.0,   0.0, 3DDiff, 1852,      ,     13,  15.5,     20
2018-08-27, 16:48:37,  -04:00,    HTO,   40.8477097,  -72.6388779,    87.2, 30.07,    58.6,  31.0,   0.00,   0.00,    3.05,   0.74,  -0.48,  -0.00,   0.00,  57.4,  56.3,  27.7,  28.8,   2.4,  32.09,  31.54,     2.99,  183.68,   29.16,  14.97, 1008.2,    0.09,  311.08,  301.90,  289.41,  294.28,  281.22,  282.15,  979.31, 1018.08, 1010.71, 1039.21, 1014.85, 1051.95,  963.47,  946.50,   -46.9,   0,  GPS,   86.0, 113.60, 110.85, 125.300, 121.800,  0.329,       ,       ,      ,   15.3,   87.2,  -13.6,      0,    TO,     TO,   0.0,   7.0,   0.0, 3DDiff, 1852,      ,     13,  15.5,     20
2018-08-27, 16:48:38,  -04:00,    HTO,   40.8477097,  -72.6388779,    83.2, 30.07,    58.6,  31.0,   0.00,   0.00,  -80.86,   0.74,  -0.42,   0.00,   0.01,  57.4,  56.3,  27.7,  28.8,   2.5,  32.06,  31.57,     2.99,  183.81,   29.20,  14.89, 1015.2,    0.09,  311.06,  301.93,  289.41,  294.28,  281.29,  282.14,  979.88, 1016.75, 1013.13, 1037.75, 1015.11, 1050.75,  962.77,  947.94,   -46.9,   0,  GPS,   86.0, 113.60, 110.85, 125.300, 121.800,  0.329,       ,       ,      ,   15.3,   87.2,  -13.6,      0,    TO,     TO,   0.0,   7.0,   0.0, 3DDiff, 1852,      ,     14,  16.0,     21
2018-08-27, 16:48:39,  -04:00,    HTO,   40.8477097,  -72.6388855,    85.2, 30.07,    58.6,  31.0,   0.00,   0.00,  -41.30,   0.74,  -0.43,   0.01,  -0.01,  57.4,  56.3,  27.7,  28.8,   2.4,  32.05,  31.54,     3.02,  183.92,   29.17,  14.91, 1008.3,    0.08,  311.08,  301.99,  289.42,  294.30,  281.30,  282.11,  980.46, 1016.44, 1014.07, 1039.72, 1014.95, 1050.94,  962.56,  948.67,   -46.9,   0,  GPS,   86.0, 113.60, 110.85, 125.300, 121.800,  0.329,       ,       ,      ,   15.3,   87.2,  -13.6,      0,    TO,     TO,   0.0,   7.0,   0.0, 3DDiff, 1852,      ,     13,  16.0,     20
2018-08-27, 16:48:40,  -04:00,    HTO,   40.8477097,  -72.6388855,    84.2, 30.07,    58.8,  31.0,   0.00,   0.00,  -16.28,   0.71,  -0.43,   0.00,  -0.00,  57.4,  56.3,  27.7,  28.8,   2.4,  32.02,  31.55,     3.00,  184.02,   28.97,  14.94, 1008.2,    0.09,  311.06,  301.99,  289.42,  294.29,  281.33,  282.08,  981.01, 1017.03, 1013.83, 1038.85, 1014.16, 1049.69,  963.29,  948.40,   -46.7,   0,  GPS,   86.0, 113.60, 110.85, 125.300, 121.800,  0.329,       ,       ,      ,   15.3,   87.2,  -13.6,      0,    TO,     TO,   0.0,   7.0,   0.0, 3DDiff, 1852,      ,     13,  16.0,     20
2018-08-27, 16:48:41,  -04:00,    HTO,   40.8477097,  -72.6388779,    83.2, 30.07,    57.6,  31.0,   0.00,   0.00,  -59.04,   0.71,  -0.42,   0.00,  -0.01,  57.4,  56.3,  27.7,  28.8,   2.4,  32.00,  31.55,     2.98,  184.12,   28.96,  14.97, 1008.0,    0.09,  311.08,  302.03,  289.42,  294.33,  281.35,  282.05,  982.04, 1017.55, 1012.61, 1038.94, 1014.48, 1051.17,  962.94,  948.63,   -47.8,   0,  GPS,   86.0, 113.60, 110.85, 125.300, 121.800,  0.329,       ,       ,      ,   15.3,   87.2,  -13.6,      0,    TO,     TO,   0.0,   7.0,   3.9, 3DDiff, 1852,      ,     13,  15.5,     20
2018-08-27, 16:48:42,  -04:00,    HTO,   40.8477097,  -72.6388779,    82.2, 30.07,    57.7,  31.0,   0.00,   0.00,  -46.83,   0.73,  -0.44,   0.01,  -0.00,  57.4,  56.3,  27.7,  28.8,   2.4,  32.02,  31.55,     3.00,  184.11,   29.01,  14.94, 1009.8,    0.09,  311.08,  302.06,  289.42,  294.34,  281.39,  282.05,  982.55, 1018.78, 1011.55, 1039.25, 1014.62, 1052.45,  963.47,  948.58,   -47.8,   0,  GPS,   86.0, 113.60, 110.85, 125.300, 121.800,  0.329,       ,       ,      ,   15.3,   87.2,  -13.6,      0,    TO,     TO,   0.0,   7.0,   3.9, 3DDiff, 1852,      ,     13,  15.5,     20
2018-08-27, 16:48:43,  -04:00,    HTO,   40.8477097,  -72.6388779,    81.2, 30.07,    57.6,  31.0,   0.00,   0.00,  -62.20,   0.71,  -0.45,   0.01,  -0.01,  57.4,  56.3,  27.7,  28.8,   2.5,  32.04,  31.57,     3.04,  184.09,   29.29,  14.83, 1019.3,    0.09,  311.08,  302.09,  289.42,  294.34,  281.42,  282.02,  983.37, 1019.09, 1012.31, 1038.80, 1016.12, 1052.07,  963.50,  949.14,   -47.9,   0,  GPS,   86.0, 113.60, 110.85, 125.300, 121.800,  0.329,       ,       ,      ,   15.3,   87.2,  -13.6,      0,    TO,     TO,   0.0,   7.0,   0.0, 3DDiff, 1852,      ,     13,  15.5,     20
2018-08-27, 16:48:44,  -04:00,    HTO,   40.8477097,  -72.6388779,    83.2, 30.07,    57.4,  30.8,   0.00,   0.00,  -24.21,   0.73,  -0.43,   0.02,  -0.00,  57.4,  56.3,  27.7,  28.8,   2.5,  32.07,  31.58,     3.01,  184.02,   29.41,  14.88, 1016.0,    0.09,  311.08,  302.12,  289.45,  294.37,  281.46,  282.00,  983.05, 1019.10, 1011.78, 1040.12, 1017.08, 1049.34,  964.32,  948.54,   -48.0,   0,  GPS,   86.0, 113.60, 110.85, 125.300, 121.800,  0.329,       ,       ,      ,   15.3,   87.2,  -13.6,      0,    TO,     TO,   0.0,   7.0,   0.0, 3DDiff, 1852,      ,     13,  15.5,     20
2018-08-27, 16:48:45,  -04:00,    HTO,   40.8477097,  -72.6388779,    82.2, 30.07,    58.5,  30.8,   0.00,   0.00,   -5.84,   0.73,  -0.45,   0.00,   0.00,  57.4,  56.3,  27.7,  28.8,   2.5,  32.09,  31.60,     3.00,  183.95,   29.61,  14.82, 1023.3,    0.09,  311.06,  302.15,  289.43,  294.40,  281.49,  281.97,  983.78, 1019.82, 1012.24, 1040.47, 1016.09, 1046.33,  963.75,  949.02,   -47.0,   0,  GPS,   86.0, 113.60, 110.85, 125.300, 121.800,  0.329,       ,       ,      ,   15.3,   87.2,  -13.6,      0,    TO,     TO,   0.0,   7.0,   0.0, 3DDiff, 1852,      ,     13,  16.0,     20
2018-08-27, 16:48:46,  -04:00,    HTO,   40.8477097,  -72.6388779,    84.2, 30.07,    58.5,  30.8,   0.00,   0.00,   24.01,   0.74,  -0.45,   0.01,   0.01,  57.4,  56.3,  27.7,  28.8,   2.5,  32.11,  31.61,     3.00,  183.83,   29.84,  14.79, 1027.5,    0.09,  311.06,  302.17,  289.45,  294.40,  281.53,  281.96,  984.94, 1021.55, 1012.68, 1040.24, 1017.43, 1049.52,  964.31,  949.49,   -47.0,   0,  GPS,   86.0, 113.60, 110.85, 125.300, 121.800,  0.329,       ,       ,      ,   15.3,   87.2,  -13.6,      0,    TO,     TO,   0.0,   7.0,   0.0, 3DDiff, 1852,      ,     13,  15.5,     20
2018-08-27, 16:48:47,  -04:00,    HTO,   40.8477097,  -72.6388779,    84.2, 30.07,    59.3,  30.8,   0.00,   0.00,   26.95,   0.71,  -0.45,   0.01,  -0.00,  57.4,  56.3,  27.7,  28.8,   2.4,  32.12,  31.64,     3.01,  183.74,   29.97,  14.75, 1026.8,    0.09,  311.08,  302.19,  289.45,  294.41,  281.56,  281.94,  985.08, 1022.48, 1012.66, 1039.89, 1018.71, 1048.82,  964.12,  949.40,   -46.2,   0,  GPS,   86.0, 113.60, 110.85, 125.300, 121.800,  0.329,       ,       ,      ,   15.3,   87.2,  -13.6,      0,    TO,     TO,   0.0,   7.0,   3.9, 3DDiff, 1852,      ,     13,  15.0,     20
2018-08-27, 16:48:48,  -04:00,    HTO,   40.8477097,  -72.6388779,    85.2, 30.07,    59.4,  30.8,   0.00,   0.00,   23.31,   0.70,  -0.47,  -0.00,   0.00,  57.4,  56.3,  27.7,  28.8,   2.4,  32.15,  31.66,     2.99,  183.69,   29.64,  14.85, 1016.8,    0.09,  311.08,  302.23,  289.48,  294.43,  281.60,  281.93,  985.94, 1022.67, 1012.74, 1040.23, 1020.46, 1048.82,  964.96,  949.48,   -46.1,   0,  GPS,   86.0, 113.60, 110.85, 125.300, 121.800,  0.329,       ,       ,      ,   15.3,   87.2,  -13.6,      0,    TO,     TO,   0.0,   7.0,   0.0, 3DDiff, 1852,      ,     13,  15.5,     20
2018-08-27, 16:48:49,  -04:00,    HTO,   40.8477097,  -72.6388779,    85.2, 30.07,    59.6,  30.8,   0.00,   0.00,   36.84,   0.69,  -0.47,   0.01,  -0.00,  57.4,  56.3,  27.7,  28.8,   2.4,  32.16,  31.67,     2.98,  183.66,   29.41,  14.90, 1014.2,    0.09,  311.08,  302.24,  289.48,  294.44,  281.61,  281.93,  985.02, 1022.67, 1011.83, 1038.31, 1019.55, 1047.86,  964.67,  948.83,   -45.9,   0,  GPS,   86.0, 113.60, 110.85, 125.300, 121.800,  0.329,       ,       ,      ,   15.3,   87.2,  -13.6,      0,    TO,     TO,   0.0,   7.0,   0.0, 3DDiff, 1852,      ,     13,  15.5,     20
2018-08-27, 16:48:50,  -04:00,    HTO,   40.8477097,  -72.6388779,    84.2, 30.07,    59.7,  30.8,   0.00,   0.00,  -17.38,   0.71,  -0.46,   0.01,  -0.00,  57.3,  56.3,  27.7,  28.8,   2.5,  32.16,  31.67,     2.99,  183.64,   29.31,  14.93, 1011.8,    0.09,  311.05,  302.29,  289.48,  294.43,  281.63,  281.90,  984.35, 1023.25, 1010.57, 1038.70, 1018.41, 1048.17,  964.76,  948.18,   -45.8,   0,  GPS,   86.0, 113.60, 110.85, 125.300, 121.800,  0.329,       ,       ,      ,   15.3,   87.2,  -13.6,      0,    TO,     TO,   0.0,   7.0,   0.0, 3DDiff, 1852,      ,     13,  15.5,     20
2018-08-27, 16:48:51,  -04:00,    HTO,   40.8477097,  -72.6388855,    83.2, 30.07,    59.9,  30.8,   0.00,   0.00,  -13.98,   0.69,  -0.43,   0.01,   0.01,  57.4,  56.3,  27.7,  28.8,   2.5,  32.16,  31.67,     3.00,  183.62,   29.42,  14.86, 1018.1,    0.09,  311.08,  302.30,  289.48,  294.46,  281.66,  281.90,  985.16, 1023.20, 1010.06, 1038.15, 1018.68, 1049.67,  965.32,  948.60,   -45.6,   0,  GPS,   86.0, 113.60, 110.85, 125.300, 121.800,  0.329,       ,       ,      ,   15.3,   87.2,  -13.6,      0,    TO,     TO,   0.0,   7.0,   3.9, 3DDiff, 1852,      ,     13,  16.0,     20
2018-08-27, 16:48:52,  -04:00,    HTO,   40.8477097,  -72.6388855,    83.2, 30.07,    59.9,  30.8,   0.00,   0.00,  -55.97,   0.70,  -0.47,   0.02,  -0.00,  57.4,  56.3,  27.7,  28.8,   2.5,  32.18,  31.68,     2.99,  183.62,   29.84,  14.72, 1028.8,    0.09,  311.06,  302.32,  289.48,  294.49,  281.69,  281.87,  984.52, 1023.42, 1009.88, 1037.35, 1019.31, 1049.10,  965.92,  947.88,   -45.6,   0,  GPS,   86.0, 113.60, 110.85, 125.300, 121.800,  0.329,       ,       ,      ,   15.3,   87.2,  -13.6,      0,    TO,     TO,   0.0,   7.0,   3.9, 3DDiff, 1852,      ,     13,  15.5,     20
2018-08-27, 16:48:53,  -04:00,    HTO,   40.8477097,  -72.6388779,    85.2, 30.07,    58.7,  30.8,   0.00,   0.00,   -0.58,   0.71,  -0.47,   0.01,  -0.00,  57.4,  56.3,  27.7,  28.8,   2.4,  32.18,  31.70,     2.99,  183.64,   29.64,  14.83, 1021.8,    0.09,  311.05,  302.33,  289.49,  294.49,  281.74,  281.87,  984.92, 1024.04, 1010.10, 1036.39, 1019.60, 1050.43,  966.01,  948.18,   -46.8,   0,  GPS,   86.0, 113.60, 110.85, 125.300, 121.800,  0.329,       ,       ,      ,   15.3,   87.2,  -13.6,      0,    TO,     TO,   0.0,   7.0,   0.0, 3DDiff, 1852,      ,     13,  15.0,     20
2018-08-27, 16:48:54,  -04:00,    HTO,   40.8477097,  -72.6388779,    85.2, 30.07,    58.7,  30.8,   0.00,   0.00,   24.68,   0.69,  -0.49,   0.01,  -0.00,  57.4,  56.3,  27.7,  28.8,   2.4,  32.21,  31.71,     3.02,  183.66,   29.39,  14.91, 1013.4,    0.09,  311.05,  302.33,  289.51,  294.49,  281.77,  281.86,  984.68, 1024.49, 1008.87, 1034.83, 1019.83, 1051.50,  966.40,  947.59,   -46.8,   0,  GPS,   86.0, 113.60, 110.85, 125.300, 121.800,  0.329,       ,       ,      ,   15.3,   87.2,  -13.6,      0,    TO,     TO,   0.0,   7.0,   0.0, 3DDiff, 1852,      ,     13,  15.5,     20
2018-08-27, 16:48:55,  -04:00,    HTO,   40.8477097,  -72.6388779,    84.2, 30.07,    58.6,  30.8,   0.00,   0.00,  -14.51,   0.69,  -0.49,  -0.01,  -0.00,  57.4,  56.3,  27.7,  28.8,   2.4,  32.22,  31.72,     3.00,  183.69,   29.22,  14.95, 1011.3,    0.09,  311.06,  302.33,  289.51,  294.49,  281.78,  281.81,  984.08, 1024.34, 1007.02, 1033.06, 1019.85, 1050.65,  966.33,  946.44,   -46.9,   0,  GPS,   86.0, 113.60, 110.85, 125.300, 121.800,  0.329,       ,       ,      ,   15.3,   87.2,  -13.6,      0,    TO,     TO,   0.0,   7.0,   0.0, 3DDiff, 1852,      ,     13,  15.5,     20
2018-08-27, 16:48:56,  -04:00,    HTO,   40.8477097,  -72.6388779,    84.2, 30.07,    58.5,  30.8,   0.00,   0.00,   -6.63,   0.71,  -0.53,   0.01,  -0.00,  57.3,  56.3,  27.7,  28.8,   2.4,  32.22,  31.72,     3.00,  183.70,   29.27,  14.89, 1013.4,    0.09,  311.05,  302.36,  289.51,  294.50,  281.84,  281.81,  982.73, 1023.40, 1005.02, 1032.52, 1018.03, 1050.81,  966.55,  944.76,   -47.0,   0,  GPS,   86.0, 113.60, 110.85, 125.300, 121.800,  0.329,       ,       ,      ,   15.3,   87.2,  -13.6,      0,    TO,     TO,   0.0,   7.0,   0.0, 3DDiff, 1852,      ,     13,  15.5,     20
2018-08-27, 16:48:57,  -04:00,    HTO,   40.8477097,  -72.6388779,    84.2, 30.07,    56.7,  30.8,   0.00,   0.00,  -13.83,   0.73,  -0.55,  -0.00,  -0.01,  57.3,  56.3,  27.7,  28.8,   2.5,  32.24,  31.72,     3.01,  183.69,   29.25,  14.92, 1013.4,    0.09,  311.05,  302.36,  289.53,  294.49,  281.85,  281.78,  981.68, 1023.76, 1005.07, 1031.19, 1017.41, 1049.72,  966.27,  944.73,   -48.8,   0,  GPS,   86.0, 113.60, 110.85, 125.300, 121.800,  0.329,       ,       ,      ,   15.3,   87.2,  -13.6,      0,    TO,     TO,   0.0,   7.0,   0.0, 3DDiff, 1852,      ,     13,  16.0,     20
2018-08-27, 16:48:58,  -04:00,    HTO,   40.8477097,  -72.6388779,    84.2, 30.07,    56.5,  30.8,   0.00,   0.00,  -20.57,   0.74,  -0.48,   0.01,   0.00,  57.4,  56.3,  27.7,  28.8,   2.5,  32.22,  31.71,     3.02,  183.66,   29.38,  14.88, 1019.0,    0.09,  311.05,  302.36,  289.51,  294.52,  281.87,  281.76,  982.01, 1023.28, 1005.24, 1030.65, 1015.85, 1051.47,  966.24,  944.84,   -49.0,   0,  GPS,   86.0, 113.60, 110.85, 125.300, 121.800,  0.329,       ,       ,      ,   15.3,   87.2,  -13.6,      0,    TO,     TO,   0.0,   7.0,   0.0, 3DDiff, 1852,      ,     13,  15.5,     20
2018-08-27, 16:48:59,  -04:00,    HTO,   40.8477097,  -72.6388779,    84.2, 30.07,    57.2,  30.8,   0.00,   0.00,   -7.33,   0.75,  -0.48,   0.00,   0.00,  57.4,  56.3,  27.7,  28.8,   2.4,  32.19,  31.72,     3.03,  183.63,   29.56,  14.82, 1022.3,    0.09,  311.02,  302.36,  289.54,  294.52,  281.90,  281.75,  981.10, 1023.76, 1004.77, 1030.66, 1016.53, 1054.06,  966.62,  944.63,   -48.3,   0,  GPS,   86.0, 113.60, 110.85, 125.300, 121.800,  0.329,       ,       ,      ,   15.3,   87.2,  -13.6,      0,    TO,     TO,   0.0,   7.0,   0.0, 3DDiff, 1852,      ,     13,  15.0,     20
2018-08-27, 16:49:00,  -04:00,    HTO,   40.8477097,  -72.6388855,    83.2, 30.07,    57.0,  30.8,   0.00,   0.00,  -24.04,   0.74,  -0.49,   0.01,  -0.00,  57.3,  56.3,  27.7,  28.8,   2.4,  32.19,  31.72,     3.01,  183.60,   29.69,  14.78, 1022.1,    0.09,  311.03,  302.37,  289.54,  294.52,  281.92,  281.72,  980.68, 1023.38, 1005.14, 1031.06, 1017.12, 1056.27,  967.26,  944.87,   -48.5,   0,  GPS,   86.0, 113.60, 110.85, 125.300, 121.800,  0.329,       ,       ,      ,   15.3,   87.2,  -13.6,      0,    TO,     TO,   0.0,   7.0,   0.0, 3DDiff, 1852,      ,     13,  15.5,     20
2018-08-27, 16:49:01,  -04:00,    HTO,   40.8477097,  -72.6388855,    83.2, 30.07,    56.8,  30.8,   0.00,   0.00,  -34.18,   0.71,  -0.46,   0.00,   0.01,  57.4,  56.3,  27.7,  28.8,   2.4,  32.19,  31.73,     2.99,  183.61,   29.50,  14.84, 1020.7,    0.09,  311.02,  302.38,  289.54,  294.52,  281.93,  281.70,  980.54, 1023.58, 1002.86, 1030.23, 1017.06, 1053.66,  966.61,  944.17,   -48.6,   0,  GPS,   86.0, 113.60, 110.85, 125.300, 121.800,  0.329,       ,       ,      ,   15.3,   87.2,  -13.6,      0,    TO,     TO,   0.0,   7.0,   0.0, 3DDiff, 1852,      ,     13,  15.5,     20
2018-08-27, 16:49:02,  -04:00,    HTO,   40.8477097,  -72.6388855,    84.2, 30.07,    56.8,  30.8,   0.00,   0.00,    4.43,   0.75,  -0.47,   0.01,  -0.00,  57.4,  56.3,  27.7,  28.8,   2.4,  32.19,  31.74,     2.99,  183.63,   29.54,  14.82, 1020.0,    0.09,  311.02,  302.39,  289.54,  294.52,  281.98,  281.69,  981.53, 1022.85, 1002.15, 1029.29, 1016.40, 1055.05,  966.11,  944.13,   -48.7,   0,  GPS,   86.0, 113.60, 110.85, 125.300, 121.800,  0.329,       ,       ,      ,   15.3,   87.2,  -13.6,      0,    TO,     TO,   0.0,   7.0,   0.0, 3DDiff, 1852,      ,     13,  15.5,     20
2018-08-27, 16:49:03,  -04:00,    HTO,   40.8477097,  -72.6388855,    84.2, 30.07,    58.7,  30.8,   0.00,   0.00,   11.36,   0.73,  -0.43,   0.01,  -0.01,  57.4,  56.3,  27.7,  28.8,   2.4,  32.19,  31.74,     3.00,  183.67,   29.33,  14.87, 1016.3,    0.09,  310.99,  302.38,  289.54,  294.52,  281.99,  281.66,  981.07, 1022.83, 1000.62, 1029.77, 1016.67, 1055.93,  965.72,  943.18,   -46.8,   0,  GPS,   86.0, 113.60, 110.85, 125.300, 121.800,  0.329,       ,       ,      ,   15.3,   87.2,  -13.6,      0,    TO,     TO,   0.0,   7.0,   0.0, 3DDiff, 1852,      ,     13,  16.0,     20
2018-08-27, 16:49:04,  -04:00,    HTO,   40.8477097,  -72.6388855,    84.2, 30.07,    58.6,  30.8,   0.00,   0.00,   -5.98,   0.74,  -0.47,   0.00,   0.00,  57.3,  56.3,  27.7,  28.8,   2.5,  32.15,  31.73,     3.01,  183.68,   29.48,  14.78, 1021.8,    0.09,  311.00,  302.36,  289.53,  294.52,  282.01,  281.63,  980.53, 1022.57,  999.09, 1029.14, 1017.52, 1052.87,  965.80,  942.04,   -46.9,   0,  GPS,   86.0, 113.60, 110.85, 125.300, 121.800,  0.329,       ,       ,      ,   15.3,   87.2,  -13.6,      0,    TO,     TO,   0.0,   7.0,   0.0, 3DDiff, 1852,      ,     13,  15.5,     20
2018-08-27, 16:49:05,  -04:00,    HTO,   40.8477097,  -72.6388779,    83.2, 30.07,    57.7,  30.8,   0.00,   0.00,  -19.52,   0.73,  -0.44,   0.01,  -0.00,  57.3,  56.3,  27.7,  28.8,   2.4,  32.16,  31.73,     3.01,  183.72,   29.57,  14.76, 1026.9,    0.09,  310.99,  302.35,  289.56,  294.52,  282.04,  281.63,  981.46, 1022.39,  999.74, 1029.18, 1018.24, 1052.33,  965.32,  942.70,   -47.8,   0,  GPS,   86.0, 113.60, 110.85, 125.300, 121.800,  0.329,       ,       ,      ,   15.3,   87.2,  -13.6,      0,    TO,     TO,   0.0,   7.0,   0.0, 3DDiff, 1852,      ,     13,  15.0,     20
2018-08-27, 16:49:06,  -04:00,    HTO,   40.8477097,  -72.6388779,    83.2, 30.07,    57.7,  30.8,   0.00,   0.00,  -20.56,   0.77,  -0.52,   0.01,   0.00,  57.3,  56.3,  27.7,  28.8,   2.4,  32.17,  31.72,     3.01,  183.75,   30.00,  14.64, 1039.5,    0.09,  310.99,  302.33,  289.54,  294.52,  282.05,  281.61,  982.40, 1022.94,  999.10, 1027.97, 1018.50, 1052.90,  965.27,  942.51,   -47.8,   0,  GPS,   86.0, 113.60, 110.85, 125.300, 121.800,  0.329,       ,       ,      ,   15.3,   87.2,  -13.6,      0,    TO,     TO,   0.0,   7.0,   0.0, 3DDiff, 1852,      ,     13,  15.5,     20
2018-08-27, 16:49:07,  -04:00,    HTO,   40.8477097,  -72.6388779,    84.2, 30.07,    57.7,  30.8,   0.00,   0.00,   -1.51,   0.78,  -0.48,   0.00,   0.00,  57.3,  56.3,  27.7,  28.8,   2.4,  32.19,  31.71,     3.02,  183.80,   30.43,  14.55, 1046.4,    0.09,  310.94,  302.33,  289.56,  294.50,  282.06,  281.58,  983.00, 1023.99,  999.99, 1028.26, 1020.37, 1054.25,  965.58,  943.47,   -47.8,   0,  GPS,   86.0, 113.60, 110.85, 125.300, 121.800,  0.329,       ,       ,      ,   15.3,   87.2,  -13.6,      0,    TO,     TO,   0.0,   7.0,   0.0, 3DDiff, 1852,      ,     13,  15.5,     20
2018-08-27, 16:49:08,  -04:00,    HTO,   40.8477097,  -72.6388779,    85.2, 30.07,    57.7,  30.8,   0.00,   0.00,   22.70,   0.79,  -0.44,  -0.00,   0.01,  57.3,  56.3,  27.7,  28.8,   2.4,  32.18,  31.68,     3.03,  183.88,   30.48,  14.51, 1047.6,    0.09,  310.96,  302.33,  289.54,  294.50,  282.09,  281.58,  981.92, 1024.64,  999.98, 1027.17, 1022.53, 1054.96,  966.03,  942.96,   -47.8,   0,  GPS,   86.0, 113.60, 110.85, 125.300, 121.800,  0.329,       ,       ,      ,   15.3,   87.2,  -13.6,      0,    TO,     TO,   0.0,   7.0,   0.0, 3DDiff, 1852,      ,     13,  15.5,     20
2018-08-27, 16:49:09,  -04:00,    HTO,   40.8477097,  -72.6388779,    85.2, 30.07,    56.8,  30.8,   0.00,   0.00,   27.88,   0.78,  -0.47,   0.01,  -0.01,  57.3,  56.3,  27.7,  28.8,   2.4,  32.15,  31.66,     3.03,  183.99,   30.39,  14.58, 1041.3,    0.09,  310.95,  302.33,  289.56,  294.50,  282.14,  281.57,  981.43, 1025.78, 1001.67, 1027.31, 1022.08, 1057.12,  965.93,  943.10,   -48.6,   0,  GPS,   86.0, 113.60, 110.85, 125.300, 121.800,  0.329,       ,       ,      ,   15.3,   87.2,  -13.6,      0,    TO,     TO,   0.0,   7.0,   0.0, 3DDiff, 1852,      ,     13,  16.0,     20
2018-08-27, 16:49:10,  -04:00,    HTO,   40.8477097,  -72.6388779,    84.2, 30.07,    56.9,  30.8,   0.00,   0.00,  -15.47,   0.77,  -0.51,  -0.00,   0.02,  57.3,  56.3,  27.7,  28.8,   2.4,  32.15,  31.68,     3.01,  184.05,   30.05,  14.58, 1032.5,    0.09,  310.93,  302.30,  289.59,  294.49,  282.12,  281.58,  980.48, 1026.21, 1002.70, 1027.38, 1023.74, 1059.51,  966.35,  942.93,   -48.6,   0,  GPS,   86.0, 113.60, 110.85, 125.300, 121.800,  0.329,       ,       ,      ,   15.3,   87.2,  -13.6,      0,    TO,     TO,   0.0,   7.0,   0.0, 3DDiff, 1852,      ,     13,  15.5,     20
2018-08-27, 16:49:11,  -04:00,    HTO,   40.8477097,  -72.6388779,    85.2, 30.07,    57.9,  30.8,   0.00,   0.00,   -3.70,   0.83,  -0.48,   0.00,  -0.01,  57.4,  56.3,  27.7,  28.8,   2.4,  32.16,  31.68,     3.03,  184.12,   29.40,  14.76, 1014.2,    0.08,  310.93,  302.29,  289.58,  294.52,  282.14,  281.55,  978.92, 1025.64, 1002.30, 1025.65, 1024.62, 1057.20,  965.60,  942.09,   -47.6,   0,  GPS,   86.0, 113.60, 110.85, 125.300, 121.800,  0.329,       ,       ,      ,   15.3,   87.2,  -13.6,      0,    TO,     TO,   0.0,   7.0,   3.9, 3DDiff, 1852,      ,     13,  15.0,     20
2018-08-27, 16:49:12,  -04:00,    HTO,   40.8477097,  -72.6388779,    84.2, 30.07,    58.0,  30.8,   0.00,   0.00,   -3.26,   0.79,  -0.47,   0.00,   0.00,  57.3,  56.3,  27.7,  28.8,   2.4,  32.16,  31.66,     3.00,  184.18,   29.29,  14.70, 1016.5,    0.08,  310.90,  302.27,  289.58,  294.49,  282.17,  281.57,  977.96, 1025.91, 1000.99, 1025.99, 1026.04, 1054.39,  965.82,  941.62,   -47.5,   0,  GPS,   86.0, 113.60, 110.85, 125.300, 121.800,  0.329,       ,       ,      ,   15.3,   87.2,  -13.6,      0,    TO,     TO,   0.0,   7.0,   0.0, 3DDiff, 1852,      ,     13,  15.5,     20
2018-08-27, 16:49:13,  -04:00,    HTO,   40.8477097,  -72.6388779,    85.2, 30.07,    58.0,  30.8,   0.00,   0.00,  -15.20,   0.86,  -0.35,   0.00,  -0.01,  57.8,  56.3,  27.7,  28.8,   2.4,  32.16,  31.66,     3.01,  184.23,   28.92,  14.86, 1005.1,    0.08,  310.90,  302.25,  289.59,  294.49,  282.20,  281.54,  977.20, 1025.03, 1000.11, 1025.40, 1025.78, 1053.93,  964.81,  941.13,   -47.5,   0,  GPS,   86.0, 113.60, 110.85, 125.300, 121.800,  0.329,       ,       ,      ,   15.3,   87.2,  -13.6,      0,    TO,     TO,   0.0,   7.0,   0.0, 3DDiff, 1852,      ,     13,  15.5,     20
2018-08-27, 16:49:14,  -04:00,    HTO,   40.8477097,  -72.6388779,    85.2, 30.07,    58.1,  30.8,   0.00,   0.00,   -0.45,   0.89,  -0.44,   0.00,   0.01,  57.6,  56.3,  27.7,  28.8,   2.4,  32.13,  31.66,     2.96,  184.29,   28.61,  14.88, 1002.8,    0.08,  310.88,  302.24,  289.60,  294.49,  282.20,  281.54,  975.55, 1023.84,  998.50, 1024.53, 1024.15, 1053.26,  964.70,  940.13,   -47.4,   0,  GPS,   86.0, 113.60, 110.85, 125.300, 121.800,  0.329,       ,       ,      ,   15.3,   87.2,  -13.6,      0,    TO,     TO,   0.0,   7.0,   0.0, 3DDiff, 1852,      ,     13,  15.5,     20
2018-08-27, 16:49:15,  -04:00,    HTO,   40.8477135,  -72.6388779,    85.2, 30.07,    58.7,  30.8,   0.00,   0.00,    3.88,   1.03,  -0.48,  -0.01,  -0.00,  57.5,  56.3,  27.7,  28.8,   2.4,  32.15,  31.69,     2.96,  184.34,   28.64,  14.85, 1005.4,    0.08,  310.87,  302.21,  289.60,  294.49,  282.23,  281.51,  973.60, 1023.48,  996.08, 1025.84, 1022.17, 1051.61,  964.26,  938.85,   -46.8,   0,  GPS,   86.0, 113.60, 110.85, 125.300, 121.800,  0.329,       ,       ,      ,   15.3,   87.2,  -13.6,      0,    TO,     TO,   0.0,   7.0,   0.0, 3DDiff, 1852,      ,     13,  16.0,     20
2018-08-27, 16:49:16,  -04:00,    HTO,   40.8477173,  -72.6388702,    84.2, 30.07,    58.9,  30.8,   0.00,   0.99,  -26.76,   1.19,  -0.38,  -0.00,   0.01,  57.4,  56.3,  27.7,  28.8,   2.4,  32.06,  31.71,     2.93,  184.36,   28.84,  14.95, 1014.1,    0.09,  310.86,  302.21,  289.63,  294.49,  282.24,  281.52,  972.04, 1023.20,  996.38, 1025.02, 1020.72, 1048.96,  964.50,  938.98,   -46.5,   0,  GPS,   86.0, 113.60, 110.85, 125.300, 121.800,  0.330,       ,       ,      ,   15.3,   87.2,  -13.6,      0,    TO,     TO,   0.0,   7.0,   0.0, 3DDiff, 1852,      ,     13,  15.5,     20
2018-08-27, 16:49:17,  -04:00,    HTO,   40.8477211,  -72.6388626,    84.2, 30.07,    58.0,  30.8,   0.00,   1.54,  -16.50,   1.25,  -0.26,  -0.00,  -0.01,  57.1,  56.3,  27.7,  28.8,   2.5,  32.04,  31.75,     3.48,  184.34,   32.43,  17.11, 1153.2,    0.13,  310.84,  302.21,  289.64,  294.49,  282.26,  281.51,  976.26, 1026.21,  999.04, 1028.43, 1023.60, 1047.77,  965.33,  945.63,   -47.5,   0,  GPS,   86.0, 113.60, 110.85, 125.300, 121.800,  0.330,       ,       ,      ,   15.3,   87.2,  -13.6,      0,    TO,     TO,   0.0,   7.0,   0.0, 3DDiff, 1852,      ,     12,  15.0,     20
2018-08-27, 16:49:18,  -04:00,    HTO,   40.8477325,  -72.6388474,    86.2, 30.07,    58.0,  30.8,   0.00,   2.31,    6.08,   0.98,  -0.25,   0.01,  -0.01,  56.8,  55.7,  27.7,  28.8,   2.4,  32.01,  31.77,     4.05,  184.33,   38.04,  16.52, 1299.7,    0.15,  310.81,  302.18,  289.69,  294.49,  282.29,  281.54,  992.70, 1043.05, 1010.87, 1041.08, 1036.68, 1057.57,  977.90,  961.62,   -47.4,   0,  GPS,   86.0, 113.60, 110.85, 125.300, 121.800,  0.330,       ,       ,      ,   15.3,   87.2,  -13.6,      0,    TO,     TO,   0.0,   7.0,   3.9, 3DDiff, 1852,      ,     13,  15.5,     20
2018-08-27, 16:49:19,  -04:00,    HTO,   40.8477402,  -72.6388397,    88.2, 30.07,    58.1,  30.8,   0.00,   3.21,   67.56,   0.98,  -0.07,  -0.01,  -0.01,  57.0,  55.8,  27.7,  28.8,   2.4,  31.98,  31.79,     4.50,  184.33,   42.19,  16.45, 1363.9,    0.17,  310.81,  302.18,  289.72,  294.50,  282.32,  281.57, 1006.29, 1056.82, 1024.78, 1053.63, 1048.45, 1067.22,  989.55,  979.06,   -47.4,   0,  GPS,   86.0, 113.60, 110.85, 125.300, 121.800,  0.330,       ,       ,      ,   15.3,   87.2,  -13.6,      0,    TO,     TO,   0.0,   7.0,   3.9, 3DDiff, 1852,      ,     13,  15.5,     20
2018-08-27, 16:49:20,  -04:00,    HTO,   40.8477554,  -72.6388245,    89.2, 30.07,    58.1,  30.8,   0.00,   4.12,   91.30,   0.69,  -0.02,  -0.01,   0.00,  57.0,  56.0,  27.7,  28.8,   2.4,  31.94,  31.75,     4.77,  184.32,   44.12,  16.14, 1400.5,    0.17,  310.80,  302.18,  289.78,  294.52,  282.38,  281.66, 1018.90, 1069.66, 1036.78, 1065.00, 1060.32, 1075.97, 1001.72,  994.20,   -47.4,   0,  GPS,   86.0, 113.60, 110.85, 125.300, 121.800,  0.331,       ,       ,      ,   15.3,   87.2,  -13.6,      0,    TO,     TO,   0.0,   7.0,   0.0, 3DDiff, 1852,      ,     13,  15.5,     20
2018-08-27, 16:49:21,  -04:00,    HTO,   40.8477707,  -72.6388016,    90.2, 30.07,    57.7,  30.8,   0.00,   5.00,   60.02,   1.08,   0.00,  -0.01,   0.03,  56.7,  55.9,  27.7,  28.8,   2.4,  31.87,  31.71,     4.87,  184.34,   44.99,  15.89, 1422.0,    0.17,  310.78,  302.16,  289.84,  294.55,  282.44,  281.75, 1031.40, 1081.45, 1048.34, 1076.12, 1071.44, 1085.84, 1012.36, 1008.11,   -47.8,   0,  GPS,   86.0, 113.60, 110.85, 125.300, 121.800,  0.332,       ,       ,      ,   15.3,   87.2,  -13.6,      0,    TO,     TO,   0.0,   7.0,   3.9, 3DDiff, 1852,      ,     13,  16.0,     20
2018-08-27, 16:49:22,  -04:00,    HTO,   40.8477936,  -72.6387863,    90.2, 30.07,    57.5,  30.8,   0.00,   5.77,   59.24,   0.92,  -0.09,   0.00,  -0.02,  57.0,  55.8,  27.7,  28.8,   2.4,  31.80,  31.67,     4.92,  184.38,   45.30,  15.86, 1423.1,    0.17,  310.76,  302.21,  289.93,  294.58,  282.51,  281.84, 1041.73, 1091.57, 1058.20, 1086.10, 1082.22, 1094.05, 1021.73, 1020.28,   -47.9,   0,  GPS,   86.0, 113.60, 110.85, 125.300, 121.800,  0.333,       ,       ,      ,   15.3,   87.2,  -13.6,      0,    TO,     TO,   0.0,   7.0,   3.9, 3DDiff, 1852,      ,     12,  15.5,     20
2018-08-27, 16:49:23,  -04:00,    HTO,   40.8478165,  -72.6387558,    90.2, 30.07,    57.9,  30.8,   0.00,   6.47,   27.19,   0.87,  -0.04,   0.01,  -0.01,  57.2,  56.3,  27.7,  28.8,   2.4,  31.76,  31.60,     4.96,  184.40,   45.29,  15.95, 1413.9,    0.17,  310.78,  302.24,  290.02,  294.64,  282.62,  281.96, 1049.68, 1098.65, 1065.53, 1092.72, 1089.49, 1099.71, 1028.83, 1028.52,   -47.6,   0,  GPS,   86.0, 113.60, 110.85, 125.300, 121.800,  0.334,       ,       ,      ,   15.3,   87.2,  -13.6,      0,    TO,     TO,   0.0,   7.0,   3.9, 3DDiff, 1852,      ,     12,  15.0,     20
2018-08-27, 16:49:24,  -04:00,    HTO,   40.8478394,  -72.6387177,    89.2, 30.07,    57.8,  30.8,   0.00,   7.37,  -13.49,   0.86,  -0.14,  -0.04,  -0.01,  56.5,  56.3,  27.7,  28.8,   2.4,  31.72,  31.54,     4.98,  184.42,   45.30,  16.00, 1413.6,    0.17,  310.76,  302.30,  290.14,  294.70,  282.69,  282.08, 1056.98, 1104.68, 1072.40, 1098.62, 1096.11, 1103.88, 1034.93, 1037.52,   -47.7,   0,  GPS,   86.0, 113.60, 110.85, 125.300, 121.800,  0.334,       ,       ,      ,   15.3,   87.2,  -13.6,      0,    TO,     TO,   0.0,   7.0,   0.0, 3DDiff, 1852,      ,     13,  15.5,     20
2018-08-27, 16:49:25,  -04:00,    HTO,   40.8478699,  -72.6386948,    89.2, 30.07,    57.8,  30.8,   0.00,   8.22,  -18.44,   0.99,  -0.18,   0.00,  -0.03,  56.2,  55.5,  27.7,  28.8,   2.4,  31.70,  31.50,     5.00,  184.39,   45.38,  15.95, 1415.9,    0.17,  310.77,  302.35,  290.23,  294.77,  282.80,  282.22, 1063.93, 1111.74, 1078.72, 1104.82, 1103.07, 1109.49, 1041.36, 1045.05,   -47.6,   0,  GPS,   86.0, 113.60, 110.85, 125.300, 121.800,  0.336,       ,       ,      ,   15.3,   87.2,  -13.6,      0,    TO,     TO,   0.0,   7.0,   3.9, 3DDiff, 1852,      ,     13,  15.5,     20
2018-08-27, 16:49:26,  -04:00,    HTO,   40.8479042,  -72.6386566,    89.2, 30.07,    57.9,  30.8,   0.00,   8.86,  -23.29,   1.41,   0.27,  -0.04,  -0.04,  56.3,  55.9,  27.7,  28.8,   2.3,  31.64,  31.36,     4.96,  184.35,   45.44,  15.89, 1422.8,    0.17,  310.75,  302.39,  290.35,  294.83,  282.90,  282.35, 1070.70, 1116.87, 1084.23, 1109.63, 1108.59, 1114.64, 1046.43, 1051.39,   -47.6,   0,  GPS,   86.0, 113.60, 110.85, 125.300, 121.800,  0.337,       ,       ,      ,   15.3,   87.2,  -13.6,      0,    TO,     TO,   0.0,   7.0,   3.9, 3DDiff, 1852,      ,     13,  15.5,     20
2018-08-27, 16:49:27,  -04:00,    HTO,   40.8479347,  -72.6386108,    90.2, 30.07,    58.6,  30.8,   0.00,   9.62,    1.34,   1.00,  -0.16,  -0.02,   0.05,  56.3,  55.9,  27.7,  28.8,   2.3,  31.57,  31.33,     4.97,  184.32,   45.43,  15.88, 1422.0,    0.17,  310.78,  302.45,  290.47,  294.89,  283.00,  282.47, 1075.75, 1121.30, 1090.94, 1114.50, 1113.23, 1118.03, 1050.79, 1057.57,   -46.9,   0,  GPS,   86.0, 113.60, 110.85, 125.300, 121.800,  0.338,       ,       ,      ,   15.3,   87.2,  -13.6,      0,    TO,     TO,   0.0,   7.0,   3.9, 3DDiff, 1852,      ,     13,  16.0,     20
2018-08-27, 16:49:28,  -04:00,    HTO,   40.8479691,  -72.6385727,    90.2, 30.07,    58.6,  30.8,   0.00,  10.42,   -3.21,   0.68,   0.15,  -0.00,  -0.02,  56.3,  56.1,  27.7,  28.8,   2.3,  31.58,  31.23,     4.96,  184.30,   45.42,  15.84, 1424.2,    0.17,  310.78,  302.51,  290.59,  294.97,  283.14,  282.59, 1079.87, 1124.89, 1095.84, 1118.64, 1118.72, 1121.38, 1055.22, 1062.42,   -46.9,   0,  GPS,   86.0, 113.60, 110.85, 125.300, 121.800,  0.340,       ,       ,      ,   15.3,   87.3,  -13.6,      0,    TO,     TO,   0.0,   7.0,   3.9, 3DDiff, 1852,      ,     12,  15.5,     20
2018-08-27, 16:49:29,  -04:00,    HTO,   40.8480072,  -72.6385193,    91.2, 30.07,    58.8,  30.8,   0.00,  11.12,   16.99,   0.91,   0.07,  -0.00,  -0.01,  57.0,  56.3,  27.7,  28.8,   2.3,  31.51,  31.10,     4.97,  184.29,   45.34,  15.87, 1422.0,    0.17,  310.79,  302.59,  290.73,  295.07,  283.23,  282.71, 1083.84, 1128.28, 1099.66, 1122.52, 1122.10, 1123.91, 1058.27, 1067.10,   -46.7,   0,  GPS,   86.0, 113.60, 110.85, 125.300, 121.800,  0.341,       ,       ,      ,   15.3,   87.3,  -13.6,      0,    TO,     TO,   0.0,   7.0,   3.9, 3DDiff, 1852,      ,     12,  15.0,     20
2018-08-27, 16:49:30,  -04:00,    HTO,   40.8480492,  -72.6384735,    90.2, 30.07,    58.8,  30.8,   0.00,  11.92,    7.91,   1.02,  -0.02,   0.00,   0.03,  56.8,  56.7,  27.7,  28.8,   2.4,  31.47,  31.05,     4.76,  184.28,   44.85,  15.26, 1377.9,    0.15,  310.78,  302.66,  290.86,  295.13,  283.37,  282.83, 1086.14, 1130.01, 1101.20, 1124.60, 1123.26, 1125.25, 1060.54, 1067.73,   -46.6,   0,  GPS,   86.0, 113.60, 110.85, 125.300, 121.800,  0.343,       ,       ,      ,   15.2,   87.3,  -13.6,      0,    TO,     TO,   0.0,   7.0,   0.0, 3DDiff, 1852,      ,     13,  15.5,     20
2018-08-27, 16:49:31,  -04:00,    HTO,   40.8480911,  -72.6384201,    89.2, 30.07,    59.0,  30.8,   0.00,  12.58,  -27.44,   1.08,  -0.10,  -0.01,   0.00,  56.2,  56.4,  27.7,  28.8,   2.3,  31.47,  30.98,     4.34,  184.28,   42.58,  14.43, 1277.0,    0.12,  310.84,  302.74,  290.99,  295.22,  283.46,  282.96, 1082.02, 1126.17, 1096.93, 1120.75, 1121.12, 1122.85, 1057.32, 1062.20,   -46.5,   0,  GPS,   86.0, 113.60, 110.85, 125.300, 121.800,  0.345,       ,       ,      ,   15.2,   87.3,  -13.6,      0,    TO,     TO,   0.0,   7.0,   3.9, 3DDiff, 1852,      ,     13,  15.5,     20
2018-08-27, 16:49:32,  -04:00,    HTO,   40.8481331,  -72.6383667,    88.2, 30.07,    59.1,  30.8,   0.00,  12.98,  -40.74,   1.03,  -0.18,   0.01,  -0.04,  55.9,  55.9,  27.7,  28.8,   2.3,  31.42,  30.89,     3.77,  184.28,   37.44,  14.39, 1137.4,    0.10,  310.85,  302.81,  291.11,  295.30,  283.55,  283.04, 1072.66, 1117.47, 1089.98, 1111.33, 1117.49, 1117.11, 1049.94, 1051.59,   -46.4,   0,  GPS,   86.0, 113.60, 110.85, 125.300, 121.800,  0.346,       ,       ,      ,   15.2,   87.3,  -13.6,      0,    TO,     TO,   0.0,   7.0,   3.9, 3DDiff, 1852,      ,     13,  15.5,     20
2018-08-27, 16:49:33,  -04:00,    HTO,   40.8481789,  -72.6383133,    87.2, 30.07,    58.6,  30.8,   0.00,  13.26,  -57.22,   0.97,  -0.11,  -0.01,   0.08,  55.6,  55.7,  27.7,  28.8,   2.3,  31.36,  30.80,     3.46,  184.27,   34.42,  14.76, 1108.8,    0.10,  310.87,  302.89,  291.23,  295.37,  283.65,  283.11, 1063.30, 1107.98, 1081.65, 1101.06, 1110.76, 1109.78, 1040.37, 1040.20,   -46.9,   0,  GPS,   86.0, 113.60, 110.85, 125.300, 121.800,  0.348,       ,       ,      ,   15.2,   87.3,  -13.6,      0,    TO,     TO,   0.0,   7.0,   0.0, 3DDiff, 1852,      ,     13,  16.0,     20
2018-08-27, 16:49:34,  -04:00,    HTO,   40.8482285,  -72.6382599,    87.2, 30.07,    58.6,  30.8,   0.00,  13.41,  -46.97,   1.13,  -0.20,   0.02,  -0.01,  56.2,  55.6,  27.7,  28.8,   2.3,  31.34,  30.70,     3.36,  184.25,   33.27,  14.80, 1105.3,    0.10,  310.93,  302.96,  291.32,  295.43,  283.71,  283.18, 1055.96, 1099.64, 1072.75, 1092.72, 1106.77, 1103.41, 1032.14, 1030.39,   -46.9,   0,  GPS,   86.0, 113.60, 110.85, 125.300, 121.800,  0.350,       ,       ,      ,   15.2,   87.3,  -13.6,      0,    TO,     TO,   0.0,   7.0,   3.9, 3DDiff, 1852,      ,     12,  15.5,     20
2018-08-27, 16:49:35,  -04:00,    HTO,   40.8482704,  -72.6381989,    87.2, 30.07,    58.2,  30.8,   0.00,  13.22,  -34.04,   0.58,  -0.20,  -0.00,   0.03,  56.1,  56.1,  27.7,  28.8,   2.3,  31.30,  30.62,     3.31,  184.22,   32.91,  14.77, 1106.8,    0.10,  310.94,  303.00,  291.38,  295.47,  283.79,  283.23, 1050.41, 1092.53, 1064.88, 1084.42, 1100.92, 1096.78, 1024.72, 1021.35,   -47.3,   0,  GPS,   86.0, 113.60, 110.85, 125.300, 121.800,  0.352,       ,       ,      ,   15.2,   87.3,  -13.6,      0,    TO,     TO,   0.0,   7.0,   7.9, 3DDiff, 1852,      ,     12,  15.0,     20
2018-08-27, 16:49:36,  -04:00,    HTO,   40.8483162,  -72.6381531,    86.2, 30.07,    58.1,  30.8,   0.00,  12.63,  -45.95,   0.42,   0.14,  -0.01,  -0.05,  55.5,  56.0,  27.7,  28.8,   2.3,  31.28,  30.61,     3.31,  184.19,   32.89,  14.73, 1106.9,    0.10,  310.98,  303.06,  291.45,  295.52,  283.81,  283.27, 1045.76, 1086.50, 1059.05, 1078.23, 1094.53, 1090.95, 1019.02, 1014.59,   -47.4,   0,  GPS,   86.0, 113.60, 110.85, 125.300, 121.800,  0.354,       ,       ,      ,   15.2,   87.3,  -13.6,      0,    TO,     TO,   0.0,   7.0,   3.9, 3DDiff, 1852,      ,     13,  15.5,     20
2018-08-27, 16:49:37,  -04:00,    HTO,   40.8483582,  -72.6381073,    85.2, 30.07,    58.0,  30.8,   0.00,  11.92,  -50.03,   0.65,   0.02,   0.02,  -0.03,  55.0,  55.3,  27.7,  28.8,   2.4,  31.28,  30.52,     3.32,  184.18,   32.90,  14.77, 1107.6,    0.10,  311.00,  303.12,  291.53,  295.55,  283.84,  283.30, 1040.46, 1081.13, 1052.58, 1073.25, 1090.14, 1085.89, 1013.59, 1008.29,   -47.4,   0,  GPS,   86.0, 113.60, 110.85, 125.300, 121.800,  0.356,       ,       ,      ,   15.2,   87.3,  -13.6,      0,    TO,     TO,   0.0,   7.0,   3.9, 3DDiff, 1852,      ,     13,  15.5,     20
2018-08-27, 16:49:38,  -04:00,    HTO,   40.8483925,  -72.6380615,    86.2, 30.07,    58.1,  30.8,   0.00,  11.33,  -31.80,   0.00,  -0.29,   0.02,  -0.00,  56.0,  55.1,  27.7,  28.8,   2.4,  31.22,  30.34,     3.33,  184.15,   32.84,  14.75, 1108.7,    0.10,  311.05,  303.15,  291.59,  295.61,  283.89,  283.35, 1035.93, 1076.69, 1047.03, 1068.51, 1086.18, 1083.24, 1009.11, 1002.79,   -47.4,   0,  GPS,   86.0, 113.60, 110.85, 125.300, 121.800,  0.357,       ,       ,      ,   15.2,   87.3,  -13.6,      0,    TO,     TO,   0.0,   7.0,   7.9, 3DDiff, 1852,      ,     13,  15.5,     20
2018-08-27, 16:49:39,  -04:00,    HTO,   40.8484306,  -72.6380157,    87.2, 30.07,    58.8,  30.8,   0.00,  10.65,   -7.99,   0.02,   0.02,   0.04,   0.02,  57.7,  56.6,  27.7,  28.8,   2.3,  31.17,  30.25,     3.30,  184.15,   32.72,  14.78, 1105.7,    0.10,  311.08,  303.20,  291.62,  295.61,  283.87,  283.39, 1032.53, 1072.17, 1043.46, 1063.96, 1083.12, 1080.91, 1004.85,  998.44,   -46.7,   0,  GPS,   86.0, 113.60, 110.85, 125.300, 121.800,  0.359,       ,       ,      ,   15.2,   87.3,  -13.6,      0,    TO,     TO,   0.0,   7.0,   3.9, 3DDiff, 1852,      ,     13,  16.0,     20
2018-08-27, 16:49:40,  -04:00,    HTO,   40.8484612,  -72.6379700,    87.2, 30.07,    59.0,  30.8,   0.00,   9.82,   14.33,  -0.16,  -0.18,   0.06,   0.02,  61.4,  58.5,  27.7,  28.8,   2.3,  31.12,  30.32,     3.29,  184.16,   32.64,  14.77, 1104.1,    0.10,  311.11,  303.26,  291.65,  295.64,  283.89,  283.40, 1029.88, 1068.15, 1039.03, 1061.22, 1079.70, 1077.61, 1001.76,  994.25,   -46.4,   0,  GPS,   86.0, 113.60, 110.85, 125.300, 121.800,  0.360,       ,       ,      ,   15.2,   87.3,  -13.6,      0,    TO,     TO,   0.0,   7.0,   0.0, 3DDiff, 1852,      ,     12,  15.5,     20
2018-08-27, 16:49:41,  -04:00,    HTO,   40.8484879,  -72.6379318,    87.2, 30.07,    59.9,  30.8,   0.00,   8.77,    7.43,   0.21,   0.16,   0.11,  -0.04,  71.4,  64.7,  27.7,  28.8,   2.3,  31.15,  30.44,     3.28,  184.16,   32.40,  14.89, 1092.4,    0.10,  311.15,  303.27,  291.68,  295.65,  283.87,  283.41, 1029.14, 1064.29, 1036.07, 1059.25, 1076.09, 1075.69,  998.60,  992.17,   -45.6,   0,  GPS,   86.0, 113.60, 110.85, 125.300, 121.800,  0.360,       ,       ,      ,   15.2,   87.3,  -13.6,      0,    TO,     TO,   0.0,   7.0,   0.0, 3DDiff, 1852,      ,     12,  15.0,     20
2018-08-27, 16:49:42,  -04:00,    HTO,   40.8485031,  -72.6378860,    86.2, 30.07,    60.1,  30.8,   0.00,   7.50,  -17.58,   0.19,   0.35,   0.12,   0.01,  86.6,  77.7,  27.7,  28.8,   2.3,  30.67,  30.64,     3.26,  184.15,   32.00,  14.97, 1086.5,    0.10,  311.17,  303.30,  291.71,  295.67,  283.89,  283.44, 1030.07, 1061.25, 1033.17, 1056.36, 1072.50, 1078.04,  995.69,  990.49,   -45.4,   0,  GPS,   86.0, 113.60, 110.85, 125.300, 121.800,  0.361,       ,       ,      ,   15.2,   87.3,  -13.6,      0,    TO,     TO,   0.0,   7.0,   3.9, 3DDiff, 1852,      ,     13,  15.5,     20
2018-08-27, 16:49:43,  -04:00,    HTO,   40.8485069,  -72.6378479,    84.2, 30.07,    60.3,  30.8,   0.00,   6.69,  -62.40,   0.19,   0.14,   0.13,   0.03, 103.1,  93.8,  27.7,  28.8,   2.3,  30.67,  30.85,     3.26,  184.16,   31.73,  15.04, 1078.2,    0.10,  311.20,  303.33,  291.74,  295.67,  283.87,  283.43, 1030.02, 1058.25, 1030.04, 1055.35, 1068.80, 1080.03,  993.02,  988.69,   -45.2,   0,  GPS,   86.0, 113.60, 110.85, 125.300, 121.800,  0.361,       ,       ,      ,   15.2,   87.3,  -13.6,      0,    TO,     TO,   0.0,   7.0,   3.9, 3DDiff, 1852,      ,     13,  15.5,     20
2018-08-27, 16:49:44,  -04:00,    HTO,   40.8485031,  -72.6378098,    82.2, 30.07,    60.6,  30.8,   0.00,   5.77,  -88.53,  -0.31,   0.22,   0.09,   0.03, 121.8, 111.7,  27.7,  28.8,   2.3,  30.55,  31.04,     3.27,  184.19,   31.56,  15.05, 1078.4,    0.10,  311.21,  303.35,  291.78,  295.65,  283.87,  283.43, 1030.31, 1055.01, 1027.68, 1055.13, 1065.48, 1081.20,  991.85,  986.87,   -44.9,   0,  GPS,   86.0, 113.60, 110.85, 125.300, 121.800,  0.360,       ,       ,      ,   15.2,   87.3,  -13.6,      0,    TO,     TO,   0.0,   7.0,   3.9, 3DDiff, 1852,      ,     13,  15.5,     20
2018-08-27, 16:49:45,  -04:00,    HTO,   40.8484917,  -72.6377869,    83.2, 30.07,    60.5,  30.8,   0.00,   5.15,  -59.59,  -0.21,  -0.07,   0.09,   0.04, 139.8, 130.7,  27.7,  28.8,   2.3,  30.42,  31.22,     3.29,  184.24,   31.71,  14.98, 1088.0,    0.10,  311.24,  303.36,  291.82,  295.67,  283.89,  283.45, 1030.90, 1051.90, 1025.70, 1054.50, 1065.31, 1079.95,  989.48,  986.08,   -45.0,   0,  GPS,   86.0, 113.60, 110.85, 125.300, 121.800,  0.359,       ,       ,      ,   15.2,   87.3,  -13.6,      0,    TO,     TO,   0.0,   7.0,   3.9, 3DDiff, 1852,      ,     13,  16.0,     20
2018-08-27, 16:49:46,  -04:00,    HTO,   40.8484764,  -72.6377640,    82.2, 30.07,    60.3,  30.8,   0.00,   4.68,  -50.69,   0.04,  -0.40,   0.05,  -0.01, 157.6, 148.4,  27.7,  28.8,   2.3,  30.30,  31.38,     3.29,  184.35,   32.01,  14.86, 1095.3,    0.10,  311.27,  303.40,  291.83,  295.67,  283.86,  283.44, 1029.95, 1050.41, 1024.78, 1051.77, 1064.26, 1078.18,  987.63,  984.48,   -45.2,   0,  GPS,   86.0, 113.60, 110.85, 125.300, 121.800,  0.358,       ,       ,      ,   15.2,   87.3,  -13.6,      0,    TO,     TO,   0.0,   7.0,   0.0, 3DDiff, 1852,      ,     12,  15.5,     20
2018-08-27, 16:49:47,  -04:00,    HTO,   40.8484573,  -72.6377563,    82.2, 30.07,    59.3,  30.8,   0.00,   4.16,  -28.59,  -0.26,  -0.45,   0.08,   0.01, 174.5, 166.6,  27.7,  28.8,   2.3,  30.19,  31.53,     3.28,  184.54,   32.16,  14.80, 1101.7,    0.10,  311.29,  303.44,  291.86,  295.67,  283.86,  283.47, 1030.19, 1048.48, 1023.54, 1050.99, 1063.54, 1077.24,  985.87,  983.43,   -46.1,   0,  GPS,   86.0, 113.60, 110.85, 125.300, 121.800,  0.356,       ,       ,      ,   15.2,   87.3,  -13.6,      0,    TO,     TO,   0.0,   7.0,   0.0, 3DDiff, 1852,      ,     12,  15.0,     20
2018-08-27, 16:49:48,  -04:00,    HTO,   40.8484383,  -72.6377563,    82.2, 30.07,    59.4,  30.8,   0.00,   3.65,   -2.55,  -0.23,  -0.83,   0.01,   0.01, 186.4, 182.3,  27.7,  28.8,   2.3,  30.07,  31.66,     3.28,  184.76,   32.29,  14.76, 1105.1,    0.10,  311.30,  303.45,  291.87,  295.67,  283.86,  283.50, 1029.13, 1046.57, 1023.62, 1050.83, 1061.64, 1076.84,  984.83,  982.22,   -46.1,   0,  GPS,   86.0, 113.60, 110.85, 125.300, 121.800,  0.355,       ,       ,      ,   15.2,   87.3,  -13.6,      0,    TO,     TO,   0.0,   7.0,   3.9, 3DDiff, 1852,      ,     13,  15.5,     20
2018-08-27, 16:49:49,  -04:00,    HTO,   40.8484268,  -72.6377487,    81.2, 30.07,    59.3,  30.8,   0.00,   2.88,  -23.01,  -0.40,  -0.68,   0.00,   0.01, 189.4, 189.1,  27.7,  28.8,   2.3,  29.96,  31.79,     3.28,  185.02,   32.40,  14.75, 1108.5,    0.10,  311.33,  303.47,  291.92,  295.64,  283.83,  283.50, 1026.78, 1045.38, 1021.71, 1050.37, 1062.96, 1075.07,  982.96,  980.28,   -46.1,   0,  GPS,   86.0, 113.60, 110.85, 125.300, 121.800,  0.355,       ,       ,      ,   15.2,   87.3,  -13.6,      0,    TO,     TO,   0.0,   7.0,   0.0, 3DDiff, 1852,      ,     13,  15.5,     20
2018-08-27, 16:49:50,  -04:00,    HTO,   40.8484192,  -72.6377487,    83.2, 30.07,    59.3,  30.8,   0.00,   2.14,   -6.08,  -0.53,  -0.77,  -0.01,   0.03, 190.6, 190.8,  27.7,  28.8,   2.3,  29.77,  31.90,     3.32,  185.28,   32.63,  14.68, 1113.7,    0.10,  311.35,  303.48,  291.95,  295.64,  283.83,  283.53, 1024.75, 1045.38, 1021.11, 1049.99, 1062.90, 1073.30,  982.06,  978.64,   -46.2,   0,  GPS,   86.0, 113.60, 110.85, 125.300, 121.800,  0.354,       ,       ,      ,   15.2,   87.3,  -13.6,      0,    TO,     TO,   0.0,   7.0,   3.9, 3DDiff, 1852,      ,     13,  15.5,     20
2018-08-27, 16:49:51,  -04:00,    HTO,   40.8484077,  -72.6377487,    84.2, 30.07,    59.3,  30.8,   0.00,   1.65,   40.39,  -0.33,  -0.83,   0.02,   0.01, 190.0, 190.9,  27.7,  28.8,   2.3,  29.71,  31.99,     3.59,  185.53,   34.22,  16.60, 1173.0,    0.13,  311.36,  303.54,  291.96,  295.62,  283.81,  283.57, 1025.42, 1046.84, 1022.50, 1049.06, 1064.85, 1071.09,  982.15,  980.76,   -46.2,   0,  GPS,   86.0, 113.60, 110.85, 125.300, 121.800,  0.354,       ,       ,      ,   15.2,   87.3,  -13.6,      0,    TO,     TO,   0.0,   7.0,   0.0, 3DDiff, 1852,      ,     13,  16.0,     20
2018-08-27, 16:49:52,  -04:00,    HTO,   40.8484001,  -72.6377487,    86.2, 30.07,    59.3,  30.8,   0.00,   1.77,   56.80,  -0.47,  -0.78,   0.00,   0.01, 190.5, 190.9,  27.8,  28.8,   2.3,  29.48,  32.02,     5.14,  185.73,   40.77,  18.92, 1491.9,    0.20,  311.36,  303.54,  291.98,  295.64,  283.80,  283.62, 1044.44, 1061.53, 1040.24, 1067.85, 1083.07, 1081.00,  995.95, 1007.22,   -46.2,   0,  GPS,   86.0, 113.60, 110.85, 125.300, 121.800,  0.353,       ,       ,      ,   15.2,   87.3,  -13.6,      0,    TO,     TO,   0.0,   7.0,   0.0, 3DDiff, 1852,      ,     12,  15.5,     20
2018-08-27, 16:49:53,  -04:00,    HTO,   40.8483887,  -72.6377487,    94.2, 30.07,    59.2,  30.8,   0.00,   2.94,  172.27,  -0.49,  -0.85,   0.03,  -0.02, 191.0, 190.4,  27.8,  28.8,   2.3,  29.40,  32.08,    10.29,  185.89,   48.10,  23.03, 1956.3,    0.43,  311.39,  303.57,  292.04,  295.65,  283.80,  283.73, 1077.94, 1093.75, 1083.51, 1102.74, 1119.08, 1113.85, 1035.06, 1067.27,   -46.3,   0,  GPS,   86.0, 113.60, 110.85, 125.300, 121.800,  0.352,       ,       ,      ,   15.2,   87.3,  -13.6,      0,    TO,     TO,   0.0,   7.0,   3.9, 3DDiff, 1852,      ,     12,  15.5,     20
2018-08-27, 16:49:54,  -04:00,    HTO,   40.8483582,  -72.6377411,   105.2, 30.07,    59.1,  30.8,  25.95,   5.79,  394.49,   0.11,  -0.89,   0.02,  -0.01, 191.5, 191.3,  27.8,  28.8,   2.3,  29.26,  32.14,    15.13,  186.07,   52.38,  24.20, 2269.3,    0.59,  311.39,  303.63,  292.10,  295.70,  283.83,  283.91, 1110.17, 1123.51, 1121.79, 1134.52, 1150.56, 1143.37, 1074.69, 1113.86,   -46.4,  25,  GPS,   86.0, 113.60, 110.85, 125.300, 121.800,  0.351,       ,       ,      ,   15.2,   87.3,  -13.6,      0,    TO,     TO,   0.0,   7.0,   0.0, 3DDiff, 1852,      ,     13,  15.5,     20
2018-08-27, 16:49:55,  -04:00,    HTO,   40.8483124,  -72.6377411,   114.2, 30.07,    59.1,  30.8,  31.39,   9.78,  538.40,  -0.18,  -0.83,   0.04,  -0.04, 191.5, 191.6,  27.8,  28.8,   2.3,  29.34,  32.19,    20.27,  186.18,   53.95,  26.76, 2466.8,    0.74,  311.42,  303.71,  292.25,  295.76,  283.92,  284.23, 1142.28, 1151.30, 1152.65, 1162.78, 1178.61, 1167.84, 1111.00, 1154.45,   -46.4,  31,  GPS,   86.0, 113.60, 110.85, 125.300, 121.800,  0.348,       ,       ,      ,   15.2,   87.3,  -13.6,      0,    TO,     TO,   0.0,   7.0,   3.9, 3DDiff, 1852,      ,     13,  15.5,     20
2018-08-27, 16:49:56,  -04:00,    HTO,   40.8482437,  -72.6377411,   117.2, 30.07,    58.9,  30.8,  34.47,  14.58,  493.67,  -0.32,  -0.85,   0.02,   0.09, 191.1, 191.8,  27.7,  28.8,   2.3,  29.53,  32.23,    28.08,  186.19,   55.31,  33.25, 2496.5,    0.97,  311.45,  303.83,  292.48,  295.90,  284.09,  284.66, 1166.31, 1172.42, 1176.14, 1181.18, 1193.30, 1183.05, 1145.50, 1191.01,   -46.6,  34,  GPS,   86.0, 113.60, 110.85, 125.300, 121.800,  0.344,       ,       ,      ,   15.2,   87.3,  -13.6,      0,    TO,     TO,   0.0,   7.0,  -7.9, 3DDiff, 1852,      ,     13,  15.5,     20
2018-08-27, 16:49:57,  -04:00,    HTO,   40.8481483,  -72.6377411,   118.2, 30.07,    58.7,  30.8,  41.49,  19.89,  395.01,   0.05,  -0.80,   0.00,  -0.03, 190.6, 190.8,  27.7,  28.8,   2.3,  29.74,  32.27,    34.66,  186.08,   55.62,  35.95, 2479.5,    1.03,  311.47,  303.98,  292.73,  296.09,  284.31,  285.26, 1175.10, 1182.52, 1181.21, 1185.86, 1193.21, 1183.58, 1168.69, 1204.15,   -46.8,  40,  GPS,   86.0, 113.60, 110.85, 125.300, 121.800,  0.339,       ,       ,      ,   15.2,   87.3,  -13.6,      0,    TO,     TO,   0.0,   7.0,  -7.9, 3DDiff, 1852,      ,     13,  16.0,     20
2018-08-27, 16:49:58,  -04:00,    HTO,   40.8480339,  -72.6377335,   116.2, 30.07,    58.6,  30.8,  42.92,  25.10,  203.74,   0.21,  -0.89,  -0.02,  -0.04, 190.9, 191.0,  27.7,  28.8,   2.3,  29.86,  32.27,    37.68,  185.83,   55.73,  36.22, 2483.0,    1.03,  311.50,  304.20,  293.08,  296.36,  284.63,  285.92, 1178.26, 1185.51, 1180.93, 1185.66, 1187.55, 1178.75, 1181.25, 1211.67,   -46.8,  42,  GPS,   86.0, 113.60, 110.85, 125.300, 121.800,  0.332,       ,       ,      ,   15.2,   87.2,  -13.6,      0,    TO,     TO,   0.0,   7.0,  -7.9, 3DDiff, 1852,      ,     12,  15.5,     20
2018-08-27, 16:49:59,  -04:00,    HTO,   40.8478928,  -72.6377258,   113.2, 30.07,    58.8,  30.8,  45.60,  30.17,   52.89,   0.21,  -0.80,   0.03,   0.07, 191.6, 191.1,  27.7,  28.8,   2.3,  29.97,  32.30,    38.57,  185.55,   55.74,  36.14, 2477.6,    1.02,  311.54,  304.49,  293.53,  296.68,  285.03,  286.69, 1181.14, 1190.49, 1181.89, 1186.91, 1183.18, 1176.00, 1191.99, 1218.22,   -46.7,  44,  GPS,   86.0, 113.60, 110.85, 125.300, 121.800,  0.324,       ,  20.93, 176.7,   15.2,   87.2,  -13.6,      0,    TO,     TO,   0.0,   7.0, -11.8, 3DDiff, 1852,      ,     12,  15.5,     20
2018-08-27, 16:50:00,  -04:00,    HTO,   40.8477249,  -72.6377182,   108.2, 30.07,    58.7,  30.5,  47.68,  35.03,  -83.99,   0.42,  -0.96,  -0.03,   0.07, 190.9, 191.4,  27.7,  28.8,   2.2,  30.14,  32.33,    38.95,  185.26,   55.44,  36.18, 2480.9,    1.02,  311.60,  304.82,  294.02,  297.04,  285.50,  287.51, 1184.02, 1195.30, 1183.19, 1188.33, 1180.20, 1175.30, 1200.69, 1222.82,   -46.8,  46,  GPS,   86.0, 113.60, 110.85, 125.300, 121.800,  0.314,       ,  20.50, 176.5,   15.2,   87.2,  -13.6,      0,    TO,     TO,   0.0,   7.0,  -7.9, 3DDiff, 1852,      ,     13,  15.5,     20
2018-08-27, 16:50:01,  -04:00,    HTO,   40.8475418,  -72.6377029,   103.2, 30.07,    58.5,  30.5,  50.67,  39.85, -171.78,   0.87,  -0.52,  -0.04,  -0.09, 191.0, 190.9,  27.7,  28.8,   2.2,  30.26,  32.35,    38.98,  184.99,   55.44,  36.15, 2483.3,    1.02,  311.69,  305.16,  294.58,  297.43,  286.01,  288.35, 1187.20, 1198.93, 1184.81, 1190.56, 1179.45, 1175.90, 1207.48, 1227.55,   -47.0,  49,  GPS,   86.0, 113.60, 110.85, 125.300, 121.800,  0.303,       ,  20.06, 176.3,   15.2,   87.1,  -13.6,      0,    TO,     TO,   0.0,   7.0, -11.8, 3DDiff, 1852,      ,     13,  15.5,     20
2018-08-27, 16:50:02,  -04:00,    HTO,   40.8473358,  -72.6376877,    96.2, 30.07,    58.2,  30.5,  53.62,  44.49, -229.02,   1.38,  -0.92,   0.02,   0.00, 191.1, 191.0,  27.7,  28.8,   2.3,  30.30,  32.37,    39.16,  184.75,   55.64,  36.24, 2483.6,    1.02,  311.77,  305.58,  295.14,  297.88,  286.56,  289.24, 1189.96, 1201.77, 1186.15, 1191.79, 1179.37, 1176.05, 1212.90, 1231.28,   -47.2,  52,  GPS,   86.0, 113.60, 110.85, 125.300, 121.800,  0.291,       ,  19.61, 176.1,   15.2,   87.1,  -13.6,      0,    TO,     TO,   0.0,   7.0, -15.7, 3DDiff, 1852,      ,     13,  15.5,     20
2018-08-27, 16:50:03,  -04:00,    HTO,   40.8471031,  -72.6376724,    92.2, 30.07,    58.4,  30.5,  56.64,  48.97, -241.40,   1.65,  -0.71,  -0.00,   0.15, 191.2, 191.2,  27.7,  28.8,   2.3,  30.45,  32.39,    39.34,  184.58,   55.48,  36.30, 2480.8,    1.01,  311.90,  306.00,  295.75,  298.35,  287.25,  290.14, 1192.45, 1202.59, 1188.36, 1194.15, 1179.29, 1175.33, 1216.92, 1235.08,   -47.1,  55,  GPS,   86.0, 113.60, 110.85, 125.300, 121.800,  0.278,       ,  19.12, 176.0,   15.2,   87.0,  -13.6,      0,    TO,     TO,   0.0,   7.0, -15.7, 3DDiff, 1852,      ,     13,  16.0,     20
2018-08-27, 16:50:04,  -04:00,    HTO,   40.8468552,  -72.6376648,    91.2, 30.07,    58.2,  30.5,  60.08,  53.24, -179.94,   1.66,  -0.35,   0.02,   0.02, 191.4, 190.8,  27.7,  28.8,   2.3,  30.29,  32.41,    39.62,  184.41,   55.37,  36.32, 2481.1,    1.01,  312.07,  306.45,  296.40,  298.83,  287.85,  291.07, 1193.90, 1203.44, 1189.70, 1196.18, 1179.06, 1176.45, 1221.41, 1237.32,   -47.3,  59,  GPS,   86.0, 113.60, 110.85, 125.300, 121.800,  0.264,       ,  19.12, 176.0,   15.2,   87.0,  -13.6,      0,    TO,     TO,   0.0,   7.0, -11.8, 3DDiff, 1852,      ,     12,  15.5,     20
2018-08-27, 16:50:05,  -04:00,    HTO,   40.8465958,  -72.6376495,    88.2, 30.07,    58.4,  30.2,  62.82,  57.32, -135.10,   2.10,  -0.56,  -0.06,  -0.06, 191.4, 191.4,  27.7,  28.8,   2.3,  30.48,  32.26,    39.48,  184.31,   55.43,  36.26, 2481.9,    1.01,  312.20,  306.94,  297.07,  299.34,  288.45,  291.98, 1195.82, 1206.17, 1190.90, 1197.11, 1179.82, 1176.77, 1224.78, 1239.21,   -47.1,  62,  GPS,   86.0, 113.60, 110.85, 125.300, 121.800,  0.248,       ,  18.60, 175.9,   15.2,   86.9,  -13.6,      0,    TO,     TO,   0.0,   7.0,   0.0, 3DDiff, 1852,      ,     12,  15.5,     20
2018-08-27, 16:50:06,  -04:00,    HTO,   40.8463097,  -72.6376266,    87.2, 30.07,    58.3,  30.2,  67.47,  61.29, -153.34,   1.89,  -0.27,  -0.03,  -0.16, 190.1, 190.9,  27.7,  28.8,   2.3,  30.35,  32.29,    39.43,  184.24,   55.04,  36.27, 2481.0,    1.01,  312.41,  307.45,  297.73,  299.86,  289.12,  292.91, 1197.68, 1208.79, 1192.71, 1198.48, 1180.17, 1178.30, 1228.40, 1241.52,   -47.2,  67,  GPS,   86.0, 113.60, 110.85, 125.300, 121.800,  0.232,       ,  18.05, 175.8,   15.2,   86.8,  -13.6,      0,    TO,     TO,   0.0,   7.0,  -7.9, 3DDiff, 1852,      ,     13,  15.5,     20
2018-08-27, 16:50:07,  -04:00,    HTO,   40.8460083,  -72.6376038,    83.2, 30.07,    58.0,  30.2,  69.50,  65.08, -187.61,   1.57,  -0.37,   0.07,   0.05, 191.6, 190.2,  27.7,  28.8,   2.2,  30.44,  32.03,    39.32,  184.19,   54.87,  36.28, 2480.9,    1.00,  312.65,  307.97,  298.43,  300.40,  289.79,  293.85, 1200.33, 1210.83, 1194.64, 1199.91, 1181.23, 1179.57, 1231.32, 1244.39,   -47.5,  69,  GPS,   86.0, 113.60, 110.85, 125.300, 121.800,  0.214,       ,  17.46, 175.7,   15.2,   86.8,  -13.6,      0,    TO,     TO,   0.0,   7.0, -23.6, 3DDiff, 1852,      ,     13,  15.5,     20
2018-08-27, 16:50:08,  -04:00,    HTO,   40.8456879,  -72.6375885,    79.2, 30.07,    57.8,  30.0,  71.57,  68.68, -239.50,   1.57,   0.07,  -0.04,  -0.21, 191.5, 190.7,  27.7,  28.8,   2.2,  30.47,  32.07,    39.30,  184.15,   55.22,  36.21, 2478.5,    1.00,  312.91,  308.48,  299.13,  300.94,  290.50,  294.79, 1202.00, 1212.12, 1196.87, 1200.75, 1181.57, 1179.25, 1233.42, 1246.91,   -47.7,  71,  GPS,   86.0, 113.60, 110.85, 125.300, 121.800,  0.196,       ,  16.85, 175.6,   15.3,   86.7,  -13.6,      0,    TO,     TO,   0.0,   7.0, -11.8, 3DDiff, 1852,      ,     13,  15.5,     20
2018-08-27, 16:50:09,  -04:00,    HTO,   40.8453560,  -72.6375656,    76.2, 30.07,    57.2,  30.0,  75.50,  72.16, -273.73,   1.61,  -0.23,  -0.01,  -0.11, 191.6, 191.0,  27.7,  28.8,   2.3,  30.49,  32.10,    39.35,  184.08,   55.33,  36.27, 2482.3,    1.00,  313.17,  309.03,  299.85,  301.49,  291.17,  295.69, 1203.69, 1213.53, 1199.12, 1201.86, 1182.63, 1180.56, 1235.73, 1249.48,   -48.2,  76,  GPS,   86.0, 113.60, 110.85, 125.300, 121.800,  0.176,       ,  16.22, 175.6,   15.3,   86.6,  -13.6,      0,    TO,     TO,   0.0,   7.0, -31.5, 3DDiff, 1852,      ,     13,  16.0,     20
2018-08-27, 16:50:10,  -04:00,    HTO,   40.8450050,  -72.6375427,    74.2, 30.07,    56.9,  30.0,  77.34,  75.48, -253.81,   3.21,  -0.03,  -0.04,   0.07, 192.1, 191.0,  27.7,  28.8,   2.3,  30.44,  32.12,    39.29,  184.03,   55.17,  36.26, 2481.6,    1.00,  313.52,  309.60,  300.57,  302.03,  291.90,  296.61, 1204.99, 1214.66, 1200.82, 1202.87, 1182.70, 1180.77, 1238.08, 1251.10,   -48.6,  78,  GPS,   86.0, 113.60, 110.85, 125.300, 121.800,  0.156,       ,  15.57, 175.6,   15.3,   86.6,  -13.6,      0,    TO,     TO,   0.0,   7.0, -27.6, 3DDiff, 1852,      ,     12,  15.5,     20
2018-08-27, 16:50:11,  -04:00,    HTO,   40.8446426,  -72.6375275,    70.2, 30.07,    58.0,  29.8,  81.85,  78.61, -300.86,   3.59,  -1.56,  -0.01,   0.04, 193.2, 190.7,  27.7,  28.8,   2.3,  30.47,  32.11,    39.24,  183.92,   55.32,  36.21, 2483.5,    1.00,  313.85,  310.13,  301.29,  302.61,  292.62,  297.51, 1206.54, 1215.92, 1202.39, 1204.09, 1183.83, 1181.98, 1239.79, 1253.20,   -47.4,  83,  GPS,   86.0, 113.60, 110.85, 125.300, 121.800,  0.135,       ,  14.90, 175.6,   15.3,   86.5,  -13.6,      0,    TO,     TO,   0.0,   7.0,  78.7, 3DDiff, 1852,      ,     12,  15.5,     20
2018-08-27, 16:50:12,  -04:00,    HTO,   40.8442612,  -72.6374969,    73.2, 30.07,    60.8,  29.8,  83.69,  81.31, -168.15,   4.01,  -0.88,   0.01,   0.08, 194.2, 190.6,  27.7,  28.8,   2.2,  30.53,  32.02,    38.98,  183.82,   55.23,  35.94, 2484.9,    0.99,  314.22,  310.73,  302.02,  303.15,  293.35,  298.42, 1207.82, 1217.11, 1204.23, 1205.01, 1185.17, 1182.48, 1241.54, 1255.26,   -44.7,  85,  GPS,   86.0, 113.60, 110.85, 125.300, 121.800,  0.113,       ,  14.23, 175.7,   15.3,   86.4,  -13.6,      0,    TO,     TO,   0.0,   7.0, 161.4, 3DDiff, 1852,      ,     13,  15.5,     20
2018-08-27, 16:50:13,  -04:00,    HTO,   40.8438721,  -72.6374664,    79.2, 30.07,    66.2,  29.8,  89.38,  83.59,   47.60,   5.06,  -0.27,   0.00,   0.04, 195.1, 190.4,  27.7,  28.8,   2.2,  30.55,  31.98,    38.98,  183.68,   55.04,  36.12, 2482.4,    0.99,  314.66,  311.28,  302.75,  303.71,  294.13,  299.32, 1210.89, 1219.42, 1206.49, 1207.35, 1186.68, 1183.81, 1243.90, 1258.70,   -39.3,  91,  GPS,   86.0, 113.60, 110.85, 125.300, 121.800,  0.091,       ,  13.57, 176.0,   15.3,   86.3,  -13.6,      0,    TO,     TO,   0.0,   7.0, 315.0, 3DDiff, 1852,      ,     13,  15.5,     20
2018-08-27, 16:50:14,  -04:00,    HTO,   40.8434830,  -72.6374359,    87.2, 30.07,    74.2,  29.5,  88.72,  85.32,  209.02,   5.70,  -1.41,   0.02,   0.07, 196.9, 190.3,  27.7,  28.8,   2.2,  30.58,  31.87,    39.08,  183.54,   54.91,  36.06, 2481.7,    0.99,  315.08,  311.85,  303.50,  304.30,  294.83,  300.21, 1212.42, 1220.33, 1208.50, 1208.71, 1187.49, 1183.09, 1245.14, 1260.49,   -31.3,  90,  GPS,   86.0, 113.60, 110.85, 125.300, 121.800,  0.068,       ,  12.91, 176.4,   15.3,   86.2,  -13.6,      0,    TO,     TO,   0.0,   7.0, 472.4, 3DDiff, 1852,      ,     13,  15.5,     20
2018-08-27, 16:50:15,  -04:00,    HTO,   40.8430824,  -72.6374130,   100.2, 30.07,    85.2,  29.5,  91.47,  86.70,  474.28,   6.08,  -1.68,   0.01,   0.01, 195.6, 190.4,  27.7,  28.8,   2.2,  30.61,  31.89,    38.94,  183.38,   55.01,  35.99, 2487.9,    0.99,  315.50,  312.45,  304.27,  304.85,  295.49,  301.11, 1214.39, 1221.47, 1210.13, 1209.84, 1189.22, 1184.81, 1246.59, 1262.62,   -20.3,  93,  GPS,   86.0, 113.60, 110.85, 125.300, 121.800,  0.045,       ,  12.28, 177.2,   15.3,   86.1,  -13.6,      0,    TO,     TO,   0.0,   7.0, 633.9, 3DDiff, 1852,      ,     13,  16.0,     20
2018-08-27, 16:50:16,  -04:00,    HTO,   40.8426743,  -72.6373749,   105.2, 30.07,    98.0,  29.5,  91.94,  87.73,  436.44,   5.80,   0.22,   0.05,   0.04, 196.8, 190.3,  27.7,  28.8,   2.2,  30.66,  31.91,    38.75,  183.21,   55.04,  36.04, 2479.9,    0.98,  315.95,  313.01,  305.05,  305.39,  296.21,  301.98, 1215.10, 1221.71, 1210.68, 1210.20, 1189.49, 1185.58, 1248.40, 1263.17,    -7.5,  93,  GPS,   86.0, 113.60, 110.85, 125.300, 121.800,  0.021,       ,  11.68, 178.3,   15.3,   86.1,  -13.6,      0,    TO,     TO,   0.0,   7.0, 763.8, 3DDiff, 1852,      ,     12,  15.5,     20
2018-08-27, 16:50:17,  -04:00,    HTO,   40.8422623,  -72.6373520,   118.2, 30.07,   111.3,  29.2,  93.09,  88.62,  529.92,   6.72,  -0.82,  -0.01,   0.09, 197.2, 190.5,  27.7,  28.8,   2.3,  30.68,  31.90,    38.86,  183.02,   55.08,  36.05, 2479.4,    0.98,  316.47,  313.58,  305.81,  305.97,  296.91,  302.81, 1217.18, 1223.20, 1211.23, 1210.96, 1190.25, 1186.16, 1250.18, 1265.25,     5.8,  95,  GPS,   86.0, 113.60, 110.85, 125.300, 121.800, -0.003,       ,  11.12, 179.8,   15.3,   86.0,  -13.6,      0,    TO,     TO,   0.0,   7.0, 807.1, 3DDiff, 1852,      ,     12,  15.5,     20
2018-08-27, 16:50:18,  -04:00,    HTO,   40.8418503,  -72.6373215,   133.2, 30.07,   126.2,  29.2,  95.39,  89.18,  621.15,   6.71,  -0.37,   0.02,  -0.00, 196.9, 190.7,  27.7,  28.8,   2.2,  30.72,  31.97,    38.76,  182.82,   55.17,  36.03, 2482.7,    0.98,  317.04,  314.16,  306.62,  306.51,  297.70,  303.65, 1218.54, 1224.07, 1212.50, 1212.71, 1190.69, 1187.76, 1252.14, 1266.63,    20.7,  97,  GPS,   86.0, 113.60, 110.85, 125.300, 121.800, -0.027,       ,  10.59, -178.3,   15.3,   85.9,  -13.6,      0,    TO,     TO,   0.0,   7.0, 885.8, 3DDiff, 1852,      ,     13,  15.5,     20
2018-08-27, 16:50:19,  -04:00,    HTO,   40.8414345,  -72.6372910,   146.2, 30.07,   142.8,  29.2,  95.68,  89.53,  691.32,   7.17,  -0.81,   0.02,  -0.05, 196.8, 190.8,  27.7,  28.8,   2.2,  30.81,  32.03,    38.82,  182.65,   55.18,  35.97, 2482.5,    0.98,  317.52,  314.76,  307.46,  307.06,  298.33,  304.47, 1218.91, 1225.50, 1213.23, 1213.30, 1191.46, 1187.66, 1253.11, 1267.30,    37.3,  98,  GPS,   86.0, 113.60, 110.85, 125.300, 121.800, -0.051,       ,  10.12, -176.0,   15.3,   85.8,  -13.6,      0,    TO,     TO,   0.0,   7.0, 992.1, 3DDiff, 1852,      ,     13,  15.5,     20
2018-08-27, 16:50:20,  -04:00,    HTO,   40.8410225,  -72.6372681,   161.2, 30.07,   160.0,  29.0,  96.77,  89.81,  761.09,   7.53,  -0.55,   0.02,   0.04, 197.2, 190.9,  27.7,  28.8,   2.2,  30.80,  32.10,    38.80,  182.49,   55.04,  36.00, 2483.6,    0.98,  318.07,  315.33,  308.29,  307.58,  299.00,  305.27, 1220.54, 1226.26, 1214.29, 1214.58, 1192.97, 1187.16, 1254.24, 1268.59,    54.5,  99,  GPS,   86.0, 113.60, 110.85, 125.300, 121.800, -0.075,       ,   9.71, -173.3,   15.3,   85.7,  -13.6,      0,    TO,     TO,   0.0,   7.0, 1027.6, 3DDiff, 1852,      ,     13,  15.5,     20
2018-08-27, 16:50:21,  -04:00,    HTO,   40.8405991,  -72.6372452,   178.2, 30.07,   178.4,  29.0,  95.59,  89.96,  847.78,   7.35,  -0.68,  -0.01,  -0.06, 197.9, 190.9,  27.7,  28.8,   2.2,  30.87,  32.17,    38.81,  182.33,   55.13,  36.02, 2478.7,    0.98,  318.62,  315.88,  309.14,  308.12,  299.70,  306.08, 1221.22, 1227.57, 1215.07, 1215.65, 1193.56, 1187.25, 1255.79, 1269.89,    72.9,  98,  GPS,   86.0, 113.60, 110.85, 125.300, 121.800, -0.100,       ,   9.37, -170.3,   15.3,   85.6,  -13.6,      0,    TO,     TO,   0.0,   7.0, 1098.4, 3DDiff, 1852,      ,     13,  15.5,     20
2018-08-27, 16:50:22,  -04:00,    HTO,   40.8401871,  -72.6372223,   196.2, 30.07,   196.9,  29.0,  95.39,  90.17,  940.29,   8.44,  -1.93,   0.04,  -0.09, 197.9, 190.9,  27.7,  28.8,   2.2,  30.84,  32.23,    38.89,  182.17,   55.25,  35.98, 2483.7,    0.98,  319.19,  316.46,  310.01,  308.63,  300.37,  306.90, 1222.08, 1227.55, 1215.18, 1216.53, 1193.77, 1187.64, 1255.83, 1269.98,    91.3,  97,  GPS,   86.0, 113.60, 110.85, 125.300, 121.800, -0.124,       ,   9.10, -167.0,   15.3,   85.5,  -13.6,      0,    TO,     TO,   0.0,   7.0, 1102.4, 3DDiff, 1852,      ,     13,  15.5,     20
2018-08-27, 16:50:23,  -04:00,    HTO,   40.8397636,  -72.6371918,   215.2, 30.07,   214.0,  29.0,  95.30,  90.45, 1040.27,   8.96,  -2.55,   0.01,  -0.10, 196.7, 190.9,  27.7,  28.8,   2.3,  30.86,  32.30,    38.80,  182.03,   54.95,  35.98, 2478.7,    0.98,  319.77,  317.01,  310.87,  309.15,  301.05,  307.74, 1223.40, 1229.30, 1216.28, 1215.83, 1194.61, 1187.86, 1257.26, 1271.33,   108.4,  97,  GPS,   86.0, 113.60, 110.85, 125.300, 121.800, -0.148,       ,   8.89, -163.5,   15.3,   85.4,  -13.6,      0,    TO,     TO,   0.0,   7.0, 1035.4, 3DDiff, 1852,      ,     13,  15.0,     20
2018-08-27, 16:50:24,  -04:00,    HTO,   40.8393478,  -72.6371613,   236.2, 30.07,   228.7,  28.8,  95.41,  91.07, 1119.83,   9.23,  -0.34,  -0.02,  -0.07, 195.5, 190.7,  27.7,  28.8,   2.3,  30.95,  32.35,    38.96,  181.93,   55.09,  35.97, 2482.0,    0.98,  320.37,  317.55,  311.77,  309.63,  301.70,  308.62, 1223.29, 1229.70, 1216.77, 1214.63, 1194.62, 1190.08, 1258.04, 1271.34,   123.2,  97,  GPS,   86.0, 113.60, 110.85, 125.300, 121.800, -0.172,       ,   8.75, -159.8,   15.3,   85.3,  -13.6,      0,    TO,     TO,   0.0,   7.0, 889.8, 3DDiff, 1852,      ,     13,  15.0,     20
2018-08-27, 16:50:25,  -04:00,    HTO,   40.8389206,  -72.6371307,   254.2, 30.07,   241.7,  28.8,  96.70,  92.08, 1136.45,   8.90,  -1.40,  -0.01,   0.07, 195.6, 190.5,  27.7,  28.8,   2.2,  30.96,  32.40,    38.86,  181.82,   54.60,  35.96, 2480.8,    0.98,  320.95,  318.11,  312.63,  310.12,  302.33,  309.50, 1223.67, 1230.47, 1217.04, 1214.80, 1195.19, 1189.92, 1258.77, 1272.64,   136.1,  99,  GPS,   86.0, 113.60, 110.85, 125.300, 121.800, -0.197,       ,   8.67, -156.1,   15.4,   85.2,  -13.6,      0,    TO,     TO,   0.0,   7.0, 779.5, 3DDiff, 1852,      ,     13,  15.0,     20
2018-08-27, 16:50:26,  -04:00,    HTO,   40.8384895,  -72.6371002,   272.2, 30.07,   253.3,  28.8,  96.43,  93.36, 1101.79,   8.03,   0.30,  -0.01,   0.00, 195.1, 190.3,  27.7,  28.8,   2.2,  30.95,  32.43,    38.90,  181.76,   54.54,  36.04, 2480.2,    0.98,  321.54,  318.68,  313.50,  310.60,  303.02,  310.42, 1224.24, 1231.50, 1217.14, 1215.20, 1196.57, 1190.69, 1259.53, 1272.85,   147.7,  99,  GPS,   86.0, 113.60, 110.85, 125.300, 121.800, -0.222,       ,   8.64, -152.6,   15.4,   85.1,  -13.6,      0,    TO,     TO,   0.0,   7.0, 704.7, 3DDiff, 1852,      ,     13,  15.5,     20
2018-08-27, 16:50:27,  -04:00,    HTO,   40.8380508,  -72.6370697,   282.2, 30.07,   265.7,  28.5,  98.64,  94.67,  943.90,   8.10,  -1.13,   0.00,   0.03, 194.4, 190.4,  27.7,  28.8,   2.2,  30.95,  32.45,    38.93,  181.71,   54.94,  36.06, 2473.1,    0.98,  322.14,  319.22,  314.32,  311.09,  303.63,  311.32, 1223.63, 1232.30, 1217.33, 1215.54, 1196.76, 1191.41, 1259.84, 1272.52,   160.1, 101,  GPS,   86.0, 113.60, 110.85, 125.300, 121.800, -0.248,       ,   8.65, -149.3,   15.4,   85.1,  -13.6,      0,    TO,     TO,   0.0,   7.0, 677.2, 3DDiff, 1852,      ,     13,  15.5,     20
2018-08-27, 16:50:28,  -04:00,    HTO,   40.8376045,  -72.6370239,   295.2, 30.07,   278.5,  28.5,  99.46,  95.85,  782.77,   8.84,   0.08,   0.02,   0.05, 193.9, 190.3,  27.7,  28.8,   2.2,  30.95,  32.42,    39.07,  181.72,   54.68,  36.09, 2481.1,    0.98,  322.71,  319.74,  315.12,  311.58,  304.27,  312.15, 1224.03, 1233.24, 1217.89, 1216.11, 1197.34, 1191.78, 1261.11, 1272.89,   172.9, 102,  GPS,   86.0, 113.60, 110.85, 125.300, 121.800, -0.274,       ,   8.69, -146.2,   15.4,   85.0,  -13.6,      0,    TO,     TO,   0.0,   7.0, 759.8, 3DDiff, 1852,      ,     13,  15.0,     20
2018-08-27, 16:50:29,  -04:00,    HTO,   40.8371544,  -72.6370010,   309.2, 30.07,   293.7,  28.5,  99.72,  96.82,  773.87,   8.51,   0.32,  -0.03,  -0.03, 192.9, 190.5,  27.7,  28.8,   2.2,  30.95,  32.42,    39.14,  181.73,   54.82,  36.09, 2481.1,    0.98,  323.32,  320.29,  315.90,  312.06,  304.90,  312.96, 1225.05, 1233.65, 1218.99, 1216.59, 1197.53, 1191.72, 1261.32, 1273.91,   188.2, 102,  GPS,   86.0, 113.60, 110.85, 125.300, 121.800, -0.300,       ,   8.75, -143.4,   15.4,   84.9,  -13.6,      0,    TO,     TO,   0.0,   7.0, 913.4, 3DDiff, 1852,      ,     13,  15.0,     20
2018-08-27, 16:50:30,  -04:00,    HTO,   40.8367004,  -72.6369629,   319.2, 30.07,   310.1,  28.2,  98.31,  97.83,  729.08,   8.65,  -1.55,  -0.01,  -0.01, 192.8, 190.4,  27.7,  28.8,   2.3,  30.95,  32.43,    38.95,  181.74,   55.05,  36.02, 2482.2,    0.98,  323.93,  320.83,  316.66,  312.50,  305.51,  313.75, 1224.12, 1232.86, 1218.18, 1216.51, 1197.92, 1191.00, 1260.57, 1272.81,   204.6, 101,  GPS,   86.0, 113.60, 110.85, 125.300, 121.800, -0.326,       ,   8.82, -141.0,   15.4,   84.8,  -13.6,      0,    TO,     TO,   0.0,   7.0, 976.4, 3DDiff, 1852,      ,     13,  15.0,     20
2018-08-27, 16:50:31,  -04:00,    HTO,   40.8362427,  -72.6369324,   333.2, 30.07,   325.0,  28.2, 100.24,  98.90,  727.00,   9.17,  -3.44,  -0.01,  -0.04, 192.5, 190.0,  27.7,  28.8,   2.2,  30.94,  32.38,    39.09,  181.77,   54.85,  36.00, 2485.4,    0.98,  324.51,  321.35,  317.36,  312.97,  306.12,  314.50, 1223.99, 1233.15, 1218.54, 1217.31, 1198.43, 1191.29, 1261.09, 1273.19,   219.4, 103,  GPS,   86.0, 113.60, 110.85, 125.300, 121.800, -0.353,       ,   8.87, -138.9,   15.4,   84.7,  -13.6,      0,    TO,     TO,   0.0,   7.0, 889.8, 3DDiff, 1852,      ,     13,  15.0,     20
2018-08-27, 16:50:32,  -04:00,    HTO,   40.8357849,  -72.6368866,   346.2, 30.07,   339.3,  28.2, 102.16,  99.74,  714.26,   9.24,  -6.79,  -0.00,   0.05, 192.3, 189.2,  27.7,  28.8,   2.2,  30.94,  32.30,    39.08,  181.79,   54.78,  36.01, 2482.7,    0.98,  325.12,  321.87,  318.07,  313.42,  306.72,  315.22, 1224.42, 1233.54, 1218.86, 1217.48, 1197.71, 1191.43, 1261.77, 1273.41,   233.7, 105,  GPS,   86.0, 113.60, 110.85, 125.300, 121.800, -0.380,       ,   8.89, -137.0,   15.4,   84.6,  -13.6,      0,    TO,     TO,   0.0,   7.0, 858.3, 3DDiff, 1852,      ,     13,  15.5,     20
2018-08-27, 16:50:33,  -04:00,    HTO,   40.8353195,  -72.6368256,   363.2, 30.07,   352.8,  28.0, 105.23, 100.42,  722.39,   9.51, -10.31,  -0.00,   0.02, 191.2, 187.9,  27.7,  28.8,   2.2,  30.93,  32.26,    38.89,  181.85,   54.89,  36.06, 2482.1,    0.98,  325.69,  322.38,  318.73,  313.85,  307.31,  315.93, 1224.97, 1234.14, 1218.94, 1217.22, 1198.57, 1190.90, 1261.80, 1274.18,   247.2, 109,  GPS,   86.0, 113.60, 110.85, 125.300, 121.800, -0.407,       ,   8.91, -135.4,   15.4,   84.5,  -13.6,      0,    TO,     TO,   0.0,   7.0, 913.4, 3DDiff, 1852,      ,     13,  15.5,     20
2018-08-27, 16:50:34,  -04:00,    HTO,   40.8348618,  -72.6367416,   379.2, 30.07,   369.4,  28.0, 105.57, 101.04,  793.94,  10.04, -13.94,  -0.02,   0.05, 189.1, 185.9,  27.7,  28.8,   2.2,  30.92,  32.28,    39.04,  181.89,   54.83,  36.06, 2483.2,    0.98,  326.29,  322.92,  319.38,  314.28,  307.91,  316.62, 1225.62, 1234.40, 1218.89, 1217.48, 1200.07, 1191.15, 1262.75, 1275.35,   263.8, 109,  GPS,   80.9, 113.60, 110.85, 125.300, 121.800,  0.001,       ,   8.93, -134.1,   15.4,   84.4,  -13.6,      0,    TO,     TO,   0.0,   7.0, 984.3, 3DDiff, 1852,      ,     13,  15.0,     20
2018-08-27, 16:50:35,  -04:00,    HTO,   40.8343925,  -72.6366348,   398.2, 30.07,   387.1,  28.0, 106.03, 101.62,  888.83,  11.22, -17.72,   0.01,   0.11, 186.2, 183.2,  27.7,  28.8,   2.2,  30.91,  32.32,    38.90,  181.92,   54.35,  36.05, 2477.3,    0.98,  326.91,  323.42,  320.03,  314.71,  308.54,  317.31, 1226.36, 1234.73, 1219.56, 1218.32, 1199.90, 1190.77, 1262.80, 1276.07,   281.5, 110,  GPS,   80.9, 113.60, 110.85, 125.975, 121.800,  0.003,       ,   8.95, -133.1,   15.4,   84.3,  -13.6,      0,    TO,     TO,   0.0,   7.0, 1043.3, 3DDiff, 1852,      ,     13,  15.0,     20
2018-08-27, 16:50:36,  -04:00,    HTO,   40.8339386,  -72.6364899,   418.2, 30.07,   406.9,  27.8, 105.33, 102.13, 1037.40,  10.71, -20.28,   0.01,   0.09, 182.3, 179.7,  27.7,  28.8,   2.2,  30.90,  32.36,    38.89,  181.93,   54.69,  36.09, 2481.1,    0.98,  327.49,  323.94,  320.60,  315.10,  309.12,  317.98, 1227.06, 1235.76, 1219.23, 1218.78, 1199.31, 1191.45, 1263.69, 1276.22,   301.3, 109,  GPS,   80.9, 113.60, 110.85, 125.975, 121.800,  0.006,       ,   8.99, -132.4,   15.4,   84.1,  -13.6,      0,    TO,     TO,   0.0,   7.0, 1181.1, 3DDiff, 1852,      ,     13,  15.0,     20
2018-08-27, 16:50:37,  -04:00,    HTO,   40.8334846,  -72.6362991,   437.2, 30.07,   427.8,  27.8, 104.25, 102.85, 1121.09,  10.15, -20.96,   0.01,   0.03, 177.7, 176.0,  27.7,  28.8,   2.2,  30.89,  32.40,    39.10,  181.94,   54.91,  36.14, 2480.3,    0.98,  328.07,  324.46,  321.22,  315.52,  309.64,  318.62, 1227.98, 1237.13, 1218.79, 1217.81, 1199.82, 1192.57, 1265.02, 1277.16,   322.2, 108,  GPS,   80.9, 113.60, 110.85, 125.975, 121.800,  0.012,       ,   9.01, -132.0,   15.4,   84.0,  -13.6,      0,    TO,     TO,   0.0,   7.0, 1255.9, 3DDiff, 1852,      ,     13,  15.0,     20
2018-08-27, 16:50:38,  -04:00,    HTO,   40.8330383,  -72.6360626,   450.2, 30.07,   448.0,  27.8, 104.80, 103.78, 1052.28,  10.39, -20.71,  -0.00,   0.04, 173.7, 172.2,  27.7,  28.8,   2.2,  30.89,  32.44,    39.12,  181.95,   54.66,  36.09, 2482.7,    0.98,  328.62,  324.94,  321.78,  315.95,  310.21,  319.25, 1227.62, 1236.65, 1218.74, 1217.34, 1199.26, 1192.83, 1265.02, 1276.73,   342.5, 108,  GPS,   80.9, 113.60, 110.85, 125.975, 121.800,  0.020,       ,   9.01, -131.8,   15.4,   83.9,  -13.6,      0,    TO,     TO,   0.0,   7.0, 1224.4, 3DDiff, 1852,      ,     13,  15.5,     20
2018-08-27, 16:50:39,  -04:00,    HTO,   40.8325958,  -72.6357880,   467.2, 30.07,   468.8,  27.8, 105.10, 104.56,  973.31,  10.82, -21.20,   0.00,   0.15, 170.3, 168.3,  27.7,  28.8,   2.2,  30.89,  32.47,    39.08,  181.95,   54.45,  36.04, 2481.8,    0.98,  329.18,  325.45,  322.35,  316.34,  310.79,  319.86, 1226.36, 1236.13, 1218.61, 1217.19, 1199.50, 1191.94, 1263.98, 1276.34,   363.2, 109,  GPS,   80.9, 113.60, 110.85, 125.975, 121.800,  0.029,       ,   8.97, -131.7,   15.4,   83.8,  -13.6,      0,    TO,     TO,   0.0,   7.0, 1181.1, 3DDiff, 1852,      ,     13,  15.5,     20
2018-08-27, 16:50:40,  -04:00,    HTO,   40.8321686,  -72.6354752,   488.2, 30.07,   489.7,  27.8, 104.67, 105.34, 1069.48,   9.98, -20.59,  -0.02,  -0.02, 166.8, 164.2,  27.7,  28.8,   2.2,  30.88,  32.51,    39.21,  181.95,   54.60,  36.06, 2481.8,    0.98,  329.73,  325.94,  322.90,  316.69,  311.30,  320.47, 1227.29, 1235.87, 1219.22, 1217.63, 1199.81, 1191.91, 1264.07, 1276.70,   384.1, 108,  GPS,   80.9, 113.60, 110.85, 125.975, 121.800,  0.040,       ,   8.90, -131.9,   15.4,   83.7,  -13.6,      0,    TO,     TO,   0.0,   7.0, 1252.0, 3DDiff, 1852,      ,     13,  15.5,     20
2018-08-27, 16:50:41,  -04:00,    HTO,   40.8317528,  -72.6351242,   504.2, 30.07,   509.8,  27.5, 103.33, 106.39, 1081.77,   9.80, -20.60,   0.01,   0.03, 163.3, 160.4,  27.7,  28.8,   2.2,  30.87,  32.54,    39.15,  181.96,   54.77,  36.00, 2485.7,    0.98,  330.29,  326.42,  323.45,  317.08,  311.85,  321.05, 1226.57, 1236.80, 1218.95, 1217.01, 1199.42, 1191.97, 1264.09, 1275.92,   404.3, 107,  GPS,   80.9, 113.60, 110.85, 125.975, 121.800,  0.051,       ,   8.81, -132.1,   15.4,   83.6,  -13.6,      0,    TO,     TO,   0.0,   7.0, 1189.0, 3DDiff, 1852,      ,     13,  15.0,     20
2018-08-27, 16:50:42,  -04:00,    HTO,   40.8313560,  -72.6347275,   525.2, 30.07,   529.0,  27.5, 104.11, 107.59, 1123.79,   9.40, -20.96,  -0.02,  -0.03, 159.8, 156.8,  27.7,  28.8,   2.2,  30.87,  32.56,    39.19,  181.97,   54.64,  36.06, 2485.7,    0.98,  330.77,  326.89,  323.94,  317.48,  312.30,  321.59, 1226.64, 1236.88, 1218.64, 1217.43, 1199.68, 1192.55, 1264.61, 1276.50,   423.5, 108,  GPS,   80.9, 113.60, 110.85, 125.975, 121.800,  0.063,       ,   8.69, -132.4,   15.4,   83.5,  -13.6,      0,    TO,     TO,   0.0,   7.0, 1149.6, 3DDiff, 1852,      ,     13,  15.0,     20
2018-08-27, 16:50:43,  -04:00,    HTO,   40.8309708,  -72.6342926,   540.2, 30.07,   546.6,  27.5, 105.35, 108.84, 1043.68,   9.54, -20.25,  -0.02,   0.08, 156.6, 153.1,  27.7,  28.8,   2.2,  30.86,  32.55,    39.17,  182.01,   54.62,  36.06, 2482.7,    0.98,  331.32,  327.37,  324.49,  317.87,  312.83,  322.17, 1227.71, 1236.83, 1219.33, 1217.47, 1200.37, 1192.85, 1265.21, 1277.59,   441.1, 109,  GPS,   80.9, 113.60, 110.85, 125.975, 121.800,  0.075,       ,   8.57, -132.7,   15.4,   83.4,  -13.6,      0,    TO,     TO,   0.0,   7.0, 1055.1, 3DDiff, 1852,      ,     13,  15.0,     20
2018-08-27, 16:50:44,  -04:00,    HTO,   40.8306046,  -72.6338272,   556.2, 30.07,   564.0,  27.5, 105.31, 110.12, 1003.81,   8.90, -19.43,  -0.01,   0.05, 153.7, 149.4,  27.7,  28.8,   2.2,  30.85,  32.50,    39.02,  182.06,   54.46,  36.01, 2481.8,    0.98,  331.89,  327.83,  325.00,  318.20,  313.40,  322.72, 1227.90, 1237.47, 1219.34, 1217.42, 1200.63, 1192.02, 1265.89, 1277.45,   458.4, 109,  GPS,   80.9, 113.60, 110.85, 125.975, 121.800,  0.088,       ,   8.44, -132.9,   15.4,   83.3,  -13.6,      0,    TO,     TO,   0.0,   7.0, 1027.6, 3DDiff, 1852,      ,     13,  15.5,     20
2018-08-27, 16:50:45,  -04:00,    HTO,   40.8302612,  -72.6333237,   575.2, 30.07,   580.2,  27.2, 105.13, 111.54, 1015.06,   8.76, -19.82,  -0.00,   0.01, 150.4, 146.0,  27.7,  28.8,   2.2,  30.85,  32.46,    39.14,  182.12,   54.54,  36.04, 2483.3,    0.98,  332.36,  328.29,  325.48,  318.59,  313.86,  323.29, 1228.14, 1236.99, 1220.06, 1217.20, 1200.83, 1191.48, 1265.78, 1278.17,   474.7, 109,  GPS,   80.9, 113.60, 110.85, 125.975, 121.800,  0.101,       ,   8.31, -133.1,   15.4,   83.2,  -13.6,      0,    TO,     TO,   0.0,   7.0, 972.4, 3DDiff, 1852,      ,     13,  15.5,     20
2018-08-27, 16:50:46,  -04:00,    HTO,   40.8299332,  -72.6327896,   595.2, 30.07,   596.1,  27.2, 106.09, 113.00, 1072.54,   8.59, -19.87,  -0.01,   0.05, 146.4, 142.6,  27.7,  28.8,   2.2,  30.84,  32.48,    39.05,  182.18,   54.44,  36.08, 2482.9,    0.99,  332.85,  328.74,  325.97,  318.95,  314.34,  323.82, 1228.84, 1236.98, 1220.07, 1218.01, 1201.59, 1192.51, 1266.03, 1278.40,   490.5, 110,  GPS,   80.9, 113.60, 110.85, 125.975, 121.800,  0.114,       ,   8.20, -133.1,   15.3,   83.1,  -13.6,      0,    TO,     TO,   0.0,   7.0, 944.9, 3DDiff, 1852,      ,     13,  15.5,     20
2018-08-27, 16:50:47,  -04:00,    HTO,   40.8296204,  -72.6322250,   607.2, 30.07,   611.4,  27.2, 106.51, 114.38,  979.52,   8.90, -18.19,   0.00,   0.08, 143.0, 139.2,  27.7,  28.8,   2.2,  30.83,  32.52,    39.05,  182.24,   54.21,  36.02, 2483.0,    0.98,  333.42,  329.17,  326.43,  319.29,  314.88,  324.39, 1229.36, 1237.34, 1220.17, 1217.85, 1201.48, 1192.72, 1266.06, 1278.42,   505.9, 110,  GPS,   80.9, 113.60, 110.85, 125.975, 121.800,  0.128,       ,   8.10, -133.0,   15.3,   83.0,  -13.6,      0,    TO,     TO,   0.0,   7.0, 972.4, 3DDiff, 1852,      ,     13,  15.0,     20
2018-08-27, 16:50:48,  -04:00,    HTO,   40.8293343,  -72.6316223,   623.2, 30.07,   628.7,  27.2, 106.84, 115.58,  924.21,   9.28, -18.58,  -0.00,   0.07, 139.7, 135.9,  27.7,  28.8,   2.2,  30.82,  32.54,    38.94,  182.28,   54.51,  36.00, 2478.9,    0.98,  333.92,  329.62,  326.89,  319.63,  315.38,  324.91, 1228.93, 1237.43, 1221.02, 1217.32, 1202.02, 1193.55, 1265.76, 1279.22,   523.2, 111,  GPS,   80.9, 113.60, 110.85, 125.975, 121.800,  0.142,       ,   8.02, -132.7,   15.3,   82.9,  -13.6,      0,    TO,     TO,   0.0,   7.0, 1027.6, 3DDiff, 1852,      ,     13,  15.0,     20
2018-08-27, 16:50:49,  -04:00,    HTO,   40.8290672,  -72.6310043,   641.2, 30.07,   647.1,  27.2, 107.66, 116.61,  928.68,   9.44, -19.31,  -0.00,   0.09, 136.5, 132.7,  27.7,  28.8,   2.1,  30.81,  32.57,    39.00,  182.33,   54.58,  36.08, 2482.1,    0.99,  334.45,  330.05,  327.34,  319.99,  315.86,  325.45, 1229.11, 1237.54, 1220.99, 1218.03, 1202.41, 1193.83, 1266.11, 1279.99,   541.6, 112,  GPS,   80.9, 113.60, 110.85, 125.975, 121.800,  0.156,       ,   7.95, -132.4,   15.3,   82.8,  -13.6,      0,    TO,     TO,   0.0,   7.0, 1098.4, 3DDiff, 1852,      ,     13,  15.0,     20
2018-08-27, 16:50:50,  -04:00,    HTO,   40.8288345,  -72.6303558,   661.2, 30.07,   667.0,  27.0, 107.90, 117.58,  994.87,   9.24, -19.05,  -0.00,   0.04, 133.0, 129.4,  27.7,  28.8,   2.1,  30.79,  32.62,    39.01,  182.38,   54.48,  36.09, 2480.2,    0.98,  334.86,  330.45,  327.76,  320.33,  316.29,  325.99, 1230.54, 1238.00, 1221.32, 1219.25, 1202.40, 1194.08, 1267.09, 1280.81,   561.4, 112,  GPS,   80.9, 113.60, 110.85, 125.975, 121.800,  0.170,       ,   7.89, -131.9,   15.3,   82.7,  -13.6,      0,    TO,     TO,   0.0,   7.0, 1185.0, 3DDiff, 1852,      ,     13,  15.5,     20
2018-08-27, 16:50:51,  -04:00,    HTO,   40.8286247,  -72.6296844,   679.2, 30.07,   687.4,  27.0, 108.64, 118.44, 1036.87,   9.57, -20.00,   0.03,   0.08, 129.1, 126.3,  27.7,  28.8,   2.1,  30.78,  32.66,    39.08,  182.44,   54.29,  36.06, 2482.0,    0.98,  335.35,  330.88,  328.19,  320.66,  316.76,  326.55, 1230.79, 1237.79, 1221.90, 1219.02, 1202.57, 1193.81, 1267.51, 1281.13,   581.9, 113,  GPS,   80.9, 113.60, 110.85, 125.975, 121.800,  0.183,       ,   7.84, -131.3,   15.2,   82.6,  -13.6,      0,    TO,     TO,   0.0,   7.0, 1212.6, 3DDiff, 1852,      ,     13,  15.5,     20
2018-08-27, 16:50:52,  -04:00,    HTO,   40.8284340,  -72.6290054,   701.2, 30.07,   708.8,  27.0, 110.52, 119.04, 1122.59,   9.16, -15.83,  -0.02,  -0.01, 125.0, 123.2,  27.7,  28.8,   2.1,  30.78,  32.70,    39.05,  182.50,   54.51,  36.04, 2477.3,    0.98,  335.83,  331.29,  328.62,  321.00,  317.25,  327.09, 1230.94, 1236.35, 1222.31, 1218.56, 1201.92, 1193.56, 1267.50, 1280.67,   603.2, 115,  GPS,   80.9, 113.60, 110.85, 125.975, 121.800,  0.196,       ,   7.80, -130.7,   15.2,   82.6,  -13.6,      0,    TO,     TO,   0.0,   7.0, 1279.5, 3DDiff, 1852,      ,     13,  15.5,     20
2018-08-27, 16:50:53,  -04:00,    HTO,   40.8282776,  -72.6283035,   714.2, 30.07,   730.0,  27.0, 108.48, 119.72, 1069.69,   9.55, -17.38,   0.02,   0.10, 123.0, 120.2,  27.7,  28.8,   2.1,  30.81,  32.74,    39.07,  182.50,   54.40,  36.00, 2484.6,    0.98,  336.35,  331.70,  329.04,  321.33,  317.74,  327.59, 1230.12, 1236.78, 1221.87, 1218.11, 1201.24, 1194.40, 1267.39, 1280.63,   624.5, 113,  GPS,   80.9, 113.60, 110.85, 125.975, 121.800,  0.209,       ,   7.76, -130.1,   15.2,   82.5,  -13.6,      0,    TO,     TO,   0.0,   7.0, 1248.0, 3DDiff, 1852,      ,     13,  15.0,     20
2018-08-27, 16:50:54,  -04:00,    HTO,   40.8281441,  -72.6275940,   736.2, 30.07,   750.9,  27.0, 108.97, 120.30, 1093.47,   9.43, -17.23,   0.04,   0.15, 120.2, 117.5,  27.7,  28.8,   2.1,  30.79,  32.73,    39.04,  182.52,   54.41,  36.01, 2481.0,    0.98,  336.78,  332.09,  329.39,  321.66,  318.14,  328.11, 1229.56, 1237.54, 1220.82, 1218.62, 1201.22, 1194.35, 1268.09, 1280.03,   645.3, 113,  GPS,   80.9, 113.60, 110.85, 125.975, 121.800,  0.221,       ,   7.72, -129.3,   15.2,   82.4,  -13.6,      0,    TO,     TO,   0.0,   7.0, 1252.0, 3DDiff, 1852,      ,     13,  15.0,     20
2018-08-27, 16:50:55,  -04:00,    HTO,   40.8280334,  -72.6268692,   760.2, 30.07,   772.8,  26.8, 109.65, 120.83, 1240.88,   9.23, -18.13,  -0.01,   0.04, 115.6, 114.8,  27.7,  28.8,   2.1,  30.78,  32.76,    39.04,  182.55,   54.50,  36.06, 2479.8,    0.98,  337.29,  332.49,  329.83,  321.97,  318.63,  328.62, 1228.48, 1238.23, 1220.62, 1217.94, 1201.12, 1194.86, 1268.14, 1279.37,   667.2, 114,  GPS,   80.9, 113.60, 110.85, 125.975, 121.800,  0.232,       ,   7.69, -128.5,   15.1,   82.3,  -13.6,      0,    TO,     TO,   0.0,   7.0, 1307.1, 3DDiff, 1852,      ,     13,  15.0,     20
2018-08-27, 16:50:56,  -04:00,    HTO,   40.8279495,  -72.6261368,   774.2, 30.07,   793.4,  26.8, 107.78, 121.37, 1154.17,   9.64, -19.29,  -0.02,   0.04, 112.6, 111.9,  27.7,  28.8,   2.1,  30.79,  32.79,    39.03,  182.57,   54.59,  35.96, 2484.1,    0.98,  337.75,  332.88,  330.20,  322.30,  319.08,  329.08, 1228.87, 1237.74, 1220.77, 1217.34, 1201.08, 1193.31, 1267.23, 1279.17,   687.8, 112,  GPS,   80.9, 113.60, 110.85, 125.975, 121.800,  0.242,       ,   7.67, -127.5,   15.1,   82.3,  -13.6,      0,    TO,     TO,   0.0,   7.0, 1228.3, 3DDiff, 1852,      ,     13,  15.5,     20
2018-08-27, 16:50:57,  -04:00,    HTO,   40.8279037,  -72.6253967,   794.2, 30.07,   812.8,  26.8, 107.86, 121.94, 1120.55,   9.70, -20.75,  -0.01,   0.08, 110.3, 108.7,  27.7,  28.8,   2.1,  30.77,  32.76,    38.87,  182.57,   54.42,  35.97, 2483.0,    0.98,  338.15,  333.25,  330.59,  322.61,  319.44,  329.57, 1228.95, 1238.55, 1219.95, 1217.19, 1200.95, 1193.07, 1267.33, 1278.63,   707.3, 112,  GPS,   80.9, 113.60, 110.85, 125.975, 121.800,  0.251,       ,   7.64, -126.4,   15.1,   82.2,  -13.6,      0,    TO,     TO,   0.0,   7.0, 1169.3, 3DDiff, 1852,      ,     13,  15.5,     20
2018-08-27, 16:50:58,  -04:00,    HTO,   40.8278885,  -72.6246490,   812.2, 30.07,   832.4,  26.8, 107.63, 122.60, 1109.37,   9.93, -20.97,  -0.01,   0.07, 107.1, 105.2,  27.7,  28.8,   2.1,  30.76,  32.66,    38.91,  182.61,   54.47,  36.02, 2479.7,    0.98,  338.60,  333.62,  330.96,  322.92,  319.89,  330.02, 1229.57, 1239.51, 1220.00, 1218.23, 1202.03, 1193.52, 1268.46, 1279.20,   726.8, 112,  GPS,   80.9, 113.60, 110.85, 125.975, 121.800,  0.259,       ,   7.62, -125.2,   15.0,   82.2,  -13.6,      0,    TO,     TO,   0.0,   7.0, 1169.3, 3DDiff, 1852,      ,     13,  15.0,     20
2018-08-27, 16:50:59,  -04:00,    HTO,   40.8279037,  -72.6238937,   832.2, 30.07,   851.7,  26.8, 107.42, 123.28, 1149.07,   9.66, -20.79,  -0.00,   0.05, 103.3, 101.8,  27.7,  28.8,   2.1,  30.75,  32.65,    39.02,  182.64,   54.36,  36.00, 2481.2,    0.98,  339.06,  333.97,  331.30,  323.22,  320.29,  330.47, 1230.10, 1240.14, 1220.71, 1218.06, 1201.99, 1192.87, 1268.91, 1279.40,   746.1, 112,  GPS,   80.9, 113.60, 110.85, 125.975, 121.800,  0.266,       ,   7.63, -123.8,   15.0,   82.1,  -13.6,      0,    TO,     TO,   0.0,   7.0, 1196.9, 3DDiff, 1852,      ,     13,  15.0,     20
2018-08-27, 16:51:00,  -04:00,    HTO,   40.8279572,  -72.6231461,   850.2, 30.07,   871.4,  26.8, 106.95, 124.02, 1143.10,   8.94, -19.92,  -0.00,  -0.01,  99.8,  98.5,  27.7,  28.8,   2.1,  30.73,  32.65,    38.93,  182.73,   54.36,  36.02, 2477.8,    0.98,  339.47,  334.30,  331.67,  323.52,  320.69,  330.91, 1230.05, 1239.95, 1220.85, 1218.72, 1202.03, 1192.60, 1269.22, 1279.39,   765.8, 111,  GPS,   81.8, 113.60, 110.85, 125.975, 121.800,  0.000,       ,   7.66, -122.4,   15.0,   82.1,  -13.6,      0,    TO,     TO,   0.0,   7.0, 1181.1, 3DDiff, 1852,      ,     13,  15.0,     20
2018-08-27, 16:51:01,  -04:00,    HTO,   40.8280411,  -72.6223907,   866.2, 30.07,   889.2,  26.8, 106.70, 124.91, 1092.71,   8.38, -19.35,  -0.01,  -0.02,  96.6,  95.4,  27.7,  28.8,   2.0,  30.72,  32.67,    38.88,  182.83,   54.39,  36.05, 2481.8,    0.98,  339.89,  334.65,  332.01,  323.83,  321.11,  331.35, 1231.22, 1239.42, 1221.18, 1219.20, 1202.75, 1192.99, 1269.54, 1280.71,   783.7, 111,  GPS,   81.8, 113.60, 110.85, 125.975, 121.800,  0.002,       ,   7.73, -121.0,   14.9,   82.1,  -13.6,      0,    TO, FLCIAS,   0.0,   8.5, 1082.7, 3DDiff, 1852,      ,     13,  15.0,     20
2018-08-27, 16:51:02,  -04:00,    HTO,   40.8281479,  -72.6216354,   883.2, 30.07,   905.1,  26.8, 107.06, 125.90, 1036.76,   7.99, -18.18,   0.00,  -0.00,  93.5,  92.6,  27.7,  28.8,   2.0,  30.71,  32.69,    39.10,  182.92,   54.34,  36.05, 2483.6,    0.98,  340.38,  334.99,  332.37,  324.15,  321.52,  331.77, 1231.53, 1239.81, 1220.66, 1219.50, 1202.10, 1193.52, 1269.95, 1279.91,   799.5, 111,  GPS,   81.8, 113.60, 110.85, 125.975, 121.800,  0.006,       ,   7.84, -119.6,   14.9,   82.0,  -13.6,      1,    TO, FLCIAS,   0.0,   8.4, 964.6, 3DDiff, 1852,      ,     13,  15.5,     20
2018-08-27, 16:51:03,  -04:00,    HTO,   40.8282890,  -72.6208801,   900.2, 30.07,   920.1,  26.5, 107.89, 126.89, 1009.05,   7.95, -16.63,   0.01,   0.05,  90.5,  89.8,  27.7,  28.8,   2.0,  30.70,  32.71,    39.10,  183.02,   54.00,  36.02, 2482.4,    0.98,  340.78,  335.32,  332.70,  324.42,  321.93,  332.24, 1231.38, 1238.97, 1220.28, 1219.88, 1201.53, 1193.87, 1269.72, 1279.49,   814.6, 112,  GPS,   81.8, 113.60, 110.85, 125.975, 121.800,  0.012,       ,   7.98, -118.2,   14.9,   82.0,  -13.6,      1,    TO, FLCIAS,   0.0,   8.3, 897.6, 3DDiff, 1852,      ,     13,  15.5,     20
2018-08-27, 16:51:04,  -04:00,    HTO,   40.8284531,  -72.6201324,   915.2, 30.07,   935.3,  26.5, 108.58, 127.73,  964.46,   8.33, -13.37,  -0.01,   0.08,  87.6,  87.3,  27.7,  28.8,   2.0,  30.70,  32.74,    39.09,  183.13,   54.29,  35.99, 2483.9,    0.98,  341.19,  335.65,  333.06,  324.72,  322.30,  332.64, 1230.91, 1238.09, 1220.05, 1220.20, 1201.81, 1194.27, 1269.83, 1279.50,   829.7, 113,  GPS,   81.8, 113.60, 110.85, 125.975, 121.800,  0.019,       ,   8.17, -116.9,   14.8,   82.0,  -13.6,      1,   GPS, FLCIAS,  -0.1,   8.2, 909.4, 3DDiff, 1852,      ,     12,  15.0,     20
2018-08-27, 16:51:05,  -04:00,    HTO,   40.8286438,  -72.6193924,   928.2, 30.07,   952.7,  26.5, 108.61, 128.35,  895.23,   8.60,  -9.03,  -0.01,   0.05,  85.6,  85.1,  27.7,  28.8,   2.0,  30.69,  32.76,    39.03,  183.23,   54.21,  36.02, 2481.9,    0.98,  341.51,  335.96,  333.40,  324.96,  322.64,  333.06, 1231.53, 1238.00, 1219.99, 1220.73, 1201.65, 1193.92, 1269.72, 1280.03,   847.1, 113,  GPS,   81.8, 113.60, 110.85, 125.975, 121.800,  0.027,       ,   8.38, -115.8,   14.8,   82.0,  -13.6,      1,   GPS, FLCIAS,  -1.9,   8.4, 1007.9, 3DDiff, 1852,      ,     12,  15.0,     20
2018-08-27, 16:51:06,  -04:00,    HTO,   40.8288498,  -72.6186523,   944.2, 30.07,   971.2,  26.5, 108.69, 128.70,  864.13,   9.03,  -6.51,   0.00,   0.06,  84.4,  83.6,  27.7,  28.8,   2.0,  30.69,  32.76,    38.99,  183.32,   54.36,  35.98, 2484.4,    0.98,  341.96,  336.30,  333.74,  325.25,  323.07,  333.46, 1231.81, 1238.61, 1219.98, 1219.83, 1202.14, 1194.30, 1270.08, 1280.32,   865.6, 113,  GPS,   81.8, 113.60, 110.85, 125.975, 121.800,  0.035,       ,   8.62, -114.7,   14.8,   82.0,  -13.6,      1,   GPS, FLCIAS,  -5.8,   8.6, 1102.4, 3DDiff, 1852,      ,     13,  15.0,     20
2018-08-27, 16:51:07,  -04:00,    HTO,   40.8290596,  -72.6179199,   963.2, 30.07,   991.2,  26.5, 108.94, 128.82,  944.51,   9.40,  -5.86,   0.00,   0.03,  83.5,  82.5,  27.7,  28.8,   2.0,  30.68,  32.76,    38.90,  183.41,   54.59,  35.99, 2482.2,    0.98,  342.36,  336.60,  334.09,  325.52,  323.48,  333.88, 1232.01, 1239.38, 1219.66, 1219.78, 1202.62, 1195.19, 1270.39, 1280.38,   885.7, 114,  GPS,   81.8, 113.60, 110.85, 125.975, 121.800,  0.040,       ,   8.89, -113.8,   14.7,   82.0,  -13.6,      1,   GPS, FLCIAS,  -9.3,   8.9, 1196.9, 3DDiff, 1852,      ,     13,  15.0,     20
2018-08-27, 16:51:08,  -04:00,    HTO,   40.8292885,  -72.6171951,   984.2, 30.07,  1012.6,  26.5, 109.17, 128.84, 1052.88,   9.28,  -5.32,   0.00,  -0.02,  82.5,  81.5,  27.7,  28.8,   2.0,  30.68,  32.77,    38.99,  183.49,   54.58,  35.99, 2481.1,    0.98,  342.70,  336.91,  334.41,  325.75,  323.79,  334.26, 1231.86, 1238.20, 1220.17, 1219.44, 1202.88, 1194.30, 1269.78, 1280.26,   907.1, 114,  GPS,   81.8, 113.60, 110.85, 125.975, 121.800,  0.044,       ,   9.17, -113.1,   14.7,   82.0,  -13.6,      1,   GPS, FLCIAS,  -9.2,   9.1, 1271.7, 3DDiff, 1852,      ,     13,  15.5,     20
2018-08-27, 16:51:09,  -04:00,    HTO,   40.8295174,  -72.6164703,  1003.2, 30.07,  1033.9,  26.5, 109.01, 128.86, 1114.55,   8.99,  -4.60,   0.01,  -0.03,  81.5,  80.8,  27.7,  28.8,   2.0,  30.68,  32.78,    39.08,  183.57,   54.15,  35.96, 2482.9,    0.98,  343.12,  337.18,  334.74,  326.02,  324.19,  334.65, 1232.66, 1238.87, 1221.23, 1220.17, 1203.41, 1194.76, 1270.25, 1281.43,   928.3, 114,  GPS,   81.8, 113.60, 110.85, 125.975, 121.800,  0.046,       ,   9.47, -112.6,   14.7,   82.0,  -13.6,      1,   GPS, FLCIAS,  -6.7,   9.0, 1275.6, 3DDiff, 1852,      ,     13,  15.5,     20
2018-08-27, 16:51:10,  -04:00,    HTO,   40.8297577,  -72.6157455,  1022.2, 30.07,  1054.5,  26.5, 109.03, 128.99, 1138.89,   8.58,  -3.50,   0.00,  -0.03,  80.3,  80.1,  27.7,  28.8,   2.0,  30.68,  32.79,    39.01,  183.64,   54.29,  35.96, 2484.5,    0.98,  343.46,  337.49,  335.07,  326.26,  324.60,  335.04, 1232.72, 1238.84, 1221.19, 1220.61, 1203.39, 1194.64, 1270.00, 1281.67,   949.0, 114,  GPS,   81.8, 113.60, 110.85, 125.975, 121.800,  0.048,       ,   9.78, -112.2,   14.6,   82.0,  -13.6,      1,   GPS, FLCIAS,  -3.2,   8.7, 1232.3, 3DDiff, 1852,      ,     12,  15.0,     20
2018-08-27, 16:51:11,  -04:00,    HTO,   40.8299980,  -72.6150284,  1039.2, 30.07,  1074.0,  26.5, 109.02, 129.23, 1110.17,   7.93,  -2.00,  -0.01,  -0.07,  79.4,  79.6,  27.7,  28.8,   2.0,  30.68,  32.81,    39.05,  183.72,   54.51,  35.96, 2485.2,    0.98,  343.83,  337.76,  335.36,  326.54,  324.98,  335.43, 1233.48, 1239.00, 1220.95, 1219.79, 1203.84, 1195.20, 1269.28, 1282.34,   968.4, 114,  GPS,   81.8, 113.60, 110.85, 125.975, 121.800,  0.049,       ,  10.10, -112.0,   14.6,   82.0,  -13.6,      1,   GPS, FLCIAS,  -0.3,   8.3, 1177.2, 3DDiff, 1852,      ,     12,  15.0,     20
2018-08-27, 16:51:12,  -04:00,    HTO,   40.8302460,  -72.6143036,  1057.2, 30.07,  1092.1,  26.5, 109.33, 129.62, 1078.98,   7.43,   0.26,  -0.01,  -0.06,  79.2,  79.4,  27.7,  28.8,   2.0,  30.67,  32.81,    38.97,  183.77,   54.36,  35.90, 2486.2,    0.98,  344.19,  338.06,  335.71,  326.79,  325.36,  335.81, 1232.77, 1239.35, 1220.16, 1220.01, 1203.69, 1195.50, 1270.16, 1282.25,   986.6, 114,  GPS,   81.8, 113.60, 110.85, 125.975, 121.800,  0.051,       ,  10.42, -111.8,   14.6,   82.0,  -13.6,      1,   GPS, FLCIAS,   1.5,   7.9, 1086.6, 3DDiff, 1852,      ,     13,  15.0,     20
2018-08-27, 16:51:13,  -04:00,    HTO,   40.8304939,  -72.6135864,  1075.2, 30.07,  1108.7,  26.5, 109.69, 130.14, 1060.30,   7.11,   1.61,  -0.00,  -0.04,  79.2,  79.3,  27.7,  28.8,   2.0,  30.67,  32.81,    38.94,  183.84,   54.13,  35.93, 2483.1,    0.98,  344.49,  338.31,  336.02,  327.02,  325.70,  336.17, 1232.83, 1240.20, 1220.22, 1220.27, 1203.82, 1194.69, 1271.00, 1282.15,  1003.2, 115,  GPS,   81.8, 113.60, 110.85, 125.975, 121.800,  0.052,       ,  10.73, -111.7,   14.5,   82.0,  -13.6,      1,   GPS, FLCIAS,   2.4,   7.5, 1003.9, 3DDiff, 1852,      ,     13,  15.0,     20
2018-08-27, 16:51:14,  -04:00,    HTO,   40.8307419,  -72.6128540,  1090.2, 30.07,  1124.6,  26.2, 110.04, 130.70, 1010.25,   7.00,   2.27,  -0.01,  -0.03,  79.5,  79.4,  27.7,  28.8,   2.0,  30.67,  32.81,    38.91,  183.89,   54.36,  35.93, 2483.5,    0.98,  344.86,  338.58,  336.30,  327.28,  326.10,  336.50, 1232.97, 1240.58, 1220.93, 1220.31, 1204.46, 1194.54, 1270.79, 1282.55,  1019.1, 115,  GPS,   81.8, 113.60, 110.85, 125.975, 121.800,  0.054,       ,  11.05, -111.6,   14.5,   82.0,  -13.6,      1,   GPS, FLCIAS,   2.8,   7.2, 952.8, 3DDiff, 1852,      ,     13,  15.0,     20
2018-08-27, 16:51:15,  -04:00,    HTO,   40.8309860,  -72.6121140,  1106.2, 30.07,  1140.2,  26.2, 110.47, 131.31,  958.91,   6.95,   2.87,  -0.00,  -0.02,  79.9,  79.7,  27.7,  28.8,   2.0,  30.67,  32.81,    38.87,  183.98,   54.03,  35.94, 2482.8,    0.98,  345.19,  338.85,  336.60,  327.50,  326.52,  336.85, 1232.93, 1239.81, 1220.45, 1220.76, 1205.22, 1194.66, 1271.01, 1282.70,  1034.6, 116,  GPS,   81.8, 113.60, 110.85, 125.975, 121.800,  0.055,       ,  11.36, -111.6,   14.4,   82.0,  -13.6,      1,   GPS, FLCIAS,   3.0,   7.0, 929.1, 3DDiff, 1852,      ,     13,  15.5,     20
2018-08-27, 16:51:16,  -04:00,    HTO,   40.8312302,  -72.6113815,  1120.2, 30.07,  1155.4,  26.2, 110.85, 131.87,  911.90,   6.88,   2.86,   0.00,  -0.02,  80.4,  80.1,  27.7,  28.8,   2.0,  30.67,  32.81,    38.91,  184.07,   53.97,  35.91, 2481.7,    0.98,  345.54,  339.11,  336.91,  327.72,  326.89,  337.26, 1232.49, 1239.75, 1220.21, 1220.73, 1205.16, 1194.97, 1270.95, 1282.07,  1049.8, 116,  GPS,   81.8, 113.60, 110.85, 125.975, 121.800,  0.056,       ,  11.66, -111.6,   14.4,   82.1,  -13.6,      1,   GPS, FLCIAS,   3.0,   6.9, 913.4, 3DDiff, 1852,      ,     12,  15.0,     20
2018-08-27, 16:51:17,  -04:00,    HTO,   40.8314705,  -72.6106415,  1134.2, 30.07,  1169.8,  26.2, 111.31, 132.45,  882.08,   6.68,   3.00,  -0.01,  -0.04,  80.8,  80.5,  27.7,  28.8,   2.0,  30.67,  32.81,    38.88,  184.15,   54.00,  35.92, 2481.1,    0.98,  345.80,  339.35,  337.21,  327.93,  327.28,  337.58, 1233.22, 1239.52, 1220.44, 1220.20, 1204.83, 1194.88, 1270.74, 1282.53,  1064.3, 117,  GPS,   81.8, 113.60, 110.85, 125.975, 121.800,  0.057,       ,  11.96, -111.6,   14.4,   82.1,  -13.6,      1,   GPS, FLCIAS,   2.9,   6.8, 893.7, 3DDiff, 1852,      ,     12,  15.0,     20
2018-08-27, 16:51:18,  -04:00,    HTO,   40.8317070,  -72.6098938,  1147.2, 30.07,  1184.0,  26.2, 111.70, 133.08,  835.84,   6.41,   2.92,  -0.00,  -0.04,  81.3,  80.9,  27.7,  28.8,   2.0,  30.67,  32.82,    38.91,  184.25,   54.09,  35.89, 2483.7,    0.98,  346.12,  339.62,  337.49,  328.17,  327.65,  337.96, 1233.02, 1239.99, 1220.12, 1219.72, 1204.74, 1195.42, 1270.43, 1282.39,  1078.4, 117,  GPS,   81.8, 113.60, 110.85, 125.975, 121.800,  0.057,       ,  12.25, -111.7,   14.3,   82.1,  -13.6,      1,   GPS, FLCIAS,   2.8,   6.6, 854.3, 3DDiff, 1852,      ,     13,  15.0,     20
2018-08-27, 16:51:19,  -04:00,    HTO,   40.8319435,  -72.6091309,  1160.2, 30.07,  1197.3,  26.2, 112.34, 133.76,  815.67,   6.16,   2.67,   0.01,  -0.03,  81.9,  81.3,  27.7,  28.8,   2.0,  30.67,  32.82,    38.83,  184.32,   54.12,  35.89, 2483.5,    0.98,  346.45,  339.87,  337.79,  328.38,  328.07,  338.30, 1232.90, 1239.34, 1220.73, 1220.25, 1205.62, 1195.31, 1270.54, 1282.73,  1091.7, 118,  GPS,   81.8, 113.60, 110.85, 125.975, 121.800,  0.058,       ,  12.54, -111.8,   14.3,   82.1,  -13.6,      1,   GPS, FLCIAS,   2.6,   6.4, 807.1, 3DDiff, 1852,      ,     13,  15.0,     20
2018-08-27, 16:51:20,  -04:00,    HTO,   40.8321762,  -72.6083755,  1173.2, 30.07,  1210.2,  26.2, 113.02, 134.48,  790.57,   6.03,   2.43,   0.00,  -0.02,  82.3,  81.7,  27.7,  28.8,   2.0,  30.67,  32.83,    38.83,  184.41,   53.87,  35.92, 2484.1,    0.98,  346.75,  340.11,  338.03,  328.60,  328.47,  338.61, 1233.30, 1239.81, 1221.16, 1220.68, 1205.47, 1194.73, 1271.05, 1283.48,  1104.6, 118,  GPS,   81.8, 113.60, 110.85, 125.975, 121.800,  0.058,       ,  12.81, -111.9,   14.3,   82.1,  -13.6,      1,   GPS, FLCIAS,   2.4,   6.2, 771.7, 3DDiff, 1852,      ,     13,  15.5,     20
2018-08-27, 16:51:21,  -04:00,    HTO,   40.8324051,  -72.6076126,  1185.2, 30.07,  1222.9,  26.2, 113.48, 135.19,  747.62,   6.02,   2.20,   0.00,  -0.01,  82.6,  82.1,  27.7,  28.8,   2.0,  30.67,  32.84,    38.89,  184.49,   54.02,  35.93, 2484.5,    0.98,  347.09,  340.35,  338.31,  328.79,  328.93,  338.95, 1234.11, 1241.01, 1220.69, 1220.94, 1205.51, 1194.79, 1271.79, 1284.36,  1117.2, 119,  GPS,   81.8, 113.60, 110.85, 125.975, 121.800,  0.058,       ,  13.08, -112.1,   14.2,   82.1,  -13.6,      1,   GPS, FLCIAS,   2.1,   6.1, 755.9, 3DDiff, 1852,      ,     13,  15.5,     20
2018-08-27, 16:51:22,  -04:00,    HTO,   40.8326340,  -72.6068344,  1197.2, 30.07,  1235.3,  26.2, 114.05, 135.91,  735.35,   5.93,   1.94,   0.01,  -0.01,  82.9,  82.5,  27.7,  28.8,   2.0,  30.68,  32.85,    38.93,  184.55,   54.05,  35.86, 2484.7,    0.98,  347.39,  340.60,  338.58,  329.02,  329.35,  339.29, 1233.76, 1240.43, 1219.68, 1221.48, 1205.85, 1194.79, 1272.16, 1283.49,  1129.6, 120,  GPS,   81.8, 113.60, 110.85, 125.975, 121.800,  0.057,       ,  13.34, -112.2,   14.2,   82.1,  -13.6,      1,   GPS, FLCIAS,   1.9,   6.0, 752.0, 3DDiff, 1852,      ,     12,  15.0,     20
2018-08-27, 16:51:23,  -04:00,    HTO,   40.8328552,  -72.6060486,  1208.2, 30.07,  1247.8,  26.2, 114.73, 136.61,  705.43,   5.91,   1.75,   0.01,  -0.01,  83.2,  82.8,  27.7,  28.8,   2.0,  30.69,  32.85,    38.74,  184.61,   54.02,  35.87, 2484.6,    0.98,  347.64,  340.84,  338.86,  329.20,  329.76,  339.62, 1234.05, 1240.54, 1220.42, 1221.42, 1206.15, 1194.99, 1272.05, 1284.22,  1142.1, 120,  GPS,   81.8, 113.60, 110.85, 125.975, 121.800,  0.057,       ,  13.59, -112.4,   14.1,   82.1,  -13.6,      1,   GPS, FLCIAS,   1.7,   5.9, 759.8, 3DDiff, 1852,      ,     12,  15.0,     20
2018-08-27, 16:51:24,  -04:00,    HTO,   40.8330803,  -72.6052704,  1220.2, 30.07,  1260.6,  26.2, 115.39, 137.29,  690.95,   5.78,   1.47,   0.00,  -0.01,  83.4,  83.1,  27.7,  28.8,   2.0,  30.70,  32.86,    38.86,  184.66,   53.94,  35.83, 2482.6,    0.98,  347.92,  341.09,  339.11,  329.42,  330.20,  339.95, 1234.14, 1241.51, 1221.31, 1220.74, 1206.08, 1194.21, 1271.71, 1284.53,  1154.9, 121,  GPS,   81.8, 113.60, 110.85, 125.975, 121.800,  0.056,       ,  13.83, -112.5,   14.1,   82.1,  -13.6,      1,   GPS, FLCIAS,   1.4,   5.9, 763.8, 3DDiff, 1852,      ,     13,  15.0,     20
2018-08-27, 16:51:25,  -04:00,    HTO,   40.8333015,  -72.6044846,  1233.2, 30.07,  1273.3,  26.0, 116.05, 137.99,  707.35,   5.44,   1.21,   0.01,  -0.04,  83.6,  83.3,  27.7,  28.8,   2.0,  30.70,  32.87,    38.77,  184.69,   53.89,  35.88, 2483.6,    0.98,  348.24,  341.33,  339.37,  329.61,  330.69,  340.26, 1235.03, 1241.42, 1222.05, 1220.36, 1206.74, 1195.47, 1272.21, 1285.58,  1167.6, 122,  GPS,   81.8, 113.60, 110.85, 125.975, 121.800,  0.055,       ,  14.06, -112.7,   14.1,   82.1,  -13.6,      1,   GPS, FLCIAS,   1.2,   5.8, 763.8, 3DDiff, 1852,      ,     13,  15.0,     20
2018-08-27, 16:51:26,  -04:00,    HTO,   40.8335228,  -72.6036835,  1244.2, 30.07,  1285.1,  26.0, 116.62, 138.75,  706.76,   5.28,   1.00,   0.01,  -0.01,  83.7,  83.5,  27.7,  28.8,   2.0,  30.71,  32.87,    38.66,  184.72,   53.83,  35.89, 2484.2,    0.98,  348.52,  341.57,  339.62,  329.82,  331.14,  340.54, 1235.36, 1241.77, 1221.75, 1221.52, 1206.75, 1195.05, 1272.83, 1285.18,  1179.5, 122,  GPS,   81.8, 113.60, 110.85, 125.975, 121.800,  0.054,       ,  14.27, -112.8,   14.0,   82.1,  -13.6,      1,   GPS, FLCIAS,   1.0,   5.7, 720.5, 3DDiff, 1852,      ,     13,  15.5,     20
2018-08-27, 16:51:27,  -04:00,    HTO,   40.8337440,  -72.6028824,  1256.2, 30.07,  1297.1,  26.0, 117.45, 139.51,  698.66,   5.41,   0.80,   0.00,   0.01,  83.8,  83.7,  27.7,  28.8,   2.0,  30.72,  32.88,    38.79,  184.77,   53.81,  35.90, 2482.9,    0.98,  348.77,  341.78,  339.86,  330.00,  331.57,  340.83, 1235.45, 1242.78, 1222.05, 1222.65, 1206.98, 1195.19, 1274.02, 1285.45,  1191.4, 123,  GPS,   81.8, 113.60, 110.85, 125.975, 121.800,  0.053,       ,  14.48, -112.9,   14.0,   82.1,  -13.6,      1,   GPS, FLCIAS,   0.8,   5.6, 708.7, 3DDiff, 1852,      ,     13,  15.5,     20
2018-08-27, 16:51:28,  -04:00,    HTO,   40.8339615,  -72.6020737,  1266.2, 30.07,  1309.8,  26.0, 117.92, 140.21,  665.08,   5.68,   0.59,   0.00,   0.02,  83.9,  83.9,  27.7,  28.8,   2.0,  30.72,  32.89,    38.79,  184.82,   53.82,  35.85, 2483.9,    0.98,  349.05,  342.01,  340.11,  330.22,  332.03,  341.11, 1234.70, 1243.28, 1221.10, 1222.31, 1206.88, 1194.14, 1273.86, 1284.49,  1204.1, 124,  GPS,   81.8, 113.60, 110.85, 125.975, 121.800,  0.051,       ,  14.67, -113.0,   14.0,   82.1,  -13.6,      1,   GPS, FLCIAS,   0.6,   5.5, 744.1, 3DDiff, 1852,      ,     12,  15.0,     20
2018-08-27, 16:51:29,  -04:00,    HTO,   40.8341789,  -72.6012726,  1279.2, 30.07,  1323.5,  26.0, 118.43, 140.79,  675.94,   5.94,   0.44,   0.01,   0.02,  84.0,  84.0,  27.7,  28.8,   2.0,  30.73,  32.89,    38.59,  184.86,   53.48,  35.90, 2483.1,    0.98,  349.26,  342.23,  340.35,  330.42,  332.47,  341.39, 1234.84, 1242.53, 1221.16, 1222.65, 1206.95, 1193.53, 1273.17, 1284.99,  1217.8, 124,  GPS,   81.8, 113.60, 110.85, 125.975, 121.800,  0.050,       ,  14.85, -113.0,   13.9,   82.0,  -13.6,      1,   GPS, FLCIAS,   0.4,   5.7, 811.0, 3DDiff, 1852,      ,     12,  15.0,     20
2018-08-27, 16:51:30,  -04:00,    HTO,   40.8343964,  -72.6004562,  1292.2, 30.07,  1338.1,  26.0, 118.78, 141.28,  705.65,   6.13,   0.29,   0.00,   0.01,  84.0,  84.1,  27.7,  28.8,   2.0,  30.73,  32.90,    38.59,  184.91,   53.40,  35.91, 2483.9,    0.98,  349.51,  342.46,  340.57,  330.61,  332.93,  341.66, 1235.44, 1242.55, 1221.45, 1222.24, 1207.19, 1194.52, 1272.75, 1285.28,  1232.4, 125,  GPS,   81.8, 113.60, 110.85, 125.975, 121.800,  0.048,       ,  15.03, -113.0,   13.9,   82.0,  -13.6,      1,   GPS, FLCIAS,   0.3,   5.9, 870.1, 3DDiff, 1852,      ,     13,  15.0,     20
2018-08-27, 16:51:31,  -04:00,    HTO,   40.8346138,  -72.5996475,  1305.2, 30.07,  1353.4,  26.0, 119.01, 141.69,  746.80,   6.32,   0.15,  -0.00,   0.01,  84.0,  84.2,  27.7,  28.8,   2.0,  30.74,  32.91,    38.69,  184.94,   53.59,  35.85, 2482.7,    0.98,  349.79,  342.70,  340.79,  330.80,  333.42,  341.91, 1235.50, 1242.63, 1220.94, 1221.66, 1206.95, 1195.75, 1272.57, 1284.92,  1247.7, 125,  GPS,   81.8, 113.60, 110.85, 125.975, 121.800,  0.046,       ,  15.19, -113.0,   13.8,   82.0,  -13.6,      1,   GPS, FLCIAS,   0.2,   6.1, 917.3, 3DDiff, 1852,      ,     13,  15.0,     20
2018-08-27, 16:51:32,  -04:00,    HTO,   40.8348312,  -72.5988235,  1320.2, 30.07,  1369.4,  26.0, 119.28, 142.00,  798.68,   6.45,   0.09,   0.01,   0.01,  83.9,  84.2,  27.7,  28.8,   2.0,  30.74,  32.92,    38.84,  184.99,   53.60,  35.85, 2485.0,    0.98,  350.05,  342.89,  341.05,  330.97,  333.89,  342.18, 1235.15, 1242.14, 1221.31, 1221.49, 1206.47, 1195.56, 1272.84, 1284.85,  1263.7, 125,  GPS,   81.8, 113.60, 110.85, 125.975, 121.800,  0.045,       ,  15.34, -112.9,   13.8,   82.0,  -13.6,      1,   GPS, FLCIAS,   0.0,   6.2, 952.8, 3DDiff, 1852,      ,     13,  15.5,     20
2018-08-27, 16:51:33,  -04:00,    HTO,   40.8350563,  -72.5980072,  1335.2, 30.07,  1385.9,  26.0, 119.50, 142.27,  842.64,   6.51,  -0.02,   0.00,   0.00,  83.8,  84.2,  27.7,  28.8,   2.0,  30.74,  32.93,    38.81,  185.04,   53.76,  35.88, 2484.4,    0.98,  350.29,  343.10,  341.27,  331.14,  334.37,  342.43, 1234.97, 1242.51, 1221.11, 1220.98, 1206.49, 1194.58, 1273.23, 1284.83,  1280.2, 125,  GPS,   81.8, 113.60, 110.85, 125.975, 121.800,  0.043,       ,  15.49, -112.8,   13.8,   82.0,  -13.6,      1,   GPS, FLCIAS,  -0.1,   6.4, 984.3, 3DDiff, 1852,      ,     13,  16.0,     20
2018-08-27, 16:51:34,  -04:00,    HTO,   40.8352737,  -72.5971832,  1351.2, 30.07,  1402.7,  26.0, 119.71, 142.50,  884.20,   6.47,  -0.18,  -0.00,  -0.01,  83.7,  84.3,  27.7,  28.8,   2.0,  30.74,  32.93,    38.87,  185.09,   53.91,  35.87, 2485.4,    0.98,  350.54,  343.35,  341.46,  331.32,  334.81,  342.65, 1234.92, 1242.56, 1219.97, 1221.30, 1205.52, 1195.60, 1273.74, 1283.70,  1297.0, 126,  GPS,   81.8, 113.60, 110.85, 125.975, 121.800,  0.042,       ,  15.62, -112.7,   13.7,   82.0,  -13.6,      1,   GPS, FLCIAS,  -0.1,   6.4, 1007.9, 3DDiff, 1852,      ,     13,  15.5,     20
2018-08-27, 16:51:35,  -04:00,    HTO,   40.8354874,  -72.5963669,  1368.2, 30.07,  1419.8,  26.0, 120.12, 142.74,  924.36,   6.22,  -0.21,   0.00,  -0.02,  83.7,  84.3,  27.7,  28.8,   2.0,  30.75,  32.94,    39.00,  185.15,   53.89,  35.85, 2485.7,    0.98,  350.73,  343.55,  341.68,  331.49,  335.25,  342.85, 1235.01, 1242.05, 1219.84, 1221.30, 1206.65, 1194.87, 1272.87, 1284.07,  1314.1, 126,  GPS,   81.8, 113.60, 110.85, 125.975, 121.800,  0.040,       ,  15.75, -112.5,   13.7,   82.0,  -13.6,      1,   GPS, FLCIAS,  -0.2,   6.2, 1011.8, 3DDiff, 1852,      ,     13,  15.0,     20
2018-08-27, 16:51:36,  -04:00,    HTO,   40.8357086,  -72.5955429,  1385.2, 30.07,  1436.3,  26.0, 120.86, 143.01,  942.84,   5.77,  -0.37,   0.00,  -0.06,  83.7,  84.3,  27.7,  28.8,   2.0,  30.75,  32.95,    38.82,  185.18,   53.50,  35.86, 2485.8,    0.98,  350.97,  343.74,  341.88,  331.63,  335.77,  343.07, 1234.16, 1241.73, 1221.02, 1221.35, 1205.95, 1193.55, 1272.54, 1284.11,  1330.6, 127,  GPS,   81.8, 113.60, 110.85, 125.975, 121.800,  0.038,       ,  15.87, -112.3,   13.6,   82.0,  -13.6,      1,   GPS, FLCIAS,  -0.3,   6.0, 988.2, 3DDiff, 1852,      ,     13,  15.5,     20
2018-08-27, 16:51:37,  -04:00,    HTO,   40.8359299,  -72.5947189,  1400.2, 30.07,  1451.3,  26.0, 120.98, 143.44,  940.88,   5.48,  -0.36,  -0.01,  -0.03,  83.6,  84.2,  27.7,  28.8,   2.0,  30.75,  32.94,    38.84,  185.22,   53.70,  35.86, 2484.7,    0.98,  351.18,  343.96,  342.07,  331.79,  336.17,  343.29, 1233.75, 1241.54, 1221.18, 1221.92, 1205.22, 1193.10, 1272.81, 1282.95,  1345.6, 127,  GPS,   81.8, 113.60, 110.85, 125.975, 121.800,  0.037,       ,  15.97, -112.1,   13.6,   82.0,  -13.6,      1,   GPS, FLCIAS,  -0.4,   5.7, 905.5, 3DDiff, 1852,      ,     13,  15.5,     20
2018-08-27, 16:51:38,  -04:00,    HTO,   40.8361511,  -72.5938873,  1415.2, 30.07,  1465.1,  26.0, 121.77, 143.94,  902.30,   4.99,  -0.41,  -0.00,  -0.05,  83.5,  84.2,  27.7,  28.8,   2.0,  30.76,  32.94,    38.85,  185.28,   53.64,  35.90, 2485.4,    0.98,  351.41,  344.17,  342.25,  331.92,  336.68,  343.50, 1233.42, 1240.82, 1221.20, 1221.04, 1205.33, 1192.18, 1271.96, 1283.04,  1359.5, 128,  GPS,   81.8, 113.60, 110.85, 125.975, 121.800,  0.035,       ,  16.06, -111.8,   13.6,   82.0,  -13.6,      1,   GPS, FLCIAS,  -0.4,   5.3, 826.8, 3DDiff, 1852,      ,     13,  15.5,     20
2018-08-27, 16:51:39,  -04:00,    HTO,   40.8363724,  -72.5930557,  1429.2, 30.07,  1477.9,  25.8, 122.30, 144.51,  845.60,   4.75,  -0.36,   0.00,  -0.04,  83.5,  84.2,  27.7,  28.8,   2.0,  30.76,  32.93,    39.06,  185.34,   53.74,  35.89, 2485.1,    0.98,  351.61,  344.35,  342.42,  332.08,  337.09,  343.68, 1233.21, 1240.86, 1220.55, 1220.52, 1204.83, 1191.99, 1271.56, 1283.16,  1372.2, 129,  GPS,   81.8, 113.60, 110.85, 125.975, 121.800,  0.033,       ,  16.14, -111.5,   13.5,   82.0,  -13.6,      1,   GPS, FLCIAS,  -0.4,   5.0, 755.9, 3DDiff, 1852,      ,     13,  16.0,     20
2018-08-27, 16:51:40,  -04:00,    HTO,   40.8365974,  -72.5922241,  1440.2, 30.07,  1489.8,  25.8, 122.81, 145.15,  777.21,   4.39,  -0.53,   0.00,  -0.03,  83.4,  84.2,  27.7,  28.8,   2.0,  30.76,  32.93,    38.93,  185.39,   53.70,  35.90, 2485.7,    0.98,  351.80,  344.54,  342.58,  332.19,  337.54,  343.88, 1233.46, 1240.45, 1219.83, 1220.77, 1204.74, 1192.06, 1271.64, 1283.05,  1384.1, 129,  GPS,   81.8, 113.60, 110.85, 125.975, 121.800,  0.032,       ,  16.20, -111.1,   13.5,   82.0,  -13.6,      1,   GPS, FLCIAS,  -0.5,   4.8, 700.8, 3DDiff, 1852,      ,     13,  15.5,     20
2018-08-27, 16:51:41,  -04:00,    HTO,   40.8368225,  -72.5913849,  1452.2, 30.07,  1500.0,  25.8, 123.53, 145.83,  714.56,   4.25,  -0.49,  -0.00,  -0.03,  83.3,  84.1,  27.7,  28.8,   2.0,  30.75,  32.92,    38.87,  185.43,   53.61,  35.95, 2485.7,    0.98,  352.01,  344.74,  342.76,  332.33,  337.99,  344.04, 1234.05, 1240.85, 1219.45, 1220.26, 1205.13, 1192.55, 1271.74, 1283.30,  1394.3, 130,  GPS,   81.8, 113.60, 110.85, 125.975, 121.800,  0.030,       ,  16.25, -110.8,   13.4,   82.0,  -13.6,      1,   GPS, FLCIAS,  -0.5,   4.6, 649.6, 3DDiff, 1852,      ,     13,  15.0,     20
2018-08-27, 16:51:42,  -04:00,    HTO,   40.8370476,  -72.5905380,  1463.2, 30.07,  1510.3,  25.8, 124.29, 146.55,  659.83,   4.08,  -0.35,   0.00,  -0.02,  83.3,  84.1,  27.7,  28.8,   2.0,  30.75,  32.91,    38.96,  185.50,   53.51,  35.89, 2482.2,    0.98,  352.22,  344.90,  342.94,  332.44,  338.45,  344.23, 1233.00, 1240.79, 1218.70, 1221.02, 1205.04, 1192.17, 1271.69, 1282.49,  1404.6, 131,  GPS,   81.8, 113.60, 110.85, 125.975, 121.800,  0.028,       ,  16.28, -110.4,   13.4,   82.0,  -13.6,      1,   GPS, FLCIAS,  -0.6,   4.4, 614.2, 3DDiff, 1852,      ,     13,  15.5,     20
2018-08-27, 16:51:43,  -04:00,    HTO,   40.8372765,  -72.5896912,  1474.2, 30.07,  1519.9,  25.8, 125.14, 147.25,  634.55,   4.00,  -0.46,   0.00,  -0.01,  83.3,  84.1,  27.7,  28.8,   2.0,  30.75,  32.91,    38.92,  185.53,   53.62,  35.88, 2486.3,    0.98,  352.38,  345.09,  343.10,  332.57,  338.88,  344.42, 1233.08, 1241.50, 1218.24, 1220.94, 1204.25, 1192.03, 1271.99, 1282.28,  1414.2, 132,  GPS,   81.8, 113.60, 110.85, 125.975, 121.800,  0.027,       ,  16.30, -110.1,   13.4,   82.0,  -13.6,      1,   GPS, FLCIAS,  -0.6,   4.3, 578.7, 3DDiff, 1852,      ,     13,  15.5,     20
2018-08-27, 16:51:44,  -04:00,    HTO,   40.8375053,  -72.5888367,  1483.2, 30.07,  1529.1,  25.8, 125.83, 147.97,  575.17,   3.88,  -0.66,  -0.00,   0.01,  83.3,  84.0,  27.7,  28.8,   2.0,  30.75,  32.90,    38.93,  185.56,   53.51,  35.87, 2486.4,    0.98,  352.57,  345.25,  343.25,  332.69,  339.31,  344.54, 1232.50, 1240.83, 1218.24, 1219.81, 1202.55, 1192.15, 1271.88, 1281.08,  1423.4, 133,  GPS,   81.8, 113.60, 110.85, 125.975, 121.800,  0.025,       ,  16.31, -109.7,   13.3,   82.0,  -13.6,      1,   GPS, FLCIAS,  -0.6,   4.2, 555.1, 3DDiff, 1852,      ,     13,  15.5,     20
2018-08-27, 16:51:45,  -04:00,    HTO,   40.8377380,  -72.5879898,  1491.2, 30.07,  1538.3,  25.8, 126.20, 148.67,  516.13,   4.04,  -0.68,  -0.00,   0.02,  83.2,  84.0,  27.7,  28.8,   2.0,  30.75,  32.90,    38.85,  185.59,   53.40,  35.92, 2486.0,    0.98,  352.77,  345.42,  343.38,  332.77,  339.71,  344.67, 1232.92, 1241.42, 1218.35, 1219.42, 1202.34, 1191.71, 1271.88, 1281.80,  1432.6, 133,  GPS,   81.8, 113.60, 110.85, 125.975, 121.800,  0.024,       ,  16.30, -109.3,   13.3,   82.0,  -13.6,      1,   GPS, FLCIAS,  -0.7,   4.2, 551.2, 3DDiff, 1852,      ,     13,  16.0,     20
2018-08-27, 16:51:46,  -04:00,    HTO,   40.8379707,  -72.5871353,  1501.2, 30.07,  1548.1,  25.8, 126.87, 149.29,  508.47,   4.39,  -0.79,   0.00,   0.05,  83.2,  83.9,  27.7,  28.8,   2.0,  30.74,  32.91,    39.04,  185.63,   53.47,  35.93, 2487.6,    0.98,  352.96,  345.60,  343.55,  332.89,  340.14,  344.78, 1233.67, 1241.70, 1218.98, 1219.90, 1202.79, 1191.09, 1272.30, 1282.81,  1442.4, 134,  GPS,   81.8, 113.60, 110.85, 125.975, 121.800,  0.022,       ,  16.28, -108.9,   13.2,   82.0,  -13.6,      1,   GPS, FLCIAS,  -0.7,   4.2, 594.5, 3DDiff, 1852,      ,     13,  15.5,     20
2018-08-27, 16:51:47,  -04:00,    HTO,   40.8382072,  -72.5862732,  1511.2, 30.07,  1560.2,  25.5, 127.39, 149.75,  516.02,   4.86,  -0.65,   0.00,   0.04,  83.1,  83.8,  27.7,  28.8,   2.0,  30.74,  32.92,    39.09,  185.65,   53.38,  35.94, 2484.3,    0.98,  353.14,  345.72,  343.68,  332.96,  340.59,  344.91, 1233.39, 1241.12, 1219.03, 1219.74, 1203.93, 1190.48, 1271.74, 1282.51,  1454.5, 135,  GPS,   81.8, 113.60, 110.85, 125.975, 121.800,  0.021,       ,  16.26, -108.5,   13.2,   82.0,  -13.6,      1,   GPS, FLCIAS,  -0.7,   4.5, 696.9, 3DDiff, 1852,      ,     13,  15.0,     20
2018-08-27, 16:51:48,  -04:00,    HTO,   40.8384438,  -72.5854111,  1523.2, 30.07,  1573.8,  25.5, 127.78, 150.05,  569.89,   5.35,  -0.66,  -0.00,   0.06,  83.1,  83.8,  27.7,  28.8,   2.0,  30.74,  32.92,    38.98,  185.66,   53.32,  35.90, 2485.0,    0.98,  353.30,  345.87,  343.80,  333.05,  340.97,  345.03, 1232.68, 1240.65, 1219.81, 1219.53, 1202.46, 1189.84, 1271.37, 1282.29,  1468.1, 135,  GPS,   81.8, 113.60, 110.85, 125.975, 121.800,  0.020,       ,  16.23, -108.1,   13.1,   82.0,  -13.6,      1,   GPS, FLCIAS,  -0.7,   4.8, 807.1, 3DDiff, 1852,      ,     13,  15.5,     20
2018-08-27, 16:51:49,  -04:00,    HTO,   40.8386803,  -72.5845490,  1538.2, 30.07,  1589.5,  25.5, 128.38, 150.10,  655.12,   5.83,  -0.49,   0.01,   0.04,  83.1,  83.7,  27.7,  28.8,   2.0,  30.74,  32.93,    38.90,  185.67,   53.53,  35.92, 2485.9,    0.98,  353.48,  346.00,  343.92,  333.14,  341.35,  345.14, 1232.41, 1241.36, 1219.70, 1219.47, 1202.77, 1190.27, 1271.74, 1282.39,  1483.8, 136,  GPS,   81.8, 113.60, 110.85, 125.975, 121.800,  0.018,       ,  16.19, -107.7,   13.1,   82.0,  -13.6,      1,   GPS, FLCIAS,  -0.7,   5.2, 937.0, 3DDiff, 1852,      ,     13,  15.5,     20
2018-08-27, 16:51:50,  -04:00,    HTO,   40.8389168,  -72.5836868,  1552.2, 30.07,  1607.2,  25.5, 128.32, 150.01,  740.68,   6.16,  -0.75,   0.01,   0.04,  82.9,  83.6,  27.7,  28.8,   2.0,  30.73,  32.94,    38.93,  185.63,   53.41,  35.96, 2484.5,    0.98,  353.61,  346.13,  344.02,  333.20,  341.75,  345.24, 1231.47, 1241.48, 1219.49, 1219.26, 1202.58, 1191.77, 1272.08, 1281.72,  1501.5, 136,  GPS,   81.8, 113.60, 110.85, 125.975, 121.800,  0.017,       ,  16.14, -107.4,   13.1,   81.9,  -13.6,      1,   GPS, FLCIAS,  -0.7,   5.6, 1051.2, 3DDiff, 1852,      ,     14,  15.5,     20
2018-08-27, 16:51:51,  -04:00,    HTO,   40.8391533,  -72.5828323,  1571.2, 30.07,  1626.2,  25.5, 128.79, 149.77,  869.04,   6.50,  -0.89,   0.00,   0.03,  82.8,  83.6,  27.7,  28.8,   2.0,  30.73,  32.95,    38.93,  185.61,   53.48,  35.96, 2484.6,    0.98,  353.78,  346.25,  344.14,  333.27,  342.12,  345.36, 1232.34, 1241.28, 1218.74, 1219.31, 1202.72, 1191.45, 1271.53, 1281.67,  1520.5, 137,  GPS,   81.8, 113.60, 110.85, 125.975, 121.800,  0.016,       ,  16.09, -107.0,   13.0,   81.9,  -13.6,      1,   GPS, FLCIAS,  -0.7,   5.9, 1133.9, 3DDiff, 1852,      ,     13,  16.0,     20
2018-08-27, 16:51:52,  -04:00,    HTO,   40.8393936,  -72.5819778,  1588.2, 30.07,  1646.5,  25.5, 128.40, 149.44,  955.65,   6.69,  -0.65,  -0.01,   0.02,  82.6,  83.5,  27.7,  28.8,   2.0,  30.74,  32.96,    39.07,  185.61,   53.69,  35.96, 2487.2,    0.98,  353.93,  346.37,  344.23,  333.35,  342.48,  345.43, 1231.59, 1240.60, 1219.02, 1218.90, 1202.72, 1191.03, 1271.61, 1281.39,  1540.8, 136,  GPS,   81.8, 113.60, 110.85, 125.975, 121.800,  0.014,       ,  16.02, -106.7,   13.0,   81.9,  -13.6,      1,   GPS, FLCIAS,  -0.7,   6.2, 1189.0, 3DDiff, 1852,      ,     13,  15.5,     20
2018-08-27, 16:51:53,  -04:00,    HTO,   40.8396263,  -72.5811234,  1608.2, 30.07,  1666.2,  25.5, 128.15, 149.07, 1046.11,   6.68,  -0.76,   0.01,   0.00,  82.4,  83.4,  27.7,  28.8,   2.0,  30.74,  32.97,    39.12,  185.60,   53.64,  35.93, 2485.4,    0.98,  354.05,  346.49,  344.35,  333.41,  342.82,  345.53, 1230.84, 1240.64, 1218.43, 1217.23, 1201.95, 1191.25, 1271.37, 1281.04,  1560.5, 136,  GPS,   81.8, 113.60, 110.85, 125.975, 121.800,  0.013,       ,  15.94, -106.4,   12.9,   81.9,  -13.6,      1,   GPS, FLCIAS,  -0.7,   6.4, 1224.4, 3DDiff, 1852,      ,     13,  15.5,     20
2018-08-27, 16:51:54,  -04:00,    HTO,   40.8398705,  -72.5802689,  1628.2, 30.07,  1686.6,  25.5, 128.02, 148.72, 1116.24,   6.53,  -0.89,   0.00,  -0.03,  82.2,  83.4,  27.7,  28.8,   2.0,  30.74,  32.97,    38.96,  185.62,   53.45,  35.96, 2485.0,    0.98,  354.18,  346.58,  344.42,  333.47,  343.10,  345.63, 1231.07, 1240.32, 1218.44, 1216.49, 1201.60, 1190.53, 1270.87, 1281.43,  1580.9, 136,  GPS,   81.8, 113.60, 110.85, 125.975, 121.800,  0.012,       ,  15.85, -106.0,   12.9,   81.9,  -13.6,      1,   GPS, FLCIAS,  -0.7,   6.5, 1224.4, 3DDiff, 1852,      ,     13,  15.5,     20
2018-08-27, 16:51:55,  -04:00,    HTO,   40.8401070,  -72.5794220,  1647.2, 30.07,  1706.5,  25.5, 127.72, 148.47, 1161.42,   6.38,  -0.80,  -0.01,  -0.03,  82.1,  83.2,  27.7,  28.8,   2.0,  30.74,  32.97,    38.92,  185.63,   53.60,  35.91, 2485.7,    0.98,  354.31,  346.70,  344.48,  333.51,  343.42,  345.67, 1231.41, 1240.08, 1217.82, 1216.25, 1201.88, 1188.92, 1269.99, 1280.96,  1600.8, 135,  GPS,   81.8, 113.60, 110.85, 125.975, 121.800,  0.011,       ,  15.76, -105.7,   12.9,   81.9,  -13.6,      1,   GPS, FLCIAS,  -0.7,   6.4, 1196.9, 3DDiff, 1852,      ,     13,  15.5,     20
2018-08-27, 16:51:56,  -04:00,    HTO,   40.8403435,  -72.5785751,  1666.2, 30.07,  1725.8,  25.2, 127.58, 148.28, 1158.10,   6.13,  -0.77,  -0.01,  -0.03,  82.0,  83.1,  27.7,  28.8,   2.0,  30.74,  32.95,    38.92,  185.66,   53.52,  35.90, 2487.8,    0.98,  354.40,  346.77,  344.56,  333.55,  343.70,  345.73, 1231.95, 1240.53, 1218.15, 1216.46, 1200.78, 1188.93, 1270.70, 1280.94,  1620.1, 135,  GPS,   81.8, 113.60, 110.85, 125.975, 121.800,  0.010,       ,  15.65, -105.3,   12.8,   81.9,  -13.6,      1,   GPS, FLCIAS,  -0.6,   6.3, 1153.5, 3DDiff, 1852,      ,     13,  16.0,     20
2018-08-27, 16:51:57,  -04:00,    HTO,   40.8405914,  -72.5777283,  1684.2, 30.07,  1744.0,  25.2, 127.74, 148.16, 1141.01,   5.81,  -0.70,   0.00,  -0.03,  82.0,  83.0,  27.7,  28.8,   2.0,  30.74,  32.92,    39.02,  185.69,   53.46,  35.95, 2486.5,    0.98,  354.55,  346.86,  344.63,  333.58,  343.97,  345.79, 1232.48, 1240.25, 1218.50, 1217.11, 1201.36, 1188.45, 1271.12, 1281.74,  1638.3, 136,  GPS,   81.8, 113.60, 110.85, 125.975, 121.800,  0.010,       ,  15.54, -105.0,   12.8,   81.9,  -13.6,      1,   GPS, FLCIAS,  -0.6,   6.2, 1102.4, 3DDiff, 1852,      ,     13,  16.5,     20
2018-08-27, 16:51:58,  -04:00,    HTO,   40.8408279,  -72.5768890,  1701.2, 30.07,  1760.5,  25.2, 127.62, 148.14, 1086.20,   5.38,  -0.52,  -0.00,  -0.07,  81.9,  82.9,  27.7,  28.8,   2.0,  30.74,  32.88,    39.30,  185.72,   53.66,  36.10, 2486.3,    0.99,  354.68,  346.95,  344.69,  333.65,  344.20,  345.84, 1231.40, 1239.58, 1217.77, 1216.96, 1201.05, 1188.63, 1270.13, 1280.90,  1654.8, 135,  GPS,   81.8, 113.60, 110.85, 125.975, 121.800,  0.009,       ,  15.42, -104.6,   12.7,   81.9,  -13.6,      1,   GPS, FLCIAS,  -0.5,   6.0, 1023.6, 3DDiff, 1852,      ,     13,  16.0,     20
2018-08-27, 16:51:59,  -04:00,    HTO,   40.8410721,  -72.5760422,  1717.2, 30.07,  1775.8,  25.2, 128.22, 148.24, 1036.40,   5.26,  -0.20,  -0.01,  -0.00,  81.7,  82.9,  27.7,  28.8,   2.0,  30.73,  32.85,    39.61,  185.77,   53.62,  36.29, 2487.5,    0.99,  354.74,  347.02,  344.75,  333.68,  344.42,  345.88, 1229.30, 1238.25, 1215.93, 1216.63, 1200.72, 1188.60, 1269.12, 1279.23,  1670.1, 136,  GPS,   81.8, 113.60, 110.85, 125.975, 121.800,  0.008,       ,  15.30, -104.2,   12.7,   81.9,  -13.6,      1,   GPS, FLCIAS,  -0.5,   5.7, 933.1, 3DDiff, 1852,      ,     13,  15.5,     20
2018-08-27, 16:52:00,  -04:00,    HTO,   40.8413162,  -72.5751953,  1732.2, 30.07,  1791.0,  25.2, 129.12, 148.30,  951.88,   5.55,  -0.66,   0.02,   0.06,  81.5,  82.9,  27.7,  28.8,   2.0,  30.73,  32.83,    39.90,  185.80,   53.30,  36.38, 2484.1,    0.99,  354.86,  347.10,  344.81,  333.69,  344.65,  345.88, 1226.95, 1235.99, 1215.30, 1214.79, 1198.12, 1188.34, 1267.60, 1277.12,  1685.3, 137,  GPS,   81.8, 113.60, 110.85, 125.975, 121.800,  0.007,       ,  15.17, -103.9,   12.7,   81.9,  -13.6,      1,   GPS, FLCIAS,  -0.5,   5.6, 917.3, 3DDiff, 1852,      ,     13,  15.5,     20
2018-08-27, 16:52:01,  -04:00,    HTO,   40.8415565,  -72.5743484,  1747.2, 30.07,  1807.1,  25.2, 128.38, 148.28,  906.55,   5.82,  -0.91,   0.01,   0.01,  81.2,  82.8,  27.7,  28.8,   2.0,  30.72,  32.83,    40.09,  185.86,   53.12,  36.39, 2486.0,    1.00,  354.95,  347.17,  344.84,  333.75,  344.81,  345.88, 1224.59, 1234.34, 1213.40, 1213.25, 1196.77, 1186.99, 1265.85, 1274.58,  1701.4, 136,  GPS,   81.8, 113.60, 110.85, 125.975, 121.800,  0.006,       ,  15.03, -103.5,   12.6,   81.9,  -13.6,      1,   GPS, FLCIAS,  -0.5,   5.7, 968.5, 3DDiff, 1852,      ,     13,  15.5,     20
2018-08-27, 16:52:02,  -04:00,    HTO,   40.8418045,  -72.5735092,  1763.2, 30.07,  1824.0,  25.2, 128.71, 148.22,  913.31,   6.04,  -0.42,  -0.01,   0.04,  81.2,  82.7,  27.7,  28.8,   2.0,  30.73,  32.81,    40.37,  185.89,   53.07,  36.43, 2482.9,    0.99,  355.01,  347.23,  344.85,  333.75,  344.96,  345.89, 1223.08, 1233.38, 1212.03, 1212.89, 1195.28, 1186.50, 1265.22, 1273.25,  1718.3, 137,  GPS,   81.8, 113.60, 110.85, 125.975, 121.800,  0.006,       ,  14.88, -103.1,   12.6,   81.9,  -13.6,      1,   GPS, FLCIAS,  -0.5,   5.8, 1019.7, 3DDiff, 1852,      ,     13,  16.0,     20
2018-08-27, 16:52:03,  -04:00,    HTO,   40.8420448,  -72.5726624,  1779.2, 30.07,  1842.0,  25.2, 128.73, 148.08,  933.93,   6.19,  -0.56,   0.01,   0.01,  81.3,  82.7,  27.7,  28.8,   2.0,  30.73,  32.79,    40.50,  185.93,   53.35,  36.39, 2486.9,    0.99,  355.13,  347.33,  344.90,  333.75,  345.11,  345.85, 1222.48, 1233.57, 1211.62, 1211.34, 1194.78, 1185.62, 1264.51, 1272.97,  1736.3, 137,  GPS,   81.8, 113.60, 110.85, 125.975, 121.800,  0.005,       ,  14.73, -102.7,   12.5,   81.9,  -13.6,      1,   GPS, FLCIAS,  -0.4,   5.9, 1063.0, 3DDiff, 1852,      ,     13,  16.5,     20
2018-08-27, 16:52:04,  -04:00,    HTO,   40.8422966,  -72.5718155,  1795.2, 30.07,  1861.1,  25.2, 128.23, 147.91,  952.21,   6.13,  -0.26,  -0.00,   0.02,  81.0,  82.6,  27.7,  28.8,   2.0,  30.73,  32.76,    40.45,  185.99,   53.27,  36.36, 2485.8,    0.99,  355.17,  347.38,  344.91,  333.75,  345.21,  345.82, 1222.15, 1233.46, 1211.71, 1210.96, 1193.53, 1184.06, 1264.71, 1273.49,  1755.4, 136,  GPS,   81.8, 113.60, 110.85, 125.975, 121.800,  0.005,       ,  14.57, -102.2,   12.5,   81.9,  -13.6,      1,   GPS, FLCIAS,  -0.4,   6.1, 1106.3, 3DDiff, 1852,      ,     13,  16.0,     20
2018-08-27, 16:52:05,  -04:00,    HTO,   40.8425407,  -72.5709763,  1814.2, 30.07,  1880.5,  25.0, 128.31, 147.73, 1010.08,   6.16,  -0.32,  -0.01,  -0.01,  81.1,  82.6,  27.7,  28.8,   2.0,  30.73,  32.74,    40.27,  186.03,   53.47,  36.38, 2482.5,    0.99,  355.25,  347.38,  344.94,  333.75,  345.29,  345.76, 1222.81, 1233.95, 1210.81, 1211.59, 1192.17, 1184.02, 1265.17, 1273.11,  1774.8, 136,  GPS,   81.8, 113.60, 110.85, 125.975, 121.800,  0.004,       ,  14.41, -101.8,   12.4,   81.9,  -13.6,      1,   GPS, FLCIAS,  -0.4,   6.1, 1129.9, 3DDiff, 1852,      ,     13,  15.5,     20
2018-08-27, 16:52:06,  -04:00,    HTO,   40.8427849,  -72.5701294,  1833.2, 30.07,  1899.3,  25.0, 128.38, 147.56, 1059.97,   6.16,  -0.45,  -0.01,   0.00,  81.4,  82.5,  27.7,  28.8,   2.0,  30.74,  32.70,    40.04,  186.07,   53.55,  36.36, 2486.4,    0.99,  355.33,  347.46,  344.94,  333.73,  345.36,  345.75, 1221.94, 1232.63, 1210.08, 1212.06, 1191.40, 1182.85, 1264.69, 1272.68,  1793.6, 137,  GPS,   81.8, 113.60, 110.85, 125.975, 121.800,  0.004,       ,  14.25, -101.3,   12.4,   81.9,  -13.6,      1,   GPS, FLCIAS,  -0.4,   6.1, 1126.0, 3DDiff, 1852,      ,     13,  15.5,     20
2018-08-27, 16:52:07,  -04:00,    HTO,   40.8430328,  -72.5692902,  1850.2, 30.07,  1918.0,  25.0, 127.90, 147.40, 1066.76,   6.10,  -0.24,   0.01,  -0.01,  81.4,  82.4,  27.7,  28.8,   2.0,  30.74,  32.68,    40.38,  186.12,   53.40,  36.38, 2487.7,    0.99,  355.40,  347.50,  344.94,  333.71,  345.42,  345.67, 1222.20, 1232.72, 1211.37, 1211.97, 1191.54, 1182.73, 1264.75, 1273.42,  1812.3, 136,  GPS,   81.8, 113.60, 110.85, 125.975, 121.800,  0.003,       ,  14.08, -100.9,   12.4,   81.9,  -13.6,      1,   GPS, FLCIAS,  -0.3,   6.1, 1126.0, 3DDiff, 1852,      ,     13,  15.5,     20
2018-08-27, 16:52:08,  -04:00,    HTO,   40.8432770,  -72.5684586,  1866.2, 30.07,  1936.7,  25.0, 127.72, 147.29, 1036.86,   6.01,   0.14,  -0.01,  -0.03,  81.2,  82.4,  27.7,  28.8,   2.0,  30.73,  32.66,    40.27,  186.16,   53.41,  36.38, 2486.1,    0.99,  355.44,  347.50,  344.96,  333.69,  345.48,  345.61, 1221.08, 1232.24, 1211.20, 1211.13, 1190.17, 1182.02, 1264.45, 1271.87,  1831.0, 136,  GPS,   81.8, 113.60, 110.85, 125.975, 121.800,  0.003,       ,  13.92, -100.5,   12.3,   81.9,  -13.6,      1,   GPS, FLCIAS,  -0.3,   6.1, 1114.2, 3DDiff, 1852,      ,     14,  16.0,     21
2018-08-27, 16:52:09,  -04:00,    HTO,   40.8435287,  -72.5676270,  1883.2, 30.07,  1955.2,  25.0, 127.27, 147.21, 1036.92,   5.86,  -0.08,  -0.01,  -0.03,  81.3,  82.4,  27.7,  28.8,   2.0,  30.73,  32.66,    40.38,  186.21,   53.43,  36.41, 2483.4,    0.99,  355.47,  347.53,  344.94,  333.66,  345.49,  345.55, 1220.37, 1231.92, 1211.11, 1210.40, 1190.07, 1181.65, 1264.06, 1272.07,  1849.5, 135,  GPS,   81.8, 113.60, 110.85, 125.975, 121.800,  0.003,       ,  13.76, -100.1,   12.3,   81.9,  -13.6,      1,   GPS, FLCIAS,  -0.3,   6.0, 1086.6, 3DDiff, 1852,      ,     13,  16.5,     20
2018-08-27, 16:52:10,  -04:00,    HTO,   40.8437691,  -72.5667877,  1900.2, 30.07,  1972.2,  25.0, 127.56, 147.17, 1024.85,   5.77,  -0.29,   0.01,  -0.01,  81.2,  82.4,  27.7,  28.8,   2.0,  30.73,  32.68,    40.34,  186.26,   53.07,  36.37, 2485.7,    0.99,  355.56,  347.57,  344.94,  333.61,  345.51,  345.43, 1220.61, 1231.97, 1210.67, 1209.80, 1190.78, 1181.62, 1264.29, 1271.98,  1866.6, 136,  GPS,   81.8, 113.60, 110.85, 125.975, 121.800,  0.002,       ,  13.60, -99.7,   12.2,   81.9,  -13.6,      1,   GPS, FLCIAS,  -0.3,   5.9, 1055.1, 3DDiff, 1852,      ,     13,  16.0,     20
2018-08-27, 16:52:11,  -04:00,    HTO,   40.8440170,  -72.5659485,  1917.2, 30.07,  1989.5,  25.0, 127.92, 147.17,  997.86,   5.71,  -0.53,  -0.00,  -0.01,  80.9,  82.4,  27.7,  28.8,   2.0,  30.74,  32.70,    40.22,  186.29,   53.02,  36.36, 2484.7,    0.99,  355.59,  347.57,  344.94,  333.59,  345.51,  345.37, 1221.06, 1231.65, 1209.63, 1209.53, 1191.12, 1181.21, 1263.73, 1271.61,  1883.8, 136,  GPS,   81.8, 113.60, 110.85, 125.975, 121.800,  0.002,       ,  13.45, -99.3,   12.2,   81.9,  -13.6,      1,   GPS, FLCIAS,  -0.3,   5.8, 1043.3, 3DDiff, 1852,      ,     13,  15.5,     20
2018-08-27, 16:52:12,  -04:00,    HTO,   40.8442650,  -72.5651093,  1935.2, 30.07,  2007.0,  24.8, 128.33, 147.11, 1001.15,   5.83,  -0.56,   0.00,  -0.00,  80.8,  82.4,  27.7,  28.8,   2.0,  30.74,  32.72,    40.20,  186.32,   53.11,  36.36, 2485.2,    0.99,  355.63,  347.60,  344.94,  333.54,  345.52,  345.28, 1220.76, 1231.82, 1209.68, 1208.63, 1190.42, 1181.75, 1263.32, 1271.41,  1901.3, 137,  GPS,   81.8, 113.60, 110.85, 125.975, 121.800,  0.001,       ,  13.31, -99.0,   12.2,   81.9,  -13.6,      1,   GPS, FLCIAS,  -0.3,   5.8, 1043.3, 3DDiff, 1852,      ,     13,  15.5,     20
2018-08-27, 16:52:13,  -04:00,    HTO,   40.8445091,  -72.5642776,  1952.2, 30.07,  2024.7,  24.8, 128.77, 147.03,  994.78,   6.04,  -0.10,  -0.01,   0.03,  80.7,  82.4,  27.7,  28.8,   2.0,  30.74,  32.73,    39.98,  186.36,   53.26,  36.42, 2484.8,    1.00,  355.70,  347.62,  344.91,  333.48,  345.51,  345.21, 1221.24, 1232.33, 1210.24, 1207.62, 1190.63, 1182.26, 1263.27, 1271.80,  1919.0, 137,  GPS,   81.8, 113.60, 110.85, 125.975, 121.800,  0.001,       ,  13.16, -98.7,   12.1,   81.9,  -13.6,      1,   GPS, FLCIAS,  -0.3,   5.8, 1059.1, 3DDiff, 1852,      ,     13,  15.5,     20
2018-08-27, 16:52:14,  -04:00,    HTO,   40.8447571,  -72.5634384,  1969.2, 30.07,  2043.1,  24.8, 128.18, 146.88, 1019.62,   6.13,  -0.33,   0.00,   0.00,  80.8,  82.3,  27.7,  28.8,   2.0,  30.74,  32.73,    40.08,  186.41,   53.10,  36.38, 2483.7,    0.99,  355.72,  347.62,  344.93,  333.42,  345.46,  345.12, 1220.84, 1232.02, 1209.29, 1208.38, 1190.46, 1181.89, 1263.06, 1270.85,  1937.4, 137,  GPS,   81.8, 113.60, 110.85, 125.975, 121.800,  0.001,       ,  13.01, -98.3,   12.1,   81.9,  -13.6,      1,   GPS, FLCIAS,  -0.3,   6.0, 1110.2, 3DDiff, 1852,      ,     14,  16.0,     21
2018-08-27, 16:52:15,  -04:00,    HTO,   40.8450012,  -72.5626068,  1985.2, 30.07,  2062.2,  24.8, 127.84, 146.74, 1010.56,   6.08,  -0.40,  -0.01,  -0.02,  80.7,  82.3,  27.7,  28.8,   2.0,  30.74,  32.72,    40.13,  186.44,   53.22,  36.38, 2485.1,    0.99,  355.78,  347.62,  344.91,  333.36,  345.43,  345.03, 1220.80, 1232.60, 1210.03, 1208.67, 1191.03, 1182.17, 1263.47, 1271.77,  1956.5, 136,  GPS,   81.8, 113.60, 110.85, 125.975, 121.800,  0.000,       ,  12.86, -97.9,   12.0,   81.9,  -13.6,      1,   GPS, FLCIAS,  -0.3,   6.1, 1137.8, 3DDiff, 1852,      ,     13,  16.5,     20
2018-08-27, 16:52:16,  -04:00,    HTO,   40.8452530,  -72.5617752,  2004.2, 30.07,  2081.7,  24.8, 127.69, 146.62, 1053.74,   5.89,  -0.45,   0.01,  -0.03,  80.6,  82.2,  27.7,  28.8,   2.0,  30.74,  32.73,    40.20,  186.48,   53.23,  36.35, 2486.1,    0.99,  355.84,  347.63,  344.88,  333.33,  345.40,  344.91, 1220.47, 1231.40, 1208.88, 1208.23, 1191.00, 1181.81, 1262.70, 1271.30,  1976.0, 136,  GPS,   81.8, 113.60, 110.85, 125.975, 121.800,  0.000,       ,  12.71, -97.5,   12.0,   81.9,  -13.6,      1,   GPS, FLCIAS,  -0.3,   6.0, 1133.9, 3DDiff, 1852,      ,     13,  16.0,     20
2018-08-27, 16:52:17,  -04:00,    HTO,   40.8455009,  -72.5609360,  2022.2, 30.07,  2099.5,  24.8, 127.59, 146.60, 1072.09,   5.49,  -0.40,   0.00,  -0.03,  80.5,  82.2,  27.7,  28.8,   2.0,  30.73,  32.71,    40.29,  186.50,   53.07,  36.37, 2486.6,    0.99,  355.87,  347.62,  344.85,  333.26,  345.36,  344.79, 1219.50, 1231.98, 1208.23, 1207.97, 1190.58, 1182.63, 1263.60, 1270.64,  1993.8, 136,  GPS,   81.8, 113.60, 110.85, 125.975, 121.800, -0.000,       ,  12.57, -97.1,   12.0,   81.9,  -13.6,      1,   GPS, FLCIAS,  -0.2,   5.8, 1078.7, 3DDiff, 1852,      ,     13,  15.5,     20
2018-08-27, 16:52:18,  -04:00,    HTO,   40.8457527,  -72.5601044,  2039.2, 30.07,  2116.1,  24.8, 127.78, 146.72, 1045.17,   5.03,  -0.55,   0.01,  -0.05,  80.5,  82.1,  27.7,  28.8,   2.0,  30.73,  32.70,    40.39,  186.53,   53.31,  36.37, 2487.3,    0.99,  355.96,  347.60,  344.83,  333.18,  345.28,  344.67, 1219.20, 1231.56, 1207.60, 1207.24, 1190.11, 1181.96, 1263.19, 1270.61,  2010.4, 136,  GPS,   81.8, 113.60, 110.85, 125.975, 121.800, -0.000,       ,  12.43, -96.7,   11.9,   81.9,  -13.6,      1,   GPS, FLCIAS,  -0.2,   5.5, 1000.0, 3DDiff, 1852,      ,     13,  15.5,     20
2018-08-27, 16:52:19,  -04:00,    HTO,   40.8459969,  -72.5592728,  2053.2, 30.07,  2131.6,  24.5, 127.55, 146.92,  985.88,   4.98,  -0.11,   0.00,  -0.04,  80.3,  82.1,  27.7,  28.8,   2.0,  30.72,  32.69,    40.30,  186.56,   53.37,  36.36, 2486.3,    0.99,  356.02,  347.59,  344.79,  333.12,  345.19,  344.57, 1219.37, 1230.95, 1208.30, 1207.33, 1189.85, 1181.49, 1262.46, 1270.99,  2025.9, 136,  GPS,   81.8, 113.60, 110.85, 125.975, 121.800, -0.001,       ,  12.31, -96.3,   11.9,   81.9,  -13.6,      1,   GPS, FLCIAS,  -0.2,   5.2, 929.1, 3DDiff, 1852,      ,     13,  16.0,     20
2018-08-27, 16:52:20,  -04:00,    HTO,   40.8462448,  -72.5584412,  2068.2, 30.07,  2145.9,  24.5, 128.07, 147.19,  933.41,   4.82,  -0.08,   0.00,  -0.01,  80.2,  82.1,  27.7,  28.8,   2.0,  30.72,  32.70,    40.48,  186.61,   53.23,  36.35, 2487.6,    0.99,  356.11,  347.59,  344.76,  333.06,  345.09,  344.45, 1219.23, 1230.20, 1208.70, 1206.36, 1189.32, 1181.65, 1262.12, 1270.76,  2040.2, 137,  GPS,   81.8, 113.60, 110.85, 125.975, 121.800, -0.001,       ,  12.19, -95.9,   11.8,   81.9,  -13.6,      1,   GPS, FLCIAS,  -0.2,   5.0, 858.3, 3DDiff, 1852,      ,     14,  16.0,     21
2018-08-27, 16:52:21,  -04:00,    HTO,   40.8465004,  -72.5576019,  2082.2, 30.07,  2158.7,  24.5, 128.50, 147.48,  883.94,   4.80,  -0.02,  -0.01,  -0.02,  80.2,  82.1,  27.7,  28.8,   2.0,  30.72,  32.72,    40.46,  186.63,   53.02,  36.41, 2485.0,    0.99,  356.18,  347.57,  344.75,  333.02,  345.00,  344.37, 1219.67, 1230.58, 1208.96, 1206.37, 1190.21, 1182.17, 1262.52, 1271.17,  2053.0, 137,  GPS,   81.8, 113.60, 110.85, 125.975, 121.800, -0.001,       ,  12.08, -95.4,   11.8,   81.9,  -13.6,      1,   GPS, FLCIAS,  -0.2,   4.9, 826.8, 3DDiff, 1852,      ,     13,  16.5,     20
2018-08-27, 16:52:22,  -04:00,    HTO,   40.8467484,  -72.5567627,  2096.2, 30.07,  2172.0,  24.5, 128.94, 147.73,  830.30,   4.84,  -0.05,   0.00,   0.03,  80.2,  82.1,  27.7,  28.8,   2.0,  30.72,  32.70,    40.51,  186.68,   52.98,  36.39, 2485.0,    0.99,  356.21,  347.56,  344.72,  332.94,  344.91,  344.27, 1219.26, 1230.37, 1209.66, 1207.00, 1190.72, 1181.96, 1262.11, 1271.29,  2066.3, 138,  GPS,   81.8, 113.60, 110.85, 125.975, 121.800, -0.001,       ,  11.97, -95.0,   11.8,   81.9,  -13.6,      1,   GPS, FLCIAS,  -0.2,   4.9, 838.6, 3DDiff, 1852,      ,     13,  16.0,     20
2018-08-27, 16:52:23,  -04:00,    HTO,   40.8470039,  -72.5559235,  2110.2, 30.07,  2186.3,  24.5, 129.00, 147.93,  810.10,   5.05,  -0.11,   0.01,   0.02,  80.3,  82.1,  27.7,  28.8,   2.0,  30.72,  32.68,    40.45,  186.72,   53.08,  36.43, 2486.1,    1.00,  356.29,  347.54,  344.69,  332.87,  344.80,  344.18, 1218.78, 1230.78, 1210.33, 1207.32, 1191.62, 1182.11, 1262.49, 1271.53,  2080.6, 138,  GPS,   81.8, 113.60, 110.85, 125.975, 121.800, -0.001,       ,  11.88, -94.6,   11.7,   81.9,  -13.6,      1,   GPS, FLCIAS,  -0.2,   4.9, 889.8, 3DDiff, 1852,      ,     13,  15.5,     20
2018-08-27, 16:52:24,  -04:00,    HTO,   40.8472519,  -72.5550842,  2123.2, 30.07,  2201.7,  24.2, 129.15, 148.06,  798.00,   5.17,   0.12,   0.00,  -0.00,  80.2,  82.1,  27.7,  28.8,   2.0,  30.72,  32.68,    40.44,  186.76,   53.23,  36.44, 2486.7,    1.00,  356.38,  347.53,  344.66,  332.81,  344.69,  344.05, 1218.66, 1230.87, 1209.39, 1207.63, 1192.03, 1181.95, 1263.05, 1270.94,  2096.0, 138,  GPS,   81.8, 113.60, 110.85, 125.975, 121.800, -0.001,       ,  11.78, -94.1,   11.7,   81.9,  -13.6,      1,   GPS, FLCIAS,  -0.2,   5.0, 921.3, 3DDiff, 1852,      ,     13,  15.5,     20
2018-08-27, 16:52:25,  -04:00,    HTO,   40.8475075,  -72.5542450,  2139.2, 30.07,  2217.3,  24.2, 129.15, 148.16,  827.17,   5.23,  -0.41,  -0.00,   0.00,  80.2,  82.1,  27.7,  28.8,   2.0,  30.73,  32.68,    40.43,  186.78,   53.05,  36.46, 2486.8,    1.00,  356.42,  347.50,  344.63,  332.74,  344.60,  343.94, 1218.79, 1230.35, 1209.69, 1207.19, 1191.97, 1181.40, 1262.64, 1271.47,  2111.6, 138,  GPS,   81.8, 113.60, 110.85, 125.975, 121.800, -0.001,       ,  11.69, -93.6,   11.6,   81.9,  -13.6,      1,   GPS, FLCIAS,  -0.2,   5.1, 948.8, 3DDiff, 1852,      ,     13,  16.0,     20
2018-08-27, 16:52:26,  -04:00,    HTO,   40.8477554,  -72.5534058,  2154.2, 30.07,  2233.0,  24.2, 129.36, 148.26,  862.57,   5.24,  -0.48,   0.00,   0.03,  80.1,  82.1,  27.7,  28.8,   2.0,  30.73,  32.68,    40.40,  186.82,   53.01,  36.46, 2487.1,    1.00,  356.51,  347.47,  344.63,  332.68,  344.44,  343.79, 1218.45, 1229.75, 1208.78, 1207.99, 1191.73, 1181.72, 1262.65, 1271.32,  2127.4, 138,  GPS,   81.8, 113.60, 110.85, 125.975, 121.800, -0.002,       ,  11.61, -93.2,   11.6,   81.9,  -13.6,      1,   GPS, FLCIAS,  -0.2,   5.2, 956.7, 3DDiff, 1852,      ,     14,  16.0,     21
2018-08-27, 16:52:27,  -04:00,    HTO,   40.8480072,  -72.5525589,  2170.2, 30.07,  2250.0,  24.2, 129.49, 148.30,  892.06,   5.33,  -0.15,   0.00,   0.01,  80.0,  82.1,  27.7,  28.8,   2.0,  30.73,  32.68,    40.48,  186.86,   53.08,  36.46, 2487.9,    1.00,  356.55,  347.44,  344.57,  332.60,  344.33,  343.69, 1219.62, 1229.26, 1208.59, 1207.97, 1191.77, 1181.19, 1262.01, 1272.31,  2144.3, 139,  GPS,   81.8, 113.60, 110.85, 125.975, 121.800, -0.002,       ,  11.53, -92.7,   11.5,   81.9,  -13.6,      1,   GPS, FLCIAS,  -0.2,   5.2, 960.6, 3DDiff, 1852,      ,     13,  16.5,     20
2018-08-27, 16:52:28,  -04:00,    HTO,   40.8482628,  -72.5517197,  2185.2, 30.07,  2267.0,  24.2, 129.88, 148.32,  905.82,   5.32,  -0.15,  -0.00,   0.00,  79.8,  82.0,  27.7,  28.8,   2.0,  30.73,  32.69,    40.44,  186.88,   53.03,  36.42, 2486.7,    1.00,  356.61,  347.38,  344.54,  332.51,  344.19,  343.58, 1219.58, 1229.12, 1208.48, 1206.96, 1190.85, 1181.36, 1261.90, 1271.72,  2161.4, 139,  GPS,   81.8, 113.60, 110.85, 125.975, 121.800, -0.002,       ,  11.46, -92.2,   11.5,   81.9,  -13.6,      1,   GPS, FLCIAS,  -0.2,   5.3, 988.2, 3DDiff, 1852,      ,     13,  16.0,     20
2018-08-27, 16:52:29,  -04:00,    HTO,   40.8485146,  -72.5508804,  2200.2, 30.07,  2283.8,  24.0, 129.66, 148.32,  883.16,   5.52,  -0.43,  -0.00,   0.01,  79.2,  82.1,  27.7,  28.8,   2.0,  30.73,  32.70,    40.57,  186.88,   52.97,  36.46, 2484.8,    1.00,  356.64,  347.35,  344.49,  332.39,  344.11,  343.48, 1219.44, 1229.11, 1209.26, 1206.20, 1190.96, 1182.32, 1262.12, 1271.94,  2178.1, 139,  GPS,   81.8, 113.60, 110.85, 125.975, 121.800, -0.002,       ,  11.38, -91.7,   11.5,   81.9,  -13.6,      1,   GPS, FLCIAS,  -0.2,   5.3, 1007.9, 3DDiff, 1852,      ,     13,  15.5,     20
2018-08-27, 16:52:30,  -04:00,    HTO,   40.8487663,  -72.5500412,  2219.2, 30.07,  2300.5,  24.0, 129.51, 148.32,  967.50,   5.31,  -0.01,  -0.00,  -0.06,  79.6,  82.0,  27.7,  28.8,   2.0,  30.72,  32.71,    40.60,  186.91,   53.10,  36.38, 2485.4,    0.99,  356.69,  347.32,  344.47,  332.33,  343.96,  343.36, 1219.73, 1228.93, 1209.88, 1206.42, 1190.92, 1182.37, 1262.04, 1272.08,  2194.9, 139,  GPS,   81.8, 113.60, 110.85, 125.975, 121.800, -0.002,       ,  11.32, -91.2,   11.4,   81.9,  -13.6,      1,   GPS, FLCIAS,  -0.2,   5.4, 1007.9, 3DDiff, 1852,      ,     13,  15.5,     20
2018-08-27, 16:52:31,  -04:00,    HTO,   40.8490219,  -72.5491943,  2232.2, 30.07,  2316.6,  24.0, 129.14, 148.37,  954.03,   5.46,   0.02,  -0.00,  -0.02,  79.4,  82.0,  27.7,  28.8,   2.0,  30.72,  32.67,    40.52,  186.91,   53.04,  36.37, 2487.0,    0.99,  356.73,  347.27,  344.42,  332.26,  343.84,  343.21, 1219.10, 1228.53, 1208.79, 1207.16, 1191.03, 1182.51, 1262.17, 1270.86,  2210.9, 138,  GPS,   81.8, 113.60, 110.85, 125.975, 121.800, -0.002,       ,  11.27, -90.6,   11.4,   81.9,  -13.6,      1,   GPS, FLCIAS,  -0.2,   5.4, 968.5, 3DDiff, 1852,      ,     13,  16.0,     20
2018-08-27, 16:52:32,  -04:00,    HTO,   40.8492737,  -72.5483475,  2249.2, 30.07,  2332.2,  24.0, 129.25, 148.39,  950.11,   5.22,  -0.12,  -0.01,  -0.04,  79.3,  82.0,  27.7,  28.8,   2.0,  30.71,  32.68,    40.14,  186.93,   53.12,  36.35, 2484.9,    0.99,  356.73,  347.23,  344.41,  332.17,  343.72,  343.14, 1219.45, 1229.32, 1209.51, 1208.11, 1190.66, 1182.62, 1263.78, 1270.97,  2226.6, 138,  GPS,   81.8, 113.60, 110.85, 125.975, 121.800, -0.002,       ,  11.23, -90.0,   11.3,   81.9,  -13.6,      1,   GPS, FLCIAS,  -0.2,   5.3, 937.0, 3DDiff, 1852,      ,     14,  16.0,     21
2018-08-27, 16:52:33,  -04:00,    HTO,   40.8495293,  -72.5475082,  2263.2, 30.07,  2347.3,  24.0, 128.59, 148.51,  928.06,   5.04,  -0.27,   0.00,   0.02,  79.1,  82.0,  27.7,  28.8,   2.0,  30.71,  32.65,    40.04,  186.95,   53.20,  36.33, 2485.9,    0.99,  356.75,  347.19,  344.36,  332.08,  343.60,  342.99, 1219.70, 1230.41, 1208.77, 1208.09, 1191.00, 1182.30, 1264.38, 1270.55,  2241.7, 138,  GPS,   81.8, 113.60, 110.85, 125.975, 121.800, -0.002,       ,  11.20, -89.4,   11.3,   81.9,  -13.6,      1,   GPS, FLCIAS,  -0.1,   5.3, 901.6, 3DDiff, 1852,      ,     13,  16.5,     20
2018-08-27, 16:52:34,  -04:00,    HTO,   40.8497810,  -72.5466690,  2279.2, 30.07,  2362.2,  24.0, 129.08, 148.68,  939.86,   4.80,  -0.04,   0.01,   0.01,  79.6,  81.8,  27.7,  28.8,   2.0,  30.71,  32.61,    40.22,  186.99,   53.29,  36.35, 2484.9,    0.99,  356.77,  347.16,  344.33,  331.99,  343.47,  342.87, 1220.02, 1231.18, 1209.35, 1207.81, 1191.84, 1182.09, 1264.43, 1271.17,  2256.5, 138,  GPS,   81.8, 113.60, 110.85, 125.975, 121.800, -0.002,       ,  11.18, -88.7,   11.3,   81.9,  -13.6,      1,   GPS, FLCIAS,  -0.1,   5.1, 921.3, 3DDiff, 1852,      ,     13,  16.0,     20
2018-08-27, 16:52:35,  -04:00,    HTO,   40.8500404,  -72.5458298,  2294.2, 30.07,  2378.0,  24.0, 129.54, 148.90,  888.87,   4.79,   0.11,   0.00,  -0.01,  79.7,  81.8,  27.7,  28.8,   2.0,  30.71,  32.50,    40.41,  187.02,   52.88,  36.30, 2485.6,    0.99,  356.76,  347.08,  344.28,  331.93,  343.35,  342.77, 1219.26, 1230.50, 1208.83, 1207.89, 1191.89, 1181.48, 1263.73, 1270.81,  2272.4, 139,  GPS,   81.8, 113.60, 110.85, 125.975, 121.800, -0.002,       ,  11.18, -88.1,   11.2,   81.9,  -13.6,      1,   GPS, FLCIAS,  -0.1,   4.9, 929.1, 3DDiff, 1852,      ,     13,  15.5,     20
2018-08-27, 16:52:36,  -04:00,    HTO,   40.8502922,  -72.5449829,  2306.2, 30.07,  2393.8,  23.8, 129.36, 149.07,  830.00,   4.99,   0.58,  -0.00,  -0.01,  79.6,  81.9,  27.7,  28.8,   2.0,  30.71,  32.45,    40.37,  187.04,   53.08,  36.32, 2488.5,    0.99,  356.76,  347.07,  344.24,  331.86,  343.21,  342.63, 1218.81, 1230.59, 1208.78, 1209.44, 1192.23, 1181.25, 1264.04, 1271.21,  2288.2, 139,  GPS,   81.8, 113.60, 110.85, 125.975, 121.800, -0.002,       ,  11.18, -87.5,   11.2,   81.9,  -13.6,      1,   GPS, FLCIAS,  -0.1,   4.9, 940.9, 3DDiff, 1852,      ,     13,  15.5,     20
2018-08-27, 16:52:37,  -04:00,    HTO,   40.8505478,  -72.5441360,  2321.2, 30.07,  2409.5,  23.8, 130.22, 149.15,  807.77,   5.13,   0.31,   0.01,   0.04,  79.6,  82.0,  27.7,  28.8,   2.0,  30.71,  32.47,    40.33,  187.09,   53.20,  36.38, 2485.1,    0.99,  356.74,  347.01,  344.21,  331.75,  343.11,  342.53, 1218.46, 1230.77, 1207.99, 1208.86, 1191.71, 1181.83, 1263.96, 1270.91,  2303.9, 140,  GPS,   81.8, 113.60, 110.85, 125.975, 121.800, -0.002,       ,  11.19, -86.9,   11.1,   81.9,  -13.6,      1,   GPS, FLCIAS,  -0.0,   5.0, 944.9, 3DDiff, 1852,      ,     13,  16.0,     20
2018-08-27, 16:52:38,  -04:00,    HTO,   40.8508034,  -72.5432892,  2337.2, 30.07,  2426.2,  23.8, 130.75, 149.15,  852.90,   5.38,  -1.03,   0.02,  -0.04,  79.5,  82.0,  27.7,  28.8,   2.0,  30.71,  32.49,    40.39,  187.11,   52.96,  36.36, 2487.1,    0.99,  356.73,  346.95,  344.18,  331.66,  342.99,  342.45, 1218.69, 1231.19, 1208.24, 1207.90, 1191.39, 1182.80, 1263.85, 1271.38,  2320.5, 140,  GPS,   81.8, 113.60, 110.85, 125.975, 121.800, -0.003,       ,  11.20, -86.4,   11.1,   81.9,  -13.6,      1,   GPS, FLCIAS,  -0.0,   5.1, 1007.9, 3DDiff, 1852,      ,     14,  16.0,     21
2018-08-27, 16:52:39,  -04:00,    HTO,   40.8510590,  -72.5424423,  2352.2, 30.07,  2443.2,  23.8, 129.67, 149.15,  891.09,   5.39,  -0.49,  -0.01,  -0.02,  79.1,  82.0,  27.7,  28.8,   2.0,  30.72,  32.51,    40.43,  187.12,   52.92,  36.38, 2487.7,    1.00,  356.70,  346.89,  344.12,  331.57,  342.81,  342.32, 1218.90, 1230.53, 1208.63, 1208.75, 1190.78, 1182.45, 1263.72, 1271.34,  2337.5, 139,  GPS,   81.8, 113.60, 110.85, 125.975, 121.800, -0.003,       ,  11.20, -85.9,   11.1,   81.9,  -13.6,      1,   GPS, FLCIAS,  -0.1,   5.3, 1011.8, 3DDiff, 1852,      ,     13,  16.5,     20
2018-08-27, 16:52:40,  -04:00,    HTO,   40.8513145,  -72.5415955,  2370.2, 30.07,  2460.9,  23.8, 130.19, 149.09,  941.74,   5.37,  -0.16,  -0.00,   0.05,  78.9,  81.9,  27.7,  28.8,   2.0,  30.72,  32.53,    40.30,  187.16,   53.07,  36.39, 2484.8,    1.00,  356.65,  346.83,  344.11,  331.50,  342.72,  342.23, 1219.41, 1230.52, 1208.13, 1208.65, 1190.71, 1181.20, 1263.82, 1271.16,  2355.2, 140,  GPS,   81.8, 113.60, 110.85, 125.975, 121.800, -0.003,       ,  11.21, -85.4,   11.0,   81.9,  -13.6,      1,   GPS, FLCIAS,  -0.1,   5.4, 1023.6, 3DDiff, 1852,      ,     13,  16.0,     20
2018-08-27, 16:52:41,  -04:00,    HTO,   40.8515663,  -72.5407486,  2389.2, 30.07,  2478.4,  23.8, 129.77, 149.07, 1019.68,   5.46,   0.10,  -0.01,   0.06,  79.2,  81.9,  27.7,  28.8,   2.0,  30.72,  32.51,    40.29,  187.18,   53.00,  36.39, 2487.6,    1.00,  356.63,  346.78,  344.08,  331.38,  342.59,  342.10, 1220.33, 1231.23, 1208.04, 1207.27, 1190.49, 1183.12, 1263.96, 1271.72,  2372.8, 139,  GPS,   81.8, 113.60, 110.85, 125.975, 121.800, -0.003,       ,  11.23, -84.8,   11.0,   81.9,  -13.6,      1,   GPS, FLCIAS,  -0.1,   5.4, 1059.1, 3DDiff, 1852,      ,     13,  15.5,     20
2018-08-27, 16:52:42,  -04:00,    HTO,   40.8518257,  -72.5399094,  2404.2, 30.07,  2496.1,  23.5, 130.66, 149.07, 1007.97,   5.43,  -0.42,  -0.00,   0.04,  79.4,  81.8,  27.7,  28.8,   2.0,  30.71,  32.48,    40.29,  187.18,   52.96,  36.35, 2488.6,    1.00,  356.60,  346.71,  344.08,  331.32,  342.47,  341.97, 1220.45, 1230.85, 1207.98, 1206.84, 1190.71, 1182.05, 1263.34, 1271.54,  2390.4, 140,  GPS,   81.8, 113.60, 110.85, 125.975, 121.800, -0.003,       ,  11.25, -84.3,   10.9,   81.9,  -13.6,      1,   GPS, FLCIAS,  -0.1,   5.4, 1055.1, 3DDiff, 1852,      ,     13,  15.5,     20
2018-08-27, 16:52:43,  -04:00,    HTO,   40.8520775,  -72.5390625,  2422.2, 30.07,  2514.1,  23.5, 130.02, 149.02, 1009.88,   5.35,  -0.56,  -0.00,  -0.01,  79.6,  81.8,  27.7,  28.8,   2.0,  30.71,  32.44,    40.41,  187.20,   52.96,  36.34, 2486.6,    0.99,  356.52,  346.63,  344.05,  331.23,  342.35,  341.83, 1220.83, 1230.09, 1207.50, 1207.20, 1190.70, 1182.35, 1262.72, 1271.46,  2408.4, 140,  GPS,   81.8, 113.60, 110.85, 125.975, 121.800, -0.003,       ,  11.27, -83.8,   10.9,   81.9,  -13.6,      1,   GPS, FLCIAS,  -0.1,   5.4, 1074.8, 3DDiff, 1852,      ,     13,  16.0,     20
2018-08-27, 16:52:44,  -04:00,    HTO,   40.8523369,  -72.5382233,  2438.2, 30.07,  2532.3,  23.5, 129.89, 148.98,  994.35,   5.44,   0.18,  -0.00,   0.02,  79.6,  81.7,  27.7,  28.8,   2.0,  30.70,  32.40,    40.43,  187.20,   52.80,  36.38, 2485.8,    0.99,  356.49,  346.57,  344.05,  331.14,  342.21,  341.68, 1220.84, 1229.63, 1207.73, 1208.02, 1190.11, 1181.51, 1262.82, 1270.89,  2426.6, 140,  GPS,   81.8, 113.60, 110.85, 125.975, 121.800, -0.003,       ,  11.29, -83.3,   10.8,   81.9,  -13.6,      1,   GPS, FLCIAS,  -0.0,   5.4, 1078.7, 3DDiff, 1852,      ,     14,  16.0,     21
2018-08-27, 16:52:45,  -04:00,    HTO,   40.8525963,  -72.5373840,  2453.2, 30.07,  2549.8,  23.5, 130.02, 148.92,  978.57,   5.57,   0.46,   0.01,  -0.02,  79.5,  81.8,  27.7,  28.8,   2.0,  30.70,  32.35,    40.31,  187.21,   53.03,  36.41, 2486.6,    1.00,  356.42,  346.50,  343.99,  331.05,  342.10,  341.56, 1220.38, 1228.90, 1208.29, 1208.86, 1189.73, 1182.28, 1263.11, 1271.46,  2444.1, 140,  GPS,   81.8, 113.60, 110.85, 125.975, 121.800, -0.002,       ,  11.31, -82.8,   10.8,   81.9,  -13.6,      1,   GPS, FLCIAS,   0.0,   5.4, 1074.8, 3DDiff, 1852,      ,     13,  16.5,     20
2018-08-27, 16:52:46,  -04:00,    HTO,   40.8528481,  -72.5365372,  2469.2, 30.07,  2566.7,  23.5, 129.61, 148.84,  960.63,   5.41,   0.26,  -0.01,  -0.03,  79.2,  81.9,  27.7,  28.8,   2.0,  30.70,  32.34,    40.54,  187.24,   52.89,  36.40, 2488.1,    1.00,  356.36,  346.44,  343.96,  330.95,  341.98,  341.43, 1221.04, 1228.85, 1208.12, 1208.50, 1189.40, 1182.37, 1263.28, 1271.47,  2461.0, 139,  GPS,   81.8, 113.60, 110.85, 125.975, 121.800, -0.003,       ,  11.32, -82.4,   10.8,   81.9,  -13.6,      1,   GPS, FLCIAS,   0.0,   5.4, 1055.1, 3DDiff, 1852,      ,     13,  16.0,     20
2018-08-27, 16:52:47,  -04:00,    HTO,   40.8530998,  -72.5356903,  2488.2, 30.07,  2583.4,  23.5, 129.59, 148.82, 1010.01,   5.25,   0.36,  -0.00,  -0.04,  79.4,  81.9,  27.7,  28.8,   2.0,  30.69,  32.37,    40.28,  187.26,   53.21,  36.34, 2485.3,    0.99,  356.33,  346.37,  343.96,  330.87,  341.84,  341.31, 1220.43, 1228.75, 1207.75, 1207.98, 1189.08, 1181.54, 1262.53, 1271.03,  2477.7, 139,  GPS,   81.8, 113.60, 110.85, 125.975, 121.800, -0.003,       ,  11.33, -82.0,   10.7,   81.9,  -13.6,      1,   GPS, FLCIAS,   0.0,   5.4, 1031.5, 3DDiff, 1852,      ,     13,  15.5,     20
2018-08-27, 16:52:48,  -04:00,    HTO,   40.8533516,  -72.5348511,  2502.2, 30.07,  2599.9,  23.5, 128.89, 148.88,  997.42,   5.05,  -0.43,  -0.02,   0.04,  79.4,  81.9,  27.7,  28.8,   2.0,  30.68,  32.37,    40.34,  187.28,   53.17,  36.33, 2485.0,    0.99,  356.23,  346.31,  343.94,  330.77,  341.71,  341.22, 1220.35, 1228.21, 1208.01, 1207.54, 1189.28, 1181.83, 1262.69, 1270.67,  2494.3, 138,  GPS,   81.8, 113.60, 110.85, 125.975, 121.800, -0.003,       ,  11.34, -81.7,   10.7,   81.9,  -13.6,      1,   GPS, FLCIAS,  -0.0,   5.3, 1003.9, 3DDiff, 1852,      ,     13,  15.5,     20
2018-08-27, 16:52:49,  -04:00,    HTO,   40.8536110,  -72.5340042,  2520.2, 30.07,  2616.2,  23.2, 128.94, 149.02, 1005.60,   4.98,  -0.35,  -0.01,  -0.04,  79.5,  81.9,  27.7,  28.8,   2.0,  30.68,  32.40,    40.28,  187.29,   53.00,  36.36, 2486.6,    1.00,  356.15,  346.25,  343.93,  330.69,  341.56,  341.10, 1220.30, 1228.87, 1208.48, 1208.01, 1189.07, 1181.92, 1263.63, 1271.05,  2510.5, 139,  GPS,   81.8, 113.60, 110.85, 125.975, 121.800, -0.003,       ,  11.35, -81.4,   10.6,   81.9,  -13.6,      1,   GPS, FLCIAS,  -0.1,   5.1, 980.3, 3DDiff, 1852,      ,     13,  16.0,     20
2018-08-27, 16:52:50,  -04:00,    HTO,   40.8538666,  -72.5331573,  2534.2, 30.07,  2631.6,  23.2, 129.30, 149.21,  961.61,   4.81,   0.05,  -0.01,  -0.00,  79.6,  81.8,  27.7,  28.8,   2.0,  30.68,  32.37,    40.08,  187.31,   52.86,  36.40, 2486.1,    1.00,  356.09,  346.19,  343.91,  330.59,  341.45,  340.97, 1220.02, 1228.97, 1208.57, 1207.61, 1189.72, 1183.28, 1263.86, 1271.07,  2525.9, 139,  GPS,   81.8, 113.60, 110.85, 125.975, 121.800, -0.003,       ,  11.37, -81.1,   10.6,   81.9,  -13.6,      1,   GPS, FLCIAS,  -0.1,   5.0, 929.1, 3DDiff, 1852,      ,     14,  16.0,     21
2018-08-27, 16:52:51,  -04:00,    HTO,   40.8541260,  -72.5323105,  2550.2, 30.07,  2648.3,  23.2, 129.58, 149.40,  926.25,   4.77,  -0.15,   0.00,   0.02,  79.8,  81.8,  27.7,  28.8,   2.0,  30.68,  32.37,    40.30,  187.34,   53.04,  36.39, 2484.7,    1.00,  356.00,  346.09,  343.89,  330.48,  341.32,  340.83, 1220.62, 1229.18, 1209.36, 1207.11, 1189.66, 1183.78, 1263.57, 1271.82,  2542.7, 139,  GPS,   81.8, 113.60, 110.85, 125.975, 121.800, -0.003,       ,  11.40, -80.9,   10.6,   81.9,  -13.6,      1,   GPS, FLCIAS,  -0.1,   4.8, 917.3, 3DDiff, 1852,      ,     13,  16.5,     20
2018-08-27, 16:52:52,  -04:00,    HTO,   40.8543816,  -72.5314636,  2563.2, 30.07,  2664.5,  23.2, 129.04, 149.60,  893.23,   4.98,   0.09,   0.01,  -0.02,  79.6,  81.8,  27.7,  28.8,   2.0,  30.68,  32.37,    40.50,  187.37,   53.04,  36.40, 2484.2,    1.00,  355.93,  346.06,  343.88,  330.40,  341.22,  340.73, 1220.31, 1229.46, 1209.01, 1206.52, 1189.63, 1183.39, 1263.46, 1270.87,  2558.8, 139,  GPS,   81.8, 113.60, 110.85, 125.975, 121.800, -0.001,       ,  11.42, -80.7,   10.5,   81.9,  -13.6,      1,   GPS, FLCIAS,  -0.0,   4.8, 921.3, 3DDiff, 1852,      ,     13,  16.0,     20
2018-08-27, 16:52:53,  -04:00,    HTO,   40.8546410,  -72.5306091,  2578.2, 30.07,  2679.3,  23.2, 129.00, 149.81,  864.59,   4.69,  -0.43,   0.01,  -0.12,  79.5,  81.9,  27.7,  28.8,   2.0,  30.68,  32.40,    40.52,  187.39,   52.90,  36.38, 2490.2,    1.00,  355.87,  345.98,  343.87,  330.29,  341.07,  340.59, 1220.60, 1229.96, 1208.81, 1206.11, 1190.13, 1182.42, 1263.25, 1271.67,  2573.7, 139,  GPS,   81.8, 113.60, 110.85, 125.975, 121.800, -0.001,       ,  11.44, -80.6,   10.5,   81.9,  -13.6,      1,   GPS, FLCIAS,  -0.0,   4.8, 893.7, 3DDiff, 1852,      ,     13,  15.5,     20
2018-08-27, 16:52:54,  -04:00,    HTO,   40.8548965,  -72.5297623,  2591.2, 30.07,  2693.7,  23.2, 129.61, 150.01,  843.03,   4.69,   0.11,  -0.00,   0.01,  79.2,  81.9,  27.7,  28.8,   2.0,  30.68,  32.41,    40.56,  187.39,   52.95,  36.41, 2488.3,    1.00,  355.75,  345.92,  343.86,  330.20,  340.89,  340.46, 1220.93, 1229.94, 1209.33, 1205.53, 1190.61, 1181.74, 1262.78, 1271.97,  2588.1, 139,  GPS,   81.8, 113.60, 110.85, 125.975, 121.800, -0.001,       ,  11.47, -80.6,   10.4,   81.9,  -13.6,      1,   GPS, FLCIAS,  -0.0,   4.8, 858.3, 3DDiff, 1852,      ,     13,  15.5,     20
2018-08-27, 16:52:55,  -04:00,    HTO,   40.8551559,  -72.5289154,  2607.2, 30.07,  2708.9,  23.0, 130.65, 150.14,  824.76,   4.83,  -0.23,  -0.00,   0.02,  79.3,  81.9,  27.7,  28.8,   2.0,  30.64,  32.42,    40.55,  187.40,   52.92,  36.40, 2488.4,    1.00,  355.67,  345.85,  343.86,  330.10,  340.80,  340.31, 1221.92, 1229.46, 1209.72, 1205.65, 1191.01, 1181.71, 1262.32, 1272.78,  2603.3, 141,  GPS,   81.8, 113.60, 110.85, 125.975, 121.800, -0.000,       ,  11.50, -80.6,   10.4,   81.9,  -13.6,      1,   GPS, FLCIAS,  -0.0,   4.8, 901.6, 3DDiff, 1852,      ,     13,  16.0,     20
2018-08-27, 16:52:56,  -04:00,    HTO,   40.8554115,  -72.5280685,  2620.2, 30.07,  2725.2,  23.0, 130.57, 150.22,  825.77,   5.14,  -0.09,   0.01,   0.00,  79.1,  81.9,  27.7,  28.8,   2.0,  30.64,  32.43,    40.33,  187.42,   52.91,  36.41, 2490.1,    1.00,  355.58,  345.78,  343.85,  330.02,  340.67,  340.20, 1220.83, 1230.39, 1209.16, 1205.62, 1190.41, 1181.69, 1262.99, 1271.29,  2619.6, 141,  GPS,   81.8, 113.60, 110.85, 125.975, 121.800, -0.001,       ,  11.53, -80.5,   10.3,   81.9,  -13.6,      1,   GPS, FLCIAS,  -0.0,   4.9, 956.7, 3DDiff, 1852,      ,     14,  16.0,     21
2018-08-27, 16:52:57,  -04:00,    HTO,   40.8556633,  -72.5272141,  2636.2, 30.07,  2740.5,  23.0, 130.90, 150.18,  851.30,   5.37,   0.10,  -0.01,   0.02,  78.8,  81.9,  27.7,  28.8,   2.0,  30.65,  32.46,    40.48,  187.41,   52.92,  36.46, 2487.9,    1.00,  355.51,  345.70,  343.83,  329.95,  340.52,  340.06, 1220.62, 1231.04, 1208.11, 1206.07, 1189.89, 1182.46, 1263.44, 1270.68,  2634.9, 141,  GPS,   81.8, 113.60, 110.85, 125.975, 121.800, -0.001,       ,  11.56, -80.5,   10.3,   81.9,  -13.6,      1,   GPS, FLCIAS,  -0.0,   5.1, 1023.6, 3DDiff, 1852,      ,     13,  16.5,     20
2018-08-27, 16:52:58,  -04:00,    HTO,   40.8559227,  -72.5263596,  2653.2, 30.07,  2757.9,  23.0, 130.75, 150.08,  902.50,   5.50,   0.10,  -0.01,   0.01,  78.9,  82.0,  27.7,  28.8,   2.0,  30.65,  32.49,    40.41,  187.42,   53.19,  36.43, 2488.5,    1.00,  355.39,  345.61,  343.83,  329.86,  340.38,  339.95, 1219.45, 1228.98, 1208.11, 1206.29, 1189.08, 1181.71, 1262.71, 1269.95,  2652.3, 141,  GPS,   81.8, 113.60, 110.85, 125.975, 121.800, -0.001,       ,  11.58, -80.4,   10.3,   81.9,  -13.6,      1,   GPS, FLCIAS,  -0.0,   5.3, 1078.7, 3DDiff, 1852,      ,     13,  16.0,     20
2018-08-27, 16:52:59,  -04:00,    HTO,   40.8561783,  -72.5255127,  2671.2, 30.07,  2776.8,  22.8, 130.56, 149.97,  968.67,   5.58,  -0.10,   0.00,  -0.01,  78.8,  82.0,  27.7,  28.8,   2.0,  30.65,  32.51,    40.34,  187.43,   52.97,  36.40, 2484.1,    1.00,  355.29,  345.53,  343.84,  329.74,  340.22,  339.82, 1219.87, 1228.53, 1207.34, 1205.55, 1189.07, 1181.65, 1262.13, 1270.56,  2671.2, 141,  GPS,   81.8, 113.60, 110.85, 125.975, 121.800, -0.001,       ,  11.61, -80.2,   10.2,   81.9,  -13.6,      1,   GPS, FLCIAS,  -0.0,   5.4, 1126.0, 3DDiff, 1852,      ,     13,  15.5,     20
2018-08-27, 16:53:00,  -04:00,    HTO,   40.8564339,  -72.5246582,  2689.2, 30.07,  2795.7,  22.8, 130.35, 149.83, 1024.52,   5.62,   0.12,   0.00,  -0.01,  78.7,  82.0,  27.7,  28.8,   2.0,  30.66,  32.53,    40.30,  187.44,   53.08,  36.39, 2485.5,    1.00,  355.20,  345.46,  343.83,  329.67,  340.12,  339.70, 1219.84, 1228.84, 1208.30, 1205.55, 1188.88, 1181.38, 1262.45, 1270.74,  2690.0, 140,  GPS,   81.8, 113.60, 110.85, 125.975, 121.800, -0.001,       ,  11.64, -80.1,   10.2,   81.9,  -13.6,      1,   GPS, FLCIAS,  -0.1,   5.5, 1133.9, 3DDiff, 1852,      ,     13,  15.5,     20
2018-08-27, 16:53:01,  -04:00,    HTO,   40.8566933,  -72.5238113,  2708.2, 30.07,  2814.3,  22.8, 130.29, 149.73, 1064.92,   5.45,  -0.26,  -0.02,  -0.06,  78.7,  82.0,  27.7,  28.8,   2.0,  30.67,  32.56,    40.52,  187.45,   52.97,  36.42, 2487.2,    1.00,  355.08,  345.37,  343.84,  329.59,  339.97,  339.60, 1219.57, 1228.56, 1208.23, 1206.50, 1189.36, 1181.53, 1262.59, 1270.30,  2708.6, 140,  GPS,   81.8, 113.60, 110.85, 125.975, 121.800, -0.001,       ,  11.67, -79.8,   10.1,   81.9,  -13.6,      1,   GPS, FLCIAS,  -0.1,   5.5, 1126.0, 3DDiff, 1852,      ,     13,  16.0,     20
2018-08-27, 16:53:02,  -04:00,    HTO,   40.8569450,  -72.5229645,  2726.2, 30.07,  2832.8,  22.8, 130.77, 149.64, 1083.11,   5.45,   0.02,   0.01,  -0.00,  78.7,  81.9,  27.7,  28.8,   2.0,  30.68,  32.55,    40.57,  187.48,   52.91,  36.46, 2488.2,    1.00,  354.99,  345.30,  343.83,  329.49,  339.82,  339.48, 1219.99, 1226.88, 1209.11, 1207.72, 1190.03, 1183.03, 1262.99, 1270.97,  2727.2, 141,  GPS,   81.8, 113.60, 110.85, 125.975, 121.800, -0.001,       ,  11.70, -79.5,   10.1,   81.9,  -13.6,      1,   GPS, FLCIAS,  -0.1,   5.5, 1122.0, 3DDiff, 1852,      ,     14,  16.0,     21
2018-08-27, 16:53:03,  -04:00,    HTO,   40.8572006,  -72.5221176,  2742.2, 30.07,  2854.0,  22.8, 131.00, 149.50, 1044.42,   5.68,  -0.20,   0.03,   0.03,  78.5,  82.0,  27.7,  28.8,   2.0,  30.68,  32.55,    40.66,  187.49,   53.02,  36.44, 2488.4,    1.00,  354.90,  345.19,  343.85,  329.41,  339.70,  339.34, 1219.98, 1227.27, 1208.61, 1207.24, 1190.66, 1181.15, 1262.49, 1270.57,  2748.3, 141,  GPS,   81.8, 113.60, 110.85, 125.975, 121.800, -0.001,       ,  11.74, -79.2,   10.1,   81.9,  -13.6,      1,   GPS, FLCIAS,  -0.1,   5.5, 1145.7, 3DDiff, 1852,      ,     13,  16.5,     20
2018-08-27, 16:53:04,  -04:00,    HTO,   40.8574562,  -72.5212708,  2761.2, 30.07,  2873.9,  22.8, 130.17, 149.37, 1052.31,   5.66,  -0.32,   0.00,  -0.02,  78.3,  82.0,  27.7,  28.8,   2.0,  30.69,  32.56,    40.63,  187.48,   52.68,  36.37, 2484.9,    0.99,  354.78,  345.10,  343.84,  329.32,  339.57,  339.24, 1219.22, 1227.25, 1207.33, 1207.85, 1189.67, 1180.23, 1262.55, 1269.50,  2768.3, 140,  GPS,   81.8, 113.60, 110.85, 125.975, 121.800, -0.001,       ,  11.77, -78.8,   10.0,   81.9,  -13.6,      1,   GPS, FLCIAS,  -0.0,   5.6, 1149.6, 3DDiff, 1852,      ,     13,  16.0,     20
2018-08-27, 16:53:05,  -04:00,    HTO,   40.8577156,  -72.5204239,  2779.2, 30.07,  2892.7,  22.8, 130.12, 149.25, 1072.36,   5.56,  -0.01,  -0.01,  -0.07,  78.1,  82.0,  27.7,  28.8,   2.0,  30.69,  32.59,    40.61,  187.48,   52.89,  36.39, 2485.3,    1.00,  354.68,  345.03,  343.84,  329.24,  339.43,  339.12, 1220.31, 1226.90, 1207.91, 1207.92, 1189.99, 1179.21, 1262.57, 1270.28,  2787.1, 140,  GPS,   81.8, 113.60, 110.85, 125.975, 121.800, -0.001,       ,  11.81, -78.4,   10.0,   81.9,  -13.6,      1,   GPS, FLCIAS,  -0.1,   5.6, 1122.0, 3DDiff, 1852,      ,     13,  15.5,     20
2018-08-27, 16:53:06,  -04:00,    HTO,   40.8579674,  -72.5195770,  2798.2, 30.07,  2910.7,  22.5, 130.24, 149.19, 1108.55,   5.44,   0.07,  -0.00,   0.03,  78.2,  82.0,  27.7,  28.8,   2.0,  30.69,  32.61,    40.43,  187.50,   53.02,  36.38, 2483.9,    1.00,  354.56,  344.91,  343.81,  329.13,  339.30,  339.00, 1220.82, 1226.92, 1207.29, 1207.46, 1190.76, 1178.89, 1262.60, 1270.01,  2805.0, 141,  GPS,   81.8, 113.60, 110.85, 125.975, 121.800, -0.001,       ,  11.85, -77.9,    9.9,   81.9,  -13.6,      1,   GPS, FLCIAS,  -0.1,   5.5, 1070.9, 3DDiff, 1852,      ,     13,  15.5,     20
2018-08-27, 16:53:07,  -04:00,    HTO,   40.8582230,  -72.5187302,  2814.2, 30.07,  2928.6,  22.5, 129.75, 149.15, 1075.05,   5.34,   0.08,  -0.02,  -0.04,  78.2,  81.9,  27.7,  28.8,   2.0,  30.69,  32.60,    40.68,  187.50,   52.92,  36.37, 2483.3,    0.99,  354.47,  344.85,  343.81,  329.06,  339.18,  338.88, 1221.61, 1228.19, 1207.42, 1208.27, 1190.81, 1178.93, 1263.78, 1270.85,  2822.9, 140,  GPS,   81.8, 113.60, 110.85, 125.975, 121.800, -0.001,       ,  11.89, -77.4,    9.9,   81.9,  -13.6,      1,   GPS, FLCIAS,  -0.1,   5.5, 1066.9, 3DDiff, 1852,      ,     13,  16.0,     20
2018-08-27, 16:53:08,  -04:00,    HTO,   40.8584785,  -72.5178833,  2830.2, 30.07,  2946.4,  22.5, 128.98, 149.19, 1036.41,   5.25,   0.13,  -0.01,   0.02,  78.3,  81.8,  27.7,  28.8,   2.0,  30.69,  32.58,    40.58,  187.54,   52.87,  36.34, 2484.3,    0.99,  354.34,  344.76,  343.81,  328.95,  339.03,  338.78, 1221.06, 1227.65, 1208.49, 1207.56, 1190.39, 1178.95, 1263.40, 1270.88,  2840.8, 139,  GPS,   81.8, 113.60, 110.85, 125.975, 121.800, -0.001,       ,  11.94, -76.8,    9.8,   81.9,  -13.6,      1,   GPS, FLCIAS,  -0.1,   5.4, 1055.1, 3DDiff, 1852,      ,     14,  16.0,     21
2018-08-27, 16:53:09,  -04:00,    HTO,   40.8587341,  -72.5170441,  2847.2, 30.07,  2962.8,  22.5, 129.50, 149.29, 1015.69,   5.03,  -0.15,   0.01,  -0.02,  78.2,  81.8,  27.7,  28.8,   2.0,  30.69,  32.56,    40.39,  187.57,   53.03,  36.39, 2485.4,    1.00,  354.22,  344.64,  343.78,  328.86,  338.93,  338.66, 1220.65, 1227.53, 1209.05, 1207.22, 1190.68, 1179.40, 1262.96, 1271.40,  2857.2, 140,  GPS,   81.8, 113.60, 110.85, 125.975, 121.800, -0.001,       ,  11.99, -76.3,    9.8,   81.9,  -13.6,      1,   GPS, FLCIAS,  -0.0,   5.2, 1047.2, 3DDiff, 1852,      ,     13,  16.5,     20
2018-08-27, 16:53:10,  -04:00,    HTO,   40.8589935,  -72.5161972,  2865.2, 30.07,  2979.3,  22.5, 130.16, 149.38, 1005.74,   5.04,  -0.27,   0.00,  -0.00,  78.3,  81.8,  27.7,  28.8,   2.0,  30.69,  32.54,    40.65,  187.58,   53.02,  36.41, 2487.1,    1.00,  354.13,  344.57,  343.77,  328.79,  338.80,  338.55, 1219.99, 1227.38, 1208.86, 1205.85, 1189.95, 1179.51, 1262.32, 1271.12,  2873.6, 141,  GPS,   81.8, 113.60, 110.85, 125.975, 121.800, -0.001,       ,  12.05, -75.8,    9.8,   81.9,  -13.6,      1,   GPS, FLCIAS,   0.0,   5.1, 1019.7, 3DDiff, 1852,      ,     13,  16.0,     20
2018-08-27, 16:53:11,  -04:00,    HTO,   40.8592491,  -72.5153503,  2881.2, 30.07,  2995.6,  22.5, 129.97, 149.44,  993.30,   5.15,  -0.01,  -0.01,   0.01,  78.4,  81.7,  27.7,  28.8,   2.0,  30.69,  32.51,    40.68,  187.62,   52.95,  36.42, 2488.6,    1.00,  354.01,  344.49,  343.75,  328.70,  338.69,  338.45, 1219.51, 1226.95, 1207.83, 1205.67, 1189.68, 1179.05, 1261.92, 1270.26,  2889.9, 140,  GPS,   81.8, 113.60, 110.85, 125.975, 121.800, -0.001,       ,  12.10, -75.2,    9.7,   81.9,  -13.6,      1,   GPS, FLCIAS,   0.0,   5.1, 1019.7, 3DDiff, 1852,      ,     13,  15.5,     20
2018-08-27, 16:53:12,  -04:00,    HTO,   40.8595085,  -72.5145035,  2896.2, 30.07,  3012.8,  22.5, 130.58, 149.48,  957.97,   5.28,  -0.10,  -0.01,   0.04,  78.5,  81.7,  27.7,  28.8,   2.0,  30.70,  32.51,    40.71,  187.64,   52.63,  36.41, 2485.7,    1.00,  353.89,  344.37,  343.71,  328.62,  338.57,  338.35, 1218.45, 1227.38, 1206.23, 1204.90, 1189.02, 1178.65, 1262.27, 1269.06,  2907.2, 141,  GPS,   81.8, 113.60, 110.85, 125.975, 121.800, -0.000,       ,  12.15, -74.7,    9.7,   81.9,  -13.6,      1,   GPS, FLCIAS,   0.1,   5.2, 1035.4, 3DDiff, 1852,      ,     13,  15.5,     20
2018-08-27, 16:53:13,  -04:00,    HTO,   40.8597679,  -72.5136566,  2913.2, 30.07,  3030.5,  22.2, 130.40, 149.46,  963.52,   5.37,   0.01,   0.01,   0.00,  78.7,  81.7,  27.7,  28.8,   2.0,  30.71,  32.52,    40.62,  187.64,   52.73,  36.41, 2484.5,    1.00,  353.79,  344.28,  343.66,  328.53,  338.47,  338.24, 1218.13, 1227.88, 1205.93, 1205.28, 1189.14, 1179.31, 1263.01, 1268.95,  2924.9, 141,  GPS,   81.8, 113.60, 110.85, 125.975, 121.800, -0.000,       ,  12.20, -74.2,    9.6,   81.9,  -13.6,      1,   GPS, FLCIAS,   0.1,   5.3, 1070.9, 3DDiff, 1852,      ,     13,  16.0,     20
2018-08-27, 16:53:14,  -04:00,    HTO,   40.8600273,  -72.5128098,  2929.2, 30.07,  3048.3,  22.2, 130.17, 149.44,  962.87,   5.41,   0.41,   0.00,  -0.02,  78.7,  81.7,  27.7,  28.8,   2.0,  30.71,  32.51,    40.55,  187.64,   52.85,  36.39, 2488.5,    1.00,  353.65,  344.18,  343.63,  328.46,  338.38,  338.15, 1218.27, 1227.84, 1205.55, 1205.71, 1189.17, 1179.16, 1262.99, 1268.78,  2942.7, 141,  GPS,   81.8, 113.60, 110.85, 125.975, 121.800, -0.000,       ,  12.23, -73.8,    9.6,   82.0,  -13.6,      1,   GPS, FLCIAS,   0.1,   5.3, 1074.8, 3DDiff, 1852,      ,     14,  16.0,     21
2018-08-27, 16:53:15,  -04:00,    HTO,   40.8602791,  -72.5119629,  2946.2, 30.07,  3066.8,  22.2, 130.66, 149.37,  970.36,   5.45,   0.02,  -0.00,   0.00,  78.7,  81.8,  27.7,  28.8,   2.0,  30.72,  32.54,    40.64,  187.64,   53.00,  36.46, 2487.9,    1.00,  353.52,  344.08,  343.57,  328.39,  338.28,  338.05, 1218.19, 1228.32, 1205.67, 1205.65, 1189.56, 1178.48, 1262.90, 1268.56,  2961.1, 141,  GPS,   81.8, 113.60, 110.85, 125.975, 121.800, -0.000,       ,  12.26, -73.4,    9.6,   82.0,  -13.6,      1,   GPS, FLCIAS,   0.1,   5.4, 1078.7, 3DDiff, 1852,      ,     13,  16.5,     20
2018-08-27, 16:53:16,  -04:00,    HTO,   40.8605385,  -72.5111160,  2965.2, 30.07,  3085.4,  22.2, 130.53, 149.27, 1013.38,   5.58,  -0.18,   0.01,   0.01,  78.7,  81.8,  27.7,  28.8,   2.0,  30.72,  32.57,    40.65,  187.66,   52.84,  36.42, 2486.1,    1.00,  353.43,  343.97,  343.53,  328.30,  338.21,  337.96, 1217.92, 1228.27, 1205.62, 1205.81, 1188.95, 1178.52, 1263.06, 1268.19,  2979.8, 141,  GPS,   81.8, 113.60, 110.85, 125.975, 121.800,  0.000,       ,  12.28, -73.0,    9.5,   82.0,  -13.6,      1,   GPS, FLCIAS,   0.1,   5.5, 1082.7, 3DDiff, 1852,      ,     13,  16.0,     20
2018-08-27, 16:53:17,  -04:00,    HTO,   40.8607903,  -72.5102692,  2982.2, 30.07,  3104.2,  22.2, 130.08, 149.19, 1028.22,   5.56,  -0.35,   0.01,  -0.02,  78.6,  82.0,  27.7,  28.8,   2.0,  30.71,  32.59,    40.70,  187.67,   52.90,  36.45, 2487.3,    1.00,  353.31,  343.87,  343.47,  328.22,  338.17,  337.86, 1218.48, 1228.35, 1206.91, 1206.34, 1189.38, 1179.20, 1263.32, 1269.77,  2998.6, 141,  GPS,   81.8, 113.60, 110.85, 125.975, 121.800, -0.000,       ,  12.28, -72.7,    9.5,   82.0,  -13.6,      1,   GPS, FLCIAS,   0.1,   5.5, 1074.8, 3DDiff, 1852,      ,     13,  15.5,     20
2018-08-27, 16:53:18,  -04:00,    HTO,   40.8610458,  -72.5094223,  2999.2, 30.07,  3121.7,  22.0, 129.68, 149.15, 1033.05,   5.43,   0.24,   0.00,  -0.02,  78.5,  81.9,  27.7,  28.8,   2.0,  30.71,  32.62,    40.59,  187.69,   52.77,  36.42, 2488.6,    1.00,  353.19,  343.75,  343.41,  328.15,  338.14,  337.77, 1219.21, 1228.13, 1206.90, 1205.80, 1189.40, 1178.78, 1262.69, 1269.90,  3016.1, 140,  GPS,   81.8, 113.60, 110.85, 125.975, 121.800, -0.000,       ,  12.29, -72.3,    9.4,   82.0,  -13.6,      1,   GPS, FLCIAS,   0.1,   5.5, 1047.2, 3DDiff, 1852,      ,     13,  16.0,     20
2018-08-27, 16:53:19,  -04:00,    HTO,   40.8613052,  -72.5085754,  3015.2, 30.07,  3138.7,  22.0, 129.65, 149.13, 1022.73,   5.28,   0.03,  -0.01,  -0.06,  78.3,  81.9,  27.7,  28.8,   2.0,  30.71,  32.64,    40.43,  187.69,   52.95,  36.40, 2486.8,    1.00,  353.06,  343.66,  343.35,  328.09,  338.11,  337.68, 1218.60, 1227.31, 1206.77, 1205.27, 1189.73, 1179.38, 1262.10, 1269.99,  3033.1, 140,  GPS,   81.8, 113.60, 110.85, 125.975, 121.800,  0.000,       ,  12.29, -72.0,    9.4,   82.0,  -13.6,      1,   GPS, FLCIAS,   0.1,   5.4, 1015.7, 3DDiff, 1852,      ,     13,  16.0,     20
2018-08-27, 16:53:20,  -04:00,    HTO,   40.8615608,  -72.5077286,  3031.2, 30.07,  3155.2,  22.0, 129.36, 149.19,  991.79,   5.11,  -0.08,   0.01,  -0.03,  78.2,  81.9,  27.7,  28.8,   2.0,  30.71,  32.66,    40.46,  187.67,   53.05,  36.38, 2486.1,    1.00,  352.95,  343.51,  343.29,  327.98,  338.11,  337.56, 1218.51, 1228.75, 1207.35, 1204.76, 1190.30, 1178.86, 1262.65, 1270.30,  3049.5, 140,  GPS,   81.8, 113.60, 110.85, 125.975, 121.800,  0.000,       ,  12.29, -71.7,    9.4,   82.0,  -13.6,      1,   GPS, FLCIAS,   0.0,   5.3, 976.4, 3DDiff, 1852,      ,     14,  16.0,     21
2018-08-27, 16:53:21,  -04:00,    HTO,   40.8618164,  -72.5068893,  3047.2, 30.07,  3170.7,  22.0, 129.71, 149.27,  973.00,   5.12,  -0.07,   0.00,  -0.01,  78.2,  81.9,  27.7,  28.8,   2.0,  30.71,  32.68,    40.53,  187.66,   52.80,  36.36, 2486.6,    1.00,  352.84,  343.42,  343.21,  327.94,  338.09,  337.45, 1218.13, 1229.22, 1206.46, 1204.87, 1189.43, 1179.44, 1263.56, 1269.49,  3065.1, 140,  GPS,   81.8, 113.60, 110.85, 125.975, 121.800,  0.000,       ,  12.30, -71.4,    9.3,   82.0,  -13.6,      1,   GPS, FLCIAS,   0.0,   5.2, 952.8, 3DDiff, 1852,      ,     13,  16.5,     20
2018-08-27, 16:53:22,  -04:00,    HTO,   40.8620720,  -72.5060425,  3063.2, 30.07,  3185.9,  22.0, 130.20, 149.33,  959.18,   5.11,  -0.10,  -0.00,  -0.00,  78.2,  81.9,  27.7,  28.8,   2.0,  30.71,  32.67,    40.42,  187.67,   52.77,  36.39, 2486.0,    1.00,  352.73,  343.32,  343.15,  327.85,  338.14,  337.35, 1218.77, 1229.55, 1206.73, 1205.13, 1188.72, 1180.97, 1264.47, 1269.83,  3080.3, 141,  GPS,   81.8, 113.60, 110.85, 125.975, 121.800,  0.000,       ,  12.31, -71.1,    9.3,   82.0,  -13.6,      1,   GPS, FLCIAS,   0.0,   5.1, 940.9, 3DDiff, 1852,      ,     13,  16.0,     20
2018-08-27, 16:53:23,  -04:00,    HTO,   40.8623276,  -72.5051956,  3076.2, 30.07,  3200.5,  22.0, 129.55, 149.42,  910.71,   5.23,   0.26,   0.01,  -0.01,  78.1,  81.9,  27.7,  28.8,   2.0,  30.72,  32.66,    40.34,  187.66,   52.96,  36.33, 2486.9,    1.00,  352.60,  343.19,  343.08,  327.76,  338.16,  337.26, 1219.67, 1229.54, 1205.49, 1205.65, 1189.92, 1180.51, 1264.35, 1270.34,  3094.9, 140,  GPS,   81.8, 113.60, 110.85, 125.975, 121.800,  0.000,       ,  12.33, -70.8,    9.2,   82.0,  -13.6,      1,   GPS, FLCIAS,   0.0,   5.2, 929.1, 3DDiff, 1852,      ,     13,  16.0,     20
2018-08-27, 16:53:24,  -04:00,    HTO,   40.8625870,  -72.5043411,  3092.2, 30.07,  3216.0,  22.0, 129.52, 149.50,  892.79,   5.13,  -0.03,   0.00,   0.02,  78.0,  81.9,  27.7,  28.8,   2.0,  30.72,  32.66,    40.46,  187.67,   53.01,  36.31, 2487.5,    1.00,  352.51,  343.06,  343.02,  327.70,  338.20,  337.19, 1220.12, 1229.50, 1206.27, 1205.58, 1189.77, 1180.51, 1264.66, 1270.25,  3110.4, 140,  GPS,   81.8, 113.60, 110.85, 125.975, 121.800,  0.000,       ,  12.34, -70.4,    9.2,   82.0,  -13.6,      1,   GPS, FLCIAS,   0.0,   5.2, 929.1, 3DDiff, 1852,      ,     13,  16.0,     20
2018-08-27, 16:53:25,  -04:00,    HTO,   40.8628387,  -72.5034943,  3108.2, 30.07,  3231.4,  21.8, 130.08, 149.58,  908.31,   5.13,  -0.12,   0.00,  -0.02,  78.1,  81.9,  27.7,  28.8,   2.0,  30.73,  32.65,    40.25,  187.69,   52.80,  36.34, 2486.9,    1.00,  352.37,  342.96,  342.92,  327.61,  338.29,  337.10, 1221.00, 1230.36, 1208.03, 1205.87, 1190.74, 1181.04, 1264.87, 1272.34,  3125.8, 141,  GPS,   81.8, 113.60, 110.85, 125.975, 121.800,  0.000,       ,  12.37, -70.1,    9.1,   82.0,  -13.6,      1,   GPS, FLCIAS,   0.0,   5.1, 933.1, 3DDiff, 1852,      ,     13,  16.0,     20
2018-08-27, 16:53:26,  -04:00,    HTO,   40.8630943,  -72.5026474,  3120.2, 30.07,  3246.7,  21.8, 129.82, 149.66,  856.01,   5.22,  -0.32,  -0.01,  -0.02,  77.9,  81.9,  27.7,  28.8,   2.0,  30.73,  32.61,    40.42,  187.72,   52.67,  36.34, 2484.4,    1.00,  352.27,  342.84,  342.83,  327.52,  338.38,  337.02, 1221.09, 1229.60, 1208.31, 1206.72, 1190.97, 1180.17, 1264.36, 1272.16,  3141.1, 141,  GPS,   81.8, 113.60, 110.85, 125.975, 121.800,  0.000,       ,  12.39, -69.8,    9.1,   82.0,  -13.6,      1,   GPS, FLCIAS,   0.0,   5.1, 921.3, 3DDiff, 1852,      ,     14,  16.0,     20
2018-08-27, 16:53:27,  -04:00,    HTO,   40.8633499,  -72.5018005,  3137.2, 30.07,  3262.3,  21.8, 130.64, 149.70,  885.93,   5.21,   0.11,  -0.00,   0.00,  78.3,  81.8,  27.7,  28.8,   2.0,  30.72,  32.60,    40.44,  187.74,   52.75,  36.34, 2486.7,    1.00,  352.15,  342.74,  342.74,  327.44,  338.47,  336.96, 1220.59, 1229.35, 1207.57, 1207.68, 1190.85, 1179.87, 1264.49, 1271.05,  3156.7, 142,  GPS,   81.8, 113.60, 110.85, 125.975, 121.800,  0.000,       ,  12.42, -69.5,    9.1,   82.0,  -13.6,      1,   GPS, FLCIAS,   0.0,   5.2, 909.4, 3DDiff, 1852,      ,     13,  16.5,     20
2018-08-27, 16:53:28,  -04:00,    HTO,   40.8636093,  -72.5009537,  3150.2, 30.07,  3278.3,  21.8, 129.96, 149.71,  849.91,   5.32,   0.20,   0.01,  -0.00,  78.2,  81.8,  27.7,  28.8,   2.0,  30.72,  32.54,    40.40,  187.74,   52.88,  36.33, 2486.2,    1.00,  352.03,  342.61,  342.68,  327.37,  338.61,  336.89, 1220.70, 1228.87, 1207.07, 1207.02, 1190.93, 1179.32, 1264.09, 1271.00,  3172.7, 141,  GPS,   81.8, 113.60, 110.85, 125.975, 121.800,  0.000,       ,  12.45, -69.1,    9.0,   82.0,  -13.6,      1,   GPS, FLCIAS,   0.0,   5.2, 921.3, 3DDiff, 1852,      ,     13,  16.0,     20
2018-08-27, 16:53:29,  -04:00,    HTO,   40.8638649,  -72.5001068,  3165.2, 30.07,  3294.2,  21.8, 130.12, 149.71,  852.05,   5.28,   0.02,  -0.01,   0.00,  78.2,  82.0,  27.7,  28.8,   2.0,  30.73,  32.53,    40.16,  187.74,   52.67,  36.33, 2487.2,    1.00,  351.96,  342.48,  342.57,  327.30,  338.72,  336.85, 1220.92, 1230.04, 1206.78, 1206.98, 1191.11, 1180.12, 1265.02, 1271.44,  3188.6, 141,  GPS,   81.8, 113.60, 110.85, 125.975, 121.800,  0.000,       ,  12.48, -68.8,    9.0,   82.0,  -13.6,      1,   GPS, FLCIAS,   0.1,   5.3, 937.0, 3DDiff, 1852,      ,     13,  16.0,     20
2018-08-27, 16:53:30,  -04:00,    HTO,   40.8641243,  -72.4992523,  3181.2, 30.07,  3309.9,  21.5, 130.42, 149.71,  878.30,   5.36,   0.07,   0.00,  -0.02,  78.4,  81.9,  27.7,  28.8,   2.0,  30.73,  32.53,    40.17,  187.74,   52.88,  36.31, 2488.2,    1.00,  351.84,  342.39,  342.53,  327.22,  338.87,  336.78, 1221.03, 1230.14, 1206.83, 1207.33, 1191.27, 1179.59, 1265.33, 1271.93,  3204.4, 142,  GPS,   81.8, 113.60, 110.85, 125.975, 121.800,  0.000,       ,  12.51, -68.5,    8.9,   82.0,  -13.6,      1,   GPS, FLCIAS,   0.1,   5.3, 940.9, 3DDiff, 1852,      ,     13,  16.0,     20
2018-08-27, 16:53:31,  -04:00,    HTO,   40.8643799,  -72.4984055,  3195.2, 30.07,  3325.5,  21.5, 129.64, 149.70,  881.89,   5.36,   0.21,   0.01,   0.00,  78.3,  81.9,  27.7,  28.8,   2.0,  30.73,  32.52,    40.30,  187.75,   53.04,  36.32, 2483.8,    0.99,  351.73,  342.29,  342.45,  327.15,  338.99,  336.74, 1220.53, 1229.61, 1207.01, 1206.70, 1191.16, 1180.28, 1264.85, 1271.16,  3219.9, 141,  GPS,   81.8, 113.60, 110.85, 125.975, 121.800,  0.000,       ,  12.53, -68.3,    8.9,   82.0,  -13.6,      1,   GPS, FLCIAS,   0.1,   5.3, 929.1, 3DDiff, 1852,      ,     13,  16.0,     20
2018-08-27, 16:53:32,  -04:00,    HTO,   40.8646355,  -72.4975586,  3209.2, 30.07,  3340.8,  21.5, 130.15, 149.71,  880.59,   5.30,   0.05,  -0.01,  -0.02,  78.3,  81.9,  27.7,  28.8,   2.0,  30.73,  32.53,    40.40,  187.75,   52.88,  36.31, 2485.7,    1.00,  351.60,  342.17,  342.38,  327.06,  339.20,  336.68, 1220.65, 1229.06, 1207.72, 1206.53, 1190.43, 1180.58, 1264.88, 1271.13,  3235.2, 141,  GPS,   81.8, 113.60, 110.85, 125.975, 121.800,  0.000,       ,  12.56, -68.0,    8.9,   82.0,  -13.6,      1,   GPS, FLCIAS,   0.1,   5.3, 917.3, 3DDiff, 1852,      ,     14,  16.5,     20
2018-08-27, 16:53:33,  -04:00,    HTO,   40.8648911,  -72.4967117,  3224.2, 30.07,  3355.6,  21.5, 129.45, 149.73,  876.50,   5.21,  -0.14,  -0.01,  -0.01,  78.4,  81.9,  27.7,  28.8,   2.0,  30.73,  32.54,    40.35,  187.74,   52.56,  36.30, 2485.6,    0.99,  351.50,  342.08,  342.29,  326.98,  339.38,  336.59, 1220.78, 1228.48, 1207.13, 1206.81, 1190.15, 1180.75, 1265.11, 1270.65,  3250.0, 141,  GPS,   81.8, 113.60, 110.85, 125.975, 121.800,  0.001,       ,  12.58, -67.8,    8.8,   82.0,  -13.6,      1,   GPS, FLCIAS,   0.0,   5.3, 897.6, 3DDiff, 1852,      ,     13,  16.5,     20
2018-08-27, 16:53:34,  -04:00,    HTO,   40.8651505,  -72.4958649,  3238.2, 30.07,  3370.1,  21.5, 129.57, 149.79,  865.66,   5.12,   0.15,  -0.01,   0.00,  78.3,  81.9,  27.7,  28.8,   2.0,  30.73,  32.56,    40.35,  187.74,   52.66,  36.32, 2487.3,    1.00,  351.39,  342.00,  342.24,  326.91,  339.54,  336.53, 1221.50, 1228.34, 1206.89, 1207.43, 1190.35, 1181.77, 1264.97, 1270.42,  3264.4, 141,  GPS,   81.8, 113.60, 110.85, 125.975, 121.800,  0.001,       ,  12.59, -67.6,    8.8,   82.0,  -13.6,      1,   GPS, FLCIAS,   0.0,   5.2, 881.9, 3DDiff, 1852,      ,     13,  16.0,     20
2018-08-27, 16:53:35,  -04:00,    HTO,   40.8654099,  -72.4950104,  3253.2, 30.07,  3384.1,  21.5, 129.88, 149.87,  865.26,   4.94,   0.04,   0.00,  -0.03,  78.3,  81.9,  27.7,  28.8,   2.0,  30.73,  32.58,    40.39,  187.76,   52.70,  36.34, 2484.8,    1.00,  351.29,  341.90,  342.16,  326.84,  339.71,  336.46, 1221.99, 1228.25, 1207.00, 1206.80, 1190.69, 1181.58, 1264.38, 1270.47,  3278.5, 141,  GPS,   81.8, 113.60, 110.85, 125.975, 121.800,  0.001,       ,  12.61, -67.4,    8.7,   82.0,  -13.6,      1,   GPS, FLCIAS,   0.0,   5.1, 893.7, 3DDiff, 1852,      ,     13,  16.0,     20
2018-08-27, 16:53:36,  -04:00,    HTO,   40.8656654,  -72.4941635,  3267.2, 30.07,  3399.3,  21.2, 129.84, 149.97,  863.20,   5.08,   0.13,  -0.01,   0.01,  78.4,  81.9,  27.7,  28.8,   2.0,  30.73,  32.58,    40.46,  187.77,   52.86,  36.32, 2487.2,    1.00,  351.18,  341.83,  342.09,  326.79,  339.89,  336.40, 1220.85, 1228.16, 1206.83, 1206.55, 1189.97, 1181.38, 1264.59, 1270.25,  3293.7, 141,  GPS,   81.8, 113.60, 110.85, 125.975, 121.800,  0.001,       ,  12.63, -67.3,    8.7,   82.0,  -13.6,      1,   GPS, FLCIAS,   0.0,   5.1, 905.5, 3DDiff, 1852,      ,     13,  16.0,     20
2018-08-27, 16:53:37,  -04:00,    HTO,   40.8659248,  -72.4933167,  3279.2, 30.07,  3414.5,  21.2, 129.31, 150.06,  838.75,   5.15,  -0.27,  -0.00,  -0.01,  78.3,  82.0,  27.7,  28.8,   2.0,  30.73,  32.59,    40.36,  187.80,   52.84,  36.31, 2484.3,    1.00,  351.05,  341.74,  342.01,  326.70,  340.06,  336.36, 1221.55, 1227.89, 1207.45, 1206.17, 1190.84, 1180.68, 1264.22, 1271.15,  3308.9, 140,  GPS,   81.8, 113.60, 110.85, 125.975, 121.800,  0.001,       ,  12.65, -67.2,    8.6,   82.0,  -13.6,      1,   GPS, FLCIAS,   0.1,   5.1, 925.2, 3DDiff, 1852,      ,     13,  16.0,     20
2018-08-27, 16:53:38,  -04:00,    HTO,   40.8661842,  -72.4924622,  3294.2, 30.07,  3429.7,  21.2, 129.10, 150.16,  842.14,   5.08,   0.16,   0.00,   0.01,  78.2,  81.8,  27.7,  28.8,   2.0,  30.74,  32.59,    40.49,  187.84,   52.82,  36.34, 2487.4,    1.00,  350.96,  341.65,  341.95,  326.66,  340.18,  336.31, 1220.87, 1228.94, 1208.04, 1206.48, 1190.96, 1181.14, 1264.92, 1270.94,  3324.1, 140,  GPS,   81.8, 113.60, 110.85, 125.975, 121.800,  0.001,       ,  12.67, -67.1,    8.6,   82.0,  -13.6,      1,   GPS, FLCIAS,   0.1,   5.1, 917.3, 3DDiff, 1852,      ,     14,  16.5,     20
2018-08-27, 16:53:39,  -04:00,    HTO,   40.8664398,  -72.4916153,  3310.2, 30.07,  3443.7,  21.2, 129.47, 150.30,  859.87,   4.93,   0.18,  -0.00,  -0.01,  78.2,  81.9,  27.7,  28.8,   2.0,  30.74,  32.58,    40.52,  187.84,   52.96,  36.36, 2488.9,    1.00,  350.84,  341.56,  341.89,  326.58,  340.35,  336.23, 1219.97, 1230.06, 1207.78, 1207.33, 1192.25, 1181.94, 1265.01, 1271.31,  3338.1, 141,  GPS,   81.8, 113.60, 110.85, 125.975, 121.800,  0.001,       ,  12.69, -67.0,    8.6,   82.0,  -13.6,      1,   GPS, FLCIAS,   0.1,   5.0, 889.8, 3DDiff, 1852,      ,     13,  16.5,     20
2018-08-27, 16:53:40,  -04:00,    HTO,   40.8666916,  -72.4907608,  3324.2, 30.07,  3457.9,  21.2, 129.57, 150.47,  855.94,   4.87,   0.26,  -0.00,  -0.02,  78.2,  81.9,  27.7,  28.8,   2.0,  30.74,  32.59,    40.56,  187.86,   52.98,  36.37, 2489.7,    1.00,  350.75,  341.49,  341.83,  326.51,  340.45,  336.18, 1220.44, 1229.37, 1207.25, 1207.17, 1192.76, 1182.16, 1265.00, 1271.20,  3352.3, 141,  GPS,   81.8, 113.60, 110.85, 125.975, 121.800,  0.001,       ,  12.71, -67.0,    8.5,   82.0,  -13.6,      1,   GPS, FLCIAS,   0.1,   5.0, 862.2, 3DDiff, 1852,      ,     13,  16.0,     20
2018-08-27, 16:53:41,  -04:00,    HTO,   40.8669510,  -72.4899063,  3338.2, 30.07,  3472.7,  21.2, 129.70, 150.65,  850.93,   4.89,   0.10,   0.01,  -0.01,  78.4,  81.9,  27.7,  28.8,   2.0,  30.75,  32.61,    40.58,  187.86,   53.01,  36.41, 2487.3,    1.00,  350.65,  341.40,  341.79,  326.48,  340.55,  336.13, 1220.06, 1230.17, 1206.94, 1207.44, 1192.17, 1182.46, 1266.13, 1271.32,  3367.1, 141,  GPS,   81.8, 113.60, 110.85, 125.975, 121.800,  0.001,       ,  12.74, -67.0,    8.5,   82.0,  -13.6,      1,   GPS, FLCIAS,   0.1,   4.9, 846.5, 3DDiff, 1852,      ,     13,  16.0,     20
2018-08-27, 16:53:42,  -04:00,    HTO,   40.8672066,  -72.4890442,  3352.2, 30.07,  3486.7,  21.0, 129.71, 150.82,  834.77,   4.90,  -0.29,   0.00,   0.00,  78.4,  81.9,  27.7,  28.8,   2.0,  30.75,  32.61,    40.24,  187.87,   52.95,  36.38, 2485.0,    1.00,  350.53,  341.32,  341.68,  326.39,  340.66,  336.04, 1220.16, 1231.16, 1206.79, 1208.26, 1192.39, 1182.07, 1267.14, 1271.25,  3381.1, 141,  GPS,   81.8, 113.60, 110.85, 125.975, 121.800,  0.001,       ,  12.76, -67.0,    8.4,   82.0,  -13.6,      1,   GPS, FLCIAS,   0.1,   4.9, 842.5, 3DDiff, 1852,      ,     13,  16.0,     20
2018-08-27, 16:53:43,  -04:00,    HTO,   40.8674660,  -72.4881973,  3365.2, 30.07,  3500.9,  21.0, 129.85, 150.98,  817.80,   4.93,  -0.15,  -0.00,   0.01,  78.4,  81.9,  27.7,  28.8,   2.0,  30.75,  32.60,    40.35,  187.88,   52.90,  36.37, 2487.7,    1.00,  350.43,  341.27,  341.62,  326.34,  340.70,  335.95, 1219.88, 1231.03, 1206.94, 1208.76, 1192.47, 1182.89, 1267.28, 1271.38,  3395.3, 141,  GPS,   81.8, 113.60, 110.85, 125.975, 121.800,  0.001,       ,  12.79, -67.1,    8.4,   82.0,  -13.6,      1,   GPS, FLCIAS,   0.1,   4.9, 858.3, 3DDiff, 1852,      ,     13,  16.0,     20
2018-08-27, 16:53:44,  -04:00,    HTO,   40.8677254,  -72.4873352,  3379.2, 30.07,  3515.5,  21.0, 129.86, 151.13,  808.95,   4.97,   0.02,   0.01,   0.01,  78.6,  81.9,  27.7,  28.8,   2.0,  30.76,  32.60,    40.36,  187.88,   52.87,  36.34, 2488.1,    1.00,  350.32,  341.19,  341.55,  326.27,  340.75,  335.91, 1219.24, 1230.11, 1207.02, 1208.29, 1191.68, 1182.23, 1266.78, 1270.98,  3409.9, 141,  GPS,   81.8, 113.60, 110.85, 125.975, 121.800,  0.001,       ,  12.82, -67.1,    8.4,   82.0,  -13.6,      1,   GPS, FLCIAS,   0.1,   4.9, 870.1, 3DDiff, 1852,      ,     13,  16.5,     20
2018-08-27, 16:53:45,  -04:00,    HTO,   40.8679886,  -72.4864731,  3393.2, 30.07,  3531.7,  21.0, 129.98, 151.27,  823.95,   4.94,   0.14,  -0.00,  -0.01,  78.6,  81.9,  27.7,  28.8,   2.0,  30.76,  32.58,    40.38,  187.88,   52.96,  36.36, 2485.7,    1.00,  350.22,  341.10,  341.49,  326.21,  340.76,  335.85, 1219.31, 1229.51, 1207.41, 1208.67, 1191.87, 1182.23, 1266.89, 1271.04,  3426.1, 141,  GPS,   81.8, 113.60, 110.85, 125.975, 121.800,  0.001,       ,  12.84, -67.2,    8.3,   82.0,  -13.6,      1,   GPS, FLCIAS,   0.1,   5.0, 881.9, 3DDiff, 1852,      ,     13,  16.5,     20
2018-08-27, 16:53:46,  -04:00,    HTO,   40.8682480,  -72.4856262,  3407.2, 30.07,  3546.8,  21.0, 129.54, 151.39,  819.93,   4.95,   0.33,   0.01,   0.00,  78.6,  81.9,  27.7,  28.8,   2.0,  30.76,  32.57,    40.60,  187.87,   52.73,  36.34, 2485.4,    1.00,  350.10,  340.99,  341.40,  326.12,  340.76,  335.79, 1219.95, 1229.18, 1207.00, 1208.76, 1190.82, 1181.72, 1266.28, 1271.03,  3441.2, 141,  GPS,   81.8, 113.60, 110.85, 125.975, 121.800,  0.001,       ,  12.87, -67.4,    8.3,   82.0,  -13.6,      1,   GPS, FLCIAS,   0.1,   5.0, 885.8, 3DDiff, 1852,      ,     13,  16.0,     20
2018-08-27, 16:53:47,  -04:00,    HTO,   40.8685074,  -72.4847641,  3421.2, 30.07,  3561.1,  21.0, 129.81, 151.50,  824.76,   4.98,   0.02,   0.00,  -0.00,  78.6,  81.9,  27.7,  28.8,   2.0,  30.76,  32.57,    40.38,  187.88,   52.64,  36.42, 2486.0,    1.00,  350.03,  340.94,  341.32,  326.08,  340.76,  335.74, 1220.27, 1229.84, 1207.25, 1208.59, 1190.59, 1181.83, 1266.23, 1271.58,  3455.5, 141,  GPS,   81.8, 113.60, 110.85, 125.975, 121.800,  0.001,       ,  12.90, -67.5,    8.2,   82.0,  -13.6,      1,   GPS, FLCIAS,   0.1,   5.0, 893.7, 3DDiff, 1852,      ,     13,  16.0,     20
2018-08-27, 16:53:48,  -04:00,    HTO,   40.8687668,  -72.4839020,  3436.2, 30.07,  3576.1,  20.8, 130.28, 151.62,  832.84,   5.04,   0.13,   0.00,  -0.01,  78.7,  82.0,  27.7,  28.8,   2.0,  30.76,  32.58,    40.36,  187.87,   52.79,  36.40, 2486.2,    1.00,  349.89,  340.88,  341.28,  326.05,  340.73,  335.67, 1220.22, 1229.85, 1207.65, 1207.96, 1189.61, 1182.20, 1266.10, 1271.33,  3470.5, 142,  GPS,   81.8, 113.60, 110.85, 125.975, 121.800,  0.001,       ,  12.92, -67.7,    8.2,   82.0,  -13.6,      1,   GPS, FLCIAS,   0.1,   5.0, 893.7, 3DDiff, 1852,      ,     13,  16.0,     20
2018-08-27, 16:53:49,  -04:00,    HTO,   40.8690262,  -72.4830399,  3449.2, 30.07,  3591.0,  20.8, 130.19, 151.70,  832.67,   5.12,   0.04,   0.00,   0.03,  78.7,  82.0,  27.7,  28.8,   2.0,  30.76,  32.59,    40.31,  187.88,   52.87,  36.38, 2484.9,    1.00,  349.79,  340.80,  341.24,  325.96,  340.70,  335.59, 1219.98, 1229.86, 1208.46, 1208.31, 1188.46, 1182.40, 1265.95, 1271.33,  3485.4, 142,  GPS,   81.8, 113.60, 110.85, 125.975, 121.800,  0.001,       ,  12.94, -67.9,    8.1,   82.0,  -13.6,      1,   GPS, FLCIAS,   0.0,   5.0, 893.7, 3DDiff, 1852,      ,     14,  16.0,     21
2018-08-27, 16:53:50,  -04:00,    HTO,   40.8692894,  -72.4821701,  3463.2, 30.07,  3606.3,  20.8, 130.03, 151.79,  836.87,   5.11,   0.02,   0.00,  -0.02,  78.7,  82.0,  27.7,  28.8,   2.0,  30.76,  32.61,    40.49,  187.86,   52.88,  36.36, 2486.0,    1.00,  349.71,  340.73,  341.16,  325.91,  340.67,  335.50, 1219.39, 1228.90, 1208.66, 1208.25, 1187.94, 1181.57, 1265.60, 1271.26,  3500.7, 142,  GPS,   81.8, 113.60, 110.85, 125.975, 121.800,  0.001,       ,  12.96, -68.1,    8.1,   82.0,  -13.6,      1,   GPS, FLCIAS,   0.0,   5.1, 917.3, 3DDiff, 1852,      ,     14,  16.5,     21
2018-08-27, 16:53:51,  -04:00,    HTO,   40.8695488,  -72.4813232,  3477.2, 30.07,  3620.3,  20.8, 129.91, 151.85,  824.49,   5.06,  -0.09,  -0.00,  -0.01,  78.6,  82.1,  27.7,  28.8,   2.0,  30.76,  32.62,    40.57,  187.85,   52.99,  36.37, 2487.1,    1.00,  349.60,  340.67,  341.10,  325.84,  340.64,  335.41, 1219.37, 1228.58, 1208.91, 1207.19, 1188.63, 1180.42, 1265.43, 1271.45,  3514.7, 142,  GPS,   81.8, 113.60, 110.85, 125.975, 121.800,  0.001,       ,  12.98, -68.4,    8.1,   82.0,  -13.7,      1,   GPS, FLCIAS,   0.0,   5.1, 921.3, 3DDiff, 1852,      ,     13,  17.0,     20
2018-08-27, 16:53:52,  -04:00,    HTO,   40.8698006,  -72.4804611,  3493.2, 30.07,  3635.5,  20.8, 129.99, 151.89,  854.36,   5.06,   0.10,  -0.00,   0.01,  78.5,  82.1,  27.7,  28.8,   2.0,  30.76,  32.63,    40.58,  187.83,   52.95,  36.35, 2486.6,    1.00,  349.49,  340.60,  341.04,  325.80,  340.58,  335.37, 1218.85, 1228.47, 1208.18, 1205.80, 1188.24, 1180.42, 1265.02, 1270.25,  3529.9, 142,  GPS,   81.8, 113.60, 110.85, 125.975, 121.800,  0.001,       ,  13.01, -68.6,    8.0,   82.0,  -13.7,      1,   GPS, FLCIAS,  -0.0,   5.1, 925.2, 3DDiff, 1852,      ,     13,  16.0,     20
2018-08-27, 16:53:53,  -04:00,    HTO,   40.8700562,  -72.4795990,  3508.2, 30.07,  3651.1,  20.5, 130.00, 151.97,  887.60,   5.16,  -0.10,  -0.00,  -0.03,  78.7,  82.1,  27.7,  28.8,   2.0,  30.76,  32.64,    40.63,  187.82,   53.06,  36.44, 2484.8,    1.00,  349.40,  340.55,  340.97,  325.72,  340.54,  335.30, 1218.87, 1229.23, 1208.52, 1206.59, 1189.11, 1180.01, 1265.60, 1270.95,  3545.5, 142,  GPS,   81.8, 113.60, 110.85, 125.975, 121.800,  0.001,       ,  13.03, -68.9,    8.0,   82.0,  -13.7,      1,   GPS, FLCIAS,  -0.0,   5.1, 925.2, 3DDiff, 1852,      ,     13,  16.0,     20
2018-08-27, 16:53:54,  -04:00,    HTO,   40.8703194,  -72.4787369,  3523.2, 30.07,  3665.7,  20.5, 129.70, 152.03,  880.72,   5.11,   0.00,  -0.00,  -0.03,  78.6,  82.1,  27.7,  28.8,   2.0,  30.75,  32.64,    40.62,  187.82,   52.77,  36.43, 2485.0,    1.00,  349.28,  340.49,  340.91,  325.66,  340.49,  335.27, 1219.40, 1229.82, 1208.26, 1207.13, 1188.81, 1180.57, 1266.15, 1270.56,  3560.1, 141,  GPS,   81.8, 113.60, 110.85, 125.975, 121.800,  0.001,       ,  13.05, -69.1,    7.9,   82.0,  -13.7,      1,   GPS, FLCIAS,  -0.0,   5.1, 878.0, 3DDiff, 1852,      ,     13,  16.0,     20
2018-08-27, 16:53:55,  -04:00,    HTO,   40.8705788,  -72.4778748,  3536.2, 30.07,  3679.5,  20.5, 129.81, 152.13,  875.03,   4.99,  -0.08,  -0.00,  -0.02,  78.6,  82.1,  27.7,  28.8,   2.0,  30.75,  32.64,    40.54,  187.83,   52.67,  36.37, 2486.6,    1.00,  349.21,  340.42,  340.85,  325.60,  340.42,  335.21, 1219.20, 1229.06, 1207.87, 1206.63, 1188.27, 1180.62, 1265.56, 1270.13,  3573.9, 142,  GPS,   81.8, 113.60, 110.85, 125.975, 121.800,  0.001,       ,  13.08, -69.3,    7.9,   82.0,  -13.7,      1,   GPS, FLCIAS,  -0.0,   5.1, 838.6, 3DDiff, 1852,      ,     14,  16.0,     21
2018-08-27, 16:53:56,  -04:00,    HTO,   40.8708344,  -72.4770126,  3549.2, 30.07,  3692.9,  20.5, 129.79, 152.24,  820.23,   4.98,   0.19,  -0.01,  -0.01,  78.5,  82.1,  27.7,  28.8,   2.0,  30.75,  32.62,    40.52,  187.82,   52.59,  36.39, 2483.7,    1.00,  349.09,  340.37,  340.79,  325.54,  340.36,  335.18, 1219.20, 1229.13, 1207.78, 1205.69, 1187.96, 1180.70, 1265.61, 1269.81,  3587.3, 142,  GPS,   81.8, 113.60, 110.85, 125.975, 121.800,  0.001,       ,  13.11, -69.6,    7.8,   82.0,  -13.7,      1,   GPS, FLCIAS,  -0.0,   5.0, 811.0, 3DDiff, 1852,      ,     14,  16.5,     21
2018-08-27, 16:53:57,  -04:00,    HTO,   40.8710976,  -72.4761429,  3563.2, 30.07,  3707.9,  20.5, 129.65, 152.36,  814.19,   4.88,  -0.20,   0.00,  -0.00,  78.6,  82.1,  27.7,  28.8,   2.0,  30.76,  32.62,    40.45,  187.85,   52.61,  36.36, 2485.5,    1.00,  349.00,  340.33,  340.73,  325.48,  340.27,  335.12, 1219.36, 1230.03, 1206.74, 1205.09, 1187.60, 1181.70, 1266.38, 1269.33,  3602.3, 141,  GPS,   81.8, 113.60, 110.85, 125.975, 121.800,  0.001,       ,  13.14, -69.8,    7.8,   82.0,  -13.7,      1,   GPS, FLCIAS,  -0.0,   5.0, 803.1, 3DDiff, 1852,      ,     13,  17.0,     20
2018-08-27, 16:53:58,  -04:00,    HTO,   40.8713608,  -72.4752731,  3576.2, 30.07,  3721.8,  20.5, 129.87, 152.49,  780.16,   4.90,   0.18,  -0.00,   0.02,  78.6,  82.1,  27.7,  28.8,   2.0,  30.76,  32.63,    40.44,  187.85,   52.68,  36.40, 2487.5,    1.00,  348.91,  340.24,  340.69,  325.42,  340.19,  335.06, 1219.41, 1229.89, 1207.23, 1205.54, 1187.80, 1181.61, 1266.23, 1269.98,  3616.2, 142,  GPS,   81.8, 113.60, 110.85, 125.975, 121.800,  0.001,       ,  13.17, -70.1,    7.8,   82.0,  -13.7,      1,   GPS, FLCIAS,  -0.0,   4.9, 822.8, 3DDiff, 1852,      ,     13,  16.0,     20
2018-08-27, 16:53:59,  -04:00,    HTO,   40.8716202,  -72.4744110,  3588.2, 30.07,  3735.6,  20.5, 129.66, 152.63,  776.89,   4.97,   0.02,   0.00,  -0.02,  78.7,  82.1,  27.7,  28.8,   2.0,  30.76,  32.62,    40.56,  187.84,   52.75,  36.42, 2483.8,    1.00,  348.81,  340.21,  340.62,  325.35,  340.11,  334.98, 1219.99, 1229.18, 1207.16, 1205.97, 1187.74, 1181.78, 1266.20, 1270.10,  3630.0, 141,  GPS,   81.8, 113.60, 110.85, 125.975, 121.800,  0.001,       ,  13.21, -70.4,    7.7,   82.0,  -13.7,      1,   GPS, FLCIAS,  -0.0,   4.9, 834.6, 3DDiff, 1852,      ,     13,  16.0,     20
2018-08-27, 16:54:00,  -04:00,    HTO,   40.8718834,  -72.4735489,  3601.2, 30.07,  3749.7,  20.2, 129.68, 152.77,  765.27,   4.92,  -0.11,  -0.00,  -0.00,  78.7,  82.1,  27.7,  28.8,   2.0,  30.76,  32.62,    40.53,  187.86,   52.72,  36.41, 2485.3,    1.00,  348.69,  340.16,  340.58,  325.32,  340.01,  334.95, 1220.97, 1228.94, 1206.79, 1207.02, 1187.55, 1181.95, 1266.63, 1270.16,  3644.1, 141,  GPS,   81.8, 113.60, 110.85, 125.975, 121.800,  0.001,       ,  13.25, -70.6,    7.7,   82.0,  -13.7,      1,   GPS, FLCIAS,  -0.0,   4.9, 830.7, 3DDiff, 1852,      ,     13,  16.0,     20
2018-08-27, 16:54:01,  -04:00,    HTO,   40.8721466,  -72.4726791,  3615.2, 30.07,  3763.6,  20.2, 129.93, 152.90,  770.28,   4.93,  -0.13,   0.00,  -0.01,  78.6,  82.1,  27.7,  28.8,   2.0,  30.76,  32.63,    40.60,  187.86,   52.62,  36.42, 2487.9,    1.00,  348.60,  340.12,  340.52,  325.26,  339.91,  334.85, 1220.44, 1229.02, 1207.41, 1207.44, 1188.24, 1181.65, 1266.18, 1270.69,  3658.0, 142,  GPS,   81.8, 113.60, 110.85, 125.975, 121.800,  0.001,       ,  13.29, -70.9,    7.6,   82.0,  -13.7,      1,   GPS, FLCIAS,  -0.0,   4.9, 830.7, 3DDiff, 1852,      ,     14,  16.0,     20
2018-08-27, 16:54:02,  -04:00,    HTO,   40.8724098,  -72.4718018,  3629.2, 30.07,  3777.4,  20.2, 130.07, 153.04,  797.98,   4.90,   0.03,   0.00,   0.02,  78.5,  82.1,  27.7,  28.8,   2.0,  30.75,  32.64,    40.66,  187.86,   52.78,  36.42, 2487.1,    1.00,  348.48,  340.06,  340.46,  325.18,  339.82,  334.81, 1220.56, 1229.18, 1207.44, 1207.68, 1189.25, 1181.94, 1266.31, 1270.57,  3671.8, 142,  GPS,   81.8, 113.60, 110.85, 125.975, 121.800,  0.001,       ,  13.33, -71.1,    7.6,   82.0,  -13.7,      1,   GPS, FLCIAS,  -0.0,   4.9, 826.8, 3DDiff, 1852,      ,     14,  16.5,     21
2018-08-27, 16:54:03,  -04:00,    HTO,   40.8726654,  -72.4709396,  3640.2, 30.07,  3790.5,  20.2, 129.94, 153.16,  768.97,   5.03,   0.14,   0.01,  -0.01,  78.1,  82.1,  27.7,  28.8,   2.0,  30.75,  32.65,    40.70,  187.85,   52.82,  36.43, 2485.7,    1.00,  348.37,  340.01,  340.40,  325.12,  339.70,  334.76, 1219.91, 1229.28, 1206.99, 1207.75, 1188.64, 1181.84, 1266.04, 1270.02,  3684.9, 142,  GPS,   81.8, 113.60, 110.85, 125.975, 121.800,  0.001,       ,  13.37, -71.4,    7.5,   82.0,  -13.7,      1,   GPS, FLCIAS,  -0.0,   4.9, 862.2, 3DDiff, 1852,      ,     13,  17.0,     20
2018-08-27, 16:54:04,  -04:00,    HTO,   40.8729248,  -72.4700699,  3655.2, 30.07,  3804.6,  20.2, 129.48, 153.29,  781.42,   4.79,   0.05,  -0.00,  -0.02,  77.9,  82.2,  27.7,  28.8,   2.0,  30.71,  32.67,    40.51,  187.84,   52.73,  36.38, 2485.5,    1.00,  348.30,  339.97,  340.37,  325.08,  339.61,  334.70, 1220.41, 1229.52, 1206.56, 1208.04, 1188.46, 1181.92, 1266.55, 1270.44,  3699.0, 141,  GPS,   81.8, 113.60, 110.85, 125.975, 121.800,  0.001,       ,  13.42, -71.6,    7.5,   82.0,  -13.7,      1,   GPS, FLCIAS,  -0.0,   5.0, 858.3, 3DDiff, 1852,      ,     13,  16.5,     20
2018-08-27, 16:54:05,  -04:00,    HTO,   40.8731880,  -72.4691925,  3669.2, 30.07,  3819.5,  20.2, 129.78, 153.45,  829.31,   4.86,   0.05,  -0.01,  -0.01,  77.8,  82.2,  27.7,  28.8,   2.0,  30.69,  32.66,    40.24,  187.85,   52.79,  36.38, 2486.4,    1.00,  348.18,  339.91,  340.31,  325.03,  339.51,  334.61, 1221.24, 1229.83, 1206.30, 1207.74, 1190.20, 1182.42, 1266.99, 1271.70,  3713.9, 142,  GPS,   81.8, 113.60, 110.85, 125.975, 121.800,  0.000,       ,  13.48, -71.8,    7.5,   82.0,  -13.7,      1,   GPS, FLCIAS,  -0.0,   4.9, 862.2, 3DDiff, 1852,      ,     13,  16.0,     20
2018-08-27, 16:54:06,  -04:00,    HTO,   40.8734474,  -72.4683304,  3682.2, 30.07,  3833.6,  20.0, 129.84, 153.62,  815.02,   4.83,   0.40,  -0.00,   0.02,  77.6,  82.2,  27.7,  28.8,   2.0,  30.69,  32.66,    40.30,  187.85,   52.83,  36.37, 2487.0,    1.00,  348.08,  339.88,  340.30,  324.99,  339.39,  334.55, 1221.34, 1228.85, 1205.22, 1208.56, 1190.64, 1182.43, 1266.93, 1271.30,  3728.0, 142,  GPS,   81.8, 113.60, 110.85, 125.975, 121.800,  0.001,       ,  13.56, -72.0,    7.4,   82.0,  -13.7,      1,   GPS, FLCIAS,  -0.1,   4.9, 846.5, 3DDiff, 1852,      ,     13,  16.0,     20
2018-08-27, 16:54:07,  -04:00,    HTO,   40.8737068,  -72.4674530,  3696.2, 30.07,  3847.9,  20.0, 129.98, 153.78,  807.15,   4.89,  -0.09,  -0.01,  -0.01,  77.6,  82.2,  27.7,  28.8,   2.0,  30.68,  32.66,    40.55,  187.83,   52.86,  36.39, 2486.5,    1.00,  348.00,  339.82,  340.21,  324.93,  339.28,  334.49, 1221.79, 1229.32, 1205.79, 1208.62, 1191.09, 1182.21, 1267.29, 1271.28,  3742.3, 142,  GPS,   81.8, 113.60, 110.85, 125.975, 121.800,  0.000,       ,  13.64, -72.2,    7.4,   82.0,  -13.7,      1,   GPS, FLCIAS,  -0.1,   4.9, 862.2, 3DDiff, 1852,      ,     14,  16.0,     20
2018-08-27, 16:54:08,  -04:00,    HTO,   40.8739700,  -72.4665833,  3712.2, 30.07,  3862.2,  20.0, 130.28, 153.93,  842.49,   4.93,  -0.53,  -0.01,   0.03,  77.6,  82.2,  27.7,  28.8,   2.0,  30.68,  32.65,    40.62,  187.83,   52.71,  36.36, 2484.9,    1.00,  347.85,  339.78,  340.16,  324.90,  339.16,  334.45, 1222.00, 1228.59, 1206.38, 1209.32, 1191.41, 1181.94, 1266.81, 1271.42,  3756.6, 142,  GPS,   81.8, 113.60, 110.85, 125.975, 121.800,  0.000,       ,  13.74, -72.3,    7.3,   82.0,  -13.7,      1,   GPS, FLCIAS,  -0.1,   4.9, 858.3, 3DDiff, 1852,      ,     14,  16.5,     21
2018-08-27, 16:54:09,  -04:00,    HTO,   40.8742371,  -72.4657059,  3724.2, 30.07,  3877.8,  20.0, 130.25, 154.05,  820.74,   4.99,  -0.25,  -0.01,   0.03,  77.5,  82.1,  27.7,  28.8,   2.0,  30.68,  32.63,    40.69,  187.84,   52.78,  36.41, 2487.4,    1.00,  347.78,  339.75,  340.12,  324.84,  339.06,  334.41, 1221.06, 1229.10, 1205.99, 1209.91, 1191.64, 1182.09, 1267.30, 1270.96,  3772.2, 142,  GPS,   81.8, 113.60, 110.85, 125.975, 121.800,  0.000,       ,  13.85, -72.3,    7.3,   82.0,  -13.7,      1,   GPS, FLCIAS,  -0.1,   4.9, 866.1, 3DDiff, 1852,      ,     13,  17.0,     20
2018-08-27, 16:54:10,  -04:00,    HTO,   40.8744888,  -72.4648514,  3739.2, 30.07,  3892.4,  20.0, 130.20, 154.15,  828.82,   4.98,  -0.16,  -0.00,   0.00,  77.6,  82.0,  27.7,  28.8,   2.0,  30.68,  32.59,    40.61,  187.88,   52.74,  36.40, 2486.0,    1.00,  347.66,  339.72,  340.09,  324.81,  338.96,  334.36, 1221.09, 1229.21, 1205.80, 1208.21, 1192.83, 1181.97, 1266.34, 1271.26,  3786.8, 142,  GPS,   81.8, 113.60, 110.85, 125.975, 121.800,  0.000,       ,  13.96, -72.3,    7.2,   82.0,  -13.7,      1,   GPS, FLCIAS,  -0.1,   5.0, 885.8, 3DDiff, 1852,      ,     13,  16.5,     20
2018-08-27, 16:54:11,  -04:00,    HTO,   40.8747559,  -72.4639740,  3753.2, 30.07,  3906.1,  20.0, 129.93, 154.24,  836.47,   5.03,  -0.18,   0.01,   0.00,  77.5,  82.0,  27.7,  28.8,   2.0,  30.69,  32.54,    40.40,  187.89,   52.69,  36.38, 2485.9,    1.00,  347.57,  339.69,  340.04,  324.75,  338.83,  334.30, 1221.80, 1229.71, 1206.85, 1207.43, 1193.64, 1181.67, 1266.53, 1272.17,  3800.5, 142,  GPS,   81.8, 113.60, 110.85, 125.975, 121.800,  0.000,       ,  14.09, -72.3,    7.2,   82.0,  -13.7,      1,   GPS, FLCIAS,  -0.0,   5.0, 897.6, 3DDiff, 1852,      ,     13,  16.0,     20
2018-08-27, 16:54:12,  -04:00,    HTO,   40.8750191,  -72.4631119,  3766.2, 30.07,  3921.1,  20.0, 129.71, 154.36,  817.54,   4.95,  -0.02,  -0.01,  -0.01,  77.4,  82.0,  27.7,  28.8,   2.0,  30.69,  32.52,    40.39,  187.89,   52.94,  36.38, 2486.0,    1.00,  347.45,  339.63,  340.00,  324.72,  338.69,  334.25, 1221.69, 1230.12, 1207.43, 1207.33, 1194.14, 1181.88, 1266.96, 1272.41,  3815.5, 142,  GPS,   81.8, 113.60, 110.85, 125.975, 121.800,  0.000,       ,  14.22, -72.2,    7.2,   82.0,  -13.7,      1,   GPS, FLCIAS,   0.0,   5.0, 901.6, 3DDiff, 1852,      ,     13,  16.0,     20
2018-08-27, 16:54:13,  -04:00,    HTO,   40.8752861,  -72.4622269,  3781.2, 30.07,  3936.2,  19.8, 130.06, 154.52,  827.44,   4.92,   0.20,  -0.00,   0.01,  77.5,  82.0,  27.7,  28.8,   2.0,  30.69,  32.52,    40.48,  187.91,   53.00,  36.38, 2487.2,    1.00,  347.36,  339.60,  339.96,  324.69,  338.57,  334.17, 1221.54, 1230.70, 1206.68, 1207.28, 1193.49, 1181.29, 1266.80, 1271.77,  3830.6, 142,  GPS,   81.8, 113.60, 110.85, 125.975, 121.800,  0.000,       ,  14.35, -72.2,    7.1,   82.0,  -13.7,      1,   GPS, FLCIAS,   0.0,   5.0, 905.5, 3DDiff, 1852,      ,     13,  16.0,     20
2018-08-27, 16:54:14,  -04:00,    HTO,   40.8755531,  -72.4613495,  3796.2, 30.07,  3951.3,  19.8, 130.15, 154.65,  858.48,   4.94,   0.29,  -0.01,   0.00,  77.7,  82.0,  27.7,  28.8,   2.0,  30.70,  32.50,    40.69,  187.92,   52.97,  36.41, 2485.4,    1.00,  347.26,  339.60,  339.93,  324.63,  338.47,  334.13, 1221.04, 1230.35, 1206.67, 1207.04, 1193.56, 1181.72, 1266.44, 1271.65,  3845.7, 142,  GPS,   81.8, 113.60, 110.85, 125.975, 121.800,  0.001,       ,  14.49, -72.1,    7.1,   82.0,  -13.7,      1,   GPS, FLCIAS,   0.1,   4.9, 913.4, 3DDiff, 1852,      ,     14,  16.5,     21
2018-08-27, 16:54:15,  -04:00,    HTO,   40.8758125,  -72.4604721,  3811.2, 30.07,  3966.7,  19.8, 130.57, 154.79,  864.12,   5.06,   0.19,   0.00,   0.03,  77.9,  82.0,  27.7,  28.8,   2.0,  30.70,  32.46,    40.50,  187.92,   52.65,  36.39, 2486.4,    1.00,  347.17,  339.57,  339.90,  324.60,  338.35,  334.06, 1219.94, 1230.37, 1206.41, 1206.53, 1192.75, 1182.03, 1266.01, 1271.09,  3861.1, 143,  GPS,   81.8, 113.60, 110.85, 125.975, 121.800,  0.001,       ,  14.63, -72.1,    7.0,   82.0,  -13.7,      1,   GPS, FLCIAS,   0.1,   4.9, 929.1, 3DDiff, 1852,      ,     13,  17.0,     20
2018-08-27, 16:54:16,  -04:00,    HTO,   40.8760757,  -72.4595947,  3825.2, 30.07,  3982.3,  19.8, 130.00, 154.89,  857.42,   5.12,  -0.05,   0.00,   0.01,  78.0,  82.0,  27.7,  28.8,   2.0,  30.70,  32.44,    40.66,  187.89,   52.80,  36.37, 2488.9,    1.00,  347.05,  339.55,  339.84,  324.56,  338.23,  334.02, 1220.85, 1229.28, 1206.43, 1205.40, 1192.81, 1182.68, 1265.55, 1271.21,  3876.7, 142,  GPS,   81.8, 113.60, 110.85, 125.975, 121.800,  0.000,       ,  14.77, -72.0,    7.0,   82.0,  -13.7,      1,   GPS, FLCIAS,   0.1,   5.0, 937.0, 3DDiff, 1852,      ,     13,  16.5,     20
2018-08-27, 16:54:17,  -04:00,    HTO,   40.8763428,  -72.4587173,  3839.2, 30.07,  3999.5,  19.8, 130.55, 154.96,  855.75,   5.20,  -0.12,   0.01,   0.01,  77.9,  82.0,  27.7,  28.8,   2.0,  30.70,  32.45,    40.67,  187.90,   52.86,  36.41, 2485.8,    1.00,  346.96,  339.54,  339.81,  324.56,  338.13,  333.94, 1222.41, 1229.69, 1206.38, 1206.86, 1193.40, 1182.95, 1266.62, 1271.38,  3893.9, 143,  GPS,   81.8, 113.60, 110.85, 125.975, 121.800,  0.001,       ,  14.90, -72.0,    6.9,   82.0,  -13.7,      1,   GPS, FLCIAS,   0.1,   5.1, 948.8, 3DDiff, 1852,      ,     13,  16.0,     20
2018-08-27, 16:54:18,  -04:00,    HTO,   40.8766098,  -72.4578400,  3854.2, 30.07,  4015.3,  19.8, 130.81, 155.00,  859.92,   5.20,   0.13,   0.01,  -0.01,  78.0,  82.1,  27.7,  28.8,   2.0,  30.70,  32.47,    40.70,  187.90,   52.87,  36.41, 2484.6,    1.00,  346.84,  339.51,  339.76,  324.59,  337.99,  333.90, 1222.19, 1229.38, 1206.15, 1206.58, 1193.54, 1182.49, 1266.82, 1270.99,  3909.7, 143,  GPS,   81.8, 113.60, 110.85, 125.975, 121.800,  0.001,       ,  15.03, -71.9,    6.9,   82.0,  -13.7,      1,   GPS, FLCIAS,   0.1,   5.1, 944.9, 3DDiff, 1852,      ,     13,  16.0,     20
2018-08-27, 16:54:19,  -04:00,    HTO,   40.8768806,  -72.4569321,  3870.2, 30.07,  4031.4,  19.8, 130.74, 155.02,  870.74,   5.23,  -0.07,  -0.00,  -0.00,  78.0,  82.1,  27.7,  28.8,   2.0,  30.69,  32.50,    40.40,  187.90,   52.66,  36.37, 2488.2,    1.00,  346.75,  339.49,  339.72,  324.64,  337.87,  333.84, 1223.08, 1229.70, 1207.12, 1207.14, 1193.29, 1182.96, 1266.76, 1271.82,  3925.8, 143,  GPS,   81.8, 113.60, 110.85, 125.975, 121.800,  0.001,       ,  15.15, -71.9,    6.9,   82.0,  -13.7,      1,   GPS, FLCIAS,   0.0,   5.2, 940.9, 3DDiff, 1852,      ,     13,  16.0,     20
2018-08-27, 16:54:20,  -04:00,    HTO,   40.8771400,  -72.4560852,  3884.2, 30.07,  4047.2,  19.8, 130.69, 155.04,  894.25,   5.37,   0.02,   0.00,  -0.02,  78.0,  82.1,  27.7,  28.8,   2.0,  30.69,  32.52,    40.63,  187.92,   52.68,  36.40, 2486.9,    1.00,  346.68,  339.48,  339.69,  324.66,  337.72,  333.78, 1223.31, 1229.33, 1206.75, 1208.15, 1192.15, 1183.17, 1266.88, 1271.49,  3941.6, 143,  GPS,   81.8, 113.60, 110.85, 125.975, 121.800,  0.001,       ,  15.27, -71.9,    6.8,   82.0,  -13.7,      1,   GPS, FLCIAS,   0.0,   5.2, 960.6, 3DDiff, 1852,      ,     14,  16.5,     21
2018-08-27, 16:54:21,  -04:00,    HTO,   40.8774071,  -72.4552002,  3899.2, 30.07,  4063.3,  19.8, 130.19, 155.02,  876.23,   5.37,   0.01,   0.01,   0.01,  78.0,  82.1,  27.7,  28.8,   2.0,  30.68,  32.54,    40.41,  187.90,   52.84,  36.36, 2484.7,    1.00,  346.59,  339.46,  339.66,  324.71,  337.62,  333.73, 1222.72, 1229.52, 1206.22, 1207.41, 1192.21, 1182.82, 1266.66, 1271.13,  3957.7, 143,  GPS,   81.8, 113.60, 110.85, 125.975, 121.800,  0.001,       ,  15.37, -71.9,    6.8,   82.0,  -13.7,      1,   GPS, FLCIAS,  -0.0,   5.3, 956.7, 3DDiff, 1852,      ,     13,  17.0,     20
2018-08-27, 16:54:22,  -04:00,    HTO,   40.8776703,  -72.4543228,  3915.2, 30.07,  4079.1,  19.5, 130.08, 155.00,  908.46,   5.21,   0.09,   0.01,  -0.04,  77.8,  82.1,  27.7,  28.8,   2.0,  30.67,  32.57,    40.35,  187.89,   52.78,  36.36, 2487.4,    1.00,  346.47,  339.45,  339.63,  324.75,  337.51,  333.69, 1221.30, 1229.25, 1206.59, 1208.32, 1192.63, 1183.25, 1266.95, 1270.68,  3973.5, 143,  GPS,   81.8, 113.60, 110.85, 125.975, 121.800,  0.001,       ,  15.46, -71.9,    6.7,   82.0,  -13.7,      1,   GPS, FLCIAS,  -0.0,   5.3, 948.8, 3DDiff, 1852,      ,     13,  16.5,     20
2018-08-27, 16:54:23,  -04:00,    HTO,   40.8779335,  -72.4534378,  3930.2, 30.07,  4093.6,  19.5, 129.91, 155.02,  915.62,   5.11,  -0.14,  -0.01,  -0.02,  77.7,  82.2,  27.7,  28.8,   2.0,  30.65,  32.59,    40.54,  187.89,   52.80,  36.35, 2486.6,    1.00,  346.35,  339.45,  339.60,  324.77,  337.43,  333.64, 1221.17, 1229.44, 1205.77, 1209.04, 1191.63, 1182.81, 1267.24, 1270.56,  3988.0, 142,  GPS,   81.8, 113.60, 110.85, 125.975, 121.800,  0.001,       ,  15.55, -71.9,    6.7,   82.0,  -13.7,      1,   GPS, FLCIAS,  -0.0,   5.3, 921.3, 3DDiff, 1852,      ,     13,  16.0,     20
2018-08-27, 16:54:24,  -04:00,    HTO,   40.8781967,  -72.4525604,  3945.2, 30.07,  4108.6,  19.5, 130.57, 155.06,  900.27,   5.04,   0.00,  -0.00,  -0.06,  77.7,  82.2,  27.7,  28.8,   2.0,  30.64,  32.60,    40.68,  187.86,   52.59,  36.36, 2485.7,    1.00,  346.29,  339.42,  339.58,  324.78,  337.32,  333.57, 1221.15, 1229.39, 1205.27, 1209.04, 1191.49, 1183.30, 1267.88, 1270.77,  4003.1, 143,  GPS,   81.8, 113.60, 110.85, 125.975, 121.800,  0.001,       ,  15.64, -71.9,    6.6,   82.0,  -13.7,      1,   GPS, FLCIAS,  -0.0,   5.2, 905.5, 3DDiff, 1852,      ,     13,  16.0,     20
2018-08-27, 16:54:25,  -04:00,    HTO,   40.8784637,  -72.4516754,  3960.2, 30.07,  4123.4,  19.5, 130.65, 155.10,  897.82,   5.16,  -0.30,   0.01,  -0.03,  77.7,  82.1,  27.7,  28.8,   2.0,  30.64,  32.60,    40.59,  187.86,   52.98,  36.38, 2485.8,    1.00,  346.19,  339.39,  339.55,  324.81,  337.20,  333.56, 1221.66, 1229.04, 1205.34, 1209.18, 1192.23, 1183.88, 1268.26, 1271.73,  4017.9, 143,  GPS,   81.8, 113.60, 110.85, 125.975, 121.800,  0.001,       ,  15.73, -71.9,    6.6,   82.0,  -13.7,      1,   GPS, FLCIAS,  -0.0,   5.2, 893.7, 3DDiff, 1852,      ,     13,  16.0,     20
2018-08-27, 16:54:26,  -04:00,    HTO,   40.8787270,  -72.4508057,  3974.2, 30.07,  4138.1,  19.5, 129.89, 155.12,  872.70,   5.16,   0.19,   0.00,   0.01,  77.6,  82.1,  27.7,  28.8,   2.0,  30.64,  32.60,    40.83,  187.86,   52.81,  36.38, 2487.3,    1.00,  346.10,  339.36,  339.51,  324.83,  337.05,  333.54, 1221.80, 1229.45, 1207.30, 1208.64, 1191.53, 1184.11, 1268.04, 1272.25,  4032.6, 143,  GPS,   81.8, 113.60, 110.85, 125.975, 121.800,  0.001,       ,  15.81, -71.9,    6.6,   82.0,  -13.7,      1,   GPS, FLCIAS,  -0.0,   5.2, 885.8, 3DDiff, 1852,      ,     14,  16.5,     21
2018-08-27, 16:54:27,  -04:00,    HTO,   40.8789864,  -72.4499207,  3989.2, 30.07,  4153.2,  19.5, 129.86, 155.16,  861.30,   5.16,  -0.03,   0.00,  -0.04,  77.5,  82.1,  27.7,  28.8,   2.0,  30.63,  32.60,    40.74,  187.86,   52.96,  36.38, 2485.6,    1.00,  346.02,  339.36,  339.50,  324.84,  336.98,  333.52, 1221.49, 1230.05, 1207.15, 1209.39, 1191.30, 1183.93, 1268.11, 1271.37,  4047.6, 142,  GPS,   81.8, 113.60, 110.85, 125.975, 121.800,  0.000,       ,  15.89, -71.9,    6.5,   82.0,  -13.7,      1,   GPS, FLCIAS,  -0.0,   5.2, 893.7, 3DDiff, 1852,      ,     13,  17.0,     20
2018-08-27, 16:54:28,  -04:00,    HTO,   40.8792496,  -72.4490356,  4002.2, 30.07,  4167.6,  19.5, 129.94, 155.22,  843.89,   5.10,  -0.18,   0.00,  -0.01,  77.4,  82.1,  27.7,  28.8,   2.0,  30.63,  32.59,    40.78,  187.83,   52.71,  36.38, 2483.8,    1.00,  345.92,  339.31,  339.43,  324.83,  336.89,  333.49, 1221.27, 1231.18, 1206.63, 1209.32, 1190.46, 1183.32, 1268.07, 1270.50,  4062.1, 143,  GPS,   81.8, 113.60, 110.85, 125.975, 121.800,  0.000,       ,  15.96, -71.8,    6.5,   82.0,  -13.7,      1,   GPS, FLCIAS,  -0.0,   5.2, 878.0, 3DDiff, 1852,      ,     13,  16.5,     20
2018-08-27, 16:54:29,  -04:00,    HTO,   40.8795128,  -72.4481506,  4017.2, 30.07,  4182.7,  19.5, 130.23, 155.29,  846.80,   5.10,   0.01,   0.00,  -0.01,  77.4,  82.1,  27.7,  28.8,   2.0,  30.62,  32.59,    40.72,  187.82,   52.81,  36.42, 2487.6,    1.00,  345.82,  339.30,  339.42,  324.83,  336.77,  333.46, 1222.02, 1230.76, 1206.55, 1208.38, 1191.08, 1182.62, 1267.86, 1271.59,  4077.1, 143,  GPS,   81.8, 113.60, 110.85, 125.975, 121.800, -0.000,       ,  16.04, -71.8,    6.4,   82.0,  -13.7,      1,   GPS, FLCIAS,  -0.0,   5.1, 866.1, 3DDiff, 1852,      ,     13,  16.0,     20
2018-08-27, 16:54:30,  -04:00,    HTO,   40.8797798,  -72.4472809,  4029.2, 30.07,  4196.9,  19.2, 129.54, 155.37,  823.55,   5.10,  -0.11,  -0.00,  -0.01,  77.3,  82.1,  27.7,  28.8,   2.0,  30.62,  32.59,    40.81,  187.80,   52.65,  36.41, 2486.0,    1.00,  345.73,  339.24,  339.41,  324.84,  336.68,  333.42, 1221.61, 1231.99, 1206.96, 1207.89, 1190.42, 1183.35, 1268.67, 1271.06,  4091.3, 142,  GPS,   81.8, 113.60, 110.85, 125.975, 121.800,  0.000,       ,  16.12, -71.7,    6.4,   82.0,  -13.7,      1,   GPS, FLCIAS,  -0.0,   5.1, 854.3, 3DDiff, 1852,      ,     13,  16.0,     20
2018-08-27, 16:54:31,  -04:00,    HTO,   40.8800430,  -72.4463959,  4043.2, 30.07,  4210.9,  19.2, 129.56, 155.47,  815.51,   5.03,   0.03,   0.00,   0.02,  77.0,  82.1,  27.7,  28.8,   2.0,  30.63,  32.60,    40.74,  187.82,   52.87,  36.40, 2486.4,    1.00,  345.64,  339.21,  339.38,  324.81,  336.59,  333.39, 1220.67, 1231.35, 1207.14, 1207.89, 1189.54, 1184.17, 1269.07, 1270.80,  4105.4, 142,  GPS,   81.8, 113.60, 110.85, 125.975, 121.800, -0.000,       ,  16.20, -71.7,    6.3,   82.0,  -13.7,      1,   GPS, FLCIAS,  -0.0,   5.1, 842.5, 3DDiff, 1852,      ,     13,  16.5,     20
2018-08-27, 16:54:32,  -04:00,    HTO,   40.8803101,  -72.4455109,  4057.2, 30.07,  4224.8,  19.2, 129.55, 155.62,  836.46,   4.93,  -0.18,   0.01,   0.02,  76.9,  82.1,  27.7,  28.8,   2.0,  30.63,  32.61,    40.64,  187.84,   52.97,  36.37, 2484.8,    1.00,  345.56,  339.17,  339.36,  324.78,  336.47,  333.36, 1221.38, 1230.19, 1207.60, 1207.36, 1189.30, 1183.63, 1268.45, 1271.39,  4119.3, 142,  GPS,   81.8, 113.60, 110.85, 125.975, 121.800, -0.000,       ,  16.29, -71.6,    6.3,   82.0,  -13.7,      1,   GPS, FLCIAS,  -0.0,   5.0, 826.8, 3DDiff, 1852,      ,     14,  16.5,     21
2018-08-27, 16:54:33,  -04:00,    HTO,   40.8805733,  -72.4446259,  4070.2, 30.07,  4238.9,  19.2, 129.63, 155.80,  819.51,   4.84,   0.15,   0.01,  -0.00,  76.8,  82.1,  27.7,  28.8,   2.0,  30.63,  32.62,    40.77,  187.86,   52.96,  36.37, 2485.9,    1.00,  345.46,  339.14,  339.35,  324.78,  336.38,  333.36, 1222.10, 1229.87, 1208.18, 1207.34, 1190.29, 1183.07, 1268.08, 1272.55,  4133.3, 142,  GPS,   81.8, 113.60, 110.85, 125.975, 121.800, -0.000,       ,  16.38, -71.5,    6.3,   82.0,  -13.7,      1,   GPS, FLCIAS,  -0.0,   4.9, 826.8, 3DDiff, 1852,      ,     13,  17.0,     20
2018-08-27, 16:54:34,  -04:00,    HTO,   40.8808479,  -72.4437408,  4082.2, 30.07,  4252.5,  19.2, 128.96, 156.01,  792.35,   4.76,  -0.12,  -0.00,  -0.03,  76.6,  82.1,  27.7,  28.8,   2.0,  30.63,  32.62,    40.51,  187.88,   53.03,  36.35, 2484.8,    1.00,  345.35,  339.09,  339.32,  324.78,  336.26,  333.33, 1222.83, 1229.62, 1208.77, 1206.29, 1190.64, 1182.69, 1267.42, 1273.03,  4147.0, 142,  GPS,   81.8, 113.60, 110.85, 125.975, 121.800,  0.000,       ,  16.49, -71.4,    6.2,   82.0,  -13.7,      1,   GPS, FLCIAS,  -0.0,   4.9, 811.0, 3DDiff, 1852,      ,     13,  16.5,     20
2018-08-27, 16:54:35,  -04:00,    HTO,   40.8811073,  -72.4428558,  4096.2, 30.07,  4264.9,  19.2, 129.76, 156.23,  783.96,   4.58,  -0.40,  -0.00,  -0.02,  76.4,  82.1,  27.7,  28.8,   2.0,  30.63,  32.63,    40.76,  187.89,   52.94,  36.36, 2487.8,    1.00,  345.30,  339.03,  339.30,  324.78,  336.19,  333.29, 1222.50, 1230.03, 1207.83, 1206.70, 1190.88, 1182.03, 1267.41, 1272.15,  4159.4, 143,  GPS,   81.8, 113.60, 110.85, 125.975, 121.800, -0.000,       ,  16.61, -71.3,    6.2,   82.0,  -13.7,      1,   GPS, FLCIAS,  -0.0,   4.8, 807.1, 3DDiff, 1852,      ,     13,  16.0,     20
2018-08-27, 16:54:36,  -04:00,    HTO,   40.8813782,  -72.4419632,  4109.2, 30.07,  4278.5,  19.2, 129.87, 156.46,  775.22,   4.90,   0.01,   0.01,   0.08,  76.3,  82.1,  27.7,  28.8,   2.0,  30.63,  32.62,    40.60,  187.91,   52.82,  36.36, 2487.0,    1.00,  345.21,  339.02,  339.29,  324.75,  336.10,  333.27, 1222.84, 1231.19, 1207.67, 1207.23, 1191.05, 1181.48, 1267.70, 1271.60,  4172.9, 143,  GPS,   81.8, 113.60, 110.85, 125.975, 121.800, -0.000,       ,  16.74, -71.2,    6.1,   82.0,  -13.7,      1,   GPS, FLCIAS,  -0.0,   4.7, 811.0, 3DDiff, 1852,      ,     13,  16.0,     20
2018-08-27, 16:54:37,  -04:00,    HTO,   40.8816452,  -72.4410782,  4124.2, 30.07,  4293.2,  19.2, 129.95, 156.62,  800.58,   4.78,  -0.01,   0.00,   0.01,  76.4,  82.0,  27.7,  28.8,   2.0,  30.64,  32.60,    40.51,  187.92,   52.82,  36.36, 2486.1,    1.00,  345.12,  338.98,  339.27,  324.73,  335.98,  333.24, 1223.34, 1231.74, 1208.74, 1206.70, 1191.83, 1182.64, 1268.14, 1272.96,  4187.6, 143,  GPS,   81.8, 113.60, 110.85, 125.975, 121.800,  0.000,       ,  16.88, -71.1,    6.1,   82.0,  -13.7,      1,   GPS, FLCIAS,  -0.0,   4.8, 874.0, 3DDiff, 1852,      ,     13,  16.5,     20
2018-08-27, 16:54:38,  -04:00,    HTO,   40.8819122,  -72.4401855,  4138.2, 30.07,  4308.1,  19.2, 130.33, 156.77,  817.23,   4.90,  -0.26,   0.01,  -0.02,  76.3,  82.0,  27.7,  28.8,   2.0,  30.64,  32.55,    40.38,  187.96,   52.63,  36.37, 2485.3,    1.00,  345.04,  338.93,  339.24,  324.74,  335.91,  333.26, 1223.83, 1231.42, 1208.46, 1207.68, 1191.78, 1182.85, 1268.60, 1273.08,  4202.5, 143,  GPS,   81.8, 113.60, 110.85, 125.975, 121.800,  0.000,       ,  17.03, -71.0,    6.0,   82.0,  -13.7,      1,   GPS, FLCIAS,   0.0,   4.8, 893.7, 3DDiff, 1852,      ,     14,  16.5,     21
2018-08-27, 16:54:39,  -04:00,    HTO,   40.8821793,  -72.4393005,  4152.2, 30.07,  4323.2,  19.2, 130.13, 156.91,  821.10,   4.97,  -0.07,  -0.01,   0.02,  76.3,  82.0,  27.7,  28.8,   2.0,  30.65,  32.55,    40.43,  187.96,   52.56,  36.36, 2486.4,    1.00,  344.97,  338.90,  339.24,  324.69,  335.83,  333.24, 1224.44, 1230.87, 1208.99, 1207.30, 1191.09, 1182.44, 1268.24, 1272.97,  4217.7, 143,  GPS,   81.8, 113.60, 110.85, 125.975, 121.800,  0.000,       ,  17.19, -70.8,    6.0,   82.0,  -13.7,      1,   GPS, FLCIAS,   0.0,   4.9, 925.2, 3DDiff, 1852,      ,     13,  17.0,     20
2018-08-27, 16:54:40,  -04:00,    HTO,   40.8824463,  -72.4384079,  4166.2, 30.07,  4338.9,  19.2, 130.10, 157.00,  848.43,   5.06,   0.18,   0.00,   0.02,  76.2,  82.0,  27.7,  28.8,   2.0,  30.65,  32.51,    40.41,  188.01,   52.84,  36.36, 2487.8,    1.00,  344.89,  338.87,  339.21,  324.69,  335.76,  333.26, 1225.07, 1230.59, 1207.71, 1207.77, 1191.00, 1182.77, 1268.35, 1272.09,  4233.3, 143,  GPS,   81.8, 113.60, 110.85, 125.975, 121.800, -0.000,       ,  17.36, -70.6,    6.0,   82.0,  -13.7,      1,   GPS, FLCIAS,   0.0,   5.0, 944.9, 3DDiff, 1852,      ,     13,  16.5,     20
2018-08-27, 16:54:41,  -04:00,    HTO,   40.8827209,  -72.4375153,  4180.2, 30.07,  4356.0,  19.2, 130.10, 157.10,  830.95,   5.03,   0.03,   0.00,  -0.01,  76.0,  82.0,  27.7,  28.8,   2.0,  30.65,  32.53,    40.66,  188.02,   52.89,  36.39, 2488.7,    1.00,  344.85,  338.86,  339.23,  324.72,  335.68,  333.26, 1224.75, 1230.98, 1209.72, 1208.10, 1190.27, 1181.46, 1267.98, 1273.05,  4250.4, 143,  GPS,   81.8, 113.60, 110.85, 125.975, 121.800,  0.000,       ,  17.53, -70.4,    5.9,   82.0,  -13.7,      1,   GPS, FLCIAS,   0.1,   5.0, 976.4, 3DDiff, 1852,      ,     13,  16.0,     20
2018-08-27, 16:54:42,  -04:00,    HTO,   40.8829842,  -72.4366226,  4198.2, 30.07,  4372.4,  19.0, 129.99, 157.22,  891.31,   5.10,   0.11,  -0.00,   0.01,  75.8,  82.0,  27.7,  28.8,   2.0,  30.64,  32.54,    40.65,  188.04,   52.78,  36.38, 2484.8,    1.00,  344.76,  338.83,  339.20,  324.69,  335.63,  333.26, 1224.95, 1231.28, 1210.71, 1208.44, 1190.86, 1181.50, 1267.95, 1274.04,  4266.8, 143,  GPS,   81.8, 113.60, 110.85, 125.975, 121.800,  0.000,       ,  17.70, -70.2,    5.9,   82.0,  -13.7,      1,   GPS, FLCIAS,   0.1,   5.0, 984.3, 3DDiff, 1852,      ,     13,  16.0,     20
2018-08-27, 16:54:43,  -04:00,    HTO,   40.8832550,  -72.4357376,  4213.2, 30.07,  4388.7,  19.0, 130.05, 157.33,  936.09,   5.00,  -0.08,  -0.00,   0.00,  75.7,  82.0,  27.7,  28.8,   2.0,  30.57,  32.54,    40.60,  188.04,   52.99,  36.37, 2486.5,    1.00,  344.69,  338.81,  339.20,  324.69,  335.58,  333.29, 1225.82, 1230.44, 1210.71, 1208.37, 1191.54, 1182.77, 1267.69, 1274.16,  4283.1, 143,  GPS,   81.8, 113.60, 110.85, 125.975, 121.800,  0.000,       ,  17.88, -70.0,    5.8,   82.0,  -13.7,      1,   GPS, FLCIAS,   0.1,   5.0, 980.3, 3DDiff, 1852,      ,     13,  16.5,     20
2018-08-27, 16:54:44,  -04:00,    HTO,   40.8835220,  -72.4348373,  4229.2, 30.07,  4404.9,  19.0, 130.09, 157.45,  917.04,   4.95,  -0.43,   0.00,  -0.01,  75.4,  82.0,  27.7,  28.8,   1.9,  30.54,  32.54,    40.57,  188.05,   52.67,  36.34, 2487.4,    1.00,  344.61,  338.75,  339.18,  324.69,  335.50,  333.29, 1225.73, 1230.88, 1209.69, 1209.26, 1191.46, 1183.18, 1268.82, 1273.47,  4299.3, 143,  GPS,   81.8, 113.60, 110.85, 125.975, 121.800,  0.000,       ,  18.06, -69.8,    5.8,   82.0,  -13.7,      1,   GPS, FLCIAS,   0.1,   5.0, 972.4, 3DDiff, 1852,      ,     14,  16.5,     21
2018-08-27, 16:54:45,  -04:00,    HTO,   40.8837967,  -72.4339447,  4245.2, 30.07,  4421.8,  19.0, 130.45, 157.55,  934.58,   5.02,  -0.26,  -0.00,  -0.00,  75.3,  82.0,  27.7,  28.8,   2.0,  30.52,  32.55,    40.74,  188.06,   52.60,  36.36, 2487.2,    1.00,  344.54,  338.74,  339.18,  324.66,  335.46,  333.29, 1225.79, 1231.30, 1209.59, 1210.00, 1193.02, 1183.30, 1269.73, 1274.34,  4316.3, 144,  GPS,   81.8, 113.60, 110.85, 125.975, 121.800,  0.000,       ,  18.26, -69.6,    5.7,   82.1,  -13.7,      1,   GPS, FLCIAS,   0.1,   5.0, 972.4, 3DDiff, 1852,      ,     13,  17.0,     20
2018-08-27, 16:54:46,  -04:00,    HTO,   40.8840714,  -72.4330521,  4261.2, 30.07,  4438.4,  19.0, 130.71, 157.59,  946.14,   5.16,  -0.04,   0.00,   0.01,  75.3,  81.8,  27.7,  28.8,   2.0,  30.53,  32.54,    40.60,  188.07,   52.69,  36.38, 2486.8,    1.00,  344.49,  338.72,  339.20,  324.66,  335.40,  333.27, 1226.72, 1231.45, 1209.50, 1209.08, 1193.13, 1182.68, 1269.47, 1275.05,  4332.9, 144,  GPS,   81.8, 113.60, 110.85, 125.975, 121.800,  0.001,       ,  18.46, -69.3,    5.7,   82.1,  -13.7,      1,   GPS, FLCIAS,   0.1,   5.1, 980.3, 3DDiff, 1852,      ,     13,  16.5,     20
2018-08-27, 16:54:47,  -04:00,    HTO,   40.8843422,  -72.4321594,  4276.2, 30.07,  4455.3,  19.0, 130.58, 157.61,  932.76,   5.25,   0.11,  -0.00,  -0.00,  75.2,  81.9,  27.7,  28.8,   2.0,  30.54,  32.52,    40.64,  188.07,   52.88,  36.38, 2488.4,    1.00,  344.43,  338.70,  339.23,  324.66,  335.34,  333.29, 1226.55, 1231.59, 1209.20, 1209.11, 1193.39, 1182.10, 1269.39, 1274.40,  4349.7, 144,  GPS,   81.8, 113.60, 110.85, 125.975, 121.800,  0.001,       ,  18.66, -69.0,    5.6,   82.1,  -13.7,      1,   GPS, FLCIAS,   0.1,   5.1, 1003.9, 3DDiff, 1852,      ,     13,  16.0,     20
2018-08-27, 16:54:48,  -04:00,    HTO,   40.8846130,  -72.4312668,  4292.2, 30.07,  4472.4,  19.0, 130.69, 157.61,  925.87,   5.33,   0.18,  -0.00,   0.00,  75.2,  81.9,  27.7,  28.8,   2.0,  30.56,  32.48,    40.64,  188.10,   52.71,  36.37, 2487.9,    1.00,  344.37,  338.69,  339.26,  324.66,  335.30,  333.29, 1226.47, 1231.12, 1209.04, 1208.52, 1194.30, 1182.27, 1269.40, 1274.07,  4366.9, 144,  GPS,   81.8, 113.60, 110.85, 125.975, 121.800,  0.001,       ,  18.87, -68.7,    5.6,   82.1,  -13.7,      1,   GPS, FLCIAS,   0.1,   5.2, 1015.7, 3DDiff, 1852,      ,     13,  16.0,     20
2018-08-27, 16:54:49,  -04:00,    HTO,   40.8848839,  -72.4303741,  4308.2, 30.07,  4489.7,  19.0, 130.74, 157.57,  937.64,   5.43,   0.16,   0.00,   0.00,  75.2,  81.9,  27.7,  28.8,   2.0,  30.57,  32.47,    40.44,  188.10,   52.94,  36.39, 2488.1,    1.00,  344.32,  338.68,  339.26,  324.66,  335.25,  333.27, 1226.17, 1231.73, 1209.57, 1209.77, 1194.84, 1182.63, 1270.08, 1274.55,  4384.1, 144,  GPS,   81.8, 113.60, 110.85, 125.975, 121.800,  0.001,       ,  19.08, -68.4,    5.6,   82.1,  -13.7,      1,   GPS, FLCIAS,   0.1,   5.3, 1027.6, 3DDiff, 1852,      ,     13,  16.5,     20
2018-08-27, 16:54:50,  -04:00,    HTO,   40.8851547,  -72.4294815,  4324.2, 30.07,  4507.3,  19.0, 130.54, 157.53,  936.18,   5.45,   0.11,   0.00,   0.00,  75.1,  81.9,  27.7,  28.8,   2.0,  30.59,  32.47,    40.71,  188.13,   52.75,  36.37, 2487.7,    1.00,  344.25,  338.66,  339.25,  324.65,  335.21,  333.29, 1226.46, 1232.04, 1210.14, 1208.88, 1194.85, 1182.24, 1269.23, 1274.54,  4401.7, 144,  GPS,   81.8, 113.60, 110.85, 125.975, 121.800,  0.001,       ,  19.29, -68.1,    5.5,   82.1,  -13.7,      1,   GPS, FLCIAS,   0.1,   5.4, 1043.3, 3DDiff, 1852,      ,     14,  16.5,     21
2018-08-27, 16:54:51,  -04:00,    HTO,   40.8854256,  -72.4285812,  4340.2, 30.07,  4525.1,  19.0, 130.45, 157.49,  946.22,   5.37,   0.11,   0.00,   0.00,  75.0,  81.9,  27.7,  28.8,   2.0,  30.60,  32.49,    40.60,  188.16,   52.97,  36.39, 2489.4,    1.00,  344.21,  338.63,  339.32,  324.65,  335.16,  333.33, 1226.36, 1232.82, 1209.47, 1209.50, 1195.27, 1183.09, 1269.78, 1274.66,  4419.5, 144,  GPS,   81.8, 113.60, 110.85, 125.975, 121.800,  0.001,       ,  19.49, -67.8,    5.5,   82.1,  -13.7,      1,   GPS, FLCIAS,   0.2,   5.4, 1051.2, 3DDiff, 1852,      ,     13,  17.0,     20
2018-08-27, 16:54:52,  -04:00,    HTO,   40.8856888,  -72.4276962,  4359.2, 30.07,  4542.6,  19.0, 130.49, 157.43,  997.51,   5.39,   0.10,  -0.00,  -0.01,  75.0,  81.9,  27.7,  28.8,   2.0,  30.60,  32.50,    40.45,  188.17,   52.89,  36.29, 2486.7,    1.00,  344.15,  338.63,  339.32,  324.62,  335.12,  333.33, 1226.49, 1232.27, 1209.10, 1209.43, 1194.68, 1183.50, 1269.79, 1274.21,  4437.0, 144,  GPS,   81.8, 113.60, 110.85, 125.975, 121.800,  0.001,       ,  19.69, -67.4,    5.4,   82.1,  -13.7,      1,   GPS, FLCIAS,   0.2,   5.4, 1059.1, 3DDiff, 1852,      ,     13,  16.5,     20
2018-08-27, 16:54:53,  -04:00,    HTO,   40.8859634,  -72.4268112,  4375.2, 30.07,  4560.0,  19.0, 130.11, 157.39, 1010.06,   5.35,   0.21,  -0.00,  -0.02,  75.0,  81.9,  27.7,  28.8,   2.0,  30.61,  32.51,    40.42,  188.18,   52.88,  36.28, 2485.4,    0.99,  344.11,  338.60,  339.36,  324.59,  335.10,  333.36, 1227.23, 1233.00, 1209.21, 1209.11, 1195.93, 1184.66, 1270.25, 1274.41,  4454.4, 144,  GPS,   81.8, 113.60, 110.85, 125.975, 121.800,  0.001,       ,  19.89, -67.1,    5.4,   82.1,  -13.7,      1,   GPS, FLCIAS,   0.2,   5.4, 1055.1, 3DDiff, 1852,      ,     13,  16.0,     20
2018-08-27, 16:54:54,  -04:00,    HTO,   40.8862343,  -72.4259109,  4391.2, 30.07,  4577.5,  19.0, 130.11, 157.37, 1003.67,   5.34,   0.13,   0.00,  -0.01,  75.1,  81.9,  27.7,  28.8,   2.0,  30.61,  32.52,    40.33,  188.20,   52.75,  36.24, 2487.1,    0.99,  344.05,  338.59,  339.44,  324.59,  335.09,  333.39, 1227.48, 1232.42, 1209.08, 1208.94, 1195.74, 1184.75, 1269.89, 1274.60,  4471.9, 144,  GPS,   81.8, 113.60, 110.85, 125.975, 121.800,  0.002,       ,  20.08, -66.7,    5.3,   82.1,  -13.7,      1,   GPS, FLCIAS,   0.2,   5.3, 1047.2, 3DDiff, 1852,      ,     13,  16.0,     20
2018-08-27, 16:54:55,  -04:00,    HTO,   40.8865051,  -72.4250183,  4408.2, 30.07,  4594.5,  19.0, 129.97, 157.39,  996.95,   5.19,   0.10,  -0.00,  -0.01,  75.1,  81.9,  27.7,  28.8,   2.0,  30.63,  32.52,    40.29,  188.24,   52.66,  36.24, 2489.5,    1.00,  344.02,  338.57,  339.48,  324.61,  335.09,  333.42, 1229.07, 1233.83, 1209.81, 1209.41, 1197.02, 1185.82, 1271.07, 1276.78,  4489.0, 144,  GPS,   81.8, 113.60, 110.85, 125.975, 121.800,  0.002,       ,  20.27, -66.4,    5.3,   82.1,  -13.7,      1,   GPS, FLCIAS,   0.2,   5.3, 1027.6, 3DDiff, 1852,      ,     13,  16.5,     20
2018-08-27, 16:54:56,  -04:00,    HTO,   40.8867722,  -72.4241333,  4423.2, 30.07,  4611.3,  19.0, 130.16, 157.41,  964.10,   5.19,   0.12,  -0.00,  -0.00,  75.2,  81.9,  27.7,  28.8,   2.0,  30.63,  32.53,    40.06,  188.27,   52.66,  36.26, 2488.2,    1.00,  343.96,  338.56,  339.57,  324.62,  335.07,  333.45, 1229.93, 1234.46, 1210.27, 1210.09, 1198.16, 1186.46, 1271.67, 1277.56,  4505.8, 144,  GPS,   81.8, 113.60, 110.85, 125.975, 121.800,  0.002,       ,  20.46, -66.1,    5.3,   82.1,  -13.7,      1,   GPS, FLCIAS,   0.2,   5.2, 1011.8, 3DDiff, 1852,      ,     14,  16.5,     21
2018-08-27, 16:54:57,  -04:00,    HTO,   40.8870430,  -72.4232330,  4439.2, 30.07,  4627.8,  19.2, 130.34, 157.45,  951.85,   5.17,   0.15,   0.00,  -0.00,  75.2,  81.9,  27.7,  28.8,   2.0,  30.64,  32.54,    40.10,  188.29,   52.72,  36.28, 2484.9,    0.99,  343.93,  338.56,  339.62,  324.62,  335.09,  333.51, 1230.25, 1234.09, 1210.86, 1210.95, 1199.18, 1187.55, 1271.98, 1277.93,  4522.2, 144,  GPS,   81.8, 113.60, 110.85, 125.975, 121.800,  0.002,       ,  20.64, -65.8,    5.2,   82.1,  -13.7,      1,   GPS, FLCIAS,   0.2,   5.2, 1011.8, 3DDiff, 1852,      ,     13,  17.0,     20
2018-08-27, 16:54:58,  -04:00,    HTO,   40.8873177,  -72.4223404,  4456.2, 30.07,  4645.0,  19.2, 130.55, 157.47,  960.66,   5.24,   0.18,   0.00,  -0.00,  75.3,  81.9,  27.7,  28.8,   2.0,  30.65,  32.54,    40.43,  188.35,   52.88,  36.26, 2488.0,    0.99,  343.90,  338.56,  339.74,  324.65,  335.15,  333.54, 1230.89, 1234.73, 1211.31, 1210.28, 1198.37, 1186.72, 1272.31, 1277.85,  4539.5, 144,  GPS,   81.8, 113.60, 110.85, 125.975, 121.800,  0.002,       ,  20.80, -65.5,    5.2,   82.1,  -13.7,      1,   GPS, FLCIAS,   0.2,   5.2, 1011.8, 3DDiff, 1852,      ,     13,  16.5,     20
2018-08-27, 16:54:59,  -04:00,    HTO,   40.8875847,  -72.4214478,  4471.2, 30.07,  4661.8,  19.2, 130.68, 157.45,  942.77,   5.36,   0.19,  -0.00,   0.01,  75.4,  82.0,  27.7,  28.8,   2.0,  30.65,  32.56,    40.38,  188.38,   52.69,  36.28, 2487.8,    0.99,  343.87,  338.56,  339.84,  324.65,  335.18,  333.60, 1232.18, 1234.84, 1211.49, 1211.16, 1200.08, 1187.98, 1272.46, 1278.87,  4556.2, 145,  GPS,   81.8, 113.60, 110.85, 125.975, 121.800,  0.002,       ,  20.96, -65.2,    5.1,   82.1,  -13.7,      1,   GPS, FLCIAS,   0.2,   5.3, 1019.7, 3DDiff, 1852,      ,     13,  16.0,     20
2018-08-27, 16:55:00,  -04:00,    HTO,   40.8878517,  -72.4205551,  4487.2, 30.07,  4679.5,  19.2, 130.94, 157.41,  943.66,   5.47,   0.22,  -0.00,   0.01,  75.4,  82.0,  27.7,  28.8,   2.0,  30.65,  32.57,    40.21,  188.43,   52.72,  36.26, 2485.9,    0.99,  343.85,  338.57,  339.95,  324.66,  335.24,  333.63, 1232.15, 1235.25, 1212.57, 1211.52, 1200.09, 1187.68, 1272.92, 1279.05,  4574.0, 145,  GPS,   81.8, 113.60, 110.85, 125.975, 121.800,  0.002,       ,  21.11, -64.9,    5.1,   82.1,  -13.7,      1,   GPS, FLCIAS,   0.2,   5.3, 1051.2, 3DDiff, 1852,      ,     13,  16.5,     20
2018-08-27, 16:55:01,  -04:00,    HTO,   40.8881226,  -72.4196701,  4505.2, 30.07,  4697.8,  19.2, 131.12, 157.30,  970.02,   5.60,   0.07,  -0.00,   0.00,  75.5,  82.0,  27.7,  28.8,   2.0,  30.65,  32.58,    40.17,  188.46,   52.84,  36.30, 2486.8,    1.00,  343.80,  338.59,  340.05,  324.69,  335.33,  333.69, 1231.91, 1236.39, 1212.29, 1211.68, 1199.76, 1188.51, 1273.70, 1278.87,  4592.2, 145,  GPS,   81.8, 113.60, 110.85, 125.975, 121.800,  0.002,       ,  21.24, -64.6,    5.0,   82.1,  -13.7,      1,   GPS, FLCIAS,   0.1,   5.5, 1086.6, 3DDiff, 1852,      ,     14,  16.5,     20
2018-08-27, 16:55:02,  -04:00,    HTO,   40.8883934,  -72.4187775,  4522.2, 30.07,  4716.4,  19.2, 130.68, 157.14,  997.79,   5.70,   0.09,   0.00,   0.01,  75.6,  82.0,  27.7,  28.8,   2.0,  30.65,  32.60,    40.35,  188.48,   52.70,  36.30, 2488.2,    0.99,  343.78,  338.59,  340.17,  324.72,  335.45,  333.75, 1232.10, 1236.13, 1212.26, 1211.69, 1198.84, 1188.23, 1273.71, 1278.82,  4610.8, 145,  GPS,   81.8, 113.60, 110.85, 125.975, 121.800,  0.002,       ,  21.35, -64.4,    5.0,   82.1,  -13.7,      1,   GPS, FLCIAS,   0.1,   5.6, 1110.2, 3DDiff, 1852,      ,     14,  16.5,     21
2018-08-27, 16:55:03,  -04:00,    HTO,   40.8886604,  -72.4178772,  4540.2, 30.07,  4735.6,  19.2, 131.15, 156.97, 1034.09,   5.72,   0.13,  -0.00,  -0.00,  75.7,  82.1,  27.7,  28.8,   2.0,  30.65,  32.61,    40.21,  188.51,   52.75,  36.27, 2488.2,    0.99,  343.75,  338.60,  340.29,  324.75,  335.58,  333.83, 1231.26, 1235.52, 1211.76, 1211.48, 1199.68, 1187.72, 1273.62, 1278.97,  4630.0, 145,  GPS,   81.8, 113.60, 110.85, 125.975, 121.800,  0.002,       ,  21.45, -64.1,    4.9,   82.1,  -13.7,      1,   GPS, FLCIAS,   0.1,   5.7, 1137.8, 3DDiff, 1852,      ,     13,  17.0,     20
2018-08-27, 16:55:04,  -04:00,    HTO,   40.8889275,  -72.4169998,  4558.2, 30.07,  4754.4,  19.2, 131.10, 156.77, 1045.29,   5.82,   0.00,   0.00,  -0.00,  75.7,  82.1,  27.7,  28.8,   1.9,  30.65,  32.63,    40.37,  188.56,   52.70,  36.27, 2486.8,    0.99,  343.75,  338.65,  340.41,  324.75,  335.72,  333.90, 1231.51, 1234.70, 1211.68, 1210.95, 1200.41, 1188.40, 1272.92, 1279.08,  4648.9, 145,  GPS,   81.8, 113.60, 110.85, 125.975, 121.800,  0.002,       ,  21.53, -63.8,    4.9,   82.1,  -13.7,      1,   GPS, FLCIAS,   0.1,   5.7, 1153.5, 3DDiff, 1852,      ,     13,  16.5,     20
2018-08-27, 16:55:05,  -04:00,    HTO,   40.8891945,  -72.4161072,  4577.2, 30.07,  4774.0,  19.2, 131.02, 156.54, 1063.26,   5.88,   0.14,   0.00,   0.00,  75.7,  82.1,  27.7,  28.8,   2.0,  30.65,  32.64,    40.31,  188.59,   52.79,  36.29, 2488.8,    0.99,  343.72,  338.66,  340.58,  324.80,  335.89,  333.96, 1231.88, 1235.47, 1212.12, 1211.37, 1200.59, 1188.46, 1273.88, 1279.55,  4668.4, 145,  GPS,   81.8, 113.60, 110.85, 125.975, 121.800,  0.002,       ,  21.59, -63.6,    4.9,   82.1,  -13.7,      1,   GPS, FLCIAS,   0.1,   5.8, 1161.4, 3DDiff, 1852,      ,     13,  16.5,     20
2018-08-27, 16:55:06,  -04:00,    HTO,   40.8894615,  -72.4152145,  4595.2, 30.07,  4793.3,  19.5, 131.13, 156.30, 1069.26,   5.91,   0.16,   0.00,  -0.01,  75.7,  82.3,  27.7,  28.8,   2.0,  30.64,  32.65,    40.34,  188.61,   52.76,  36.29, 2488.2,    0.99,  343.72,  338.74,  340.75,  324.83,  336.08,  334.05, 1232.58, 1235.25, 1213.14, 1210.76, 1200.50, 1188.35, 1273.43, 1280.36,  4687.7, 145,  GPS,   81.8, 113.60, 110.85, 125.975, 121.800,  0.002,       ,  21.64, -63.3,    4.8,   82.1,  -13.7,      1,   GPS, FLCIAS,   0.1,   5.9, 1161.4, 3DDiff, 1852,      ,     13,  16.5,     20
2018-08-27, 16:55:07,  -04:00,    HTO,   40.8897209,  -72.4143372,  4613.2, 30.07,  4812.6,  19.5, 131.17, 156.05, 1090.02,   5.95,  -0.03,  -0.00,  -0.00,  75.6,  82.2,  27.7,  28.8,   2.0,  30.64,  32.67,    40.22,  188.63,   52.91,  36.29, 2487.6,    0.99,  343.69,  338.77,  340.92,  324.87,  336.28,  334.14, 1233.23, 1235.72, 1212.05, 1210.76, 1200.06, 1187.63, 1273.64, 1279.94,  4707.0, 146,  GPS,   81.8, 113.60, 110.85, 125.975, 121.800,  0.002,       ,  21.66, -63.0,    4.8,   82.1,  -13.7,      1,   GPS, FLCIAS,   0.0,   5.9, 1165.4, 3DDiff, 1852,      ,     14,  16.5,     20
2018-08-27, 16:55:08,  -04:00,    HTO,   40.8899841,  -72.4134445,  4632.2, 30.07,  4832.2,  19.5, 131.09, 155.80, 1099.92,   5.98,  -0.15,   0.00,   0.00,  75.6,  82.2,  27.7,  28.8,   2.0,  30.63,  32.68,    40.29,  188.66,   52.89,  36.29, 2487.1,    0.99,  343.69,  338.79,  341.14,  324.93,  336.51,  334.24, 1233.44, 1236.38, 1212.13, 1212.27, 1199.68, 1188.26, 1274.75, 1279.86,  4726.6, 146,  GPS,   81.8, 113.60, 110.85, 125.975, 121.800,  0.002,       ,  21.67, -62.7,    4.7,   82.1,  -13.7,      1,   GPS, FLCIAS,   0.0,   6.0, 1169.3, 3DDiff, 1852,      ,     14,  17.0,     21
2018-08-27, 16:55:09,  -04:00,    HTO,   40.8902512,  -72.4125748,  4651.2, 30.07,  4851.9,  19.5, 131.57, 155.49, 1094.35,   6.05,  -0.16,   0.00,   0.01,  75.7,  82.2,  27.7,  28.8,   1.9,  30.62,  32.69,    40.23,  188.69,   52.67,  36.27, 2488.2,    0.99,  343.69,  338.84,  341.36,  324.96,  336.74,  334.30, 1232.88, 1236.71, 1211.65, 1213.10, 1200.24, 1188.04, 1275.01, 1280.01,  4746.4, 146,  GPS,   81.8, 113.60, 110.85, 125.975, 121.800,  0.002,       ,  21.66, -62.4,    4.7,   82.1,  -13.7,      1,   GPS, FLCIAS,  -0.0,   6.0, 1181.1, 3DDiff, 1852,      ,     13,  17.5,     20
2018-08-27, 16:55:10,  -04:00,    HTO,   40.8905144,  -72.4116821,  4669.2, 30.07,  4872.5,  19.5, 131.36, 155.14, 1096.54,   6.19,  -0.02,   0.00,   0.00,  75.7,  82.2,  27.7,  28.8,   1.9,  30.63,  32.69,    40.18,  188.72,   52.81,  36.27, 2486.9,    0.99,  343.69,  338.93,  341.63,  325.02,  336.99,  334.41, 1234.23, 1236.30, 1212.59, 1212.68, 1199.96, 1187.92, 1275.05, 1281.14,  4766.9, 146,  GPS,   81.8, 113.60, 110.85, 125.975, 121.800,  0.002,       ,  21.64, -62.1,    4.6,   82.1,  -13.7,      1,   GPS, FLCIAS,  -0.0,   6.1, 1200.8, 3DDiff, 1852,      ,     13,  17.0,     20
2018-08-27, 16:55:11,  -04:00,    HTO,   40.8907738,  -72.4108047,  4688.2, 30.07,  4892.9,  19.5, 131.10, 154.79, 1107.89,   6.24,   0.01,  -0.00,   0.00,  75.7,  82.2,  27.7,  28.8,   1.9,  30.63,  32.69,    40.16,  188.75,   52.68,  36.27, 2487.0,    0.99,  343.69,  339.00,  341.88,  325.05,  337.22,  334.51, 1235.20, 1236.31, 1212.80, 1211.48, 1199.92, 1188.17, 1274.45, 1281.35,  4787.3, 146,  GPS,   81.8, 113.60, 110.85, 125.975, 121.800,  0.002,       ,  21.61, -61.7,    4.6,   82.1,  -13.7,      1,   GPS, FLCIAS,  -0.0,   6.1, 1216.5, 3DDiff, 1852,      ,     13,  16.5,     20
2018-08-27, 16:55:12,  -04:00,    HTO,   40.8910332,  -72.4099274,  4708.2, 30.07,  4913.5,  19.5, 131.10, 154.42, 1140.80,   6.17,   0.00,  -0.00,  -0.00,  75.6,  82.2,  27.7,  28.8,   1.9,  30.63,  32.70,    40.33,  188.81,   52.78,  36.26, 2487.0,    0.99,  343.71,  339.05,  342.13,  325.10,  337.48,  334.60, 1234.92, 1236.94, 1212.95, 1211.46, 1199.38, 1187.76, 1274.98, 1281.64,  4807.9, 146,  GPS,   81.8, 113.60, 110.85, 125.975, 121.800,  0.001,       ,  21.56, -61.3,    4.6,   82.1,  -13.7,      1,   GPS, FLCIAS,  -0.0,   6.2, 1224.4, 3DDiff, 1852,      ,     13,  16.5,     20
2018-08-27, 16:55:13,  -04:00,    HTO,   40.8912964,  -72.4090576,  4728.2, 30.07,  4934.2,  19.5, 130.55, 154.09, 1178.56,   6.15,  -0.02,   0.00,  -0.02,  75.7,  82.3,  27.7,  28.8,   1.9,  30.63,  32.70,    40.31,  188.86,   52.74,  36.28, 2484.1,    0.99,  343.72,  339.13,  342.40,  325.14,  337.73,  334.67, 1234.91, 1237.23, 1212.54, 1212.12, 1199.33, 1188.31, 1275.45, 1281.24,  4828.7, 145,  GPS,   81.8, 113.60, 110.85, 125.975, 121.800,  0.001,       ,  21.49, -60.9,    4.5,   82.1,  -13.7,      1,   GPS, FLCIAS,  -0.0,   6.2, 1236.2, 3DDiff, 1852,      ,     13,  16.5,     20
2018-08-27, 16:55:14,  -04:00,    HTO,   40.8915596,  -72.4081802,  4748.2, 30.07,  4954.5,  19.8, 130.23, 153.80, 1173.79,   6.02,  -0.10,  -0.01,  -0.02,  75.7,  82.3,  27.7,  28.8,   2.0,  30.63,  32.71,    40.22,  188.91,   52.57,  36.26, 2487.6,    0.99,  343.72,  339.20,  342.64,  325.20,  338.00,  334.78, 1234.78, 1237.40, 1212.05, 1212.26, 1199.15, 1188.15, 1275.70, 1280.94,  4849.0, 145,  GPS,   81.8, 113.60, 110.85, 125.975, 121.800,  0.001,       ,  21.41, -60.5,    4.5,   82.1,  -13.7,      1,   GPS, FLCIAS,  -0.1,   6.1, 1220.5, 3DDiff, 1852,      ,     14,  17.0,     21
2018-08-27, 16:55:15,  -04:00,    HTO,   40.8918190,  -72.4073105,  4766.2, 30.07,  4974.3,  19.8, 130.12, 153.54, 1164.60,   5.90,  -0.09,   0.00,  -0.02,  75.7,  82.3,  27.7,  28.8,   2.0,  30.64,  32.70,    40.31,  188.96,   52.58,  36.24, 2486.7,    0.99,  343.75,  339.27,  342.88,  325.28,  338.30,  334.88, 1236.04, 1237.74, 1213.11, 1211.77, 1199.90, 1188.78, 1275.60, 1282.00,  4868.8, 145,  GPS,   81.8, 113.60, 110.85, 125.975, 121.800,  0.001,       ,  21.33, -60.1,    4.4,   82.1,  -13.7,      1,   GPS, FLCIAS,  -0.1,   6.0, 1189.0, 3DDiff, 1852,      ,     13,  17.5,     20
2018-08-27, 16:55:16,  -04:00,    HTO,   40.8920784,  -72.4064407,  4784.2, 30.07,  4993.2,  19.8, 130.26, 153.33, 1123.20,   5.81,  -0.12,   0.00,  -0.01,  75.7,  82.2,  27.7,  28.8,   1.9,  30.64,  32.69,    40.13,  188.99,   52.50,  36.23, 2486.1,    0.99,  343.76,  339.36,  343.12,  325.32,  338.58,  335.00, 1235.74, 1237.40, 1213.21, 1211.15, 1199.84, 1188.80, 1275.17, 1281.40,  4887.6, 145,  GPS,   81.8, 113.60, 110.85, 125.975, 121.800,  0.001,       ,  21.24, -59.6,    4.4,   82.1,  -13.7,      1,   GPS, FLCIAS,  -0.1,   5.9, 1161.4, 3DDiff, 1852,      ,     13,  17.0,     20
2018-08-27, 16:55:17,  -04:00,    HTO,   40.8923378,  -72.4055710,  4804.2, 30.07,  5012.2,  19.8, 130.51, 153.10, 1124.32,   5.83,  -0.07,   0.00,  -0.01,  75.8,  82.2,  27.7,  28.8,   1.9,  30.65,  32.69,    40.21,  189.05,   52.73,  36.24, 2488.3,    0.99,  343.78,  339.44,  343.31,  325.38,  338.91,  335.09, 1236.49, 1237.82, 1214.02, 1212.34, 1201.27, 1188.96, 1275.89, 1282.39,  4906.6, 145,  GPS,   81.8, 113.60, 110.85, 125.975, 121.800,  0.001,       ,  21.14, -59.2,    4.3,   82.1,  -13.7,      1,   GPS, FLCIAS,  -0.1,   5.9, 1145.7, 3DDiff, 1852,      ,     13,  16.5,     20
2018-08-27, 16:55:18,  -04:00,    HTO,   40.8925972,  -72.4047089,  4821.2, 30.07,  5031.2,  19.8, 130.21, 152.90, 1100.30,   5.87,  -0.04,   0.00,   0.00,  75.9,  82.2,  27.7,  28.8,   2.0,  30.65,  32.69,    40.18,  189.09,   52.67,  36.28, 2488.6,    0.99,  343.83,  339.51,  343.50,  325.45,  339.25,  335.21, 1236.72, 1238.02, 1214.57, 1213.37, 1201.90, 1188.98, 1276.21, 1282.86,  4925.6, 145,  GPS,   81.8, 113.60, 110.85, 125.975, 121.800,  0.001,       ,  21.03, -58.7,    4.3,   82.1,  -13.7,      1,   GPS, FLCIAS,  -0.1,   5.9, 1141.7, 3DDiff, 1852,      ,     13,  16.5,     20
2018-08-27, 16:55:19,  -04:00,    HTO,   40.8928566,  -72.4038391,  4839.2, 30.07,  5050.3,  19.8, 130.21, 152.69, 1080.69,   5.86,  -0.08,   0.00,   0.00,  76.0,  82.2,  27.7,  28.8,   1.9,  30.65,  32.69,    40.29,  189.14,   52.69,  36.31, 2490.2,    0.99,  343.84,  339.60,  343.65,  325.53,  339.53,  335.33, 1236.92, 1238.18, 1214.19, 1213.47, 1201.85, 1188.98, 1276.18, 1282.49,  4944.7, 145,  GPS,   81.8, 113.60, 110.85, 125.975, 121.800,  0.001,       ,  20.91, -58.2,    4.3,   82.1,  -13.7,      1,   GPS, FLCIAS,  -0.1,   5.9, 1149.6, 3DDiff, 1852,      ,     13,  17.0,     20
2018-08-27, 16:55:20,  -04:00,    HTO,   40.8931122,  -72.4029694,  4858.2, 30.07,  5069.8,  19.8, 130.34, 152.46, 1080.34,   5.88,  -0.05,  -0.00,  -0.01,  76.0,  82.2,  27.7,  28.8,   2.0,  30.65,  32.69,    40.39,  189.18,   52.85,  36.32, 2487.5,    0.99,  343.87,  339.71,  343.80,  325.59,  339.90,  335.45, 1236.14, 1238.17, 1214.47, 1213.74, 1202.43, 1189.31, 1276.49, 1282.79,  4964.2, 145,  GPS,   81.8, 113.60, 110.85, 125.975, 121.800,  0.000,       ,  20.78, -57.7,    4.2,   82.1,  -13.7,      1,   GPS, FLCIAS,  -0.1,   5.9, 1157.5, 3DDiff, 1852,      ,     14,  17.0,     21
2018-08-27, 16:55:21,  -04:00,    HTO,   40.8933678,  -72.4021072,  4876.2, 30.07,  5088.7,  20.0, 130.15, 152.24, 1088.92,   5.91,  -0.02,   0.00,  -0.01,  76.1,  82.2,  27.7,  28.8,   1.9,  30.65,  32.68,    40.46,  189.21,   52.84,  36.31, 2487.3,    0.99,  343.89,  339.80,  343.95,  325.66,  340.23,  335.54, 1235.83, 1238.66, 1213.88, 1213.24, 1202.32, 1189.13, 1276.80, 1282.74,  4983.2, 145,  GPS,   81.8, 113.60, 110.85, 125.975, 121.800,  0.000,       ,  20.65, -57.2,    4.2,   82.1,  -13.7,      1,   GPS, FLCIAS,  -0.1,   5.9, 1165.4, 3DDiff, 1852,      ,     13,  17.5,     20
2018-08-27, 16:55:22,  -04:00,    HTO,   40.8936272,  -72.4012451,  4893.2, 30.07,  5108.5,  20.0, 129.72, 152.03, 1084.56,   5.86,  -0.03,   0.00,  -0.01,  76.1,  82.4,  27.7,  28.8,   1.9,  30.65,  32.69,    40.35,  189.27,   52.57,  36.27, 2487.0,    0.99,  343.93,  339.90,  344.10,  325.75,  340.59,  335.64, 1235.47, 1237.81, 1213.27, 1213.11, 1201.15, 1189.51, 1276.48, 1282.18,  5003.0, 145,  GPS,   81.8, 113.60, 110.85, 125.975, 121.800,  0.000,       ,  20.50, -56.7,    4.1,   82.1,  -13.7,      1,   GPS, FLCIAS,  -0.1,   5.9, 1161.4, 3DDiff, 1852,      ,     13,  17.0,     20
2018-08-27, 16:55:23,  -04:00,    HTO,   40.8938828,  -72.4003830,  4911.2, 30.07,  5126.9,  20.0, 129.48, 151.83, 1081.97,   5.75,  -0.03,  -0.00,  -0.02,  76.0,  82.3,  27.7,  28.8,   1.9,  30.64,  32.70,    40.31,  189.33,   52.65,  36.27, 2486.7,    0.99,  343.96,  339.99,  344.23,  325.83,  340.90,  335.75, 1236.17, 1236.89, 1214.03, 1213.80, 1201.41, 1189.60, 1276.63, 1282.91,  5021.4, 145,  GPS,   81.8, 113.60, 110.85, 125.975, 121.800,  0.000,       ,  20.35, -56.2,    4.1,   82.1,  -13.7,      1,   GPS, FLCIAS,  -0.1,   5.8, 1145.7, 3DDiff, 1852,      ,     13,  17.0,     20
2018-08-27, 16:55:24,  -04:00,    HTO,   40.8941422,  -72.3995209,  4928.2, 30.07,  5145.3,  20.0, 129.10, 151.72, 1060.63,   5.57,  -0.10,  -0.00,  -0.02,  75.9,  82.3,  27.7,  28.8,   1.9,  30.63,  32.70,    40.22,  189.38,   52.68,  36.26, 2487.9,    0.99,  343.99,  340.09,  344.38,  325.90,  341.23,  335.86, 1236.16, 1237.18, 1214.24, 1214.09, 1201.47, 1189.57, 1276.69, 1282.33,  5039.8, 144,  GPS,   81.8, 113.60, 110.85, 125.975, 121.800,  0.000,       ,  20.19, -55.7,    4.1,   82.1,  -13.7,      1,   GPS, FLCIAS,  -0.1,   5.7, 1110.2, 3DDiff, 1852,      ,     13,  17.0,     20
2018-08-27, 16:55:25,  -04:00,    HTO,   40.8943939,  -72.3986511,  4947.2, 30.07,  5162.9,  20.0, 129.15, 151.64, 1068.63,   5.41,  -0.19,   0.00,  -0.02,  75.9,  82.3,  27.7,  28.8,   1.9,  30.62,  32.71,    40.35,  189.45,   52.52,  36.27, 2487.2,    0.99,  344.04,  340.19,  344.46,  325.99,  341.54,  335.97, 1236.74, 1237.21, 1214.79, 1214.21, 1201.41, 1190.35, 1276.79, 1281.72,  5057.4, 144,  GPS,   81.8, 113.60, 110.85, 125.975, 121.800, -0.000,       ,  20.03, -55.2,    4.0,   82.1,  -13.7,      1,   GPS, FLCIAS,  -0.1,   5.6, 1074.8, 3DDiff, 1852,      ,     13,  17.0,     20
2018-08-27, 16:55:26,  -04:00,    HTO,   40.8946533,  -72.3977966,  4963.2, 30.07,  5180.0,  20.0, 129.17, 151.64, 1048.43,   5.30,  -0.20,   0.00,  -0.01,  75.9,  82.3,  27.7,  28.8,   1.9,  30.62,  32.72,    40.28,  189.50,   52.73,  36.29, 2488.7,    0.99,  344.09,  340.30,  344.62,  326.07,  341.84,  336.10, 1237.42, 1237.19, 1215.05, 1214.60, 1201.05, 1190.43, 1276.55, 1282.62,  5074.5, 144,  GPS,   81.8, 113.60, 110.85, 125.975, 121.800, -0.000,       ,  19.88, -54.7,    4.0,   82.1,  -13.7,      1,   GPS, FLCIAS,  -0.1,   5.5, 1039.4, 3DDiff, 1852,      ,     14,  17.5,     21
2018-08-27, 16:55:27,  -04:00,    HTO,   40.8949127,  -72.3969345,  4979.2, 30.07,  5198.1,  20.0, 129.45, 151.64, 1003.12,   5.27,  -0.21,  -0.00,  -0.00,  75.9,  82.3,  27.7,  28.8,   1.9,  30.61,  32.73,    40.19,  189.56,   52.65,  36.28, 2486.7,    0.99,  344.11,  340.40,  344.75,  326.14,  342.12,  336.19, 1236.85, 1237.48, 1215.16, 1214.66, 1200.34, 1190.27, 1276.36, 1281.83,  5092.5, 145,  GPS,   81.8, 113.60, 110.85, 125.975, 121.800, -0.000,       ,  19.73, -54.2,    3.9,   82.1,  -13.7,      1,   GPS, FLCIAS,  -0.1,   5.4, 1023.6, 3DDiff, 1852,      ,     13,  17.5,     20
2018-08-27, 16:55:28,  -04:00,    HTO,   40.8951645,  -72.3960724,  4994.2, 30.07,  5214.6,  20.0, 129.56, 151.62,  962.47,   5.34,  -0.16,  -0.00,  -0.00,  75.8,  82.2,  27.7,  28.8,   1.9,  30.62,  32.74,    40.15,  189.61,   52.59,  36.28, 2487.1,    0.99,  344.18,  340.51,  344.89,  326.26,  342.37,  336.30, 1236.22, 1237.38, 1214.82, 1214.22, 1200.08, 1189.78, 1276.12, 1281.31,  5109.1, 145,  GPS,   81.8, 113.60, 110.85, 125.975, 121.800, -0.001,       ,  19.58, -53.7,    3.9,   82.1,  -13.7,      1,   GPS, FLCIAS,  -0.1,   5.3, 1019.7, 3DDiff, 1852,      ,     13,  17.0,     20
2018-08-27, 16:55:29,  -04:00,    HTO,   40.8954277,  -72.3952103,  5011.2, 30.07,  5232.5,  20.2, 129.83, 151.58,  954.58,   5.37,  -0.12,   0.00,   0.00,  75.8,  82.2,  27.7,  28.8,   1.9,  30.62,  32.74,    40.20,  189.68,   52.65,  36.29, 2487.9,    0.99,  344.24,  340.64,  344.99,  326.35,  342.61,  336.40, 1235.97, 1237.19, 1215.18, 1213.80, 1200.25, 1189.29, 1276.33, 1281.23,  5127.0, 145,  GPS,   81.8, 113.60, 110.85, 125.975, 121.800, -0.000,       ,  19.44, -53.3,    3.8,   82.1,  -13.7,      1,   GPS, FLCIAS,  -0.1,   5.3, 1027.6, 3DDiff, 1852,      ,     13,  17.0,     20
2018-08-27, 16:55:30,  -04:00,    HTO,   40.8956795,  -72.3943481,  5028.2, 30.07,  5249.9,  20.2, 129.81, 151.52,  967.46,   5.44,  -0.13,  -0.00,  -0.00,  75.8,  82.2,  27.7,  28.8,   1.9,  30.62,  32.75,    40.30,  189.75,   52.51,  36.31, 2489.7,    0.99,  344.29,  340.73,  345.11,  326.44,  342.79,  336.50, 1235.94, 1237.32, 1215.40, 1213.72, 1200.58, 1189.49, 1276.62, 1281.35,  5144.4, 145,  GPS,   81.8, 113.60, 110.85, 125.975, 121.800, -0.001,       ,  19.30, -52.8,    3.8,   82.1,  -13.7,      1,   GPS, FLCIAS,  -0.1,   5.4, 1035.4, 3DDiff, 1852,      ,     13,  17.0,     20
2018-08-27, 16:55:31,  -04:00,    HTO,   40.8959389,  -72.3934937,  5044.2, 30.07,  5267.5,  20.2, 129.88, 151.44,  970.91,   5.50,  -0.13,  -0.00,  -0.00,  75.8,  82.2,  27.7,  28.8,   1.9,  30.62,  32.75,    40.14,  189.80,   52.82,  36.33, 2486.5,    0.99,  344.32,  340.84,  345.23,  326.52,  342.98,  336.61, 1236.59, 1237.00, 1214.15, 1213.06, 1200.38, 1190.06, 1276.29, 1281.18,  5162.0, 146,  GPS,   81.8, 113.60, 110.85, 125.975, 121.800, -0.001,       ,  19.17, -52.3,    3.8,   82.1,  -13.7,      1,   GPS, FLCIAS,  -0.1,   5.4, 1043.3, 3DDiff, 1852,      ,     13,  17.0,     20
2018-08-27, 16:55:32,  -04:00,    HTO,   40.8961945,  -72.3926315,  5061.2, 30.07,  5285.2,  20.2, 129.77, 151.33,  973.27,   5.55,  -0.13,   0.00,  -0.01,  75.7,  82.2,  27.7,  28.8,   1.9,  30.63,  32.75,    40.39,  189.85,   52.51,  36.29, 2488.4,    0.99,  344.38,  340.96,  345.36,  326.60,  343.17,  336.73, 1236.54, 1236.58, 1214.12, 1212.82, 1199.79, 1191.19, 1276.46, 1280.98,  5179.7, 145,  GPS,   81.8, 113.60, 110.85, 125.975, 121.800, -0.001,       ,  19.04, -51.8,    3.7,   82.1,  -13.7,      1,   GPS, FLCIAS,  -0.1,   5.5, 1055.1, 3DDiff, 1852,      ,     14,  17.5,     21
2018-08-27, 16:55:33,  -04:00,    HTO,   40.8964539,  -72.3917770,  5078.2, 30.07,  5301.7,  20.2, 129.88, 151.21,  984.78,   5.56,  -0.09,   0.00,  -0.00,  75.7,  82.2,  27.7,  28.8,   1.9,  30.63,  32.75,    40.28,  189.88,   52.42,  36.30, 2486.9,    0.99,  344.44,  341.08,  345.51,  326.71,  343.34,  336.83, 1236.52, 1237.53, 1213.90, 1212.25, 1200.78, 1191.06, 1276.47, 1281.37,  5196.2, 146,  GPS,   81.8, 113.60, 110.85, 125.975, 121.800, -0.001,       ,  18.92, -51.3,    3.7,   82.1,  -13.7,      1,   GPS, FLCIAS,  -0.1,   5.5, 1055.1, 3DDiff, 1852,      ,     13,  18.0,     20
2018-08-27, 16:55:34,  -04:00,    HTO,   40.8967094,  -72.3909149,  5094.2, 30.07,  5319.6,  20.2, 129.56, 151.11,  981.38,   5.49,  -0.07,   0.00,  -0.02,  75.7,  82.2,  27.7,  28.8,   1.9,  30.63,  32.75,    40.23,  189.91,   52.47,  36.31, 2487.2,    0.99,  344.48,  341.19,  345.64,  326.83,  343.55,  336.97, 1235.54, 1237.41, 1213.84, 1211.19, 1200.38, 1190.16, 1275.78, 1281.77,  5214.1, 145,  GPS,   81.8, 113.60, 110.85, 125.975, 121.800, -0.001,       ,  18.80, -50.8,    3.6,   82.1,  -13.7,      1,   GPS, FLCIAS,  -0.1,   5.5, 1047.2, 3DDiff, 1852,      ,     13,  17.0,     20
2018-08-27, 16:55:35,  -04:00,    HTO,   40.8969650,  -72.3900604,  5110.2, 30.07,  5335.9,  20.2, 129.48, 151.04,  982.64,   5.41,  -0.12,  -0.00,  -0.02,  75.7,  82.2,  27.7,  28.8,   1.9,  30.63,  32.76,    40.10,  189.93,   52.60,  36.31, 2486.1,    0.99,  344.56,  341.30,  345.81,  326.93,  343.65,  337.09, 1236.44, 1238.09, 1214.52, 1211.76, 1200.86, 1190.07, 1276.38, 1282.06,  5230.4, 145,  GPS,   81.8, 113.60, 110.85, 125.975, 121.800, -0.001,       ,  18.68, -50.3,    3.6,   82.1,  -13.7,      1,   GPS, FLCIAS,  -0.1,   5.5, 1035.4, 3DDiff, 1852,      ,     13,  17.0,     20
2018-08-27, 16:55:36,  -04:00,    HTO,   40.8972244,  -72.3891983,  5125.2, 30.07,  5352.8,  20.2, 129.39, 150.98,  958.33,   5.35,  -0.10,   0.00,  -0.02,  75.6,  82.2,  27.7,  28.8,   1.9,  30.63,  32.75,    40.28,  189.98,   52.47,  36.29, 2485.6,    0.99,  344.63,  341.42,  345.97,  327.03,  343.80,  337.22, 1235.70, 1237.79, 1214.72, 1211.85, 1201.06, 1189.54, 1276.16, 1280.94,  5247.3, 145,  GPS,   81.8, 113.60, 110.85, 125.975, 121.800, -0.001,       ,  18.58, -49.8,    3.5,   82.1,  -13.7,      1,   GPS, FLCIAS,  -0.1,   5.4, 1015.7, 3DDiff, 1852,      ,     13,  17.0,     21
2018-08-27, 16:55:37,  -04:00,    HTO,   40.8974800,  -72.3883438,  5141.2, 30.07,  5369.2,  20.2, 129.31, 150.94,  957.47,   5.31,  -0.07,   0.00,  -0.02,  75.5,  82.2,  27.7,  28.8,   1.9,  30.63,  32.76,    40.27,  190.03,   52.40,  36.24, 2487.6,    0.99,  344.69,  341.55,  346.15,  327.12,  343.92,  337.37, 1235.62, 1236.45, 1213.19, 1211.35, 1200.12, 1189.26, 1275.42, 1280.29,  5263.6, 145,  GPS,   81.8, 113.60, 110.85, 125.975, 121.800, -0.001,       ,  18.48, -49.4,    3.5,   82.1,  -13.7,      1,   GPS, FLCIAS,  -0.1,   5.4, 996.1, 3DDiff, 1852,      ,     14,  17.0,     21
2018-08-27, 16:55:38,  -04:00,    HTO,   40.8977318,  -72.3874893,  5157.2, 30.07,  5385.2,  20.5, 129.35, 150.94,  958.41,   5.21,  -0.11,  -0.00,  -0.01,  75.4,  82.2,  27.7,  28.8,   1.9,  30.63,  32.76,    40.45,  190.10,   52.54,  36.28, 2487.1,    0.99,  344.75,  341.67,  346.33,  327.27,  344.02,  337.50, 1235.38, 1236.87, 1213.06, 1211.50, 1200.18, 1189.53, 1275.68, 1280.18,  5279.7, 145,  GPS,   81.8, 113.60, 110.85, 125.975, 121.800, -0.001,       ,  18.39, -48.9,    3.5,   82.1,  -13.7,      1,   GPS, FLCIAS,  -0.1,   5.3, 972.4, 3DDiff, 1852,      ,     14,  17.5,     21
2018-08-27, 16:55:39,  -04:00,    HTO,   40.8979912,  -72.3866348,  5172.2, 30.07,  5402.2,  20.5, 129.38, 150.94,  930.40,   5.19,  -0.09,   0.00,  -0.01,  75.3,  82.2,  27.7,  28.8,   1.9,  30.62,  32.77,    40.43,  190.13,   52.47,  36.28, 2487.5,    0.99,  344.84,  341.77,  346.49,  327.38,  344.14,  337.62, 1236.23, 1237.90, 1213.69, 1212.76, 1200.33, 1191.74, 1276.98, 1280.94,  5296.7, 145,  GPS,   81.8, 113.60, 110.85, 125.975, 121.800, -0.001,       ,  18.31, -48.4,    3.4,   82.1,  -13.7,      1,   GPS, FLCIAS,  -0.1,   5.2, 948.8, 3DDiff, 1852,      ,     13,  18.0,     20
2018-08-27, 16:55:40,  -04:00,    HTO,   40.8982468,  -72.3857727,  5187.2, 30.07,  5417.4,  20.5, 129.50, 150.94,  901.47,   5.14,  -0.19,  -0.00,  -0.01,  75.3,  82.2,  27.7,  28.8,   1.9,  30.62,  32.77,    40.39,  190.18,   52.66,  36.29, 2489.2,    0.99,  344.90,  341.89,  346.67,  327.48,  344.23,  337.75, 1236.31, 1237.48, 1213.11, 1212.45, 1200.18, 1190.80, 1276.32, 1280.66,  5311.9, 146,  GPS,   81.8, 113.60, 110.85, 125.975, 121.800, -0.001,       ,  18.24, -48.0,    3.4,   82.1,  -13.7,      1,   GPS, FLCIAS,  -0.1,   5.2, 940.9, 3DDiff, 1852,      ,     13,  17.0,     20
2018-08-27, 16:55:41,  -04:00,    HTO,   40.8985062,  -72.3849106,  5203.2, 30.07,  5433.7,  20.5, 129.79, 150.96,  908.97,   5.17,  -0.24,  -0.00,  -0.00,  75.4,  82.1,  27.7,  28.8,   1.9,  30.61,  32.77,    40.37,  190.24,   52.62,  36.28, 2488.0,    0.99,  344.97,  342.02,  346.86,  327.60,  344.31,  337.89, 1236.17, 1237.08, 1212.93, 1212.28, 1199.34, 1190.02, 1275.99, 1280.54,  5328.2, 146,  GPS,   81.8, 113.60, 110.85, 125.975, 121.800, -0.001,       ,  18.19, -47.5,    3.3,   82.1,  -13.7,      1,   GPS, FLCIAS,  -0.1,   5.2, 940.9, 3DDiff, 1852,      ,     13,  17.0,     20
2018-08-27, 16:55:42,  -04:00,    HTO,   40.8987617,  -72.3840637,  5217.2, 30.07,  5449.7,  20.5, 129.72, 150.96,  889.02,   5.23,  -0.18,  -0.01,   0.00,  75.5,  82.1,  27.7,  28.8,   1.9,  30.61,  32.75,    40.30,  190.30,   52.64,  36.25, 2488.0,    0.98,  345.06,  342.15,  347.03,  327.72,  344.42,  338.02, 1237.17, 1238.35, 1213.32, 1212.83, 1200.69, 1191.39, 1276.80, 1280.64,  5344.1, 146,  GPS,   81.8, 113.60, 110.85, 125.975, 121.800, -0.001,       ,  18.14, -47.1,    3.3,   82.1,  -13.7,      1,   GPS, FLCIAS,  -0.1,   5.2, 952.8, 3DDiff, 1852,      ,     13,  17.0,     20
2018-08-27, 16:55:43,  -04:00,    HTO,   40.8990211,  -72.3832016,  5233.2, 30.07,  5466.0,  20.5, 129.84, 150.92,  895.37,   5.28,  -0.04,  -0.00,   0.00,  75.6,  82.0,  27.7,  28.8,   1.9,  30.62,  32.71,    40.17,  190.33,   52.60,  36.24, 2487.6,    0.98,  345.12,  342.27,  347.20,  327.84,  344.48,  338.16, 1236.54, 1237.75, 1212.23, 1212.85, 1200.47, 1191.04, 1276.39, 1280.59,  5360.5, 146,  GPS,   81.8, 113.60, 110.85, 125.975, 121.800, -0.001,       ,  18.10, -46.6,    3.3,   82.1,  -13.7,      1,   GPS, FLCIAS,  -0.0,   5.2, 972.4, 3DDiff, 1852,      ,     14,  17.0,     21
2018-08-27, 16:55:44,  -04:00,    HTO,   40.8992805,  -72.3823471,  5248.2, 30.07,  5482.7,  20.5, 129.74, 150.84,  889.86,   5.32,   0.07,   0.00,   0.01,  75.6,  82.0,  27.7,  28.8,   1.9,  30.62,  32.66,    40.36,  190.39,   52.58,  36.27, 2486.3,    0.98,  345.21,  342.37,  347.41,  327.96,  344.57,  338.26, 1236.64, 1236.74, 1212.87, 1211.95, 1199.80, 1191.12, 1276.33, 1280.51,  5377.2, 146,  GPS,   81.8, 113.60, 110.85, 125.975, 121.800, -0.001,       ,  18.06, -46.2,    3.2,   82.1,  -13.7,      1,   GPS, FLCIAS,  -0.0,   5.3, 992.1, 3DDiff, 1852,      ,     14,  17.5,     21
2018-08-27, 16:55:45,  -04:00,    HTO,   40.8995399,  -72.3814926,  5263.2, 30.07,  5498.9,  20.5, 129.61, 150.80,  897.98,   5.31,   0.08,   0.00,  -0.00,  75.7,  82.0,  27.7,  28.8,   1.9,  30.63,  32.65,    40.25,  190.43,   52.46,  36.29, 2487.9,    0.99,  345.27,  342.52,  347.56,  328.07,  344.63,  338.41, 1236.02, 1237.33, 1213.18, 1211.48, 1199.54, 1191.02, 1275.97, 1280.55,  5393.4, 146,  GPS,   81.8, 113.60, 110.85, 125.975, 121.800, -0.001,       ,  18.02, -45.8,    3.2,   82.1,  -13.7,      1,   GPS, FLCIAS,   0.0,   5.3, 1011.8, 3DDiff, 1852,      ,     13,  18.0,     20
2018-08-27, 16:55:46,  -04:00,    HTO,   40.8997955,  -72.3806458,  5278.2, 30.07,  5516.2,  20.5, 129.36, 150.76,  912.83,   5.27,   0.09,  -0.00,  -0.02,  75.6,  82.0,  27.7,  28.8,   1.9,  30.63,  32.66,    40.20,  190.50,   52.65,  36.30, 2487.1,    0.99,  345.36,  342.67,  347.77,  328.21,  344.69,  338.53, 1235.57, 1236.55, 1212.93, 1211.40, 1200.48, 1190.21, 1275.91, 1280.78,  5410.7, 146,  GPS,   81.8, 113.60, 110.85, 125.975, 121.800, -0.001,       ,  17.98, -45.4,    3.1,   82.1,  -13.7,      1,   GPS, FLCIAS,   0.0,   5.3, 1015.7, 3DDiff, 1852,      ,     13,  17.0,     20
2018-08-27, 16:55:47,  -04:00,    HTO,   40.9000549,  -72.3797913,  5294.2, 30.07,  5532.4,  20.5, 129.18, 150.76,  915.06,   5.17,   0.07,   0.00,  -0.03,  75.7,  82.0,  27.7,  28.8,   1.9,  30.62,  32.67,    40.33,  190.56,   52.53,  36.30, 2486.1,    0.99,  345.43,  342.79,  347.95,  328.31,  344.75,  338.68, 1235.65, 1236.36, 1213.45, 1210.96, 1201.26, 1191.00, 1275.94, 1281.24,  5426.9, 145,  GPS,   81.8, 113.60, 110.85, 125.975, 121.800, -0.001,       ,  17.94, -45.0,    3.1,   82.1,  -13.7,      1,   GPS, FLCIAS,   0.0,   5.2, 1000.0, 3DDiff, 1852,      ,     13,  17.0,     20
2018-08-27, 16:55:48,  -04:00,    HTO,   40.9003105,  -72.3789291,  5310.2, 30.07,  5548.4,  20.5, 129.25, 150.78,  950.82,   5.08,  -0.01,   0.00,  -0.02,  75.7,  82.1,  27.7,  28.8,   1.9,  30.60,  32.68,    40.35,  190.62,   52.37,  36.30, 2487.1,    0.99,  345.52,  342.92,  348.11,  328.45,  344.82,  338.78, 1235.78, 1236.42, 1213.27, 1210.42, 1200.79, 1190.01, 1275.66, 1280.80,  5442.9, 146,  GPS,   81.8, 113.60, 110.85, 125.975, 121.800, -0.001,       ,  17.90, -44.6,    3.0,   82.1,  -13.7,      1,   GPS, FLCIAS,   0.0,   5.2, 964.6, 3DDiff, 1852,      ,     13,  17.0,     20
2018-08-27, 16:55:49,  -04:00,    HTO,   40.9005699,  -72.3780746,  5326.2, 30.07,  5563.4,  20.5, 129.34, 150.86,  945.85,   5.00,  -0.10,  -0.00,  -0.02,  75.8,  82.1,  27.7,  28.8,   1.9,  30.58,  32.69,    40.46,  190.66,   52.37,  36.32, 2485.2,    0.98,  345.61,  343.07,  348.29,  328.57,  344.88,  338.92, 1235.36, 1237.04, 1212.98, 1210.56, 1201.02, 1189.50, 1275.94, 1280.14,  5457.9, 146,  GPS,   81.8, 113.60, 110.85, 125.975, 121.800, -0.001,       ,  17.86, -44.3,    3.0,   82.1,  -13.7,      1,   GPS, FLCIAS,   0.0,   5.1, 917.3, 3DDiff, 1852,      ,     14,  17.0,     21
2018-08-27, 16:55:50,  -04:00,    HTO,   40.9008255,  -72.3772202,  5340.2, 30.07,  5577.8,  20.5, 129.27, 150.94,  914.77,   4.94,  -0.05,   0.00,  -0.02,  75.9,  82.0,  27.7,  28.8,   1.9,  30.58,  32.68,    40.23,  190.72,   52.35,  36.31, 2485.6,    0.99,  345.70,  343.20,  348.48,  328.70,  344.94,  339.04, 1235.33, 1237.70, 1213.38, 1210.16, 1200.80, 1189.21, 1276.14, 1280.20,  5472.3, 146,  GPS,   81.8, 113.60, 110.85, 125.975, 121.800, -0.001,       ,  17.82, -44.0,    3.0,   82.1,  -13.7,      1,   GPS, FLCIAS,   0.0,   5.0, 878.0, 3DDiff, 1852,      ,     14,  17.5,     21
2018-08-27, 16:55:51,  -04:00,    HTO,   40.9010849,  -72.3763580,  5354.2, 30.07,  5593.2,  20.8, 129.54, 151.02,  866.62,   4.92,   0.02,   0.00,  -0.00,  76.0,  82.0,  27.7,  28.8,   1.9,  30.58,  32.68,    40.17,  190.75,   52.43,  36.30, 2486.5,    0.99,  345.79,  343.35,  348.66,  328.84,  345.00,  339.17, 1235.31, 1237.79, 1212.48, 1210.88, 1200.01, 1188.93, 1276.04, 1279.79,  5487.7, 146,  GPS,   81.8, 113.60, 110.85, 125.975, 121.800, -0.001,       ,  17.78, -43.7,    2.9,   82.1,  -13.7,      1,   GPS, FLCIAS,   0.0,   5.0, 862.2, 3DDiff, 1852,      ,     13,  18.0,     20
2018-08-27, 16:55:52,  -04:00,    HTO,   40.9013481,  -72.3754959,  5366.2, 30.07,  5607.1,  20.8, 129.50, 151.10,  810.77,   4.95,   0.04,   0.00,   0.00,  76.1,  82.0,  27.7,  28.8,   1.9,  30.59,  32.67,    40.17,  190.80,   52.58,  36.30, 2486.6,    0.99,  345.88,  343.47,  348.80,  328.94,  345.05,  339.32, 1235.02, 1237.32, 1212.49, 1212.71, 1199.50, 1188.71, 1276.83, 1279.11,  5501.5, 146,  GPS,   81.8, 113.60, 110.85, 125.975, 121.800, -0.000,       ,  17.73, -43.5,    2.9,   82.1,  -13.7,      1,   GPS, FLCIAS,   0.0,   5.0, 854.3, 3DDiff, 1852,      ,     13,  17.0,     20
2018-08-27, 16:55:53,  -04:00,    HTO,   40.9016037,  -72.3746490,  5381.2, 30.07,  5621.9,  20.8, 129.78, 151.15,  816.60,   4.99,   0.05,  -0.00,   0.01,  76.2,  82.0,  27.7,  28.8,   1.9,  30.59,  32.67,    40.21,  190.86,   52.53,  36.29, 2486.8,    0.98,  345.97,  343.62,  348.96,  329.06,  345.09,  339.44, 1234.42, 1237.11, 1211.64, 1212.11, 1200.47, 1188.76, 1276.51, 1278.95,  5516.4, 146,  GPS,   81.8, 113.60, 110.85, 125.975, 121.800, -0.000,       ,  17.68, -43.2,    2.8,   82.1,  -13.7,      1,   GPS, FLCIAS,   0.1,   5.0, 866.1, 3DDiff, 1852,      ,     13,  17.0,     20
2018-08-27, 16:55:54,  -04:00,    HTO,   40.9018631,  -72.3737869,  5393.2, 30.07,  5636.9,  20.8, 129.59, 151.21,  798.47,   5.05,   0.09,   0.00,   0.00,  76.3,  82.0,  27.7,  28.8,   1.9,  30.59,  32.67,    40.24,  190.93,   52.41,  36.30, 2486.1,    0.98,  346.06,  343.75,  349.14,  329.18,  345.14,  339.56, 1233.52, 1236.61, 1212.05, 1211.22, 1200.83, 1189.61, 1276.00, 1279.56,  5531.4, 146,  GPS,   81.8, 113.60, 110.85, 125.975, 121.800, -0.000,       ,  17.62, -43.0,    2.8,   82.1,  -13.7,      1,   GPS, FLCIAS,   0.1,   5.0, 885.8, 3DDiff, 1852,      ,     13,  17.0,     20
2018-08-27, 16:55:55,  -04:00,    HTO,   40.9021187,  -72.3729324,  5407.2, 30.07,  5652.1,  20.8, 129.53, 151.23,  799.49,   5.05,   0.09,   0.00,   0.00,  76.3,  82.0,  27.7,  28.8,   1.9,  30.58,  32.68,    40.21,  190.96,   52.37,  36.27, 2486.2,    0.98,  346.13,  343.91,  349.29,  329.27,  345.18,  339.66, 1234.04, 1236.79, 1211.86, 1211.36, 1201.06, 1188.87, 1275.68, 1279.24,  5546.6, 146,  GPS,   81.8, 113.60, 110.85, 125.975, 121.800, -0.000,       ,  17.56, -42.8,    2.8,   82.1,  -13.7,      1,   GPS, FLCIAS,   0.1,   5.0, 901.6, 3DDiff, 1852,      ,     14,  17.0,     21
2018-08-27, 16:55:56,  -04:00,    HTO,   40.9023819,  -72.3720703,  5420.2, 30.07,  5667.5,  20.8, 129.29, 151.29,  799.15,   5.01,   0.09,   0.00,  -0.01,  76.2,  82.1,  27.7,  28.8,   1.9,  30.57,  32.68,    40.36,  191.02,   52.29,  36.29, 2487.6,    0.98,  346.25,  344.04,  349.45,  329.40,  345.21,  339.81, 1233.92, 1237.10, 1212.13, 1211.96, 1201.29, 1190.04, 1276.08, 1279.14,  5561.9, 146,  GPS,   81.8, 113.60, 110.85, 125.975, 121.800, -0.000,       ,  17.49, -42.6,    2.7,   82.1,  -13.7,      1,   GPS, FLCIAS,   0.1,   5.0, 913.4, 3DDiff, 1852,      ,     14,  17.5,     21
2018-08-27, 16:55:57,  -04:00,    HTO,   40.9026413,  -72.3712082,  5435.2, 30.07,  5681.4,  20.8, 129.26, 151.37,  827.51,   4.89,   0.08,   0.00,  -0.01,  76.2,  82.1,  27.7,  28.8,   1.9,  30.53,  32.70,    40.28,  191.05,   52.50,  36.31, 2487.1,    0.98,  346.31,  344.17,  349.57,  329.50,  345.24,  339.92, 1233.65, 1236.96, 1211.59, 1211.54, 1200.63, 1191.12, 1275.98, 1278.77,  5575.9, 146,  GPS,   81.8, 113.60, 110.85, 125.975, 121.800, -0.000,       ,  17.41, -42.5,    2.7,   82.1,  -13.7,      1,   GPS, FLCIAS,   0.1,   5.0, 917.3, 3DDiff, 1852,      ,     13,  18.0,     20
2018-08-27, 16:55:58,  -04:00,    HTO,   40.9029007,  -72.3703537,  5449.2, 30.07,  5697.0,  20.8, 129.31, 151.46,  843.90,   4.83,   0.03,   0.00,  -0.01,  76.2,  82.1,  27.7,  28.8,   1.9,  30.49,  32.71,    40.35,  191.09,   52.44,  36.29, 2487.6,    0.98,  346.41,  344.32,  349.73,  329.61,  345.30,  340.02, 1233.13, 1236.72, 1211.26, 1211.72, 1200.47, 1189.91, 1275.47, 1278.19,  5591.4, 146,  GPS,   81.8, 113.60, 110.85, 125.975, 121.800,  0.000,       ,  17.33, -42.4,    2.6,   82.1,  -13.7,      1,   GPS, FLCIAS,   0.0,   4.9, 913.4, 3DDiff, 1852,      ,     13,  17.0,     20
2018-08-27, 16:55:59,  -04:00,    HTO,   40.9031563,  -72.3694916,  5464.2, 30.07,  5711.9,  20.8, 129.27, 151.58,  857.23,   4.80,  -0.03,   0.00,  -0.01,  76.2,  82.1,  27.7,  28.8,   1.9,  30.47,  32.71,    40.17,  191.13,   52.42,  36.31, 2485.6,    0.98,  346.55,  344.45,  349.88,  329.72,  345.33,  340.15, 1233.25, 1236.79, 1211.10, 1212.40, 1199.97, 1190.15, 1275.76, 1277.98,  5606.4, 146,  GPS,   81.8, 113.60, 110.85, 125.975, 121.800, -0.000,       ,  17.25, -42.3,    2.6,   82.1,  -13.7,      1,   GPS, FLCIAS,   0.0,   4.9, 905.5, 3DDiff, 1852,      ,     13,  17.0,     20
2018-08-27, 16:56:00,  -04:00,    HTO,   40.9034157,  -72.3686295,  5479.2, 30.07,  5726.9,  20.8, 129.22, 151.74,  848.88,   4.74,  -0.09,  -0.01,  -0.01,  76.2,  82.1,  27.7,  28.8,   1.9,  30.46,  32.72,    40.21,  191.17,   52.49,  36.31, 2487.1,    0.98,  346.62,  344.59,  350.02,  329.85,  345.36,  340.27, 1233.78, 1237.35, 1211.43, 1212.41, 1200.21, 1189.70, 1276.10, 1278.54,  5621.3, 146,  GPS,   81.8, 113.60, 110.85, 125.975, 121.800, -0.000,       ,  17.18, -42.2,    2.5,   82.1,  -13.7,      1,   GPS, FLCIAS,   0.0,   4.8, 901.6, 3DDiff, 1852,      ,     13,  17.0,     20
2018-08-27, 16:56:01,  -04:00,    HTO,   40.9036713,  -72.3677673,  5493.2, 30.07,  5741.7,  20.8, 129.20, 151.87,  854.65,   4.70,  -0.05,  -0.00,  -0.01,  76.1,  82.1,  27.7,  28.8,   1.9,  30.45,  32.72,    40.19,  191.21,   52.50,  36.28, 2488.7,    0.98,  346.73,  344.74,  350.15,  329.94,  345.40,  340.36, 1233.68, 1237.02, 1211.16, 1211.82, 1199.62, 1191.28, 1276.55, 1278.07,  5636.2, 146,  GPS,   81.8, 113.60, 110.85, 125.975, 121.800, -0.000,       ,  17.10, -42.2,    2.5,   82.1,  -13.7,      1,   GPS, FLCIAS,   0.0,   4.8, 897.6, 3DDiff, 1852,      ,     14,  17.0,     21
2018-08-27, 16:56:02,  -04:00,    HTO,   40.9039307,  -72.3669052,  5507.2, 30.07,  5756.6,  20.8, 129.19, 152.03,  855.50,   4.68,  -0.07,   0.00,   0.00,  76.1,  82.1,  27.7,  28.8,   1.9,  30.45,  32.72,    40.19,  191.25,   52.20,  36.31, 2487.3,    0.98,  346.85,  344.87,  350.30,  330.06,  345.45,  340.49, 1233.62, 1235.78, 1211.43, 1211.22, 1199.98, 1190.98, 1275.82, 1278.27,  5651.1, 146,  GPS,   81.8, 113.60, 110.85, 125.975, 121.800, -0.000,       ,  17.04, -42.2,    2.5,   82.1,  -13.7,      1,   GPS, FLCIAS,   0.0,   4.7, 893.7, 3DDiff, 1852,      ,     14,  17.5,     21
2018-08-27, 16:56:03,  -04:00,    HTO,   40.9041901,  -72.3660431,  5523.2, 30.07,  5773.1,  20.8, 129.40, 152.20,  877.38,   4.65,  -0.05,  -0.00,  -0.01,  76.1,  82.1,  27.7,  28.8,   1.9,  30.46,  32.72,    40.27,  191.29,   52.43,  36.31, 2487.0,    0.98,  346.94,  345.00,  350.43,  330.16,  345.46,  340.57, 1234.05, 1236.09, 1211.10, 1211.46, 1200.04, 1190.69, 1275.70, 1278.06,  5667.6, 146,  GPS,   81.8, 113.60, 110.85, 125.975, 121.800, -0.000,       ,  16.97, -42.2,    2.4,   82.1,  -13.7,      1,   GPS, FLCIAS,   0.0,   4.7, 897.6, 3DDiff, 1852,      ,     13,  18.0,     20
2018-08-27, 16:56:04,  -04:00,    HTO,   40.9044495,  -72.3651810,  5535.2, 30.07,  5787.7,  20.8, 129.28, 152.38,  852.81,   4.67,   0.00,  -0.00,  -0.00,  76.1,  82.1,  27.7,  28.8,   1.9,  30.47,  32.70,    40.37,  191.32,   52.55,  36.29, 2488.2,    0.98,  347.04,  345.14,  350.55,  330.28,  345.49,  340.67, 1233.17, 1236.31, 1210.90, 1211.57, 1199.59, 1191.04, 1275.97, 1277.50,  5682.2, 146,  GPS,   81.8, 113.60, 110.85, 125.975, 121.800, -0.000,       ,  16.91, -42.3,    2.4,   82.1,  -13.7,      1,   GPS, FLCIAS,   0.0,   4.7, 893.7, 3DDiff, 1852,      ,     13,  17.0,     20
2018-08-27, 16:56:05,  -04:00,    HTO,   40.9047127,  -72.3643112,  5550.2, 30.07,  5802.8,  20.8, 129.41, 152.57,  826.50,   4.67,   0.01,   0.00,  -0.01,  76.0,  82.1,  27.7,  28.8,   1.9,  30.48,  32.70,    40.31,  191.37,   52.47,  36.34, 2487.5,    0.98,  347.13,  345.27,  350.71,  330.39,  345.55,  340.78, 1233.84, 1235.91, 1210.16, 1211.48, 1199.77, 1190.95, 1276.14, 1277.89,  5697.3, 146,  GPS,   81.8, 113.60, 110.85, 125.975, 121.800,  0.000,       ,  16.86, -42.3,    2.3,   82.1,  -13.7,      1,   GPS, FLCIAS,   0.0,   4.7, 901.6, 3DDiff, 1852,      ,     13,  17.0,     20
2018-08-27, 16:56:06,  -04:00,    HTO,   40.9049683,  -72.3634415,  5564.2, 30.07,  5817.9,  20.8, 129.54, 152.75,  844.70,   4.67,   0.05,   0.00,   0.00,  76.0,  82.1,  27.7,  28.8,   1.9,  30.48,  32.70,    40.33,  191.42,   52.58,  36.31, 2485.7,    0.98,  347.25,  345.42,  350.85,  330.49,  345.55,  340.91, 1234.14, 1236.82, 1209.78, 1211.05, 1199.97, 1190.55, 1276.26, 1278.54,  5712.4, 147,  GPS,   81.8, 113.60, 110.85, 125.975, 121.800, -0.000,       ,  16.82, -42.4,    2.3,   82.1,  -13.7,      1,   GPS, FLCIAS,   0.0,   4.7, 905.5, 3DDiff, 1852,      ,     13,  17.0,     20
2018-08-27, 16:56:07,  -04:00,    HTO,   40.9052315,  -72.3625717,  5578.2, 30.07,  5833.2,  20.8, 129.61, 152.94,  835.14,   4.66,   0.01,  -0.00,  -0.01,  76.0,  82.1,  27.7,  28.8,   1.9,  30.48,  32.70,    40.33,  191.46,   52.44,  36.29, 2486.4,    0.98,  347.34,  345.54,  350.98,  330.61,  345.61,  341.00, 1233.25, 1236.36, 1210.42, 1211.00, 1199.72, 1191.16, 1275.75, 1278.47,  5727.7, 147,  GPS,   81.8, 113.60, 110.85, 125.975, 121.800, -0.000,       ,  16.78, -42.5,    2.2,   82.1,  -13.7,      1,   GPS, FLCIAS,   0.0,   4.7, 913.4, 3DDiff, 1852,      ,     14,  17.0,     21
2018-08-27, 16:56:08,  -04:00,    HTO,   40.9054947,  -72.3617020,  5593.2, 30.07,  5848.7,  20.8, 129.56, 153.12,  843.92,   4.67,   0.01,  -0.00,  -0.01,  76.0,  82.1,  27.7,  28.8,   1.9,  30.47,  32.70,    40.03,  191.51,   52.45,  36.29, 2488.5,    0.98,  347.44,  345.67,  351.15,  330.73,  345.64,  341.12, 1234.14, 1236.31, 1210.75, 1210.07, 1199.49, 1191.26, 1275.58, 1278.96,  5743.2, 147,  GPS,   81.8, 113.60, 110.85, 125.975, 121.800, -0.000,       ,  16.75, -42.6,    2.2,   82.1,  -13.7,      1,   GPS, FLCIAS,   0.0,   4.7, 917.3, 3DDiff, 1852,      ,     14,  17.5,     21
2018-08-27, 16:56:09,  -04:00,    HTO,   40.9057579,  -72.3608322,  5607.2, 30.07,  5863.4,  20.8, 129.51, 153.29,  841.41,   4.66,   0.03,   0.00,  -0.00,  76.0,  82.1,  27.7,  28.8,   1.9,  30.45,  32.71,    40.09,  191.56,   52.38,  36.30, 2489.5,    0.99,  347.53,  345.79,  351.28,  330.85,  345.67,  341.24, 1234.47, 1236.70, 1211.44, 1210.41, 1199.73, 1191.16, 1276.12, 1279.74,  5757.9, 147,  GPS,   81.8, 113.60, 110.85, 125.975, 121.800,  0.000,       ,  16.72, -42.8,    2.2,   82.2,  -13.7,      1,   GPS, FLCIAS,   0.0,   4.7, 925.2, 3DDiff, 1852,      ,     13,  18.0,     20
2018-08-27, 16:56:10,  -04:00,    HTO,   40.9060211,  -72.3599701,  5622.2, 30.07,  5879.2,  20.8, 129.83, 153.47,  857.95,   4.69,   0.02,   0.00,   0.01,  76.0,  82.1,  27.7,  28.8,   1.9,  30.45,  32.71,    40.27,  191.59,   52.36,  36.32, 2487.6,    0.98,  347.68,  345.96,  351.41,  330.95,  345.73,  341.34, 1233.87, 1236.85, 1211.22, 1210.43, 1199.40, 1189.75, 1276.15, 1279.32,  5773.7, 147,  GPS,   81.8, 113.60, 110.85, 125.975, 121.800,  0.000,       ,  16.70, -42.9,    2.1,   82.2,  -13.7,      1,   GPS, FLCIAS,   0.0,   4.7, 929.1, 3DDiff, 1852,      ,     13,  17.0,     20
2018-08-27, 16:56:11,  -04:00,    HTO,   40.9062767,  -72.3590927,  5637.2, 30.07,  5894.2,  20.8, 129.96, 153.62,  872.38,   4.76,  -0.01,  -0.00,   0.00,  76.0,  82.1,  27.7,  28.8,   1.9,  30.44,  32.72,    40.35,  191.64,   52.33,  36.33, 2487.6,    0.98,  347.77,  346.10,  351.55,  331.09,  345.76,  341.45, 1233.50, 1237.97, 1210.83, 1211.30, 1199.64, 1188.80, 1276.23, 1279.30,  5788.6, 147,  GPS,   81.8, 113.60, 110.85, 125.975, 121.800, -0.000,       ,  16.69, -43.1,    2.1,   82.1,  -13.7,      1,   GPS, FLCIAS,   0.0,   4.7, 940.9, 3DDiff, 1852,      ,     13,  17.0,     20
2018-08-27, 16:56:12,  -04:00,    HTO,   40.9065399,  -72.3582153,  5651.2, 30.07,  5910.1,  20.5, 129.91, 153.76,  858.71,   4.82,  -0.03,  -0.00,  -0.01,  76.0,  82.1,  27.7,  28.8,   1.9,  30.43,  32.72,    40.37,  191.68,   52.42,  36.29, 2487.9,    0.98,  347.86,  346.24,  351.68,  331.19,  345.79,  341.57, 1232.97, 1238.38, 1211.52, 1211.01, 1199.18, 1188.38, 1276.93, 1278.86,  5804.6, 147,  GPS,   81.8, 113.60, 110.85, 125.975, 121.800, -0.000,       ,  16.69, -43.2,    2.0,   82.1,  -13.7,      1,   GPS, FLCIAS,   0.0,   4.7, 952.8, 3DDiff, 1852,      ,     13,  17.0,     20
2018-08-27, 16:56:13,  -04:00,    HTO,   40.9068031,  -72.3573456,  5666.2, 30.07,  5925.9,  20.5, 130.06, 153.86,  880.62,   4.86,   0.04,   0.00,   0.00,  76.0,  82.1,  27.7,  28.8,   1.9,  30.42,  32.72,    40.28,  191.71,   52.53,  36.33, 2488.5,    0.98,  347.99,  346.36,  351.81,  331.31,  345.88,  341.67, 1232.41, 1239.56, 1210.97, 1211.52, 1198.01, 1189.28, 1277.32, 1277.48,  5820.4, 148,  GPS,   81.8, 113.60, 110.85, 125.975, 121.800, -0.000,       ,  16.69, -43.4,    2.0,   82.1,  -13.7,      1,   GPS, FLCIAS,   0.0,   4.8, 956.7, 3DDiff, 1852,      ,     13,  17.0,     21
2018-08-27, 16:56:14,  -04:00,    HTO,   40.9070625,  -72.3564682,  5682.2, 30.07,  5941.9,  20.5, 130.09, 153.97,  878.06,   4.86,   0.03,   0.00,  -0.00,  76.0,  82.1,  27.7,  28.8,   1.9,  30.41,  32.73,    40.35,  191.74,   52.54,  36.34, 2485.9,    0.98,  348.08,  346.47,  351.95,  331.41,  345.88,  341.82, 1233.47, 1239.53, 1211.58, 1211.31, 1198.74, 1190.49, 1277.15, 1278.59,  5836.4, 148,  GPS,   81.8, 113.60, 110.85, 125.975, 121.800, -0.000,       ,  16.69, -43.6,    1.9,   82.1,  -13.7,      1,   GPS, FLCIAS,   0.0,   4.8, 964.6, 3DDiff, 1852,      ,     14,  17.5,     21
2018-08-27, 16:56:15,  -04:00,    HTO,   40.9073257,  -72.3555984,  5697.2, 30.07,  5958.6,  20.5, 130.14, 154.05,  886.84,   4.86,   0.02,  -0.00,  -0.01,  76.0,  82.2,  27.7,  28.8,   1.9,  30.38,  32.73,    40.28,  191.76,   52.40,  36.32, 2487.0,    0.98,  348.19,  346.64,  352.10,  331.53,  345.95,  341.92, 1234.10, 1238.84, 1210.79, 1210.91, 1198.55, 1189.81, 1276.50, 1277.92,  5853.1, 148,  GPS,   81.8, 113.60, 110.85, 125.975, 121.800, -0.000,       ,  16.70, -43.7,    1.9,   82.2,  -13.7,      1,   GPS, FLCIAS,   0.0,   4.9, 968.5, 3DDiff, 1852,      ,     13,  18.0,     20
2018-08-27, 16:56:16,  -04:00,    HTO,   40.9075890,  -72.3547211,  5713.2, 30.07,  5974.4,  20.5, 130.30, 154.15,  911.52,   4.91,   0.02,   0.00,  -0.00,  76.0,  82.2,  27.7,  28.8,   1.9,  30.36,  32.73,    40.27,  191.79,   52.31,  36.26, 2488.4,    0.98,  348.32,  346.76,  352.23,  331.64,  346.00,  342.04, 1233.19, 1238.38, 1210.55, 1211.01, 1199.02, 1188.37, 1275.99, 1277.26,  5868.9, 148,  GPS,   81.8, 113.60, 110.85, 125.975, 121.800, -0.000,       ,  16.72, -43.9,    1.9,   82.2,  -13.7,      1,   GPS, FLCIAS,  -0.0,   4.9, 976.4, 3DDiff, 1852,      ,     13,  17.0,     20
2018-08-27, 16:56:17,  -04:00,    HTO,   40.9078522,  -72.3538437,  5728.2, 30.07,  5990.9,  20.5, 130.29, 154.21,  909.18,   4.95,  -0.05,   0.00,   0.00,  76.0,  82.2,  27.7,  28.8,   1.9,  30.34,  32.74,    40.20,  191.80,   52.26,  36.28, 2488.7,    0.98,  348.41,  346.86,  352.35,  331.73,  346.04,  342.13, 1233.19, 1237.47, 1210.95, 1210.83, 1198.81, 1187.64, 1275.27, 1277.30,  5885.4, 148,  GPS,   81.8, 113.60, 110.85, 125.975, 121.800, -0.000,       ,  16.73, -44.1,    1.8,   82.2,  -13.7,      1,   GPS, FLCIAS,  -0.0,   4.9, 984.3, 3DDiff, 1852,      ,     13,  17.0,     20
2018-08-27, 16:56:18,  -04:00,    HTO,   40.9081078,  -72.3529663,  5743.2, 30.07,  6007.3,  20.5, 130.31, 154.26,  912.20,   4.98,  -0.04,  -0.00,  -0.00,  76.0,  82.2,  27.7,  28.8,   1.9,  30.32,  32.74,    40.38,  191.84,   52.48,  36.31, 2486.7,    0.98,  348.53,  347.01,  352.48,  331.84,  346.09,  342.25, 1233.28, 1237.40, 1210.73, 1210.52, 1198.26, 1187.86, 1275.40, 1277.56,  5901.8, 148,  GPS,   81.8, 113.60, 110.85, 125.975, 121.800, -0.001,       ,  16.76, -44.3,    1.8,   82.1,  -13.7,      1,   GPS, FLCIAS,  -0.1,   5.0, 988.2, 3DDiff, 1852,      ,     13,  17.0,     20
2018-08-27, 16:56:19,  -04:00,    HTO,   40.9083710,  -72.3520889,  5759.2, 30.07,  6023.9,  20.5, 130.24, 154.28,  912.12,   5.02,  -0.04,   0.00,  -0.00,  75.9,  82.2,  27.7,  28.8,   1.9,  30.28,  32.74,    40.52,  191.87,   52.38,  36.32, 2489.3,    0.98,  348.63,  347.10,  352.62,  331.95,  346.12,  342.37, 1233.27, 1237.56, 1210.71, 1210.08, 1198.59, 1188.58, 1275.52, 1277.74,  5918.4, 148,  GPS,   81.8, 113.60, 110.85, 125.975, 121.800, -0.001,       ,  16.78, -44.4,    1.7,   82.1,  -13.7,      1,   GPS, FLCIAS,  -0.1,   5.0, 996.1, 3DDiff, 1852,      ,     13,  17.0,     21
2018-08-27, 16:56:20,  -04:00,    HTO,   40.9086342,  -72.3512192,  5774.2, 30.07,  6040.6,  20.5, 130.13, 154.32,  916.65,   5.03,  -0.04,   0.00,  -0.01,  75.8,  82.2,  27.7,  28.8,   1.9,  30.24,  32.75,    40.71,  191.91,   52.36,  36.28, 2487.8,    0.98,  348.74,  347.22,  352.74,  332.05,  346.14,  342.44, 1233.76, 1237.34, 1210.37, 1210.11, 1198.61, 1188.42, 1275.74, 1277.50,  5935.0, 148,  GPS,   81.8, 113.60, 110.85, 125.975, 121.800, -0.001,       ,  16.81, -44.5,    1.7,   82.1,  -13.7,      1,   GPS, FLCIAS,  -0.1,   5.0, 1000.0, 3DDiff, 1852,      ,     14,  17.5,     21
2018-08-27, 16:56:21,  -04:00,    HTO,   40.9088974,  -72.3503418,  5789.2, 30.07,  6057.9,  20.5, 129.84, 154.36,  922.14,   4.97,  -0.08,   0.01,  -0.01,  75.7,  82.2,  27.7,  28.8,   1.9,  30.20,  32.75,    40.53,  191.93,   52.57,  36.27, 2487.8,    0.98,  348.84,  347.32,  352.87,  332.14,  346.19,  342.52, 1232.87, 1236.26, 1210.42, 1210.40, 1198.86, 1188.35, 1275.62, 1277.21,  5952.4, 148,  GPS,   81.8, 113.60, 110.85, 125.975, 121.800, -0.000,       ,  16.85, -44.7,    1.6,   82.1,  -13.7,      1,   GPS, FLCIAS,  -0.1,   5.0, 996.1, 3DDiff, 1852,      ,     13,  18.0,     20
2018-08-27, 16:56:22,  -04:00,    HTO,   40.9091568,  -72.3494644,  5805.2, 30.07,  6074.7,  20.5, 129.82, 154.42,  931.98,   4.88,  -0.13,  -0.00,  -0.02,  75.6,  82.2,  27.7,  28.8,   1.9,  30.17,  32.76,    40.57,  191.95,   52.24,  36.25, 2489.5,    0.98,  348.99,  347.45,  352.99,  332.25,  346.25,  342.60, 1232.83, 1236.02, 1209.89, 1210.29, 1198.98, 1188.34, 1275.24, 1277.31,  5969.2, 148,  GPS,   81.8, 113.60, 110.85, 125.975, 121.800, -0.001,       ,  16.89, -44.8,    1.6,   82.1,  -13.7,      1,   GPS, FLCIAS,  -0.1,   5.0, 984.3, 3DDiff, 1852,      ,     13,  17.0,     20
2018-08-27, 16:56:23,  -04:00,    HTO,   40.9094200,  -72.3485794,  5821.2, 30.07,  6091.5,  20.5, 129.61, 154.52,  929.80,   4.77,  -0.13,  -0.00,  -0.02,  75.5,  82.2,  27.7,  28.8,   1.9,  30.16,  32.76,    40.41,  191.99,   52.38,  36.28, 2488.0,    0.98,  349.06,  347.53,  353.09,  332.35,  346.25,  342.70, 1232.41, 1236.04, 1210.59, 1210.70, 1199.04, 1188.49, 1275.18, 1277.74,  5986.1, 147,  GPS,   81.8, 113.60, 110.85, 125.975, 121.800, -0.001,       ,  16.95, -44.9,    1.6,   82.1,  -13.7,      1,   GPS, FLCIAS,  -0.1,   4.9, 968.5, 3DDiff, 1852,      ,     13,  17.0,     20
2018-08-27, 16:56:24,  -04:00,    HTO,   40.9096832,  -72.3477097,  5837.2, 30.07,  6107.5,  20.5, 129.69, 154.61,  950.24,   4.71,  -0.12,   0.00,  -0.00,  75.5,  82.2,  27.7,  28.8,   1.9,  30.17,  32.76,    40.35,  192.04,   52.42,  36.24, 2489.5,    0.98,  349.15,  347.67,  353.21,  332.41,  346.31,  342.80, 1232.18, 1235.86, 1210.85, 1209.73, 1198.43, 1188.73, 1274.73, 1277.54,  6002.0, 147,  GPS,   81.8, 113.60, 110.85, 125.975, 121.800, -0.001,       ,  17.01, -45.1,    1.5,   82.1,  -13.7,      1,   GPS, FLCIAS,  -0.1,   4.8, 952.8, 3DDiff, 1852,      ,     13,  17.0,     20
2018-08-27, 16:56:25,  -04:00,    HTO,   40.9099426,  -72.3468246,  5851.2, 30.07,  6123.5,  20.2, 129.68, 154.77,  918.59,   4.68,  -0.09,  -0.00,  -0.01,  75.4,  82.2,  27.7,  28.8,   1.9,  30.19,  32.74,    40.38,  192.08,   52.46,  36.27, 2487.7,    0.98,  349.27,  347.74,  353.30,  332.52,  346.34,  342.92, 1232.36, 1235.82, 1210.65, 1210.29, 1198.39, 1189.07, 1275.12, 1276.65,  6018.0, 147,  GPS,   81.8, 113.60, 110.85, 125.975, 121.800, -0.001,       ,  17.08, -45.2,    1.5,   82.1,  -13.7,      1,   GPS, FLCIAS,  -0.1,   4.7, 948.8, 3DDiff, 1852,      ,     13,  17.0,     21
2018-08-27, 16:56:26,  -04:00,    HTO,   40.9102058,  -72.3459473,  5866.2, 30.07,  6139.5,  20.2, 129.86, 154.90,  893.31,   4.70,  -0.05,  -0.00,  -0.00,  75.4,  82.2,  27.7,  28.8,   1.9,  30.22,  32.72,    40.50,  192.13,   52.39,  36.28, 2486.5,    0.98,  349.39,  347.86,  353.39,  332.63,  346.38,  343.01, 1231.47, 1235.30, 1210.62, 1209.94, 1197.80, 1188.01, 1274.74, 1276.39,  6034.1, 148,  GPS,   81.8, 113.60, 110.85, 125.975, 121.800, -0.001,       ,  17.16, -45.3,    1.4,   82.1,  -13.7,      1,   GPS, FLCIAS,  -0.1,   4.7, 952.8, 3DDiff, 1852,      ,     14,  17.5,     21
2018-08-27, 16:56:27,  -04:00,    HTO,   40.9104729,  -72.3450623,  5882.2, 30.07,  6154.8,  20.2, 130.11, 155.02,  896.99,   4.77,  -0.05,   0.00,  -0.00,  75.4,  82.2,  27.7,  28.8,   1.9,  30.24,  32.71,    40.50,  192.17,   52.13,  36.29, 2483.6,    0.98,  349.48,  347.95,  353.49,  332.72,  346.42,  343.11, 1232.04, 1236.31, 1211.36, 1210.48, 1199.08, 1187.55, 1275.21, 1277.51,  6049.3, 148,  GPS,   81.8, 113.60, 110.85, 125.975, 121.800, -0.001,       ,  17.24, -45.4,    1.4,   82.1,  -13.7,      1,   GPS, FLCIAS,  -0.1,   4.7, 960.6, 3DDiff, 1852,      ,     13,  18.0,     20
2018-08-27, 16:56:28,  -04:00,    HTO,   40.9107361,  -72.3441849,  5897.2, 30.07,  6170.5,  20.2, 130.17, 155.12,  898.83,   4.83,   0.00,   0.00,   0.00,  75.4,  82.2,  27.7,  28.8,   1.9,  30.25,  32.70,    40.31,  192.22,   52.32,  36.28, 2488.6,    0.98,  349.58,  348.03,  353.55,  332.81,  346.46,  343.22, 1231.68, 1235.41, 1210.92, 1209.41, 1198.86, 1187.50, 1274.37, 1276.66,  6065.1, 148,  GPS,   81.8, 113.60, 110.85, 125.975, 121.800, -0.001,       ,  17.34, -45.5,    1.3,   82.1,  -13.7,      1,   GPS, FLCIAS,  -0.1,   4.8, 968.5, 3DDiff, 1852,      ,     13,  17.0,     20
2018-08-27, 16:56:29,  -04:00,    HTO,   40.9109955,  -72.3432999,  5913.2, 30.07,  6186.1,  20.2, 130.15, 155.22,  917.94,   4.90,  -0.04,   0.00,  -0.01,  75.4,  82.2,  27.7,  28.8,   1.9,  30.25,  32.71,    40.34,  192.26,   52.42,  36.29, 2487.4,    0.98,  349.69,  348.11,  353.63,  332.92,  346.46,  343.32, 1231.67, 1235.14, 1210.65, 1209.51, 1199.23, 1187.67, 1274.78, 1276.86,  6080.6, 148,  GPS,   81.8, 113.60, 110.85, 125.975, 121.800, -0.001,       ,  17.44, -45.6,    1.3,   82.1,  -13.7,      1,   GPS, FLCIAS,  -0.1,   4.8, 980.3, 3DDiff, 1852,      ,     13,  17.0,     20
2018-08-27, 16:56:30,  -04:00,    HTO,   40.9112625,  -72.3424225,  5928.2, 30.07,  6202.3,  20.2, 130.00, 155.27,  912.36,   4.89,  -0.04,  -0.00,  -0.02,  75.3,  82.2,  27.7,  28.8,   1.9,  30.23,  32.71,    40.36,  192.29,   52.39,  36.29, 2485.6,    0.98,  349.79,  348.21,  353.69,  332.99,  346.52,  343.41, 1231.43, 1234.59, 1210.13, 1208.69, 1198.55, 1188.43, 1274.21, 1276.13,  6096.9, 148,  GPS,   81.8, 113.60, 110.85, 125.975, 121.800, -0.001,       ,  17.54, -45.7,    1.3,   82.1,  -13.7,      1,   GPS, FLCIAS,  -0.1,   4.9, 984.3, 3DDiff, 1852,      ,     13,  17.0,     20
2018-08-27, 16:56:31,  -04:00,    HTO,   40.9115257,  -72.3415375,  5944.2, 30.07,  6218.5,  20.2, 130.00, 155.33,  916.61,   4.88,  -0.04,   0.00,  -0.01,  75.2,  82.2,  27.7,  28.8,   1.9,  30.21,  32.72,    40.48,  192.34,   52.30,  36.24, 2487.8,    0.98,  349.90,  348.32,  353.73,  333.08,  346.56,  343.50, 1231.49, 1234.60, 1209.76, 1209.23, 1198.68, 1189.32, 1274.21, 1275.97,  6113.0, 148,  GPS,   81.8, 113.60, 110.85, 125.975, 121.800, -0.001,       ,  17.65, -45.8,    1.2,   82.1,  -13.7,      1,   GPS, FLCIAS,  -0.1,   4.9, 980.3, 3DDiff, 1852,      ,     13,  17.0,     21
2018-08-27, 16:56:32,  -04:00,    HTO,   40.9117889,  -72.3406525,  5958.2, 30.07,  6234.6,  20.2, 129.73, 155.41,  910.12,   4.84,  -0.08,   0.00,  -0.00,  75.1,  82.2,  27.7,  28.8,   1.9,  30.16,  32.73,    40.47,  192.37,   52.32,  36.25, 2486.9,    0.98,  349.99,  348.41,  353.82,  333.19,  346.62,  343.62, 1231.02, 1234.82, 1209.02, 1208.65, 1198.50, 1188.98, 1274.17, 1275.36,  6129.2, 148,  GPS,   81.8, 113.60, 110.85, 125.975, 121.800, -0.001,       ,  17.75, -45.9,    1.2,   82.1,  -13.7,      1,   GPS, FLCIAS,  -0.1,   4.9, 972.4, 3DDiff, 1852,      ,     14,  17.5,     21
2018-08-27, 16:56:33,  -04:00,    HTO,   40.9120560,  -72.3397675,  5973.2, 30.07,  6252.0,  20.2, 129.70, 155.49,  890.51,   4.77,  -0.10,  -0.00,  -0.00,  75.0,  82.2,  27.7,  28.8,   1.9,  30.10,  32.74,    40.43,  192.41,   52.35,  36.28, 2487.3,    0.98,  350.07,  348.48,  353.88,  333.26,  346.68,  343.71, 1231.25, 1235.16, 1209.37, 1208.48, 1199.28, 1188.49, 1274.49, 1275.86,  6146.5, 148,  GPS,   81.8, 113.60, 110.85, 125.975, 121.800, -0.001,       ,  17.87, -45.9,    1.1,   82.1,  -13.7,      1,   GPS, FLCIAS,  -0.1,   4.8, 972.4, 3DDiff, 1852,      ,     13,  18.0,     20
2018-08-27, 16:56:34,  -04:00,    HTO,   40.9123192,  -72.3388901,  5988.2, 30.07,  6268.9,  20.2, 129.74, 155.60,  889.61,   4.72,  -0.12,  -0.00,  -0.00,  74.9,  82.2,  27.7,  28.8,   1.9,  30.06,  32.74,    40.39,  192.44,   52.19,  36.32, 2489.0,    0.98,  350.18,  348.59,  353.91,  333.38,  346.77,  343.80, 1231.57, 1235.00, 1209.05, 1208.50, 1200.04, 1188.88, 1274.48, 1275.29,  6163.4, 148,  GPS,   81.8, 113.60, 110.85, 125.975, 121.800, -0.001,       ,  17.99, -46.0,    1.1,   82.1,  -13.7,      1,   GPS, FLCIAS,  -0.1,   4.8, 976.4, 3DDiff, 1852,      ,     13,  17.5,     20
2018-08-27, 16:56:35,  -04:00,    HTO,   40.9125824,  -72.3380051,  6005.2, 30.07,  6286.1,  20.2, 129.99, 155.72,  937.15,   4.74,  -0.10,   0.00,   0.01,  74.9,  82.2,  27.7,  28.8,   1.9,  30.06,  32.74,    40.19,  192.48,   52.10,  36.27, 2487.3,    0.98,  350.29,  348.71,  353.98,  333.44,  346.85,  343.88, 1231.59, 1235.08, 1208.66, 1208.87, 1199.88, 1188.75, 1274.84, 1275.07,  6180.6, 148,  GPS,   81.8, 113.60, 110.85, 125.975, 121.800, -0.001,       ,  18.11, -46.1,    1.0,   82.1,  -13.7,      1,   GPS, FLCIAS,  -0.1,   4.7, 988.2, 3DDiff, 1852,      ,     13,  17.0,     20
2018-08-27, 16:56:36,  -04:00,    HTO,   40.9128456,  -72.3371124,  6021.2, 30.07,  6303.1,  20.2, 129.98, 155.84,  938.71,   4.78,  -0.12,   0.00,  -0.01,  74.9,  82.2,  27.7,  28.8,   1.9,  30.06,  32.74,    40.40,  192.53,   52.12,  36.27, 2484.8,    0.98,  350.37,  348.77,  354.01,  333.53,  346.97,  343.98, 1232.43, 1235.87, 1209.13, 1209.14, 1199.80, 1189.88, 1275.14, 1275.98,  6197.6, 148,  GPS,   81.8, 113.60, 110.85, 125.975, 121.800, -0.001,       ,  18.24, -46.2,    1.0,   82.1,  -13.7,      1,   GPS, FLCIAS,  -0.1,   4.7, 1000.0, 3DDiff, 1852,      ,     13,  17.0,     20
2018-08-27, 16:56:37,  -04:00,    HTO,   40.9131126,  -72.3362350,  6036.2, 30.07,  6320.0,  20.2, 130.04, 155.94,  936.72,   4.82,  -0.11,  -0.00,  -0.01,  74.9,  82.2,  27.7,  28.8,   1.9,  30.08,  32.72,    40.37,  192.55,   52.28,  36.33, 2485.5,    0.98,  350.44,  348.87,  354.07,  333.63,  347.07,  344.05, 1232.75, 1235.40, 1209.23, 1208.89, 1199.94, 1190.69, 1275.00, 1276.23,  6214.5, 148,  GPS,   81.8, 113.60, 110.85, 125.975, 121.800, -0.001,       ,  18.38, -46.2,    1.0,   82.1,  -13.7,      1,   GPS, FLCIAS,  -0.1,   4.8, 1003.9, 3DDiff, 1852,      ,     13,  17.0,     21
2018-08-27, 16:56:38,  -04:00,    HTO,   40.9133797,  -72.3353424,  6052.2, 30.07,  6337.0,  20.0, 130.10, 155.99,  945.39,   5.06,  -0.08,   0.00,  -0.01,  74.9,  82.1,  27.7,  28.8,   1.9,  30.09,  32.70,    40.32,  192.59,   52.13,  36.34, 2488.6,    0.98,  350.55,  348.97,  354.12,  333.69,  347.22,  344.17, 1232.22, 1235.42, 1208.99, 1208.44, 1198.75, 1190.93, 1274.96, 1276.24,  6231.5, 149,  GPS,   81.8, 113.60, 110.85, 125.975, 121.800, -0.001,       ,  18.52, -46.3,    0.9,   82.1,  -13.7,      1,   GPS, FLCIAS,  -0.1,   4.8, 1007.9, 3DDiff, 1852,      ,     14,  17.5,     21
2018-08-27, 16:56:39,  -04:00,    HTO,   40.9136467,  -72.3344574,  6069.2, 30.07,  6353.4,  20.0, 130.11, 156.09,  948.31,   4.89,  -0.09,   0.00,  -0.04,  74.8,  82.1,  27.7,  28.8,   1.9,  30.11,  32.69,    40.20,  192.61,   52.24,  36.33, 2486.4,    0.98,  350.65,  349.06,  354.16,  333.81,  347.40,  344.21, 1231.32, 1236.48, 1208.13, 1207.67, 1199.47, 1190.35, 1275.00, 1275.61,  6247.9, 149,  GPS,   81.8, 113.60, 110.85, 125.975, 121.800, -0.001,       ,  18.66, -46.3,    0.9,   82.1,  -13.7,      1,   GPS, FLCIAS,  -0.1,   4.9, 1031.5, 3DDiff, 1852,      ,     13,  18.0,     20
2018-08-27, 16:56:40,  -04:00,    HTO,   40.9139099,  -72.3335724,  6084.2, 30.07,  6369.3,  20.0, 130.00, 156.19,  948.00,   4.80,   0.01,  -0.00,  -0.04,  74.8,  82.1,  27.7,  28.8,   1.9,  30.14,  32.68,    40.32,  192.64,   52.34,  36.31, 2489.3,    0.98,  350.76,  349.17,  354.24,  333.90,  347.58,  344.27, 1231.80, 1236.92, 1208.27, 1207.09, 1199.67, 1190.46, 1275.10, 1276.18,  6263.8, 148,  GPS,   81.8, 113.60, 110.85, 125.975, 121.800, -0.001,       ,  18.80, -46.3,    0.8,   82.1,  -13.7,      1,   GPS, FLCIAS,  -0.0,   4.9, 984.3, 3DDiff, 1852,      ,     13,  17.5,     20
2018-08-27, 16:56:41,  -04:00,    HTO,   40.9141769,  -72.3326874,  6099.2, 30.07,  6383.9,  20.0, 130.20, 156.32,  934.40,   4.82,   0.02,  -0.00,  -0.02,  74.8,  82.1,  27.7,  28.8,   1.9,  30.14,  32.68,    40.32,  192.67,   52.50,  36.34, 2486.9,    0.98,  350.85,  349.27,  354.27,  333.99,  347.77,  344.33, 1232.67, 1237.37, 1208.63, 1207.19, 1200.39, 1190.63, 1275.98, 1276.63,  6278.4, 149,  GPS,   81.8, 113.60, 110.85, 125.975, 121.800, -0.001,       ,  18.95, -46.4,    0.8,   82.1,  -13.7,      1,   GPS, FLCIAS,  -0.0,   4.9, 937.0, 3DDiff, 1852,      ,     13,  17.0,     20
2018-08-27, 16:56:42,  -04:00,    HTO,   40.9144440,  -72.3317947,  6114.2, 30.07,  6398.9,  20.0, 130.39, 156.46,  907.49,   4.84,   0.03,   0.00,  -0.01,  74.7,  82.1,  27.7,  28.8,   1.9,  30.13,  32.68,    40.25,  192.69,   52.13,  36.28, 2488.2,    0.98,  350.92,  349.36,  354.31,  334.08,  348.02,  344.42, 1231.99, 1237.71, 1207.79, 1206.88, 1200.39, 1189.71, 1275.72, 1276.39,  6293.4, 149,  GPS,   81.8, 113.60, 110.85, 125.975, 121.800, -0.001,       ,  19.09, -46.4,    0.7,   82.1,  -13.7,      1,   GPS, FLCIAS,  -0.0,   4.9, 909.4, 3DDiff, 1852,      ,     13,  17.0,     20
2018-08-27, 16:56:43,  -04:00,    HTO,   40.9147072,  -72.3309021,  6128.2, 30.07,  6413.6,  20.0, 130.51, 156.58,  873.49,   4.90,  -0.01,   0.00,   0.00,  74.8,  82.1,  27.7,  28.8,   1.9,  30.11,  32.68,    40.29,  192.73,   52.45,  36.29, 2488.3,    0.98,  351.01,  349.48,  354.34,  334.18,  348.25,  344.48, 1232.47, 1238.52, 1207.57, 1207.19, 1200.46, 1188.65, 1275.70, 1276.41,  6308.1, 149,  GPS,   81.8, 113.60, 110.85, 125.975, 121.800, -0.001,       ,  19.23, -46.5,    0.7,   82.1,  -13.7,      1,   GPS, FLCIAS,  -0.0,   4.9, 897.6, 3DDiff, 1852,      ,     13,  17.0,     21
2018-08-27, 16:56:44,  -04:00,    HTO,   40.9149742,  -72.3300171,  6141.2, 30.07,  6428.7,  20.0, 130.67, 156.67,  834.97,   4.98,  -0.02,  -0.00,   0.01,  74.8,  82.1,  27.7,  28.8,   1.9,  30.08,  32.69,    40.31,  192.72,   52.21,  36.33, 2488.7,    0.98,  351.10,  349.58,  354.37,  334.27,  348.54,  344.56, 1232.22, 1238.48, 1207.92, 1206.46, 1200.86, 1188.72, 1275.81, 1277.16,  6323.2, 149,  GPS,   81.8, 113.60, 110.85, 125.975, 121.800, -0.001,       ,  19.36, -46.5,    0.7,   82.1,  -13.7,      1,   GPS, FLCIAS,  -0.0,   4.9, 901.6, 3DDiff, 1852,      ,     14,  17.5,     21
2018-08-27, 16:56:45,  -04:00,    HTO,   40.9152412,  -72.3291397,  6156.2, 30.07,  6445.5,  20.0, 130.94, 156.69,  835.27,   5.10,  -0.18,  -0.00,   0.01,  74.8,  82.1,  27.7,  28.8,   1.9,  30.07,  32.70,    40.34,  192.76,   52.18,  36.33, 2488.8,    0.98,  351.19,  349.67,  354.43,  334.36,  348.80,  344.62, 1232.08, 1237.44, 1208.39, 1206.30, 1200.45, 1188.77, 1275.28, 1276.64,  6340.0, 150,  GPS,   81.8, 113.60, 110.85, 125.975, 121.800, -0.001,       ,  19.50, -46.5,    0.6,   82.1,  -13.7,      1,   GPS, FLCIAS,  -0.4,   5.0, 929.1, 3DDiff, 1852,      ,     13,  18.0,     20
2018-08-27, 16:56:46,  -04:00,    HTO,   40.9155159,  -72.3282394,  6171.2, 30.07,  6462.2,  20.0, 131.18, 156.67,  858.04,   5.25,  -1.53,   0.00,   0.02,  75.0,  82.1,  27.7,  28.8,   1.9,  30.05,  32.70,    40.46,  192.80,   52.16,  36.32, 2487.0,    0.98,  351.29,  349.79,  354.46,  334.45,  349.08,  344.69, 1232.40, 1237.08, 1208.10, 1206.47, 1199.45, 1188.95, 1274.78, 1276.33,  6356.7, 150,  GPS,   81.8, 113.60, 110.85, 125.975, 121.800, -0.001,       ,  19.62, -46.5,    0.6,   82.1,  -13.7,      1,   GPS, FLCIAS,  -2.5,   5.1, 972.4, 3DDiff, 1852,      ,     13,  17.5,     20
2018-08-27, 16:56:47,  -04:00,    HTO,   40.9157791,  -72.3273544,  6186.2, 30.07,  6479.7,  20.0, 131.30, 156.56,  869.04,   5.41,  -4.19,   0.01,   0.02,  74.8,  81.8,  27.7,  28.8,   1.9,  30.05,  32.70,    40.44,  192.80,   52.28,  36.31, 2487.6,    0.98,  351.35,  349.88,  354.50,  334.54,  349.36,  344.75, 1232.35, 1237.48, 1207.93, 1206.15, 1198.92, 1189.60, 1274.79, 1276.43,  6374.2, 150,  GPS,   81.8, 113.60, 110.85, 125.975, 121.800, -0.001,       ,  19.74, -46.5,    0.5,   82.1,  -13.7,      1,   GPS, FLCIAS,  -5.7,   5.2, 1023.6, 3DDiff, 1852,      ,     13,  17.5,     20
2018-08-27, 16:56:48,  -04:00,    HTO,   40.9160576,  -72.3264694,  6201.2, 30.07,  6497.9,  20.0, 131.22, 156.30,  876.02,   5.50,  -7.62,   0.00,   0.01,  74.1,  81.4,  27.7,  28.8,   1.9,  29.99,  32.72,    40.04,  192.83,   52.24,  36.28, 2486.7,    0.98,  351.44,  349.97,  354.55,  334.66,  349.66,  344.81, 1232.66, 1237.04, 1208.25, 1206.61, 1199.30, 1190.00, 1275.44, 1276.77,  6392.4, 150,  GPS,   39.6, 113.60, 110.85, 125.975, 121.800, -0.001,       ,  19.85, -46.5,    0.5,   82.2,  -13.7,      1,   GPS, FLCIAS,  -9.2,   5.4, 1070.9, 3DDiff, 1852,      ,     13,  17.5,     20
2018-08-27, 16:56:49,  -04:00,    HTO,   40.9163399,  -72.3255920,  6218.2, 30.07,  6516.6,  20.0, 131.14, 155.94,  927.42,   5.54, -11.06,   0.01,   0.01,  72.9,  80.7,  27.7,  28.8,   1.9,  29.87,  32.74,    40.09,  192.85,   52.08,  36.31, 2487.5,    0.98,  351.53,  350.07,  354.58,  334.75,  349.96,  344.88, 1233.43, 1237.71, 1208.68, 1206.51, 1199.83, 1190.18, 1276.10, 1277.16,  6411.1, 150,  GPS,   39.6, 113.60, 110.85, 125.975, 121.800, -0.001,       ,  19.95, -46.4,    0.4,   82.3,  -13.7,      1,   GPS, FLCIAS, -12.4,   5.5, 1102.4, 3DDiff, 1852,      ,     14,  17.5,     21
2018-08-27, 16:56:50,  -04:00,    HTO,   40.9166336,  -72.3247299,  6236.2, 30.07,  6535.2,  19.8, 131.01, 155.45,  979.42,   5.50, -13.91,   0.01,   0.02,  71.2,  79.4,  27.7,  28.8,   1.9,  29.72,  32.77,    40.06,  192.86,   52.28,  36.28, 2487.3,    0.98,  351.62,  350.18,  354.56,  334.85,  350.30,  344.97, 1232.71, 1237.61, 1207.59, 1206.94, 1199.73, 1189.83, 1275.88, 1276.25,  6429.7, 150,  GPS,   39.6, 113.60, 110.85, 125.975, 121.800, -0.003,       ,  20.05, -46.4,    0.4,   82.6,  -13.7,      1,   GPS, FLCIAS, -14.5,   5.5, 1110.2, 3DDiff, 1852,      ,     14,  17.5,     21
2018-08-27, 16:56:51,  -04:00,    HTO,   40.9169540,  -72.3238754,  6254.2, 30.07,  6552.3,  19.8, 130.78, 154.89, 1037.36,   5.41, -15.85,   0.00,   0.01,  69.1,  77.6,  27.7,  28.8,   1.9,  29.57,  32.81,    40.09,  192.88,   52.33,  36.28, 2488.5,    0.98,  351.71,  350.27,  354.62,  334.91,  350.57,  345.03, 1233.03, 1236.86, 1207.04, 1206.44, 1199.67, 1188.87, 1275.10, 1276.21,  6446.9, 150,  GPS,   39.6, 113.60, 110.85, 125.975, 121.800, -0.004,       ,  20.13, -46.3,    0.3,   83.2,  -13.7,      1,   GPS, FLCIAS, -15.8,   5.5, 1090.6, 3DDiff, 1852,      ,     13,  18.0,     20
2018-08-27, 16:56:52,  -04:00,    HTO,   40.9172821,  -72.3230515,  6273.2, 30.07,  6569.7,  19.8, 130.66, 154.26, 1057.46,   5.30, -16.84,  -0.01,   0.02,  66.8,  75.8,  27.7,  28.8,   1.9,  29.46,  32.85,    40.17,  192.89,   52.41,  36.29, 2487.5,    0.98,  351.78,  350.34,  354.64,  335.02,  350.91,  345.10, 1232.68, 1236.66, 1207.62, 1206.93, 1200.02, 1188.74, 1274.62, 1276.61,  6464.2, 150,  GPS,   39.6, 113.60, 110.85, 125.975, 121.800, -0.006,       ,  20.23, -46.2,    0.3,   84.3,  -13.7,      1,   GPS, FLCIAS, -16.3,   5.5, 1059.1, 3DDiff, 1852,      ,     13,  17.5,     20
2018-08-27, 16:56:53,  -04:00,    HTO,   40.9176407,  -72.3222351,  6289.2, 30.07,  6586.7,  19.8, 130.52, 153.62, 1059.35,   5.25, -16.94,  -0.00,   0.03,  64.5,  73.5,  27.7,  28.8,   2.0,  29.42,  32.87,    40.14,  192.91,   52.09,  36.29, 2487.2,    0.98,  351.87,  350.43,  354.66,  335.09,  351.12,  345.18, 1232.63, 1236.77, 1207.16, 1206.97, 1200.40, 1189.20, 1274.87, 1276.92,  6481.2, 150,  GPS,   39.6, 113.60, 110.85, 125.975, 121.800, -0.007,       ,  20.33, -46.0,    0.3,   86.0,  -13.7,      1,   GPS, FLCIAS, -16.5,   5.4, 1027.6, 3DDiff, 1852,      ,     13,  17.5,     20
2018-08-27, 16:56:54,  -04:00,    HTO,   40.9180183,  -72.3214493,  6305.2, 30.07,  6603.5,  19.8, 130.48, 152.94, 1014.78,   5.23, -16.75,  -0.00,   0.04,  62.2,  71.6,  27.7,  28.8,   2.0,  29.45,  32.86,    40.16,  192.94,   52.23,  36.31, 2487.8,    0.98,  351.95,  350.49,  354.68,  335.18,  351.38,  345.23, 1232.02, 1236.30, 1207.01, 1206.87, 1200.32, 1189.20, 1274.58, 1276.53,  6498.0, 150,  GPS,   39.6, 113.60, 110.85, 125.975, 121.800, -0.008,       ,  20.46, -45.9,    0.2,   88.7,  -13.7,      1,   GPS, FLCIAS, -16.5,   5.3, 1011.8, 3DDiff, 1852,      ,     13,  17.5,     20
2018-08-27, 16:56:55,  -04:00,    HTO,   40.9184151,  -72.3206863,  6322.2, 30.07,  6620.2,  19.8, 130.57, 152.22,  993.98,   5.24, -16.45,  -0.01,   0.04,  60.1,  69.2,  27.7,  28.8,   1.9,  29.52,  32.81,    40.22,  192.94,   52.36,  36.32, 2486.3,    0.98,  352.02,  350.59,  354.68,  335.27,  351.59,  345.30, 1231.53, 1236.57, 1206.66, 1207.21, 1200.55, 1189.68, 1275.30, 1276.39,  6514.7, 150,  GPS,   39.6, 113.60, 110.85, 125.975, 121.800, -0.008,       ,  20.60, -45.8,    0.2,   93.0,  -13.7,      1,   GPS, FLCIAS, -16.3,   5.3, 1003.9, 3DDiff, 1852,      ,     14,  17.5,     21
2018-08-27, 16:56:56,  -04:00,    HTO,   40.9188347,  -72.3199463,  6338.2, 30.07,  6637.0,  19.8, 130.47, 151.52,  976.75,   5.30, -16.07,  -0.01,   0.04,  58.0,  67.3,  27.7,  28.8,   1.9,  29.60,  32.75,    40.17,  192.99,   52.39,  36.31, 2486.1,    0.98,  352.13,  350.65,  354.71,  335.36,  351.80,  345.37, 1232.14, 1237.35, 1206.18, 1205.62, 1200.83, 1190.16, 1275.20, 1276.40,  6531.6, 150,  GPS,   39.6, 113.60, 110.85, 125.975, 121.800, -0.008,       ,  20.75, -45.6,    0.1,  100.2,  -13.7,      1,   GPS, FLCIAS, -16.0,   5.3, 1007.9, 3DDiff, 1852,      ,     14,  18.0,     21
2018-08-27, 16:56:57,  -04:00,    HTO,   40.9192657,  -72.3192291,  6353.2, 30.07,  6654.5,  19.8, 130.36, 150.80,  960.41,   5.32, -15.74,  -0.00,   0.04,  56.0,  65.2,  27.7,  28.8,   1.9,  29.68,  32.67,    40.22,  193.03,   52.40,  36.34, 2488.2,    0.98,  352.23,  350.76,  354.77,  335.45,  351.96,  345.45, 1233.18, 1237.06, 1206.43, 1205.65, 1201.21, 1189.30, 1274.94, 1276.76,  6549.1, 150,  GPS,   39.6, 113.60, 110.85, 125.975, 121.800, -0.009,       ,  20.91, -45.5,    0.1,  112.0,  -13.7,      1,   GPS, FLCIAS, -15.7,   5.3, 1011.8, 3DDiff, 1852,      ,     13,  18.5,     20
2018-08-27, 16:56:58,  -04:00,    HTO,   40.9197235,  -72.3185272,  6369.2, 30.07,  6671.4,  19.8, 130.21, 150.10,  954.24,   5.30, -15.41,  -0.01,   0.03,  54.0,  63.0,  27.7,  28.8,   1.9,  29.75,  32.59,    40.19,  193.08,   52.24,  36.36, 2486.5,    0.98,  352.34,  350.82,  354.79,  335.52,  352.13,  345.49, 1232.89, 1237.87, 1207.30, 1205.78, 1200.28, 1189.08, 1274.79, 1276.57,  6565.9, 149,  GPS,   39.6, 113.60, 110.85, 125.975, 121.800, -0.009,       ,  21.08, -45.4,    0.1,  131.6,  -13.7,      1,   GPS, FLCIAS, -15.4,   5.3, 1007.9, 3DDiff, 1852,      ,     13,  17.5,     20
2018-08-27, 16:56:59,  -04:00,  BOROS,   40.9201927,  -72.3178558,  6384.2, 30.07,  6687.6,  19.8, 129.94, 149.44,  934.99,   5.25, -15.08,  -0.01,   0.02,  52.2,  61.0,  27.7,  28.8,   1.9,  29.82,  32.54,    40.21,  193.13,   52.14,  36.33, 2488.6,    0.98,  352.48,  350.89,  354.83,  335.61,  352.32,  345.57, 1232.44, 1237.55, 1206.49, 1205.00, 1199.43, 1188.87, 1274.31, 1275.91,  6582.1, 149,  GPS,   39.6, 113.60, 110.85, 125.975, 121.800, -0.008,       ,  21.25, -45.3,   15.8,   39.9,  -13.7,      1,   GPS, FLCIAS, -15.0,   5.3, 992.1, 3DDiff, 1852,      ,     13,  17.5,     20
2018-08-27, 16:57:00,  -04:00,  BOROS,   40.9206772,  -72.3172073,  6398.2, 30.07,  6703.8,  19.8, 129.77, 148.82,  901.56,   5.17, -14.77,   0.00,   0.01,  50.4,  59.1,  27.7,  28.8,   1.9,  29.88,  32.51,    40.48,  193.17,   52.37,  36.34, 2487.1,    0.98,  352.59,  350.95,  354.86,  335.69,  352.44,  345.63, 1231.85, 1236.03, 1207.07, 1205.58, 1199.99, 1189.21, 1274.65, 1275.57,  6598.3, 149,  GPS,   39.6, 113.60, 110.85, 125.975, 121.800, -0.008,       ,  21.42, -45.3,   15.8,   39.8,  -13.7,      1,   GPS, FLCIAS, -14.7,   5.2, 976.4, 3DDiff, 1852,      ,     13,  18.0,     20
2018-08-27, 16:57:01,  -04:00,  BOROS,   40.9211731,  -72.3165894,  6413.2, 30.07,  6719.6,  19.8, 130.00, 148.24,  891.75,   5.10, -14.46,   0.00,   0.03,  48.6,  57.2,  27.7,  28.8,   1.9,  29.92,  32.51,    40.43,  193.22,   52.16,  36.37, 2487.6,    0.98,  352.72,  351.02,  354.86,  335.79,  352.57,  345.66, 1232.32, 1236.53, 1207.97, 1206.11, 1199.53, 1189.82, 1274.82, 1275.75,  6614.1, 149,  GPS,   39.6, 113.60, 110.85, 125.975, 121.800, -0.008,       ,  21.58, -45.3,   15.7,   39.8,  -13.7,      1,   GPS, FLCIAS, -14.5,   5.2, 956.7, 3DDiff, 1852,      ,     14,  18.0,     21
2018-08-27, 16:57:02,  -04:00,  BOROS,   40.9216805,  -72.3159943,  6428.2, 30.07,  6735.4,  19.8, 130.14, 147.67,  880.62,   5.10, -14.21,  -0.00,   0.03,  46.8,  55.3,  27.7,  28.8,   1.9,  29.92,  32.54,    40.34,  193.27,   52.32,  36.35, 2487.7,    0.98,  352.86,  351.09,  354.92,  335.87,  352.66,  345.75, 1232.00, 1236.25, 1207.48, 1205.56, 1198.91, 1188.80, 1274.25, 1275.84,  6629.9, 149,  GPS,   39.6, 113.60, 110.85, 125.975, 121.800, -0.007,       ,  21.72, -45.3,   15.7,   39.7,  -13.7,      1,   GPS, FLCIAS, -14.2,   5.1, 948.8, 3DDiff, 1852,      ,     14,  18.5,     21
2018-08-27, 16:57:03,  -04:00,  BOROS,   40.9222107,  -72.3154221,  6443.2, 30.07,  6751.0,  19.5, 130.18, 147.11,  877.55,   5.14, -13.96,  -0.00,   0.03,  45.1,  53.6,  27.7,  28.8,   1.9,  29.90,  32.57,    40.27,  193.29,   52.23,  36.33, 2487.2,    0.98,  353.02,  351.16,  354.95,  335.96,  352.75,  345.79, 1232.36, 1235.99, 1207.15, 1204.26, 1198.59, 1188.13, 1273.82, 1275.32,  6645.5, 150,  GPS,   39.6, 113.60, 110.85, 125.975, 121.800, -0.006,       ,  21.85, -45.3,   15.7,   39.7,  -13.7,      1,   GPS, FLCIAS, -14.0,   5.1, 952.8, 3DDiff, 1852,      ,     13,  18.5,     20
2018-08-27, 16:57:04,  -04:00,  BOROS,   40.9227409,  -72.3148727,  6457.2, 30.07,  6767.2,  19.5, 129.88, 146.57,  873.73,   5.17, -13.81,   0.00,   0.03,  43.3,  51.6,  27.7,  28.8,   1.9,  29.85,  32.60,    40.31,  193.31,   52.17,  36.30, 2488.5,    0.98,  353.15,  351.20,  354.98,  336.03,  352.84,  345.85, 1232.68, 1235.39, 1207.98, 1204.94, 1197.96, 1188.11, 1273.98, 1276.12,  6661.8, 149,  GPS,   39.6, 113.60, 110.85, 125.975, 121.800, -0.006,       ,  21.96, -45.3,   15.6,   39.7,  -13.7,      1,   GPS, FLCIAS, -13.8,   5.1, 968.5, 3DDiff, 1852,      ,     13,  18.0,     20
2018-08-27, 16:57:05,  -04:00,  BOROS,   40.9232903,  -72.3143463,  6472.2, 30.07,  6783.9,  19.5, 129.53, 146.06,  872.89,   5.11, -13.66,   0.01,   0.01,  41.6,  49.8,  27.7,  28.8,   1.9,  29.79,  32.63,    40.22,  193.36,   52.06,  36.28, 2487.4,    0.98,  353.36,  351.29,  355.02,  336.12,  352.93,  345.91, 1232.98, 1235.36, 1208.30, 1205.10, 1198.67, 1189.34, 1274.32, 1276.08,  6678.5, 149,  GPS,   39.6, 113.60, 110.85, 125.975, 121.800, -0.005,       ,  22.06, -45.4,   15.6,   39.7,  -13.7,      1,   GPS, FLCIAS, -13.6,   5.1, 972.4, 3DDiff, 1852,      ,     13,  17.5,     20
2018-08-27, 16:57:06,  -04:00,  BOROS,   40.9238434,  -72.3138504,  6488.2, 30.07,  6799.8,  19.5, 129.42, 145.57,  906.92,   4.98, -13.57,  -0.00,   0.01,  39.9,  48.0,  27.7,  28.8,   1.9,  29.72,  32.66,    40.34,  193.36,   52.14,  36.30, 2486.5,    0.98,  353.52,  351.35,  355.07,  336.18,  353.03,  345.97, 1233.13, 1235.06, 1208.47, 1205.64, 1198.76, 1189.66, 1274.49, 1275.95,  6694.3, 149,  GPS,   39.6, 113.60, 110.85, 125.975, 121.800, -0.004,       ,  22.14, -45.5,   15.5,   39.6,  -13.7,      1,   GPS, FLCIAS, -13.5,   5.1, 956.7, 3DDiff, 1852,      ,     13,  18.0,     20
2018-08-27, 16:57:07,  -04:00,  BOROS,   40.9244118,  -72.3133698,  6502.2, 30.07,  6815.3,  19.5, 129.53, 145.13,  898.64,   4.89, -13.43,  -0.00,   0.01,  38.0,  46.4,  27.7,  28.8,   1.9,  29.64,  32.68,    40.23,  193.38,   52.33,  36.30, 2486.2,    0.98,  353.72,  351.42,  355.11,  336.25,  353.08,  346.00, 1233.44, 1235.92, 1208.66, 1206.00, 1199.13, 1189.98, 1274.63, 1276.28,  6709.8, 149,  GPS,   39.6, 113.60, 110.85, 125.975, 121.800, -0.004,       ,  22.20, -45.6,   15.5,   39.6,  -13.7,      1,   GPS, FLCIAS, -13.3,   5.0, 933.1, 3DDiff, 1852,      ,     14,  18.0,     20
2018-08-27, 16:57:08,  -04:00,  BOROS,   40.9249878,  -72.3129196,  6517.2, 30.07,  6830.7,  19.5, 129.70, 144.72,  885.40,   4.84, -13.27,   0.00,   0.03,  36.3,  44.5,  27.7,  28.8,   1.9,  29.56,  32.71,    40.07,  193.40,   52.07,  36.30, 2486.3,    0.98,  353.88,  351.48,  355.14,  336.34,  353.11,  346.04, 1233.65, 1236.56, 1208.44, 1205.41, 1199.15, 1190.16, 1274.73, 1276.68,  6725.2, 149,  GPS,   39.6, 113.60, 110.85, 125.975, 121.800, -0.003,       ,  22.25, -45.7,   15.5,   39.6,  -13.7,      1,   GPS, FLCIAS, -13.2,   4.9, 917.3, 3DDiff, 1852,      ,     14,  18.0,     21
2018-08-27, 16:57:09,  -04:00,  BOROS,   40.9255714,  -72.3124924,  6531.2, 30.07,  6847.3,  19.5, 129.71, 144.29,  870.13,   4.86, -13.10,   0.01,   0.03,  34.5,  42.9,  27.7,  28.8,   1.9,  29.49,  32.74,    40.24,  193.42,   52.11,  36.33, 2486.8,    0.98,  354.09,  351.54,  355.20,  336.42,  353.16,  346.10, 1233.87, 1236.75, 1208.34, 1205.56, 1198.96, 1189.93, 1275.14, 1277.11,  6741.8, 149,  GPS,   39.6, 113.60, 110.85, 125.975, 121.800, -0.002,       ,  22.28, -45.9,   15.4,   39.6,  -13.7,      1,   GPS, FLCIAS, -12.9,   4.9, 913.4, 3DDiff, 1852,      ,     13,  18.5,     20
2018-08-27, 16:57:10,  -04:00,  BOROS,   40.9261589,  -72.3120880,  6547.2, 30.07,  6862.5,  19.5, 129.93, 143.86,  871.06,   4.89, -11.52,  -0.01,   0.03,  32.7,  41.2,  27.7,  28.8,   1.9,  29.43,  32.76,    40.34,  193.43,   52.11,  36.34, 2487.6,    0.98,  354.28,  351.60,  355.24,  336.49,  353.21,  346.15, 1233.43, 1237.99, 1207.92, 1205.95, 1198.42, 1189.43, 1275.59, 1276.53,  6757.0, 149,  GPS,   39.6, 113.60, 110.85, 125.975, 121.800, -0.002,       ,  22.30, -46.1,   15.4,   39.6,  -13.7,      1,   GPS, FLCIAS, -11.1,   4.9, 925.2, 3DDiff, 1852,      ,     13,  18.0,     20
2018-08-27, 16:57:11,  -04:00,  BOROS,   40.9267616,  -72.3117065,  6562.2, 30.07,  6877.5,  19.5, 130.01, 143.44,  873.57,   4.97,  -8.81,  -0.00,   0.03,  31.3,  39.6,  27.7,  28.8,   1.9,  29.41,  32.77,    40.34,  193.48,   52.16,  36.33, 2487.4,    0.98,  354.49,  351.69,  355.29,  336.58,  353.27,  346.22, 1232.60, 1238.24, 1207.57, 1205.95, 1198.86, 1189.75, 1275.76, 1276.37,  6772.0, 150,  GPS,   39.6, 113.60, 110.85, 125.975, 121.800, -0.001,       ,  22.32, -46.3,   15.3,   39.6,  -13.7,      1,   GPS, FLCIAS,  -8.0,   4.9, 952.8, 3DDiff, 1852,      ,     13,  17.5,     20
2018-08-27, 16:57:12,  -04:00,  BOROS,   40.9273643,  -72.3113403,  6578.2, 30.07,  6894.2,  19.5, 130.07, 143.05,  903.05,   5.03,  -5.60,  -0.00,   0.03,  30.3,  38.2,  27.7,  28.8,   1.9,  29.47,  32.72,    40.47,  193.51,   52.16,  36.30, 2485.8,    0.98,  354.70,  351.77,  355.33,  336.64,  353.30,  346.25, 1232.60, 1236.57, 1207.91, 1205.71, 1197.96, 1189.76, 1275.06, 1276.31,  6788.8, 150,  GPS,   39.6, 113.60, 110.85, 125.975, 121.800, -0.000,       ,  22.32, -46.5,   15.3,   39.6,  -13.7,      1,   GPS, FLCIAS,  -4.6,   4.9, 988.2, 3DDiff, 1852,      ,     13,  18.0,     20
2018-08-27, 16:57:13,  -04:00,  BOROS,   40.9279709,  -72.3109894,  6594.2, 30.07,  6911.6,  19.2, 130.14, 142.76,  935.89,   5.13,  -2.69,  -0.01,   0.01,  29.8,  37.4,  27.7,  28.8,   1.9,  29.54,  32.64,    40.42,  193.55,   52.18,  36.34, 2486.7,    0.98,  354.86,  351.83,  355.36,  336.74,  353.31,  346.28, 1232.14, 1237.04, 1207.69, 1205.73, 1198.10, 1189.63, 1275.43, 1276.38,  6806.1, 150,  GPS,   39.6, 113.60, 110.85, 125.975, 121.800,  0.001,       ,  22.33, -46.7,   15.3,   39.6,  -13.7,      1,   GPS, FLCIAS,  -1.8,   5.0, 1027.6, 3DDiff, 1852,      ,     14,  18.0,     20
2018-08-27, 16:57:14,  -04:00,  BOROS,   40.9285736,  -72.3106537,  6609.2, 30.07,  6929.2,  19.2, 129.99, 142.48,  930.76,   5.22,  -0.62,  -0.01,  -0.00,  29.7,  37.0,  27.7,  28.8,   1.9,  29.63,  32.55,    40.33,  193.57,   52.20,  36.34, 2488.7,    0.98,  355.05,  351.88,  355.41,  336.82,  353.34,  346.31, 1231.43, 1237.27, 1207.72, 1205.26, 1197.68, 1189.28, 1274.95, 1276.24,  6823.7, 150,  GPS,   39.6, 113.60, 110.85, 125.975, 121.800,  0.003,       ,  22.32, -47.0,   15.2,   39.6,  -13.7,      1,   GPS, FLCIAS,   0.0,   5.1, 1051.2, 3DDiff, 1852,      ,     14,  18.0,     21
2018-08-27, 16:57:15,  -04:00,  BOROS,   40.9291801,  -72.3103104,  6625.2, 30.07,  6945.4,  19.2, 129.83, 142.35,  924.31,   5.20,   0.65,  -0.00,  -0.01,  29.8,  36.9,  27.7,  28.8,   1.9,  29.70,  32.48,    40.24,  193.61,   51.98,  36.29, 2487.9,    0.98,  355.25,  351.94,  355.47,  336.89,  353.34,  346.35, 1232.06, 1237.10, 1208.05, 1204.72, 1197.47, 1188.33, 1274.52, 1276.38,  6839.9, 150,  GPS,   39.6, 113.60, 110.85, 125.975, 121.800,  0.005,       ,  22.31, -47.2,   15.2,   39.6,  -13.7,      1,   GPS, FLCIAS,   1.1,   5.1, 1070.9, 3DDiff, 1852,      ,     13,  18.5,     20
2018-08-27, 16:57:16,  -04:00,  BOROS,   40.9297867,  -72.3099670,  6642.2, 30.07,  6963.4,  19.2, 129.75, 142.25,  951.21,   5.13,   1.35,  -0.00,  -0.01,  30.0,  36.9,  27.7,  28.8,   1.9,  29.74,  32.46,    40.11,  193.63,   52.14,  36.28, 2487.4,    0.98,  355.46,  352.05,  355.53,  336.98,  353.37,  346.42, 1232.58, 1237.23, 1207.78, 1204.99, 1197.59, 1188.43, 1274.81, 1276.00,  6857.9, 150,  GPS,   39.6, 113.60, 110.85, 125.975, 121.800,  0.007,       ,  22.27, -47.4,   15.1,   39.6,  -13.7,      1,   GPS, FLCIAS,   1.6,   5.1, 1063.0, 3DDiff, 1852,      ,     13,  18.0,     20
2018-08-27, 16:57:17,  -04:00,  BOROS,   40.9303894,  -72.3096237,  6657.2, 30.07,  6981.3,  19.2, 129.55, 142.21,  965.79,   5.03,   1.67,   0.00,  -0.02,  30.2,  37.1,  27.7,  28.8,   1.9,  29.73,  32.47,    40.17,  193.65,   52.40,  36.29, 2484.8,    0.98,  355.62,  352.11,  355.57,  337.04,  353.37,  346.46, 1232.13, 1237.68, 1207.07, 1206.55, 1197.28, 1188.59, 1276.13, 1275.06,  6875.8, 149,  GPS,   39.6, 113.60, 110.85, 125.975, 121.800,  0.009,       ,  22.22, -47.6,   15.1,   39.6,  -13.7,      1,   GPS, FLCIAS,   1.8,   5.1, 1039.4, 3DDiff, 1852,      ,     13,  17.5,     20
2018-08-27, 16:57:18,  -04:00,  BOROS,   40.9309921,  -72.3092728,  6674.2, 30.07,  6997.9,  19.2, 129.51, 142.21,  961.32,   4.97,   1.81,   0.00,  -0.02,  30.4,  37.3,  27.7,  28.8,   1.9,  29.68,  32.50,    40.22,  193.70,   52.20,  36.26, 2487.1,    0.98,  355.81,  352.17,  355.61,  337.12,  353.37,  346.55, 1232.08, 1237.35, 1207.24, 1205.86, 1197.52, 1188.13, 1275.48, 1275.12,  6892.5, 149,  GPS,   39.6, 113.60, 110.85, 125.975, 121.800,  0.010,       ,  22.15, -47.8,   15.1,   39.6,  -13.7,      1,   GPS, FLCIAS,   1.9,   5.0, 1015.7, 3DDiff, 1852,      ,     14,  18.0,     21
2018-08-27, 16:57:19,  -04:00,  BOROS,   40.9315948,  -72.3089218,  6690.2, 30.07,  7014.3,  19.2, 129.72, 142.29,  965.20,   4.92,   1.80,   0.01,  -0.00,  30.7,  37.8,  27.7,  28.8,   1.9,  29.61,  32.53,    40.13,  193.71,   51.99,  36.32, 2486.0,    0.98,  355.99,  352.26,  355.63,  337.19,  353.37,  346.62, 1232.52, 1237.58, 1207.72, 1207.12, 1198.17, 1187.95, 1276.06, 1275.83,  6908.8, 150,  GPS,   39.6, 113.60, 110.85, 125.975, 121.800,  0.011,       ,  22.07, -48.0,   15.0,   39.6,  -13.7,      1,   GPS, FLCIAS,   1.8,   5.0, 996.1, 3DDiff, 1852,      ,     14,  18.0,     21
2018-08-27, 16:57:20,  -04:00,  BOROS,   40.9321938,  -72.3085632,  6705.2, 30.07,  7030.6,  19.2, 129.72, 142.37,  940.42,   4.90,   1.75,   0.00,  -0.00,  30.9,  37.8,  27.7,  28.8,   1.9,  29.53,  32.56,    40.30,  193.74,   52.14,  36.30, 2487.8,    0.98,  356.17,  352.36,  355.69,  337.25,  353.37,  346.68, 1232.62, 1236.73, 1207.05, 1206.86, 1197.86, 1188.19, 1275.34, 1275.58,  6925.1, 150,  GPS,   39.6, 113.60, 110.85, 125.975, 121.800,  0.012,       ,  21.98, -48.1,   15.0,   39.7,  -13.7,      1,   GPS, FLCIAS,   1.7,   4.9, 980.3, 3DDiff, 1852,      ,     14,  18.0,     21
2018-08-27, 16:57:21,  -04:00,  BOROS,   40.9327965,  -72.3082047,  6720.2, 30.07,  7047.9,  19.2, 129.85, 142.46,  922.53,   4.92,   1.60,   0.00,  -0.00,  31.1,  38.3,  27.7,  28.8,   1.9,  29.44,  32.60,    40.27,  193.76,   52.32,  36.36, 2486.7,    0.98,  356.38,  352.42,  355.73,  337.34,  353.37,  346.74, 1233.93, 1237.52, 1207.34, 1207.35, 1198.47, 1188.32, 1275.96, 1276.37,  6942.5, 150,  GPS,   39.6, 113.60, 110.85, 125.975, 121.800,  0.013,       ,  21.87, -48.3,   14.9,   39.7,  -13.7,      1,   GPS, FLCIAS,   1.6,   4.9, 980.3, 3DDiff, 1852,      ,     14,  18.5,     20
2018-08-27, 16:57:22,  -04:00,  BOROS,   40.9333916,  -72.3078384,  6736.2, 30.07,  7063.9,  19.2, 129.81, 142.54,  916.37,   4.95,   1.51,   0.00,  -0.00,  31.4,  38.3,  27.7,  28.8,   1.9,  29.37,  32.63,    40.43,  193.78,   52.20,  36.37, 2486.8,    0.98,  356.51,  352.48,  355.78,  337.41,  353.37,  346.78, 1233.27, 1237.51, 1207.69, 1207.49, 1197.83, 1188.50, 1276.18, 1276.32,  6958.5, 150,  GPS,   39.6, 113.60, 110.85, 125.975, 121.800,  0.014,       ,  21.76, -48.4,   14.9,   39.7,  -13.7,      1,   GPS, FLCIAS,   1.5,   4.9, 984.3, 3DDiff, 1852,      ,     13,  18.0,     20
2018-08-27, 16:57:23,  -04:00,  BOROS,   40.9339943,  -72.3074722,  6752.2, 30.07,  7079.2,  19.2, 129.86, 142.62,  931.61,   4.97,   1.37,   0.00,  -0.00,  31.5,  38.8,  27.7,  28.8,   1.9,  29.30,  32.66,    40.28,  193.80,   52.04,  36.33, 2489.4,    0.98,  356.72,  352.58,  355.81,  337.47,  353.36,  346.83, 1233.28, 1236.53, 1206.94, 1207.00, 1197.83, 1188.48, 1276.06, 1275.77,  6973.9, 150,  GPS,   39.6, 113.60, 110.85, 125.975, 121.800,  0.015,       ,  21.64, -48.4,   14.9,   39.7,  -13.7,      1,   GPS, FLCIAS,   1.4,   4.9, 984.3, 3DDiff, 1852,      ,     13,  17.5,     20
2018-08-27, 16:57:24,  -04:00,  BOROS,   40.9345894,  -72.3070984,  6767.2, 30.07,  7095.5,  19.0, 129.72, 142.70,  921.79,   4.98,   1.30,   0.00,  -0.02,  31.7,  39.0,  27.7,  28.8,   1.9,  29.25,  32.68,    40.27,  193.82,   52.12,  36.30, 2488.2,    0.98,  356.90,  352.66,  355.83,  337.55,  353.37,  346.89, 1233.36, 1236.70, 1206.67, 1205.85, 1198.75, 1188.07, 1275.32, 1276.12,  6990.1, 150,  GPS,   39.6, 113.60, 110.85, 125.975, 121.800,  0.015,       ,  21.51, -48.5,   14.8,   39.7,  -13.7,      1,   GPS, FLCIAS,   1.2,   4.9, 980.3, 3DDiff, 1852,      ,     14,  17.5,     20
2018-08-27, 16:57:25,  -04:00,  BOROS,   40.9351883,  -72.3067245,  6782.2, 30.07,  7111.4,  19.0, 129.70, 142.78,  902.34,   4.92,   1.15,   0.00,  -0.02,  31.8,  38.9,  27.7,  28.8,   1.9,  29.21,  32.70,    40.22,  193.84,   52.09,  36.35, 2486.8,    0.98,  357.11,  352.75,  355.85,  337.59,  353.34,  346.94, 1233.21, 1236.77, 1206.96, 1206.33, 1198.71, 1188.61, 1275.99, 1276.14,  7006.0, 150,  GPS,   39.6, 113.60, 110.85, 125.975, 121.800,  0.016,       ,  21.39, -48.5,   14.8,   39.7,  -13.7,      1,   GPS, FLCIAS,   1.1,   4.9, 964.6, 3DDiff, 1852,      ,     14,  18.0,     21
2018-08-27, 16:57:26,  -04:00,  BOROS,   40.9357834,  -72.3063583,  6798.2, 30.07,  7127.0,  19.0, 129.82, 142.87,  922.72,   4.93,   0.92,   0.00,  -0.01,  31.9,  39.1,  27.7,  28.8,   1.9,  29.18,  32.72,    40.37,  193.87,   52.09,  36.34, 2487.1,    0.98,  357.25,  352.82,  355.89,  337.66,  353.34,  347.01, 1232.96, 1236.22, 1206.94, 1205.97, 1198.95, 1188.34, 1275.82, 1276.68,  7021.6, 150,  GPS,   39.6, 113.60, 110.85, 125.975, 121.800,  0.016,       ,  21.27, -48.6,   14.7,   39.7,  -13.7,      1,   GPS, FLCIAS,   1.0,   4.9, 944.9, 3DDiff, 1852,      ,     14,  18.0,     21
2018-08-27, 16:57:27,  -04:00,  BOROS,   40.9363823,  -72.3059845,  6813.2, 30.07,  7142.5,  19.0, 129.91, 142.97,  903.21,   4.94,   0.78,   0.00,  -0.01,  32.0,  39.5,  27.7,  28.8,   1.9,  29.16,  32.72,    40.39,  193.88,   52.00,  36.35, 2486.4,    0.98,  357.43,  352.90,  355.90,  337.71,  353.34,  347.04, 1232.10, 1236.97, 1205.95, 1205.97, 1198.73, 1189.23, 1275.85, 1275.95,  7037.1, 150,  GPS,   39.6, 113.60, 110.85, 119.450, 121.800,  0.016,       ,  21.15, -48.6,   14.7,   39.7,  -13.7,      1,   GPS, FLCIAS,   0.9,   4.9, 929.1, 3DDiff, 1852,      ,     14,  18.5,     20
2018-08-27, 16:57:28,  -04:00,  BOROS,   40.9369850,  -72.3055954,  6827.2, 30.07,  7158.1,  19.0, 129.99, 143.03,  891.80,   4.94,   0.73,  -0.00,  -0.01,  32.1,  39.6,  27.7,  28.8,   1.9,  29.17,  32.72,    40.29,  193.90,   52.15,  36.31, 2486.0,    0.98,  357.63,  352.97,  355.90,  337.77,  353.31,  347.13, 1231.62, 1237.03, 1206.74, 1206.39, 1198.91, 1189.25, 1275.54, 1275.97,  7052.8, 150,  GPS,   39.6, 113.60, 110.85, 119.450, 121.800,  0.016,       ,  21.03, -48.6,   14.7,   39.7,  -13.7,      1,   GPS, FLCIAS,   0.8,   4.9, 917.3, 3DDiff, 1852,      ,     13,  18.0,     20
2018-08-27, 16:57:29,  -04:00,  BOROS,   40.9375801,  -72.3052216,  6842.2, 30.07,  7174.6,  19.0, 130.12, 143.11,  876.60,   4.98,   0.68,   0.00,  -0.01,  32.2,  39.4,  27.7,  28.8,   1.9,  29.19,  32.71,    40.33,  193.92,   52.31,  36.32, 2486.8,    0.98,  357.80,  353.05,  355.91,  337.83,  353.28,  347.14, 1232.73, 1236.64, 1206.84, 1205.28, 1198.24, 1188.63, 1274.86, 1276.52,  7069.3, 150,  GPS,   39.6, 113.60, 110.85, 119.450, 121.800,  0.017,       ,  20.93, -48.6,   14.6,   39.7,  -13.7,      1,   GPS, FLCIAS,   0.7,   4.9, 905.5, 3DDiff, 1852,      ,     13,  17.5,     20
2018-08-27, 16:57:30,  -04:00,  BOROS,   40.9381790,  -72.3048401,  6856.2, 30.07,  7189.8,  19.0, 130.29, 143.14,  872.57,   5.03,   0.64,   0.00,   0.00,  32.3,  39.5,  27.7,  28.8,   1.9,  29.23,  32.70,    40.29,  193.94,   51.88,  36.35, 2486.9,    0.98,  357.98,  353.11,  355.93,  337.89,  353.27,  347.21, 1232.73, 1236.61, 1207.88, 1205.32, 1198.89, 1188.69, 1274.43, 1276.83,  7084.4, 151,  GPS,   39.6, 113.60, 110.85, 119.450, 121.800,  0.017,       ,  20.83, -48.6,   14.6,   39.7,  -13.7,      1,   GPS, FLCIAS,   0.6,   5.0, 897.6, 3DDiff, 1852,      ,     14,  17.5,     20
2018-08-27, 16:57:31,  -04:00,  BOROS,   40.9387741,  -72.3044510,  6870.2, 30.07,  7205.0,  19.0, 130.45, 143.18,  859.08,   5.09,   0.57,  -0.00,   0.00,  32.5,  39.6,  27.7,  28.8,   1.9,  29.26,  32.68,    40.26,  193.97,   52.02,  36.34, 2487.0,    0.98,  358.13,  353.18,  355.93,  337.92,  353.27,  347.23, 1232.84, 1236.59, 1207.71, 1205.53, 1199.18, 1188.80, 1274.80, 1276.15,  7099.6, 151,  GPS,   39.6, 113.60, 110.85, 119.450, 121.800,  0.016,       ,  20.73, -48.5,   14.5,   39.7,  -13.7,      1,   GPS, FLCIAS,   0.6,   5.0, 901.6, 3DDiff, 1852,      ,     14,  18.0,     21
2018-08-27, 16:57:32,  -04:00,  BOROS,   40.9393730,  -72.3040695,  6885.2, 30.07,  7220.6,  19.0, 130.53, 143.20,  843.39,   5.16,   0.53,  -0.01,   0.00,  32.6,  39.9,  27.7,  28.8,   1.9,  29.29,  32.67,    40.15,  194.02,   52.04,  36.31, 2487.6,    0.98,  358.33,  353.23,  355.96,  338.01,  353.25,  347.29, 1233.53, 1237.67, 1207.83, 1205.77, 1199.71, 1188.99, 1275.89, 1276.48,  7115.3, 151,  GPS,   39.6, 113.60, 110.85, 119.450, 121.800,  0.016,       ,  20.64, -48.5,   14.5,   39.7,  -13.7,      1,   GPS, FLCIAS,   0.5,   5.1, 917.3, 3DDiff, 1852,      ,     14,  18.0,     21
2018-08-27, 16:57:33,  -04:00,  BOROS,   40.9399681,  -72.3036957,  6898.2, 30.07,  7236.6,  19.0, 130.57, 143.20,  835.21,   5.24,   0.52,   0.00,   0.00,  32.7,  39.7,  27.7,  28.8,   1.9,  29.31,  32.66,    40.10,  194.04,   51.95,  36.31, 2487.4,    0.98,  358.49,  353.30,  355.93,  338.07,  353.24,  347.35, 1234.42, 1237.58, 1208.23, 1207.01, 1199.96, 1189.51, 1276.59, 1276.97,  7131.3, 151,  GPS,   39.6, 113.60, 110.85, 119.450, 121.800,  0.016,       ,  20.56, -48.4,   14.5,   39.7,  -13.7,      1,   GPS, FLCIAS,   0.5,   5.2, 937.0, 3DDiff, 1852,      ,     14,  18.5,     20
2018-08-27, 16:57:34,  -04:00,  BOROS,   40.9405594,  -72.3033066,  6913.2, 30.07,  7252.3,  18.8, 130.52, 143.16,  844.96,   5.28,   0.43,   0.00,   0.01,  32.8,  39.8,  27.7,  28.8,   1.9,  29.32,  32.66,    40.08,  194.05,   51.91,  36.27, 2487.6,    0.98,  358.65,  353.34,  355.96,  338.13,  353.21,  347.40, 1233.82, 1237.82, 1208.07, 1206.95, 1199.81, 1189.18, 1276.27, 1276.77,  7147.0, 151,  GPS,   39.6, 113.60, 110.85, 119.450, 121.800,  0.016,       ,  20.48, -48.3,   14.4,   39.7,  -13.7,      1,   GPS,   ALTS,   0.4,   5.2, 956.7, 3DDiff, 1852,      ,     13,  18.0,     20
2018-08-27, 16:57:35,  -04:00,  BOROS,   40.9411545,  -72.3029251,  6929.2, 30.07,  7267.6,  18.8, 130.64, 143.11,  872.48,   5.05,   0.42,   0.00,  -0.03,  32.9,  39.8,  27.7,  28.8,   1.9,  29.32,  32.66,    40.29,  194.07,   52.08,  36.27, 2488.9,    0.98,  358.80,  353.42,  355.94,  338.17,  353.19,  347.44, 1233.70, 1237.82, 1208.27, 1207.52, 1199.29, 1188.52, 1276.67, 1276.65,  7162.3, 151,  GPS,   39.6, 113.60, 110.85, 119.450, 121.800,  0.016,       ,  20.41, -48.2,   14.4,   39.7,  -13.7,      1,   GPS,   ALTS,   0.4,   5.0, 968.5, 3DDiff, 1852,      ,     13,  17.5,     20
2018-08-27, 16:57:36,  -04:00,  BOROS,   40.9417496,  -72.3025360,  6944.2, 30.07,  7282.9,  18.8, 130.55, 143.13,  886.22,   4.59,   0.37,  -0.00,  -0.07,  33.0,  39.9,  27.7,  28.8,   1.9,  29.32,  32.66,    40.33,  194.09,   52.12,  36.27, 2486.6,    0.98,  358.96,  353.48,  355.96,  338.23,  353.16,  347.49, 1233.92, 1238.43, 1208.01, 1207.63, 1198.96, 1189.00, 1276.85, 1276.67,  7177.5, 151,  GPS,   39.6, 113.60, 110.85, 119.450, 121.800,  0.016,       ,  20.34, -48.0,   14.3,   39.7,  -13.7,      1,   GPS,   ALTS,   0.3,   4.4, 925.2, 3DDiff, 1852,      ,     14,  17.5,     20
2018-08-27, 16:57:37,  -04:00,  BOROS,   40.9423447,  -72.3021469,  6957.2, 30.07,  7296.2,  18.8, 130.75, 143.28,  867.72,   4.09,   0.32,   0.00,  -0.07,  33.0,  40.2,  27.7,  28.8,   1.9,  29.29,  32.67,    40.16,  194.11,   52.16,  36.26, 2486.4,    0.98,  359.10,  353.52,  355.97,  338.29,  353.15,  347.53, 1234.10, 1238.94, 1208.56, 1206.83, 1198.89, 1188.97, 1277.17, 1276.80,  7190.9, 151,  GPS,   39.6, 113.60, 110.85, 119.450, 121.800,  0.015,       ,  20.27, -47.9,   14.3,   39.7,  -13.7,      1,   GPS,    ALT,   0.3,   3.9, 826.8, 3DDiff, 1852,      ,     14,  18.0,     21
2018-08-27, 16:57:38,  -04:00,  BOROS,   40.9429398,  -72.3017502,  6970.2, 30.07,  7307.4,  18.8, 131.15, 143.55,  825.90,   3.59,   0.26,   0.01,  -0.07,  33.0,  40.0,  27.7,  28.8,   1.9,  29.23,  32.69,    40.21,  194.12,   51.96,  36.28, 2488.2,    0.98,  359.21,  353.60,  355.96,  338.35,  353.10,  347.59, 1234.53, 1238.83, 1207.75, 1207.28, 1199.76, 1189.09, 1277.03, 1277.03,  7202.1, 152,  GPS,   39.6, 113.60, 110.85, 119.450, 121.800,  0.015,       ,  20.20, -47.7,   14.3,   39.7,  -13.7,      1,   GPS,    ALT,   0.3,   3.5, 704.7, 3DDiff, 1852,      ,     14,  18.0,     21
2018-08-27, 16:57:39,  -04:00,  BOROS,   40.9435425,  -72.3013687,  6980.2, 30.07,  7316.7,  18.8, 131.55, 144.00,  745.93,   3.12,   0.19,  -0.00,  -0.07,  33.0,  40.3,  27.7,  28.8,   1.9,  29.17,  32.71,    40.13,  194.14,   52.09,  36.28, 2487.1,    0.98,  359.36,  353.62,  355.97,  338.38,  353.08,  347.65, 1234.48, 1239.02, 1208.87, 1206.45, 1200.62, 1189.22, 1277.18, 1278.38,  7211.4, 152,  GPS,   39.6, 113.60, 110.85, 119.450, 121.800,  0.015,       ,  20.15, -47.5,   14.2,   39.7,  -13.7,      1,   GPS,    ALT,   0.2,   3.2, 582.7, 3DDiff, 1852,      ,     14,  18.5,     20
2018-08-27, 16:57:40,  -04:00,  BOROS,   40.9441414,  -72.3009720,  6989.2, 30.07,  7324.3,  18.8, 132.02, 144.54,  647.91,   2.69,   0.11,  -0.00,  -0.06,  33.0,  40.1,  27.7,  28.8,   1.9,  29.10,  32.72,    39.93,  194.15,   52.17,  36.28, 2489.5,    0.98,  359.49,  353.67,  355.97,  338.44,  353.04,  347.74, 1234.07, 1239.04, 1208.47, 1206.42, 1201.32, 1189.35, 1277.49, 1278.55,  7219.0, 153,  GPS,   39.6, 113.60, 110.85, 119.450, 121.800,  0.014,       ,  20.09, -47.2,   14.2,   39.7,  -13.7,      1,   GPS,    ALT,   0.2,   2.8, 464.6, 3DDiff, 1852,      ,     13,  18.0,     20
2018-08-27, 16:57:41,  -04:00,  BOROS,   40.9447479,  -72.3005753,  6995.2, 30.07,  7329.5,  18.8, 132.60, 145.19,  540.66,   2.25,   0.09,   0.00,  -0.05,  32.9,  40.1,  27.7,  28.8,   1.9,  29.04,  32.74,    40.18,  194.18,   51.90,  36.34, 2486.5,    0.98,  359.62,  353.73,  355.99,  338.50,  353.02,  347.78, 1234.03, 1239.05, 1208.23, 1206.08, 1200.44, 1189.72, 1277.42, 1277.75,  7224.2, 154,  GPS,   39.6, 113.60, 110.85, 119.450, 121.800,  0.014,       ,  20.05, -47.0,   14.1,   39.7,  -13.7,      1,   GPS,    ALT,   0.1,   2.5, 358.3, 3DDiff, 1852,      ,     13,  17.5,     20
2018-08-27, 16:57:42,  -04:00,  BOROS,   40.9453506,  -72.3001862,  6955.2, 30.02,  7333.4,  18.5, 133.30, 145.96,  448.22,   1.87,   0.09,   0.00,  -0.05,  32.9,  40.1,  27.7,  28.8,   1.9,  28.98,  32.75,    40.19,  194.17,   51.93,  36.34, 2485.3,    0.98,  359.72,  353.78,  356.00,  338.53,  353.00,  347.83, 1233.60, 1238.63, 1208.51, 1206.17, 1200.36, 1189.78, 1276.69, 1277.43,  7228.1, 154,  GPS,   39.6, 113.60, 110.85, 119.450, 121.800,  0.014,       ,  20.02, -46.8,   14.1,   39.7,  -13.7,      1,   GPS,    ALT,   0.1,   2.1, 259.8, 3DDiff, 1852,      ,     13,  18.0,     20
2018-08-27, 16:57:43,  -04:00,  BOROS,   40.9459610,  -72.2997894,  6958.2, 30.02,  7335.9,  18.5, 134.12, 146.80,  346.17,   1.61,   0.12,  -0.00,  -0.03,  32.9,  40.1,  27.7,  28.8,   1.9,  28.95,  32.75,    40.35,  194.15,   51.89,  36.31, 2487.2,    0.98,  359.84,  353.82,  356.02,  338.60,  352.94,  347.87, 1233.15, 1238.03, 1208.11, 1205.99, 1200.20, 1189.58, 1276.22, 1277.16,  7230.5, 155,  GPS,   39.6, 113.60, 110.85, 119.450, 121.800,  0.013,       ,  19.99, -46.5,   14.1,   39.7,  -13.7,      1,   GPS,    ALT,   0.1,   1.8, 173.2, 3DDiff, 1852,      ,     14,  18.0,     21
2018-08-27, 16:57:44,  -04:00,  BOROS,   40.9465752,  -72.2993851,  6960.2, 30.02,  7337.6,  18.5, 134.87, 147.71,  241.28,   1.49,   0.00,   0.00,  -0.01,  33.0,  40.1,  27.7,  28.8,   1.9,  28.91,  32.75,    40.27,  194.15,   52.03,  36.35, 2490.8,    0.98,  359.94,  353.86,  356.02,  338.68,  352.94,  347.93, 1232.59, 1237.29, 1207.89, 1206.18, 1200.18, 1189.12, 1276.10, 1276.99,  7232.3, 156,  GPS,   39.6, 113.60, 110.85, 119.450, 121.800,  0.013,       ,  19.98, -46.3,   14.0,   39.7,  -13.7,      1,   GPS,    ALT,   0.1,   1.6, 114.2, 3DDiff, 1852,      ,     14,  18.0,     21
2018-08-27, 16:57:45,  -04:00,  BOROS,   40.9471893,  -72.2989807,  6962.2, 30.02,  7339.3,  18.5, 135.65, 148.61,  159.79,   1.43,   0.00,   0.01,  -0.00,  33.0,  40.0,  27.7,  28.8,   1.9,  28.87,  32.75,    38.95,  194.13,   51.95,  35.39, 2488.5,    0.95,  360.02,  353.89,  356.03,  338.72,  352.91,  347.99, 1233.94, 1238.49, 1210.26, 1207.71, 1202.40, 1191.45, 1277.75, 1280.13,  7233.9, 157,  GPS,   39.6, 113.60, 110.85, 119.450, 121.800,  0.013,       ,  19.97, -46.0,   14.0,   39.7,  -13.7,      1,   GPS,    ALT,   0.0,   1.5,  90.6, 3DDiff, 1852,      ,     14,  18.5,     20
2018-08-27, 16:57:46,  -04:00,  BOROS,   40.9478073,  -72.2985687,  6963.2, 30.02,  7340.5,  18.5, 136.30, 149.44,  110.66,   1.40,   0.04,   0.00,  -0.01,  33.1,  40.0,  27.7,  28.8,   1.9,  28.84,  32.75,    35.99,  194.10,   52.00,  33.62, 2484.3,    0.90,  360.12,  353.94,  356.03,  338.78,  352.88,  348.04, 1240.25, 1245.16, 1217.82, 1216.02, 1208.57, 1198.26, 1285.55, 1290.02,  7235.2, 158,  GPS,   39.6, 113.60, 110.85, 119.450, 121.800,  0.012,       ,  19.97, -45.8,   13.9,   39.7,  -13.7,      1,   GPS,    ALT,   0.0,   1.4,  78.7, 3DDiff, 1852,      ,     13,  18.0,     20
2018-08-27, 16:57:47,  -04:00,  BOROS,   40.9484329,  -72.2981644,  6963.2, 30.02,  7341.8,  18.2, 136.77, 150.14,   57.35,   1.38,   0.09,   0.00,  -0.00,  33.2,  40.0,  27.7,  28.8,   1.9,  28.79,  32.75,    32.98,  194.09,   52.05,  32.25, 2484.0,    0.86,  360.21,  353.98,  356.06,  338.83,  352.82,  348.08, 1253.41, 1258.05, 1232.06, 1229.81, 1221.34, 1211.96, 1299.13, 1306.76,  7236.5, 158,  GPS,   39.6, 113.60, 110.85, 119.450, 121.800,  0.012,       ,  19.98, -45.6,   13.9,   39.7,  -13.7,      1,   GPS,    ALT,   0.1,   1.4,  78.7, 3DDiff, 1852,      ,     13,  17.5,     20
2018-08-27, 16:57:48,  -04:00,  BOROS,   40.9490585,  -72.2977600,  6964.2, 30.02,  7343.3,  18.2, 137.24, 150.73,   47.21,   1.44,   0.11,   0.01,   0.00,  33.3,  40.1,  27.7,  28.8,   1.9,  28.71,  32.76,    30.59,  194.09,   51.76,  31.11, 2485.1,    0.83,  360.30,  354.01,  356.08,  338.90,  352.79,  348.19, 1268.68, 1273.39, 1248.41, 1245.16, 1238.45, 1226.81, 1313.88, 1325.76,  7238.0, 159,  GPS,   39.6, 113.60, 110.85, 119.450, 121.800,  0.011,       ,  19.99, -45.3,   13.9,   39.7,  -13.7,      1,   GPS,    ALT,   0.1,   1.4,  86.6, 3DDiff, 1852,      ,     13,  17.5,     20
2018-08-27, 16:57:49,  -04:00,  BOROS,   40.9496841,  -72.2973480,  6965.2, 30.02,  7345.0,  18.2, 137.61, 151.17,   44.34,   1.52,   0.08,   0.01,   0.01,  33.3,  40.1,  27.7,  28.8,   1.9,  28.59,  32.77,    28.98,  194.06,   51.96,  30.32, 2487.0,    0.81,  360.37,  354.04,  356.12,  338.99,  352.76,  348.26, 1282.76, 1286.45, 1263.56, 1260.01, 1253.97, 1241.16, 1327.62, 1341.45,  7239.7, 159,  GPS,   39.6, 113.60, 110.85, 119.450, 121.800,  0.011,       ,  20.00, -45.1,   13.8,   39.7,  -13.7,      1,   GPS,    ALT,   0.0,   1.5,  98.4, 3DDiff, 1852,      ,     14,  18.0,     21
2018-08-27, 16:57:50,  -04:00,  BOROS,   40.9503098,  -72.2969284,  6967.2, 30.02,  7346.9,  18.2, 137.95, 151.52,   59.69,   1.57,  -0.01,   0.00,   0.00,  33.3,  40.2,  27.7,  28.8,   1.9,  28.46,  32.79,    27.96,  194.04,   51.80,  30.10, 2485.2,    0.81,  360.48,  354.07,  356.12,  339.08,  352.75,  348.38, 1295.36, 1297.85, 1277.09, 1272.86, 1268.14, 1253.49, 1338.79, 1354.41,  7241.6, 160,  GPS,   39.6, 113.60, 110.85, 119.450, 121.800,  0.010,       ,  20.02, -44.9,   13.8,   39.7,  -13.7,      1,   GPS,    ALT,  -0.0,   1.5, 114.2, 3DDiff, 1852,      ,     14,  18.0,     21
2018-08-27, 16:57:51,  -04:00,  BOROS,   40.9509430,  -72.2965240,  6970.2, 30.02,  7349.2,  18.2, 138.19, 151.83,   93.65,   1.65,  -0.11,   0.01,   0.00,  33.3,  40.2,  27.7,  28.8,   1.9,  28.33,  32.81,    27.72,  194.02,   51.88,  30.13, 2486.8,    0.81,  360.52,  354.13,  356.18,  339.17,  352.69,  348.50, 1304.79, 1307.01, 1287.24, 1283.43, 1279.51, 1264.29, 1347.68, 1363.52,  7243.8, 160,  GPS,   39.6, 113.60, 110.85, 119.450, 121.800,  0.010,       ,  20.03, -44.7,   13.7,   39.7,  -13.7,      1,   GPS,    ALT,  -0.0,   1.6, 129.9, 3DDiff, 1852,      ,     14,  18.5,     20
2018-08-27, 16:57:52,  -04:00,  BOROS,   40.9515800,  -72.2961044,  6972.2, 30.02,  7351.7,  18.2, 138.48, 152.11,  104.16,   1.71,  -0.22,   0.01,   0.00,  33.2,  40.2,  27.7,  28.8,   1.9,  28.23,  32.82,    27.63,  193.99,   51.77,  30.21, 2486.2,    0.81,  360.61,  354.21,  356.23,  339.26,  352.67,  348.57, 1312.12, 1314.34, 1295.13, 1292.18, 1287.97, 1273.46, 1354.88, 1370.00,  7246.4, 160,  GPS,   39.6, 113.60, 110.85, 119.450, 121.800,  0.010,       ,  20.05, -44.6,   13.7,   39.7,  -13.7,      1,   GPS,    ALT,  -0.1,   1.6, 145.7, 3DDiff, 1852,      ,     13,  18.0,     20
2018-08-27, 16:57:53,  -04:00,  BOROS,   40.9522095,  -72.2956848,  6974.2, 30.02,  7355.1,  18.2, 138.84, 152.34,  109.53,   1.76,  -0.26,   0.00,   0.00,  33.2,  40.2,  27.7,  28.8,   1.9,  28.16,  32.83,    26.07,  193.96,   51.97,  30.35, 2487.4,    0.83,  360.67,  354.25,  356.24,  339.39,  352.64,  348.68, 1324.78, 1325.65, 1308.17, 1304.78, 1299.42, 1285.91, 1366.65, 1385.57,  7249.8, 161,  GPS,   39.6, 113.60, 110.85, 119.450, 121.800,  0.009,       ,  20.06, -44.4,   13.6,   39.7,  -13.7,      1,   GPS,    ALT,  -0.1,   1.7, 161.4, 3DDiff, 1852,      ,     13,  17.5,     20
2018-08-27, 16:57:54,  -04:00,  BOROS,   40.9528427,  -72.2952728,  6977.2, 30.02,  7358.3,  18.2, 139.05, 152.63,  131.90,   1.79,  -0.25,  -0.00,  -0.00,  33.1,  40.2,  27.7,  28.8,   1.9,  28.12,  32.83,    23.00,  193.94,   51.87,  30.65, 2490.2,    0.86,  360.71,  354.31,  356.27,  339.53,  352.63,  348.80, 1360.11, 1360.74, 1344.03, 1341.29, 1332.48, 1322.02, 1403.79, 1430.59,  7252.9, 161,  GPS,   39.6, 113.60, 110.85, 119.450, 121.800,  0.009,       ,  20.09, -44.3,   13.6,   39.7,  -13.7,      1,   GPS,    ALT,  -0.1,   1.7, 181.1, 3DDiff, 1852,      ,     13,  18.0,     20
2018-08-27, 16:57:55,  -04:00,  BOROS,   40.9534760,  -72.2948532,  6981.2, 30.02,  7361.6,  18.0, 139.35, 152.92,  158.47,   1.79,  -0.27,   0.00,   0.00,  33.0,  40.2,  27.7,  28.8,   1.9,  28.10,  32.81,    20.62,  193.90,   52.00,  30.86, 2487.4,    0.87,  360.77,  354.37,  356.30,  339.68,  352.60,  348.97, 1408.28, 1412.02, 1395.65, 1391.92, 1380.92, 1372.78, 1457.80, 1488.77,  7256.3, 161,  GPS,   39.6, 113.60, 110.85, 119.450, 121.800,  0.008,       ,  20.11, -44.1,   13.6,   39.7,  -13.7,      1,   GPS,    ALT,  -0.2,   1.7, 192.9, 3DDiff, 1852,      ,     14,  18.0,     21
2018-08-27, 16:57:56,  -04:00,  BOROS,   40.9541168,  -72.2944489,  6984.2, 30.02,  7365.1,  18.0, 139.53, 153.16,  172.46,   1.76,  -0.23,   0.01,  -0.00,  33.0,  40.2,  27.7,  28.8,   1.9,  28.10,  32.78,    19.12,  193.90,   52.08,  30.66, 2487.1,    0.86,  360.83,  354.46,  356.37,  339.84,  352.63,  349.17, 1442.23, 1456.22, 1436.48, 1430.09, 1421.15, 1412.02, 1499.99, 1527.11,  7259.7, 161,  GPS,   39.6, 113.60, 110.85, 119.450, 121.800,  0.008,       ,  20.15, -44.0,   13.5,   39.7,  -13.8,      1,   GPS,    ALT,  -0.2,   1.7, 200.8, 3DDiff, 1852,      ,     14,  18.0,     21
2018-08-27, 16:57:57,  -04:00,  BOROS,   40.9547501,  -72.2940216,  6988.2, 30.02,  7368.5,  18.0, 139.75, 153.29,  184.89,   1.71,  -0.20,   0.00,  -0.01,  32.9,  40.2,  27.7,  28.8,   1.9,  28.10,  32.76,    18.15,  193.91,   52.05,  30.55, 2486.8,    0.84,  360.86,  354.56,  356.47,  340.06,  352.66,  349.41, 1461.49, 1483.86, 1461.91, 1453.14, 1446.03, 1436.99, 1523.79, 1546.38,  7263.1, 162,  GPS,   39.6, 113.60, 110.85, 119.450, 121.800,  0.007,       ,  20.19, -43.9,   13.5,   39.7,  -13.8,      1,   GPS,    ALT,  -0.2,   1.7, 196.9, 3DDiff, 1852,      ,     14,  18.5,     20
2018-08-27, 16:57:58,  -04:00,  BOROS,   40.9553833,  -72.2936020,  6990.2, 30.02,  7371.5,  18.0, 139.73, 153.35,  180.24,   1.59,  -0.11,   0.00,  -0.02,  32.9,  40.2,  27.7,  28.8,   1.9,  28.09,  32.73,    17.34,  193.87,   52.05,  30.51, 2485.7,    0.80,  360.89,  354.70,  356.57,  340.29,  352.75,  349.66, 1468.98, 1498.13, 1476.04, 1463.96, 1457.50, 1449.57, 1533.44, 1550.99,  7266.2, 162,  GPS,   39.6, 113.60, 110.85, 119.450, 121.800,  0.007,       ,  20.23, -43.9,   13.4,   39.7,  -13.8,      1,   GPS,    ALT,  -0.2,   1.6, 185.0, 3DDiff, 1852,      ,     13,  18.0,     20
2018-08-27, 16:57:59,  -04:00,  BOROS,   40.9560165,  -72.2931900,  6991.2, 30.02,  7372.9,  18.0, 139.70, 153.37,  139.94,   1.53,  -0.15,   0.01,  -0.01,  32.9,  40.2,  27.7,  28.8,   1.9,  28.05,  32.72,    16.84,  193.85,   51.99,  30.47, 2486.4,    0.78,  360.95,  354.85,  356.70,  340.54,  352.81,  349.88, 1470.19, 1503.78, 1481.56, 1467.76, 1462.27, 1454.04, 1534.15, 1548.12,  7267.5, 162,  GPS,   39.6, 113.60, 110.85, 119.450, 121.800,  0.006,       ,  20.28, -43.8,   13.4,   39.7,  -13.8,      1,   GPS,    ALT,  -0.1,   1.6, 161.4, 3DDiff, 1852,      ,     13,  17.5,     20
2018-08-27, 16:58:00,  -04:00,  BOROS,   40.9566536,  -72.2927704,  6994.2, 30.02,  7375.1,  18.0, 139.81, 153.39,  138.63,   1.45,  -0.22,   0.00,  -0.01,  32.9,  40.2,  27.7,  28.8,   1.9,  28.01,  32.71,    16.37,  193.83,   52.00,  30.41, 2481.5,    0.75,  360.97,  354.99,  356.82,  340.80,  352.88,  350.06, 1469.15, 1505.10, 1482.11, 1468.33, 1462.47, 1454.88, 1532.03, 1543.26,  7269.7, 162,  GPS,   39.6, 113.60, 110.85, 119.450, 121.800,  0.006,       ,  20.34, -43.7,   13.3,   39.7,  -13.8,      1,   GPS,    ALT,  -0.2,   1.5, 141.7, 3DDiff, 1852,      ,     13,  18.0,     20
2018-08-27, 16:58:01,  -04:00,  BOROS,   40.9572868,  -72.2923584,  6998.2, 30.02,  7377.1,  18.0, 139.88, 153.39,  154.14,   1.35,  -0.26,   0.00,  -0.02,  32.9,  40.2,  27.7,  28.8,   1.9,  27.96,  32.70,    16.18,  193.83,   51.87,  30.55, 2485.7,    0.75,  361.01,  355.16,  356.96,  341.03,  352.94,  350.22, 1465.39, 1505.00, 1479.15, 1465.64, 1460.95, 1452.49, 1528.70, 1536.23,  7271.7, 162,  GPS,   39.6, 113.60, 110.85, 119.450, 121.800,  0.006,       ,  20.39, -43.7,   13.3,   39.7,  -13.8,      1,   GPS,    ALT,  -0.2,   1.4, 126.0, 3DDiff, 1852,      ,     14,  18.0,     21
2018-08-27, 16:58:02,  -04:00,  BOROS,   40.9579239,  -72.2919388,  6999.2, 30.02,  7378.7,  18.0, 139.81, 153.41,  132.21,   1.22,  -0.29,   0.00,  -0.02,  32.8,  40.2,  27.7,  28.8,   1.9,  27.91,  32.69,    16.22,  193.82,   51.72,  30.59, 2486.6,    0.75,  361.04,  355.32,  357.06,  341.27,  353.00,  350.36, 1462.15, 1504.45, 1476.88, 1464.48, 1458.91, 1451.03, 1525.97, 1531.28,  7273.4, 162,  GPS,   39.6, 113.60, 110.85, 119.450, 121.800,  0.005,       ,  20.46, -43.7,   13.3,   39.7,  -13.8,      1,   GPS,    ALT,  -0.2,   1.3, 106.3, 3DDiff, 1852,      ,     14,  18.0,     21
2018-08-27, 16:58:03,  -04:00,  BOROS,   40.9585609,  -72.2915192,  7001.2, 30.02,  7380.0,  18.0, 139.94, 153.47,  138.91,   1.11,  -0.25,   0.00,  -0.01,  32.8,  40.2,  27.7,  28.8,   1.9,  27.88,  32.67,    16.16,  193.80,   51.86,  30.67, 2489.0,    0.75,  361.07,  355.47,  357.19,  341.52,  353.06,  350.44, 1461.09, 1503.86, 1477.63, 1463.36, 1458.72, 1450.61, 1524.63, 1530.25,  7274.6, 162,  GPS,   39.6, 113.60, 110.85, 119.450, 121.800,  0.005,       ,  20.52, -43.7,   13.2,   39.7,  -13.8,      1,   GPS,    ALT,  -0.2,   1.2,  78.7, 3DDiff, 1852,      ,     13,  18.5,     20
2018-08-27, 16:58:04,  -04:00,  BOROS,   40.9592056,  -72.2911072,  7003.2, 30.02,  7380.8,  18.0, 140.04, 153.58,  112.44,   0.96,  -0.30,  -0.01,  -0.02,  32.7,  40.2,  27.7,  28.8,   1.9,  27.87,  32.64,    16.20,  193.79,   51.53,  30.66, 2484.8,    0.75,  361.07,  355.59,  357.31,  341.75,  353.12,  350.55, 1460.04, 1504.20, 1477.71, 1462.97, 1459.35, 1452.44, 1524.99, 1529.69,  7275.4, 162,  GPS,   39.6, 113.60, 110.85, 119.450, 121.800,  0.005,       ,  20.58, -43.7,   13.2,   39.7,  -13.8,      1,   GPS,    ALT,  -0.2,   1.0,  51.2, 3DDiff, 1852,      ,     13,  18.0,     20
2018-08-27, 16:58:05,  -04:00,  BOROS,   40.9598389,  -72.2906876,  7003.2, 30.02,  7381.2,  18.0, 140.06, 153.70,   65.88,   0.89,  -0.27,   0.00,  -0.02,  32.7,  40.2,  27.7,  28.8,   1.9,  27.88,  32.58,    16.21,  193.79,   51.50,  30.67, 2486.3,    0.75,  361.10,  355.75,  357.42,  341.94,  353.15,  350.61, 1459.90, 1505.01, 1477.79, 1462.59, 1459.56, 1453.35, 1526.11, 1529.55,  7275.9, 162,  GPS,   39.6, 113.60, 110.85, 119.450, 121.800,  0.004,       ,  20.65, -43.7,   13.1,   39.7,  -13.8,      1,   GPS,    ALT,  -0.2,   0.9,  15.7, 3DDiff, 1852,      ,     13,  17.5,     20
2018-08-27, 16:58:06,  -04:00,  BOROS,   40.9604797,  -72.2902756,  7003.2, 30.02,  7381.1,  18.0, 140.34, 153.86,   39.92,   0.83,  -0.30,   0.00,  -0.00,  32.6,  40.1,  27.7,  28.8,   1.9,  27.89,  32.53,    16.27,  193.78,   51.51,  30.61, 2484.8,    0.75,  361.11,  355.87,  357.57,  342.13,  353.18,  350.67, 1460.85, 1505.51, 1477.79, 1462.49, 1460.04, 1453.54, 1526.08, 1530.15,  7275.8, 162,  GPS,   39.6, 113.60, 110.85, 119.450, 121.800,  0.004,       ,  20.73, -43.7,   13.1,   39.7,  -13.8,      1,   GPS,    ALT,  -0.2,   0.9,  -3.9, 3DDiff, 1852,      ,     13,  18.0,     20
2018-08-27, 16:58:07,  -04:00,  BOROS,   40.9611206,  -72.2898560,  7003.2, 30.02,  7380.8,  18.0, 140.48, 153.99,   21.50,   0.85,  -0.22,  -0.00,  -0.00,  32.6,  40.1,  27.7,  28.8,   1.9,  27.93,  32.46,    16.20,  193.76,   51.58,  30.59, 2485.2,    0.75,  361.11,  356.01,  357.70,  342.30,  353.21,  350.73, 1461.03, 1506.45, 1477.41, 1463.53, 1460.70, 1453.82, 1527.05, 1530.64,  7275.4, 163,  GPS,   39.6, 113.60, 110.85, 119.450, 121.800,  0.004,       ,  20.81, -43.7,   13.0,   39.7,  -13.8,      1,   GPS,    ALT,  -0.2,   0.9, -19.7, 3DDiff, 1852,      ,     14,  18.0,     21
2018-08-27, 16:58:08,  -04:00,  BOROS,   40.9617577,  -72.2894363,  7003.2, 30.02,  7380.3,  18.0, 140.64, 154.17,   -1.38,   0.81,  -0.18,   0.00,  -0.01,  32.6,  40.1,  27.7,  28.8,   1.9,  27.96,  32.40,    16.19,  193.76,   51.84,  30.57, 2483.6,    0.75,  361.13,  356.11,  357.88,  342.49,  353.25,  350.77, 1460.56, 1507.17, 1477.44, 1464.74, 1461.91, 1455.97, 1528.26, 1530.55,  7275.0, 163,  GPS,   39.6, 113.60, 110.85, 119.450, 121.800,  0.003,       ,  20.89, -43.7,   13.0,   39.7,  -13.8,      1,   GPS,    ALT,  -0.2,   0.8, -23.6, 3DDiff, 1852,      ,     14,  18.0,     21
2018-08-27, 16:58:09,  -04:00,  BOROS,   40.9623985,  -72.2890244,  7003.2, 30.02,  7380.2,  18.0, 140.85, 154.34,   -4.95,   0.78,  -0.22,   0.00,  -0.00,  32.6,  40.0,  27.7,  28.8,   1.9,  27.99,  32.34,    16.18,  193.75,   51.74,  30.53, 2485.3,    0.75,  361.08,  356.24,  358.04,  342.67,  353.30,  350.80, 1460.30, 1507.54, 1478.67, 1464.30, 1462.48, 1455.59, 1529.17, 1530.91,  7274.8, 163,  GPS,   39.6, 113.60, 110.85, 119.450, 121.800,  0.003,       ,  20.97, -43.8,   13.0,   39.6,  -13.8,      1,   GPS,    ALT,  -0.2,   0.8, -23.6, 3DDiff, 1852,      ,     13,  18.5,     20
2018-08-27, 16:58:10,  -04:00,  BOROS,   40.9630394,  -72.2885971,  7003.2, 30.02,  7379.7,  18.0, 141.04, 154.50,  -18.20,   0.79,  -0.24,  -0.00,   0.00,  32.5,  40.0,  27.7,  28.8,   1.9,  28.02,  32.28,    16.25,  193.74,   51.60,  30.51, 2485.5,    0.75,  361.07,  356.33,  358.25,  342.83,  353.36,  350.83, 1460.85, 1508.22, 1479.61, 1464.88, 1463.73, 1456.25, 1529.80, 1531.90,  7274.3, 163,  GPS,   39.6, 113.60, 110.85, 119.450, 121.800,  0.002,       ,  21.05, -43.8,   12.9,   39.6,  -13.8,      1,   GPS,    ALT,  -0.2,   0.8, -23.6, 3DDiff, 1852,      ,     13,  18.0,     20
2018-08-27, 16:58:11,  -04:00,  BOROS,   40.9636803,  -72.2881851,  7003.2, 30.02,  7379.2,  18.0, 141.20, 154.65,  -24.14,   0.79,  -0.21,  -0.01,  -0.00,  32.5,  40.0,  27.7,  28.8,   1.9,  28.04,  32.23,    16.27,  193.72,   51.73,  30.45, 2487.2,    0.75,  361.07,  356.45,  358.40,  343.00,  353.40,  350.86, 1461.20, 1508.18, 1479.54, 1465.10, 1463.05, 1457.48, 1530.14, 1531.53,  7273.8, 163,  GPS,   39.6, 113.60, 110.85, 119.450, 121.800,  0.002,       ,  21.13, -43.9,   12.9,   39.6,  -13.8,      1,   GPS,    ALT,  -0.2,   0.8, -15.7, 3DDiff, 1852,      ,     13,  17.5,     20
2018-08-27, 16:58:12,  -04:00,  BOROS,   40.9643250,  -72.2877655,  7001.2, 30.02,  7379.1,  18.0, 141.30, 154.79,  -28.96,   0.79,  -0.15,   0.00,  -0.01,  32.6,  40.0,  27.7,  28.8,   1.9,  28.07,  32.18,    16.21,  193.72,   51.66,  30.45, 2483.2,    0.75,  361.02,  356.54,  358.61,  343.14,  353.49,  350.92, 1462.03, 1509.06, 1480.81, 1464.85, 1463.46, 1457.70, 1530.65, 1532.56,  7273.8, 163,  GPS,   39.6, 113.60, 110.85, 119.450, 121.800,  0.002,       ,  21.21, -43.9,   12.8,   39.6,  -13.8,      1,   GPS,    ALT,  -0.2,   0.8,  -3.9, 3DDiff, 1852,      ,     13,  18.0,     20
2018-08-27, 16:58:13,  -04:00,  BOROS,   40.9649696,  -72.2873535,  7002.2, 30.02,  7379.1,  18.0, 141.53, 154.90,  -18.59,   0.81,  -0.12,   0.01,   0.01,  32.6,  39.7,  27.7,  28.8,   1.9,  28.08,  32.13,    16.16,  193.70,   51.77,  30.43, 2487.3,    0.74,  360.96,  356.64,  358.77,  343.29,  353.58,  350.92, 1462.44, 1509.31, 1481.45, 1464.55, 1463.71, 1458.29, 1531.21, 1533.55,  7273.8, 164,  GPS,   39.6, 113.60, 110.85, 119.450, 121.800,  0.002,       ,  21.30, -44.0,   12.8,   39.6,  -13.8,      1,   GPS,    ALT,  -0.2,   0.8,   0.0, 3DDiff, 1852,      ,     14,  18.0,     21
2018-08-27, 16:58:14,  -04:00,  BOROS,   40.9656143,  -72.2869339,  7003.2, 30.02,  7379.3,  18.0, 141.72, 155.02,    4.92,   0.78,  -0.19,  -0.00,  -0.01,  32.7,  39.9,  27.7,  28.8,   1.9,  28.11,  32.09,    16.20,  193.69,   51.99,  30.46, 2486.2,    0.75,  360.92,  356.75,  358.98,  343.41,  353.69,  350.93, 1462.10, 1509.73, 1481.91, 1464.92, 1464.66, 1458.66, 1532.21, 1534.17,  7274.0, 164,  GPS,   39.6, 113.60, 110.85, 119.450, 121.800,  0.001,       ,  21.37, -44.0,   12.7,   39.6,  -13.8,      1,   GPS,    ALT,  -0.2,   0.8,   7.9, 3DDiff, 1852,      ,     14,  18.0,     21
2018-08-27, 16:58:15,  -04:00,  BOROS,   40.9662590,  -72.2865143,  7002.2, 30.02,  7379.6,  18.0, 141.71, 155.14,  -16.17,   0.77,  -0.13,  -0.00,  -0.00,  32.7,  39.9,  27.7,  28.8,   1.9,  28.12,  32.07,    16.13,  193.68,   51.91,  30.39, 2485.1,    0.74,  360.86,  356.85,  359.16,  343.59,  353.84,  350.95, 1462.76, 1509.88, 1481.93, 1463.78, 1464.41, 1458.62, 1532.16, 1534.90,  7274.2, 164,  GPS,   39.6, 113.60, 110.85, 119.450, 121.800,  0.001,       ,  21.45, -44.0,   12.7,   39.6,  -13.8,      1,   GPS,    ALT,  -0.1,   0.7,  11.8, 3DDiff, 1852,      ,     13,  18.5,     20
2018-08-27, 16:58:16,  -04:00,  BOROS,   40.9669075,  -72.2861023,  7002.2, 30.02,  7379.7,  17.8, 141.91, 155.22,  -11.05,   0.78,  -0.10,   0.00,  -0.00,  32.8,  39.9,  27.7,  28.8,   1.9,  28.12,  32.04,    16.13,  193.67,   51.68,  30.37, 2485.2,    0.74,  360.78,  356.94,  359.35,  343.73,  354.00,  350.96, 1462.42, 1509.78, 1481.80, 1464.51, 1464.10, 1458.09, 1532.09, 1534.50,  7274.4, 164,  GPS,   39.6, 113.60, 110.85, 119.450, 121.800,  0.001,       ,  21.51, -44.1,   12.7,   39.6,  -13.8,      1,   GPS,    ALT,  -0.1,   0.7,   7.9, 3DDiff, 1852,      ,     13,  18.0,     20
2018-08-27, 16:58:17,  -04:00,  BOROS,   40.9675522,  -72.2856827,  7002.2, 30.02,  7380.4,  17.8, 142.09, 155.31,  -15.60,   0.80,  -0.11,   0.00,   0.00,  32.8,  39.9,  27.7,  28.8,   1.9,  28.12,  32.02,    16.11,  193.65,   51.80,  30.39, 2486.5,    0.74,  360.71,  357.03,  359.51,  343.84,  354.18,  350.98, 1462.99, 1510.74, 1481.57, 1465.65, 1464.04, 1458.77, 1533.02, 1535.04,  7275.0, 164,  GPS,   39.6, 113.60, 110.85, 119.450, 121.800,  0.001,       ,  21.58, -44.1,   12.6,   39.6,  -13.8,      1,   GPS,    ALT,  -0.1,   0.8,  11.8, 3DDiff, 1852,      ,     13,  17.5,     20
2018-08-27, 16:58:18,  -04:00,  BOROS,   40.9681854,  -72.2852707,  7002.2, 30.02,  7380.7,  17.8, 142.24, 155.39,  -15.95,   0.78,  -0.11,  -0.00,  -0.01,  32.9,  39.9,  27.7,  28.8,   1.9,  28.12,  32.00,    16.15,  193.66,   51.68,  30.41, 2484.3,    0.74,  360.62,  357.10,  359.71,  343.96,  354.36,  350.99, 1463.58, 1511.97, 1481.91, 1465.93, 1464.75, 1460.77, 1534.15, 1535.37,  7275.4, 165,  GPS,   39.6, 113.60, 110.85, 119.450, 121.800,  0.001,       ,  21.63, -44.1,   12.6,   39.6,  -13.8,      1,   GPS,    ALT,  -0.1,   0.8,  19.7, 3DDiff, 1852,      ,     13,  18.0,     20
2018-08-27, 16:58:19,  -04:00,  BOROS,   40.9688454,  -72.2848511,  7002.2, 30.02,  7381.1,  17.8, 142.40, 155.45,   -8.89,   0.80,   0.00,   0.00,   0.01,  33.0,  39.9,  27.8,  28.8,   2.0,  28.11,  31.98,    16.11,  193.64,   51.74,  30.41, 2484.7,    0.74,  360.53,  357.21,  359.87,  344.10,  354.52,  350.99, 1462.80, 1511.36, 1481.98, 1465.48, 1464.17, 1461.50, 1533.44, 1534.89,  7275.7, 165,  GPS,   39.6, 113.60, 110.85, 119.450, 121.800,  0.001,       ,  21.68, -44.1,   12.5,   39.6,  -13.8,      1,   GPS,    ALT,  -0.1,   0.8,  15.7, 3DDiff, 1852,      ,     14,  18.0,     21
2018-08-27, 16:58:20,  -04:00,  BOROS,   40.9694939,  -72.2844238,  7002.2, 30.02,  7381.4,  17.8, 142.38, 155.51,  -12.58,   0.83,  -0.08,   0.00,   0.00,  33.0,  39.9,  27.7,  28.8,   1.9,  28.07,  31.98,    16.13,  193.63,   51.92,  30.40, 2486.0,    0.74,  360.44,  357.27,  360.02,  344.20,  354.69,  351.02, 1463.44, 1512.19, 1482.46, 1466.91, 1464.34, 1462.25, 1534.83, 1534.92,  7276.0, 165,  GPS,   39.6, 113.60, 110.85, 119.450, 121.800,  0.000,       ,  21.72, -44.1,   12.5,   39.6,  -13.8,      1,   GPS,    ALT,  -0.1,   0.8,  15.7, 3DDiff, 1852,      ,     14,  18.0,     21
2018-08-27, 16:58:21,  -04:00,  BOROS,   40.9701385,  -72.2840118,  7002.2, 30.02,  7381.5,  17.8, 142.40, 155.57,   -8.38,   0.86,  -0.15,  -0.00,  -0.00,  33.0,  40.0,  27.7,  28.8,   2.0,  28.05,  31.98,    16.15,  193.59,   51.91,  30.42, 2483.5,    0.74,  360.32,  357.37,  360.15,  344.35,  354.83,  351.01, 1462.52, 1511.52, 1482.75, 1467.71, 1465.11, 1461.65, 1535.23, 1534.98,  7276.4, 165,  GPS,   39.6, 113.60, 110.85, 119.450, 121.800,  0.000,       ,  21.75, -44.0,   12.4,   39.6,  -13.8,      1,   GPS,    ALT,  -0.1,   0.8,  23.6, 3DDiff, 1852,      ,     13,  18.5,     20
2018-08-27, 16:58:22,  -04:00,  BOROS,   40.9707832,  -72.2835846,  7003.2, 30.02,  7382.0,  17.8, 142.57, 155.62,   15.43,   0.83,  -0.14,   0.00,  -0.00,  33.0,  40.0,  27.7,  28.8,   2.0,  28.02,  31.99,    16.25,  193.59,   51.97,  30.40, 2486.0,    0.75,  360.22,  357.43,  360.30,  344.44,  354.95,  351.04, 1462.87, 1512.72, 1482.88, 1467.59, 1464.60, 1460.89, 1535.52, 1535.11,  7276.9, 165,  GPS,   39.6, 113.60, 110.85, 119.450, 121.800, -0.000,       ,  21.77, -44.0,   12.4,   39.6,  -13.8,      1,   GPS,    ALT,  -0.2,   0.8,  31.5, 3DDiff, 1852,      ,     13,  18.0,     20
2018-08-27, 16:58:23,  -04:00,  BOROS,   40.9714279,  -72.2831650,  7004.2, 30.02,  7381.6,  17.8, 142.58, 155.64,   19.54,   0.80,  -0.25,   0.00,  -0.01,  32.9,  40.0,  27.7,  28.8,   2.0,  28.00,  32.01,    16.15,  193.57,   51.96,  30.44, 2487.1,    0.74,  360.07,  357.51,  360.43,  344.54,  355.07,  351.02, 1463.23, 1512.60, 1482.67, 1469.32, 1464.88, 1462.24, 1536.99, 1534.59,  7276.6, 165,  GPS,   39.6, 113.60, 110.85, 119.450, 121.800, -0.000,       ,  21.79, -43.9,   12.4,   39.6,  -13.8,      1,   GPS,    ALT,  -0.2,   0.8,  23.6, 3DDiff, 1852,      ,     13,  17.5,     20
2018-08-27, 16:58:24,  -04:00,  BOROS,   40.9720612,  -72.2827606,  7005.2, 30.02,  7381.8,  17.8, 142.50, 155.70,   31.48,   0.64,  -0.23,  -0.00,  -0.04,  32.8,  40.0,  27.7,  28.8,   2.0,  27.97,  32.02,    16.15,  193.53,   52.00,  30.39, 2487.7,    0.74,  359.97,  357.58,  360.54,  344.63,  355.14,  351.01, 1463.00, 1512.50, 1482.90, 1469.52, 1464.88, 1463.88, 1537.63, 1534.54,  7276.7, 165,  GPS,   39.6, 113.60, 110.85, 119.450, 121.800, -0.001,       ,  21.81, -43.9,   12.3,   39.6,  -13.8,      1,   GPS,    ALT,  -0.2,   0.7,  15.7, 3DDiff, 1852,      ,     13,  18.0,     20
2018-08-27, 16:58:25,  -04:00,  BOROS,   40.9727058,  -72.2823410,  7003.2, 30.02,  7381.1,  17.8, 142.49, 155.80,   -6.27,   0.36,  -0.26,   0.00,  -0.03,  32.8,  39.9,  27.7,  28.8,   2.0,  27.95,  32.02,    16.16,  193.49,   51.89,  30.41, 2486.6,    0.75,  359.83,  357.67,  360.64,  344.72,  355.23,  351.00, 1463.72, 1513.80, 1483.10, 1468.44, 1464.07, 1463.09, 1537.50, 1534.98,  7276.0, 165,  GPS,   39.6, 113.60, 110.85, 119.450, 121.800, -0.001,       ,  21.83, -43.8,   12.3,   39.6,  -13.8,      1,   GPS,    ALT,  -0.2,   0.6, -31.5, 3DDiff, 1852,      ,     14,  18.0,     20
2018-08-27, 16:58:26,  -04:00,  BOROS,   40.9733696,  -72.2819061,  7003.2, 30.02,  7379.1,  17.8, 142.76, 155.92,  -18.51,   0.43,  -0.27,   0.00,   0.00,  32.8,  39.9,  27.7,  28.8,   2.0,  27.93,  32.00,    16.12,  193.46,   51.73,  30.39, 2487.1,    0.74,  359.70,  357.74,  360.73,  344.83,  355.29,  350.98, 1464.33, 1513.91, 1483.41, 1468.64, 1464.41, 1460.61, 1536.89, 1535.46,  7274.0, 165,  GPS,   39.6, 113.60, 110.85, 119.450, 121.800, -0.001,       ,  21.84, -43.7,   12.2,   39.6,  -13.8,      1,   GPS,    ALT,  -0.2,   0.6, -94.5, 3DDiff, 1852,      ,     14,  18.0,     21
2018-08-27, 16:58:27,  -04:00,  BOROS,   40.9740257,  -72.2814865,  7002.2, 30.02,  7377.9,  17.8, 142.86, 156.07,  -41.56,   0.45,  -0.27,  -0.01,   0.00,  32.7,  39.9,  27.7,  28.8,   1.9,  27.92,  31.98,    16.12,  193.42,   52.12,  30.38, 2487.1,    0.74,  359.54,  357.83,  360.80,  344.90,  355.32,  350.95, 1465.20, 1514.23, 1483.78, 1468.99, 1463.92, 1459.87, 1537.27, 1536.39,  7272.9, 165,  GPS,   39.6, 113.60, 110.85, 119.450, 121.800, -0.001,       ,  21.85, -43.6,   12.2,   39.6,  -13.8,      1,   GPS,    ALT,  -0.2,   0.6, -98.4, 3DDiff, 1852,      ,     13,  18.5,     20
2018-08-27, 16:58:28,  -04:00,  BOROS,   40.9746590,  -72.2810822,  6999.2, 30.02,  7376.6,  17.8, 142.91, 156.23,  -82.71,   0.56,  -0.20,  -0.00,   0.01,  32.7,  39.9,  27.7,  28.8,   2.0,  27.92,  31.96,    16.13,  193.39,   51.90,  30.34, 2488.3,    0.74,  359.39,  357.89,  360.85,  345.00,  355.35,  350.95, 1464.92, 1513.11, 1483.28, 1467.25, 1462.42, 1459.31, 1536.27, 1535.87,  7271.5, 165,  GPS,   39.6, 113.60, 110.85, 119.450, 121.800, -0.001,       ,  21.86, -43.6,   12.1,   39.6,  -13.8,      1,   GPS,    ALT,  -0.2,   0.6, -86.6, 3DDiff, 1852,      ,     13,  18.0,     20
2018-08-27, 16:58:29,  -04:00,  BOROS,   40.9753265,  -72.2806549,  6999.2, 30.02,  7375.6,  17.8, 143.18, 156.36,  -81.91,   0.69,  -0.21,   0.00,   0.02,  32.6,  39.8,  27.7,  28.8,   1.9,  27.92,  31.95,    16.11,  193.40,   51.67,  30.37, 2484.1,    0.74,  359.22,  357.95,  360.92,  345.08,  355.35,  350.94, 1464.40, 1512.67, 1482.62, 1467.20, 1462.40, 1458.12, 1536.17, 1535.56,  7270.5, 166,  GPS,   39.6, 113.60, 110.85, 119.450, 121.800, -0.001,       ,  21.87, -43.5,   12.1,   39.6,  -13.8,      1,   GPS,    ALT,  -0.2,   0.7, -63.0, 3DDiff, 1852,      ,     13,  17.5,     20
2018-08-27, 16:58:30,  -04:00,  BOROS,   40.9759598,  -72.2802429,  6999.2, 30.02,  7375.2,  17.8, 143.20, 156.44,  -56.34,   0.74,  -0.19,   0.00,   0.01,  32.6,  39.8,  27.7,  28.8,   2.0,  27.93,  31.94,    16.12,  193.39,   51.88,  30.38, 2487.9,    0.74,  359.06,  358.03,  360.98,  345.15,  355.35,  350.93, 1464.83, 1513.60, 1483.43, 1468.33, 1463.02, 1459.27, 1537.49, 1536.56,  7270.1, 166,  GPS,   39.6, 113.60, 110.85, 119.450, 121.800, -0.002,       ,  21.88, -43.4,   12.1,   39.6,  -13.8,      1,   GPS,    ALT,  -0.2,   0.7, -31.5, 3DDiff, 1852,      ,     13,  18.0,     20
2018-08-27, 16:58:31,  -04:00,  BOROS,   40.9766273,  -72.2798157,  6998.2, 30.02,  7375.0,  17.8, 143.30, 156.50,  -60.53,   0.80,  -0.18,  -0.00,   0.01,  32.6,  39.8,  27.7,  28.8,   1.9,  27.93,  31.92,    16.11,  193.39,   51.77,  30.38, 2487.5,    0.74,  358.88,  358.07,  361.01,  345.24,  355.33,  350.92, 1464.58, 1513.82, 1485.27, 1468.32, 1463.82, 1458.41, 1537.24, 1537.69,  7269.9, 166,  GPS,   39.6, 113.60, 110.85, 119.450, 121.800, -0.002,       ,  21.89, -43.4,   12.0,   39.6,  -13.8,      1,   GPS,    ALT,  -0.1,   0.7, -15.7, 3DDiff, 1852,      ,     14,  18.0,     21
2018-08-27, 16:58:32,  -04:00,  BOROS,   40.9772644,  -72.2794037,  6997.2, 30.02,  7375.2,  17.8, 143.24, 156.56,  -55.74,   0.81,  -0.14,   0.00,   0.00,  32.6,  39.8,  27.7,  28.8,   1.9,  27.93,  31.91,    16.09,  193.38,   51.74,  30.40, 2485.2,    0.74,  358.73,  358.16,  361.06,  345.30,  355.32,  350.89, 1464.24, 1514.58, 1485.52, 1468.11, 1463.44, 1458.42, 1537.29, 1537.01,  7270.1, 166,  GPS,   39.6, 113.60, 110.85, 119.450, 121.800, -0.002,       ,  21.90, -43.3,   12.0,   39.6,  -13.8,      1,   GPS,    ALT,  -0.1,   0.8,   7.9, 3DDiff, 1852,      ,     14,  18.5,     21
2018-08-27, 16:58:33,  -04:00,  BOROS,   40.9779167,  -72.2789917,  6998.2, 30.02,  7375.4,  17.8, 143.36, 156.58,  -19.47,   0.88,  -0.10,   0.01,   0.01,  32.6,  39.8,  27.7,  28.8,   1.9,  27.93,  31.90,    16.16,  193.36,   51.76,  30.37, 2487.7,    0.75,  358.53,  358.22,  361.08,  345.39,  355.29,  350.88, 1463.88, 1514.75, 1485.36, 1468.14, 1463.22, 1459.02, 1537.60, 1536.91,  7270.3, 166,  GPS,   39.6, 113.60, 110.85, 119.450, 121.800, -0.002,       ,  21.91, -43.3,   11.9,   39.6,  -13.8,      1,   GPS,    ALT,  -0.1,   0.8,  23.6, 3DDiff, 1852,      ,     14,  19.0,     20
2018-08-27, 16:58:34,  -04:00,  BOROS,   40.9785652,  -72.2785645,  6999.2, 30.02,  7376.2,  17.8, 143.27, 156.60,   -2.60,   0.86,  -0.11,  -0.00,   0.00,  32.6,  39.8,  27.7,  28.8,   1.9,  27.92,  31.90,    16.14,  193.35,   51.76,  30.37, 2485.9,    0.74,  358.36,  358.26,  361.10,  345.48,  355.23,  350.84, 1465.05, 1514.27, 1485.44, 1468.78, 1463.88, 1458.98, 1537.40, 1537.59,  7271.2, 166,  GPS,   39.6, 113.60, 110.85, 119.450, 121.800, -0.002,       ,  21.92, -43.2,   11.9,   39.6,  -13.8,      1,   GPS,    ALT,  -0.1,   0.8,  47.2, 3DDiff, 1852,      ,     13,  18.0,     20
2018-08-27, 16:58:35,  -04:00,  BOROS,   40.9792175,  -72.2781448,  6999.2, 30.02,  7377.8,  17.8, 143.28, 156.60,   13.73,   0.78,  -0.10,   0.00,  -0.01,  32.6,  39.8,  27.7,  28.8,   1.9,  27.91,  31.89,    16.08,  193.34,   51.98,  30.39, 2487.3,    0.74,  358.17,  358.29,  361.13,  345.54,  355.20,  350.83, 1464.68, 1514.65, 1485.27, 1467.94, 1464.37, 1460.69, 1537.64, 1537.45,  7272.7, 166,  GPS,   39.6, 113.60, 110.85, 119.450, 121.800, -0.002,       ,  21.94, -43.2,   11.8,   39.6,  -13.8,      1,   GPS,    ALT,  -0.1,   0.8,  51.2, 3DDiff, 1852,      ,     13,  18.0,     20
2018-08-27, 16:58:36,  -04:00,  BOROS,   40.9798660,  -72.2777252,  7000.2, 30.02,  7378.4,  17.8, 143.21, 156.62,   21.32,   0.71,  -0.21,   0.00,  -0.00,  32.6,  39.8,  27.7,  28.8,   1.9,  27.90,  31.89,    16.09,  193.33,   52.07,  30.38, 2486.2,    0.74,  357.96,  358.38,  361.13,  345.61,  355.17,  350.80, 1464.13, 1515.21, 1485.44, 1468.40, 1464.64, 1460.79, 1538.20, 1537.11,  7273.4, 166,  GPS,   39.6, 113.60, 110.85, 119.450, 121.800, -0.002,       ,  21.95, -43.2,   11.8,   39.6,  -13.8,      1,   GPS,    ALT,  -0.1,   0.8,  39.4, 3DDiff, 1852,      ,     13,  18.0,     20
2018-08-27, 16:58:37,  -04:00,  BOROS,   40.9805222,  -72.2773056,  7000.2, 30.02,  7379.0,  17.8, 143.13, 156.67,   15.01,   0.68,  -0.20,   0.00,   0.00,  32.6,  39.6,  27.7,  28.8,   1.9,  27.89,  31.89,    16.18,  193.30,   51.81,  30.44, 2486.1,    0.75,  357.77,  358.44,  361.14,  345.68,  355.10,  350.74, 1464.37, 1515.17, 1487.30, 1469.05, 1465.74, 1461.34, 1539.21, 1539.22,  7274.0, 165,  GPS,   39.6, 113.60, 110.85, 119.450, 121.800, -0.002,       ,  21.96, -43.1,   11.8,   39.6,  -13.8,      1,   GPS,    ALT,  -0.1,   0.7,  35.4, 3DDiff, 1852,      ,     13,  18.5,     20
2018-08-27, 16:58:38,  -04:00,  BOROS,   40.9811745,  -72.2768936,  7000.2, 30.02,  7379.9,  17.8, 143.14, 156.75,    4.72,   0.67,  -0.16,  -0.01,  -0.00,  32.6,  39.7,  27.7,  28.8,   1.9,  27.89,  31.89,    16.24,  193.29,   51.86,  30.44, 2486.8,    0.75,  357.57,  358.49,  361.16,  345.73,  355.05,  350.74, 1465.11, 1516.30, 1488.32, 1470.42, 1467.06, 1462.88, 1541.03, 1540.31,  7274.8, 165,  GPS,   39.6, 113.60, 110.85, 119.450, 121.800, -0.002,       ,  21.98, -43.1,   11.7,   39.6,  -13.8,      1,   GPS,    ALT,  -0.1,   0.7,  31.5, 3DDiff, 1852,      ,     14,  18.5,     21
2018-08-27, 16:58:39,  -04:00,  BOROS,   40.9818306,  -72.2764740,  7002.2, 30.02,  7380.9,  17.8, 143.27, 156.85,   30.19,   0.63,  -0.15,   0.00,   0.00,  32.6,  39.7,  27.7,  28.8,   1.9,  27.90,  31.87,    16.32,  193.26,   51.98,  30.51, 2484.7,    0.75,  357.38,  358.55,  361.16,  345.82,  354.96,  350.69, 1467.66, 1519.22, 1489.82, 1472.52, 1468.80, 1464.46, 1543.53, 1543.09,  7275.9, 166,  GPS,   39.6, 113.60, 110.85, 119.450, 121.800, -0.002,       ,  21.98, -43.1,   11.7,   39.6,  -13.8,      1,   GPS,    ALT,  -0.1,   0.7,  31.5, 3DDiff, 1852,      ,     13,  19.0,     20
2018-08-27, 16:58:40,  -04:00,  BOROS,   40.9824829,  -72.2760620,  7002.2, 30.02,  7381.4,  17.8, 143.36, 156.95,   52.31,   0.49,  -0.02,  -0.00,  -0.00,  32.6,  39.7,  27.7,  28.8,   1.9,  27.91,  31.85,    16.41,  193.26,   51.81,  30.43, 2487.0,    0.76,  357.16,  358.59,  361.16,  345.88,  354.89,  350.67, 1468.65, 1520.04, 1491.68, 1474.83, 1469.62, 1466.77, 1545.44, 1543.51,  7276.4, 166,  GPS,   39.6, 113.60, 110.85, 119.450, 121.800, -0.002,       ,  21.99, -43.1,   11.6,   39.6,  -13.8,      1,   GPS,    ALT,  -0.1,   0.6,  27.6, 3DDiff, 1852,      ,     13,  18.5,     20
2018-08-27, 16:58:41,  -04:00,  BOROS,   40.9831352,  -72.2756424,  7002.2, 30.02,  7380.9,  17.8, 143.39, 157.08,   18.71,   0.48,  -0.02,  -0.00,   0.01,  32.6,  39.7,  27.7,  28.8,   1.9,  27.90,  31.83,    16.28,  193.22,   51.62,  30.36, 2485.3,    0.75,  356.95,  358.65,  361.16,  345.94,  354.81,  350.65, 1468.48, 1520.52, 1491.76, 1474.86, 1469.30, 1467.78, 1545.30, 1543.73,  7275.8, 166,  GPS,   39.6, 113.60, 110.85, 119.450, 121.800, -0.002,       ,  22.00, -43.1,   11.6,   39.6,  -13.8,      1,   GPS,    ALT,  -0.1,   0.5,   0.0, 3DDiff, 1852,      ,     13,  18.0,     20
2018-08-27, 16:58:42,  -04:00,  BOROS,   40.9837952,  -72.2752151,  7001.2, 30.02,  7380.8,  17.8, 143.43, 157.20,   -3.90,   0.48,  -0.03,  -0.00,  -0.00,  32.6,  39.7,  27.7,  28.8,   1.9,  27.89,  31.83,    16.21,  193.22,   51.72,  30.34, 2485.3,    0.75,  356.74,  358.72,  361.13,  346.04,  354.75,  350.62, 1468.89, 1520.07, 1491.86, 1474.23, 1468.47, 1467.94, 1544.60, 1543.28,  7275.7, 166,  GPS,   39.6, 113.60, 110.85, 119.450, 121.800, -0.002,       ,  22.00, -43.1,   11.5,   39.6,  -13.8,      1,   GPS,    ALT,  -0.1,   0.5, -11.8, 3DDiff, 1852,      ,     13,  18.0,     20
2018-08-27, 16:58:43,  -04:00,  BOROS,   40.9844551,  -72.2748032,  7002.2, 30.02,  7380.7,  17.8, 143.62, 157.33,   -1.47,   0.51,  -0.09,   0.00,  -0.00,  32.6,  39.7,  27.7,  28.8,   1.9,  27.87,  31.83,    16.15,  193.20,   51.88,  30.31, 2486.6,    0.74,  356.53,  358.78,  361.13,  346.09,  354.66,  350.59, 1469.03, 1520.43, 1492.43, 1474.69, 1469.01, 1467.55, 1544.57, 1543.46,  7275.6, 166,  GPS,   39.6, 113.60, 110.85, 119.450, 121.800, -0.002,       ,  22.00, -43.1,   11.5,   39.7,  -13.8,      1,   GPS,    ALT,  -0.1,   0.5, -11.8, 3DDiff, 1852,      ,     13,  18.5,     20
2018-08-27, 16:58:44,  -04:00,  BOROS,   40.9851074,  -72.2743759,  7002.2, 30.02,  7380.6,  17.8, 143.68, 157.45,    7.34,   0.45,  -0.07,   0.00,  -0.00,  32.6,  39.8,  27.7,  28.8,   1.9,  27.85,  31.83,    16.24,  193.20,   51.61,  30.29, 2486.1,    0.75,  356.29,  358.84,  361.11,  346.16,  354.61,  350.59, 1468.69, 1521.78, 1491.76, 1475.16, 1469.05, 1467.89, 1545.36, 1542.71,  7275.5, 166,  GPS,   39.6, 113.60, 110.85, 119.450, 121.800, -0.002,       ,  21.99, -43.2,   11.4,   39.7,  -13.8,      1,   GPS,    ALT,  -0.1,   0.5,  -7.9, 3DDiff, 1852,      ,     14,  19.0,     21
2018-08-27, 16:58:45,  -04:00,  BOROS,   40.9857674,  -72.2739639,  7002.2, 30.02,  7380.3,  17.8, 143.73, 157.57,   -4.57,   0.47,  -0.11,  -0.00,   0.00,  32.6,  39.6,  27.7,  28.8,   1.9,  27.84,  31.84,    16.21,  193.16,   51.92,  30.33, 2488.4,    0.75,  356.10,  358.92,  361.10,  346.20,  354.53,  350.55, 1468.87, 1521.31, 1491.78, 1475.17, 1470.92, 1467.64, 1545.33, 1544.41,  7275.3, 166,  GPS,   39.6, 113.60, 110.85, 119.450, 121.800, -0.002,       ,  21.99, -43.2,   11.4,   39.7,  -13.8,      1,   GPS,    ALT,  -0.0,   0.5, -19.7, 3DDiff, 1852,      ,     13,  19.5,     20
2018-08-27, 16:58:46,  -04:00,  BOROS,   40.9864197,  -72.2735367,  7001.2, 30.02,  7379.9,  17.8, 143.87, 157.68,  -21.86,   0.49,  -0.10,   0.00,  -0.01,  32.7,  39.6,  27.7,  28.8,   1.9,  27.82,  31.85,    16.27,  193.15,   52.14,  30.37, 2485.5,    0.75,  355.88,  358.96,  361.07,  346.25,  354.44,  350.53, 1469.01, 1521.61, 1492.12, 1475.06, 1470.75, 1468.50, 1545.71, 1544.47,  7274.9, 166,  GPS,   39.6, 113.60, 110.85, 119.450, 121.800, -0.002,       ,  21.98, -43.2,   11.4,   39.7,  -13.8,      1,   GPS,    ALT,  -0.0,   0.5, -19.7, 3DDiff, 1852,      ,     13,  18.5,     20
2018-08-27, 16:58:47,  -04:00,  BOROS,   40.9870796,  -72.2731247,  7001.2, 30.02,  7379.0,  17.8, 144.00, 157.82,  -36.33,   0.52,   0.00,   0.00,   0.01,  32.6,  39.6,  27.7,  28.8,   1.9,  27.81,  31.85,    16.27,  193.14,   51.96,  30.39, 2489.4,    0.75,  355.66,  359.02,  361.07,  346.34,  354.35,  350.53, 1470.42, 1521.77, 1491.84, 1475.59, 1471.89, 1467.45, 1545.69, 1545.29,  7273.9, 166,  GPS,   39.6, 113.60, 110.85, 119.450, 121.800, -0.002,       ,  21.96, -43.2,   11.3,   39.7,  -13.8,      1,   GPS,    ALT,  -0.0,   0.5, -15.7, 3DDiff, 1852,      ,     13,  18.5,     20
2018-08-27, 16:58:48,  -04:00,  BOROS,   40.9877319,  -72.2726974,  7002.2, 30.02,  7378.9,  17.8, 144.15, 157.90,  -10.29,   0.51,  -0.01,   0.00,  -0.01,  32.6,  39.6,  27.7,  28.8,   1.9,  27.80,  31.86,    16.31,  193.12,   51.74,  30.36, 2487.3,    0.75,  355.42,  359.09,  361.04,  346.37,  354.26,  350.52, 1470.47, 1522.05, 1491.89, 1475.29, 1472.41, 1466.98, 1545.80, 1544.85,  7273.8, 167,  GPS,   39.6, 113.60, 110.85, 119.450, 121.800, -0.002,       ,  21.95, -43.3,   11.3,   39.7,  -13.8,      1,   GPS,    ALT,  -0.0,   0.5,  -7.9, 3DDiff, 1852,      ,     13,  18.5,     20
2018-08-27, 16:58:49,  -04:00,  BOROS,   40.9883919,  -72.2722778,  7001.2, 30.02,  7378.6,  17.8, 144.13, 158.00,  -28.33,   0.54,  -0.04,  -0.00,   0.00,  32.7,  39.6,  27.7,  28.8,   1.9,  27.78,  31.86,    16.28,  193.09,   51.69,  30.40, 2487.4,    0.75,  355.21,  359.15,  361.01,  346.43,  354.19,  350.49, 1470.48, 1522.57, 1491.66, 1474.60, 1472.49, 1467.03, 1546.34, 1544.59,  7273.5, 167,  GPS,   39.6, 113.60, 110.85, 119.450, 121.800, -0.002,       ,  21.93, -43.3,   11.2,   39.7,  -13.8,      1,   GPS,    ALT,   0.0,   0.5, -15.7, 3DDiff, 1852,      ,     14,  18.5,     20
2018-08-27, 16:58:50,  -04:00,  BOROS,   40.9890518,  -72.2718582,  7001.2, 30.02,  7378.4,  17.8, 144.22, 158.07,  -27.28,   0.57,  -0.08,   0.00,  -0.01,  32.6,  39.6,  27.7,  28.8,   1.9,  27.77,  31.86,    16.32,  193.07,   51.71,  30.42, 2486.5,    0.75,  354.97,  359.23,  361.01,  346.49,  354.07,  350.49, 1471.12, 1523.03, 1492.73, 1475.10, 1471.56, 1467.75, 1546.97, 1544.94,  7273.3, 167,  GPS,   39.6, 113.60, 110.85, 119.450, 121.800, -0.002,       ,  21.91, -43.3,   11.2,   39.7,  -13.8,      1,   GPS,    ALT,   0.0,   0.6, -11.8, 3DDiff, 1852,      ,     14,  19.0,     21
2018-08-27, 16:58:51,  -04:00,  BOROS,   40.9897118,  -72.2714310,  7001.2, 30.02,  7377.9,  17.8, 144.25, 158.15,  -17.56,   0.56,   0.02,   0.00,  -0.00,  32.6,  39.6,  27.7,  28.8,   1.9,  27.76,  31.84,    16.26,  193.04,   51.62,  30.38, 2485.3,    0.75,  354.75,  359.30,  361.01,  346.55,  354.02,  350.49, 1470.04, 1522.26, 1492.79, 1476.62, 1472.22, 1468.52, 1547.10, 1544.53,  7272.8, 167,  GPS,   39.6, 113.60, 110.85, 119.450, 121.800, -0.002,       ,  21.88, -43.3,   11.1,   39.7,  -13.8,      1,   GPS,    ALT,   0.0,   0.6,  -7.9, 3DDiff, 1852,      ,     13,  19.5,     20
2018-08-27, 16:58:52,  -04:00,  BOROS,   40.9903717,  -72.2710190,  7001.2, 30.02,  7377.6,  17.8, 144.35, 158.23,  -15.15,   0.69,  -0.04,  -0.00,   0.02,  32.6,  39.6,  27.7,  28.8,   1.9,  27.74,  31.85,    16.34,  193.05,   51.91,  30.38, 2486.5,    0.75,  354.52,  359.36,  361.00,  346.64,  353.92,  350.44, 1470.85, 1521.71, 1493.10, 1478.08, 1472.28, 1468.85, 1547.89, 1545.09,  7272.5, 167,  GPS,   39.6, 113.60, 110.85, 119.450, 121.800, -0.002,       ,  21.86, -43.4,   11.1,   39.7,  -13.8,      1,   GPS,    ALT,   0.0,   0.6, -11.8, 3DDiff, 1852,      ,     13,  18.5,     20
2018-08-27, 16:58:53,  -04:00,  BOROS,   40.9910316,  -72.2705917,  6999.2, 30.02,  7377.6,  17.8, 144.28, 158.29,  -30.51,   0.62,  -0.11,  -0.00,   0.00,  32.5,  39.6,  27.7,  28.8,   1.9,  27.74,  31.85,    16.33,  193.04,   51.91,  30.42, 2486.7,    0.75,  354.30,  359.42,  360.98,  346.68,  353.86,  350.43, 1471.09, 1522.59, 1493.32, 1478.42, 1473.81, 1469.44, 1549.24, 1545.72,  7272.6, 167,  GPS,   39.6, 113.60, 110.85, 119.450, 121.800, -0.002,       ,  21.84, -43.4,   11.1,   39.7,  -13.8,      1,   GPS,    ALT,   0.0,   0.6,   0.0, 3DDiff, 1852,      ,     13,  18.5,     20
2018-08-27, 16:58:54,  -04:00,  BOROS,   40.9916916,  -72.2701721,  7001.2, 30.02,  7377.6,  17.8, 144.54, 158.35,  -14.92,   0.60,  -0.07,   0.00,   0.00,  32.5,  39.6,  27.7,  28.8,   1.9,  27.73,  31.84,    16.35,  193.01,   51.65,  30.48, 2483.1,    0.75,  354.08,  359.48,  360.97,  346.76,  353.76,  350.41, 1472.33, 1523.10, 1494.68, 1478.61, 1473.75, 1469.73, 1550.13, 1546.76,  7272.5, 167,  GPS,   39.6, 113.60, 110.85, 119.450, 121.800, -0.002,       ,  21.82, -43.4,   11.0,   39.7,  -13.8,      1,   GPS,    ALT,   0.0,   0.6,   3.9, 3DDiff, 1852,      ,     13,  18.5,     20
2018-08-27, 16:58:55,  -04:00,  BOROS,   40.9923553,  -72.2697449,  7001.2, 30.02,  7377.6,  17.8, 144.60, 158.40,    3.28,   0.51,  -0.08,  -0.00,  -0.01,  32.5,  39.6,  27.7,  28.8,   1.9,  27.73,  31.83,    16.27,  192.99,   51.72,  30.40, 2485.8,    0.75,  353.86,  359.54,  360.96,  346.80,  353.67,  350.40, 1471.20, 1523.97, 1495.05, 1478.54, 1473.92, 1468.68, 1549.81, 1545.62,  7272.6, 167,  GPS,   39.6, 113.60, 110.85, 119.450, 121.800, -0.002,       ,  21.80, -43.5,   11.0,   39.7,  -13.8,      1,   GPS,    ALT,   0.0,   0.6,   7.9, 3DDiff, 1852,      ,     14,  18.5,     20
2018-08-27, 16:58:56,  -04:00,  BOROS,   40.9930153,  -72.2693253,  7000.2, 30.02,  7377.4,  17.8, 144.52, 158.44,   -8.95,   0.52,  -0.01,  -0.00,  -0.00,  32.5,  39.6,  27.7,  28.8,   1.9,  27.74,  31.80,    16.20,  192.98,   51.84,  30.38, 2486.3,    0.75,  353.60,  359.62,  360.93,  346.86,  353.59,  350.40, 1471.61, 1524.25, 1495.07, 1478.60, 1474.10, 1468.92, 1549.61, 1545.90,  7272.3, 167,  GPS,   39.6, 113.60, 110.85, 119.450, 121.800, -0.002,       ,  21.79, -43.5,   10.9,   39.7,  -13.8,      1,   GPS,    ALT,   0.0,   0.5,  -3.9, 3DDiff, 1852,      ,     14,  19.0,     21
2018-08-27, 16:58:57,  -04:00,  BOROS,   40.9936714,  -72.2689056,  7000.2, 30.02,  7377.4,  17.8, 144.65, 158.54,  -12.06,   0.53,   0.07,   0.00,   0.00,  32.5,  39.6,  27.7,  28.8,   1.9,  27.75,  31.78,    16.27,  192.97,   51.70,  30.43, 2484.0,    0.75,  353.40,  359.66,  360.92,  346.91,  353.52,  350.38, 1472.54, 1523.79, 1495.19, 1479.78, 1475.44, 1469.16, 1549.88, 1547.79,  7272.3, 167,  GPS,   39.6, 113.60, 110.85, 119.450, 121.800, -0.002,       ,  21.77, -43.6,   10.9,   39.7,  -13.8,      1,   GPS,    ALT,   0.0,   0.5,   0.0, 3DDiff, 1852,      ,     13,  19.5,     20
2018-08-27, 16:58:58,  -04:00,  BOROS,   40.9943314,  -72.2684860,  7000.2, 30.02,  7377.3,  17.8, 144.64, 158.60,  -22.57,   0.55,   0.04,   0.00,   0.02,  32.6,  39.6,  27.7,  28.8,   1.9,  27.75,  31.77,    16.32,  192.96,   51.92,  30.41, 2485.6,    0.75,  353.16,  359.73,  360.92,  346.97,  353.42,  350.37, 1473.48, 1524.38, 1495.86, 1479.97, 1475.53, 1469.95, 1550.30, 1548.62,  7272.2, 167,  GPS,   39.6, 113.60, 110.85, 119.450, 121.800, -0.002,       ,  21.76, -43.6,   10.8,   39.7,  -13.8,      1,   GPS,    ALT,   0.0,   0.5,   0.0, 3DDiff, 1852,      ,     13,  18.5,     20
2018-08-27, 16:58:59,  -04:00,  BOROS,   40.9949989,  -72.2680588,  7000.2, 30.02,  7378.2,  17.8, 144.75, 158.68,  -14.57,   0.62,   0.07,  -0.00,   0.01,  32.6,  39.6,  27.7,  28.8,   1.9,  27.76,  31.76,    16.24,  192.93,   51.81,  30.40, 2488.2,    0.75,  352.95,  359.81,  360.89,  347.01,  353.34,  350.34, 1473.80, 1524.58, 1496.06, 1480.07, 1474.91, 1471.10, 1550.42, 1548.65,  7273.1, 167,  GPS,   39.6, 113.60, 110.85, 119.450, 121.800, -0.002,       ,  21.75, -43.7,   10.8,   39.7,  -13.8,      1,   GPS,    ALT,   0.0,   0.6,  15.7, 3DDiff, 1852,      ,     13,  18.5,     20
2018-08-27, 16:59:00,  -04:00,  BOROS,   40.9956551,  -72.2676392,  7000.2, 30.02,  7378.8,  17.8, 144.81, 158.71,  -12.95,   0.59,   0.01,  -0.00,  -0.01,  32.7,  39.6,  27.7,  28.8,   1.9,  27.74,  31.76,    16.25,  192.94,   51.84,  30.42, 2488.0,    0.75,  352.73,  359.85,  360.91,  347.05,  353.25,  350.33, 1474.53, 1526.14, 1495.82, 1480.03, 1473.78, 1472.21, 1551.10, 1548.40,  7273.7, 167,  GPS,   39.6, 113.60, 110.85, 119.450, 121.800, -0.002,       ,  21.74, -43.7,   10.7,   39.7,  -13.8,      1,   GPS,    ALT,   0.0,   0.6,  31.5, 3DDiff, 1852,      ,     14,  18.5,     20
2018-08-27, 16:59:01,  -04:00,  BOROS,   40.9963188,  -72.2672119,  7001.2, 30.02,  7379.2,  17.8, 144.87, 158.77,    7.09,   0.56,   0.01,   0.01,  -0.01,  32.7,  39.7,  27.7,  28.8,   1.9,  27.74,  31.75,    16.31,  192.93,   51.79,  30.42, 2486.6,    0.75,  352.51,  359.94,  360.89,  347.10,  353.16,  350.31, 1474.25, 1525.81, 1496.09, 1478.80, 1474.50, 1472.35, 1550.62, 1548.76,  7274.2, 167,  GPS,   39.6, 113.60, 110.85, 119.450, 121.800, -0.002,       ,  21.73, -43.8,   10.7,   39.7,  -13.8,      1,   GPS,    ALT,   0.0,   0.6,  31.5, 3DDiff, 1852,      ,     14,  18.5,     21
2018-08-27, 16:59:02,  -04:00,  BOROS,   40.9969826,  -72.2667923,  7001.2, 30.02,  7379.6,  17.8, 144.87, 158.79,    2.97,   0.58,  -0.05,  -0.00,   0.00,  32.7,  39.7,  27.7,  28.8,   1.9,  27.74,  31.75,    16.39,  192.92,   51.83,  30.39, 2486.5,    0.76,  352.27,  360.00,  360.91,  347.14,  353.09,  350.31, 1474.47, 1525.09, 1496.05, 1477.63, 1475.78, 1472.65, 1550.38, 1549.46,  7274.6, 167,  GPS,   39.6, 113.60, 110.85, 119.450, 121.800, -0.002,       ,  21.71, -43.8,   10.7,   39.7,  -13.8,      1,   GPS,    ALT,  -0.0,   0.6,  23.6, 3DDiff, 1852,      ,     14,  19.0,     21
2018-08-27, 16:59:03,  -04:00,  BOROS,   40.9976425,  -72.2663574,  7002.2, 30.02,  7381.3,  17.8, 144.95, 158.85,   20.55,   0.53,  -0.03,  -0.00,  -0.01,  32.8,  39.7,  27.7,  28.8,   1.9,  27.73,  31.76,    16.35,  192.91,   51.65,  30.39, 2485.7,    0.75,  352.06,  360.08,  360.89,  347.20,  353.01,  350.25, 1473.46, 1524.99, 1495.27, 1477.73, 1475.87, 1473.14, 1550.25, 1548.27,  7276.2, 168,  GPS,   39.6, 113.60, 110.85, 119.450, 121.800, -0.002,       ,  21.70, -43.9,   10.6,   39.7,  -13.8,      1,   GPS,    ALT,  -0.0,   0.6,  23.6, 3DDiff, 1852,      ,     14,  19.5,     20
2018-08-27, 16:59:04,  -04:00,  BOROS,   40.9983025,  -72.2659378,  7002.2, 30.02,  7381.7,  17.8, 145.02, 158.89,   25.44,   0.49,   0.02,   0.00,  -0.01,  32.8,  39.7,  27.7,  28.8,   1.9,  27.72,  31.76,    16.33,  192.88,   51.87,  30.39, 2486.2,    0.75,  351.84,  360.15,  360.89,  347.25,  352.93,  350.25, 1473.65, 1525.40, 1495.78, 1477.16, 1475.83, 1471.92, 1549.80, 1548.14,  7276.6, 168,  GPS,   39.6, 113.60, 110.85, 119.450, 121.800, -0.002,       ,  21.69, -43.9,   10.6,   39.7,  -13.8,      1,   GPS,    ALT,  -0.0,   0.5,  15.7, 3DDiff, 1852,      ,     13,  18.5,     20
2018-08-27, 16:59:05,  -04:00,  BOROS,   40.9989662,  -72.2655182,  7002.2, 30.02,  7381.3,  17.8, 144.93, 158.93,   13.30,   0.43,  -0.09,   0.00,  -0.01,  32.8,  39.7,  27.7,  28.8,   1.9,  27.70,  31.77,    16.39,  192.86,   51.78,  30.43, 2486.8,    0.76,  351.63,  360.21,  360.89,  347.29,  352.83,  350.25, 1474.09, 1524.40, 1495.22, 1477.10, 1476.82, 1471.07, 1548.97, 1549.06,  7276.2, 167,  GPS,   39.6, 113.60, 110.85, 119.450, 121.800, -0.002,       ,  21.68, -43.9,   10.5,   39.7,  -13.8,      1,   GPS,    ALT,  -0.1,   0.5,   3.9, 3DDiff, 1852,      ,     13,  18.5,     20
2018-08-27, 16:59:06,  -04:00,  BOROS,   40.9996300,  -72.2650909,  7002.2, 30.02,  7381.2,  17.8, 145.00, 158.99,   -8.42,   0.46,  -0.08,  -0.00,   0.00,  32.8,  39.7,  27.7,  28.8,   1.9,  27.68,  31.78,    16.38,  192.82,   51.75,  30.40, 2488.7,    0.76,  351.41,  360.28,  360.91,  347.32,  352.76,  350.22, 1474.45, 1525.04, 1496.18, 1477.29, 1477.25, 1471.73, 1549.73, 1549.96,  7276.2, 168,  GPS,   39.6, 113.60, 110.85, 119.450, 121.800, -0.002,       ,  21.67, -43.9,   10.5,   39.7,  -13.8,      1,   GPS,    ALT,  -0.1,   0.5, -11.8, 3DDiff, 1852,      ,     14,  18.5,     20
2018-08-27, 16:59:07,  -04:00,  BOROS,   41.0002899,  -72.2646637,  7002.2, 30.02,  7381.1,  17.8, 145.06, 159.05,   -2.90,   0.45,  -0.11,  -0.00,  -0.01,  32.8,  39.7,  27.7,  28.8,   1.9,  27.65,  31.79,    16.30,  192.80,   51.68,  30.41, 2487.6,    0.75,  351.18,  360.36,  360.92,  347.37,  352.66,  350.20, 1473.62, 1525.80, 1495.21, 1477.10, 1478.16, 1471.95, 1550.31, 1549.21,  7276.0, 168,  GPS,   39.6, 110.85, 110.85, 119.450, 121.800, -0.002,       ,  21.66, -43.9,   10.4,   39.7,  -13.8,      1,   GPS,    ALT,  -0.1,   0.5, -11.8, 3DDiff, 1852,      ,     14,  18.5,     21
2018-08-27, 16:59:08,  -04:00,  BOROS,   41.0009537,  -72.2642441,  7002.2, 30.02,  7380.9,  17.8, 145.10, 159.12,   -0.08,   0.43,  -0.14,   0.00,  -0.00,  32.8,  39.7,  27.7,  28.8,   1.9,  27.64,  31.79,    16.23,  192.76,   51.70,  30.42, 2484.0,    0.75,  350.99,  360.42,  360.89,  347.43,  352.57,  350.21, 1472.95, 1525.51, 1495.68, 1478.40, 1477.59, 1472.08, 1550.50, 1549.26,  7275.9, 168,  GPS,   39.6, 110.85, 110.00, 119.450, 121.800, -0.002,       ,  21.64, -44.0,   10.4,   39.7,  -13.8,      1,   GPS,    ALT,  -0.1,   0.4, -11.8, 3DDiff, 1852,      ,     14,  19.0,     21
2018-08-27, 16:59:09,  -04:00,  BOROS,   41.0016212,  -72.2638168,  7001.2, 30.02,  7379.9,  17.8, 145.02, 159.20,  -24.54,   0.46,  -0.08,   0.00,   0.01,  32.8,  39.7,  27.7,  28.8,   1.9,  27.63,  31.78,    16.22,  192.74,   51.79,  30.39, 2486.5,    0.75,  350.75,  360.49,  360.90,  347.47,  352.50,  350.17, 1472.03, 1526.45, 1496.28, 1478.05, 1477.04, 1471.16, 1550.71, 1549.29,  7274.8, 168,  GPS,   39.6, 110.85, 110.00, 119.450, 121.800, -0.002,       ,  21.63, -44.0,   10.3,   39.7,  -13.8,      1,   GPS,    ALT,  -0.1,   0.4, -11.8, 3DDiff, 1852,      ,     14,  19.5,     20
2018-08-27, 16:59:10,  -04:00,  BOROS,   41.0022850,  -72.2633972,  7002.2, 30.02,  7379.7,  17.8, 145.07, 159.24,  -10.44,   0.47,  -0.09,  -0.00,  -0.01,  32.8,  39.6,  27.7,  28.8,   1.9,  27.63,  31.77,    16.30,  192.74,   51.91,  30.38, 2485.2,    0.75,  350.56,  360.57,  360.94,  347.50,  352.42,  350.19, 1472.29, 1527.36, 1495.93, 1478.67, 1477.13, 1471.31, 1551.56, 1549.37,  7274.6, 168,  GPS,   39.6, 110.85, 110.00, 119.450, 121.800, -0.002,       ,  21.62, -44.0,   10.3,   39.7,  -13.8,      1,   GPS,    ALT,  -0.1,   0.5,  -7.9, 3DDiff, 1852,      ,     13,  18.5,     20
2018-08-27, 16:59:11,  -04:00,  BOROS,   41.0029449,  -72.2629700,  7001.2, 30.02,  7379.2,  17.8, 145.05, 159.30,  -26.16,   0.49,  -0.05,   0.00,   0.00,  32.8,  39.6,  27.7,  28.8,   1.9,  27.64,  31.77,    16.27,  192.72,   51.93,  30.41, 2484.7,    0.75,  350.34,  360.61,  360.95,  347.53,  352.33,  350.16, 1473.24, 1528.12, 1496.17, 1478.35, 1476.57, 1471.91, 1552.13, 1549.85,  7274.1, 168,  GPS,   39.6, 110.85, 110.00, 119.450, 121.800, -0.002,       ,  21.60, -44.0,   10.3,   39.7,  -13.8,      1,   GPS,    ALT,  -0.0,   0.5,  -7.9, 3DDiff, 1852,      ,     13,  18.5,     20
2018-08-27, 16:59:12,  -04:00,  BOROS,   41.0036125,  -72.2625427,  7000.2, 30.02,  7378.9,  17.8, 145.13, 159.34,  -45.09,   0.57,  -0.01,   0.00,   0.01,  32.8,  39.6,  27.7,  28.8,   1.9,  27.64,  31.76,    16.25,  192.72,   51.96,  30.40, 2486.2,    0.75,  350.13,  360.68,  360.92,  347.56,  352.24,  350.13, 1473.34, 1527.49, 1496.46, 1477.58, 1475.46, 1472.21, 1551.36, 1549.46,  7273.9, 168,  GPS,   39.6, 110.85, 110.00, 119.450, 121.800, -0.002,       ,  21.59, -44.0,   10.2,   39.7,  -13.8,      1,   GPS,    ALT,  -0.0,   0.5, -11.8, 3DDiff, 1852,      ,     13,  18.5,     20
2018-08-27, 16:59:13,  -04:00,  BOROS,   41.0042725,  -72.2621231,  7001.2, 30.02,  7379.0,  17.8, 145.18, 159.36,  -27.95,   0.63,  -0.01,   0.00,   0.00,  32.8,  39.6,  27.7,  28.8,   1.9,  27.63,  31.75,    16.23,  192.72,   51.84,  30.40, 2485.0,    0.75,  349.90,  360.74,  360.95,  347.62,  352.15,  350.13, 1473.60, 1526.39, 1495.54, 1478.50, 1475.75, 1471.92, 1551.49, 1549.98,  7273.9, 168,  GPS,   39.6, 110.85, 110.00, 119.450, 121.800, -0.002,       ,  21.57, -44.0,   10.2,   39.7,  -13.8,      1,   GPS,    ALT,   0.0,   0.6,   3.9, 3DDiff, 1852,      ,     14,  18.5,     21
2018-08-27, 16:59:14,  -04:00,  BOROS,   41.0049438,  -72.2616959,  7002.2, 30.02,  7379.1,  17.8, 145.30, 159.38,   13.41,   0.58,  -0.01,   0.00,  -0.01,  32.8,  39.6,  27.7,  28.8,   1.9,  27.63,  31.75,    16.20,  192.69,   51.80,  30.40, 2486.4,    0.75,  349.71,  360.80,  360.95,  347.65,  352.09,  350.10, 1472.69, 1526.88, 1495.59, 1478.38, 1475.70, 1472.42, 1552.19, 1549.28,  7274.0, 168,  GPS,   39.6, 110.85, 110.00, 119.450, 121.800, -0.002,       ,  21.55, -44.0,   10.1,   39.7,  -13.8,      1,   GPS,    ALT,   0.0,   0.6,  11.8, 3DDiff, 1852,      ,     14,  19.0,     21
2018-08-27, 16:59:15,  -04:00,  BOROS,   41.0056038,  -72.2612686,  7000.2, 30.02,  7379.7,  17.8, 145.20, 159.38,  -10.36,   0.59,   0.01,   0.01,   0.00,  32.8,  39.6,  27.7,  28.8,   1.9,  27.63,  31.74,    16.31,  192.68,   51.63,  30.43, 2484.9,    0.75,  349.50,  360.86,  360.94,  347.68,  352.02,  350.08, 1473.81, 1527.83, 1496.42, 1479.23, 1475.64, 1471.33, 1553.11, 1550.10,  7274.7, 168,  GPS,   39.6, 110.85, 110.00, 119.450, 121.800, -0.000,       ,  21.52, -44.0,   10.1,   39.7,  -13.8,      1,   GPS,    ALT,   0.0,   0.6,  -3.9, 3DDiff, 1852,      ,     14,  19.5,     20
2018-08-27, 16:59:16,  -04:00,  BOROS,   41.0062637,  -72.2608490,  7000.2, 30.02,  7379.4,  17.8, 145.29, 159.38,  -20.19,   0.67,   0.00,   0.00,   0.01,  32.8,  39.7,  27.7,  28.8,   1.9,  27.63,  31.72,    16.38,  192.66,   51.80,  30.40, 2487.3,    0.76,  349.31,  360.94,  360.95,  347.71,  351.93,  350.07, 1474.49, 1527.83, 1496.29, 1479.53, 1475.61, 1470.70, 1552.88, 1549.75,  7274.4, 168,  GPS,   39.6, 110.85, 110.00, 119.450, 121.800, -0.000,       ,  21.50, -44.0,   10.0,   39.7,  -13.8,      1,   GPS,    ALT,   0.0,   0.6, -11.8, 3DDiff, 1852,      ,     13,  18.5,     20
2018-08-27, 16:59:17,  -04:00,  BOROS,   41.0069313,  -72.2604218,  7001.2, 30.02,  7379.8,  17.8, 145.37, 159.36,   -3.70,   0.67,  -0.08,  -0.00,  -0.01,  32.8,  39.8,  27.7,  28.8,   1.9,  27.63,  31.71,    16.32,  192.66,   51.95,  30.42, 2486.9,    0.75,  349.12,  360.99,  360.94,  347.72,  351.87,  350.05, 1474.03, 1528.23, 1496.05, 1479.69, 1475.40, 1471.21, 1552.91, 1549.08,  7274.8, 168,  GPS,   39.6, 110.85, 110.00, 119.450, 121.800, -0.000,       ,  21.47, -44.0,   10.0,   39.7,  -13.8,      1,   GPS,    ALT,  -0.0,   0.7,  -3.9, 3DDiff, 1852,      ,     13,  18.5,     20
2018-08-27, 16:59:18,  -04:00,  BOROS,   41.0075951,  -72.2599945,  7000.2, 30.02,  7379.9,  17.8, 145.41, 159.36,   -8.24,   0.64,  -0.10,   0.00,  -0.01,  32.8,  39.6,  27.7,  28.8,   1.9,  27.64,  31.70,    16.26,  192.64,   51.66,  30.42, 2487.5,    0.75,  348.91,  361.03,  360.92,  347.75,  351.81,  350.06, 1473.60, 1527.48, 1495.84, 1480.83, 1475.85, 1471.03, 1552.60, 1549.21,  7274.8, 168,  GPS,   39.6, 110.85, 110.00, 119.450, 121.800, -0.000,       ,  21.45, -44.0,    9.9,   39.7,  -13.8,      1,   GPS,    ALT,  -0.0,   0.7,   0.0, 3DDiff, 1852,      ,     13,  18.5,     20
2018-08-27, 16:59:19,  -04:00,  BOROS,   41.0082626,  -72.2595749,  7001.2, 30.02,  7379.7,  17.8, 145.48, 159.34,   -9.16,   0.67,  -0.04,   0.00,   0.00,  32.8,  39.6,  27.7,  28.8,   1.9,  27.64,  31.70,    16.23,  192.61,   51.81,  30.41, 2486.5,    0.75,  348.73,  361.09,  360.95,  347.78,  351.72,  350.06, 1472.82, 1527.08, 1496.08, 1479.94, 1476.61, 1471.76, 1552.37, 1549.63,  7274.6, 168,  GPS,   39.6, 110.85, 110.00, 119.450, 121.800,  0.000,       ,  21.42, -44.0,    9.9,   39.7,  -13.8,      1,   GPS,    ALT,  -0.0,   0.7, -11.8, 3DDiff, 1852,      ,     14,  18.5,     21
2018-08-27, 16:59:20,  -04:00,  BOROS,   41.0089226,  -72.2591476,  7001.2, 30.02,  7379.7,  17.8, 145.43, 159.32,   -5.50,   0.66,  -0.04,   0.00,  -0.00,  32.8,  39.6,  27.7,  28.8,   1.9,  27.64,  31.69,    16.29,  192.60,   51.61,  30.40, 2487.3,    0.75,  348.52,  361.16,  360.95,  347.80,  351.61,  350.01, 1472.89, 1527.30, 1496.21, 1480.90, 1476.01, 1472.09, 1552.99, 1549.69,  7274.7, 168,  GPS,   39.6, 110.85, 110.00, 119.450, 121.800, -0.000,       ,  21.40, -44.0,    9.9,   39.7,  -13.8,      1,   GPS,    ALT,   0.0,   0.7,  -3.9, 3DDiff, 1852,      ,     14,  19.0,     21
2018-08-27, 16:59:21,  -04:00,  BOROS,   41.0095901,  -72.2587204,  7001.2, 30.02,  7378.7,  17.8, 145.45, 159.30,   -8.22,   0.68,  -0.03,  -0.00,   0.00,  32.8,  39.6,  27.7,  28.8,   1.9,  27.64,  31.67,    16.36,  192.60,   51.80,  30.44, 2486.2,    0.75,  348.33,  361.20,  360.95,  347.81,  351.54,  349.98, 1472.89, 1527.40, 1496.20, 1480.75, 1475.64, 1473.05, 1552.92, 1549.96,  7273.9, 168,  GPS,   39.6, 110.85, 110.00, 119.450, 121.800,  0.000,       ,  21.38, -44.0,    9.8,   39.7,  -13.8,      1,   GPS,    ALT,   0.0,   0.7,  -7.9, 3DDiff, 1852,      ,     14,  19.5,     20
2018-08-27, 16:59:22,  -04:00,  BOROS,   41.0102539,  -72.2583008,  6999.2, 30.02,  7378.8,  17.8, 145.37, 159.28,  -23.92,   0.64,  -0.02,   0.00,  -0.00,  32.8,  39.6,  27.7,  28.8,   1.9,  27.66,  31.65,    16.25,  192.59,   51.97,  30.44, 2485.2,    0.75,  348.12,  361.28,  360.97,  347.83,  351.47,  349.97, 1472.98, 1527.30, 1496.44, 1480.35, 1475.84, 1472.22, 1552.21, 1549.63,  7274.0, 168,  GPS,   39.6, 110.85, 110.00, 119.450, 121.800,  0.000,       ,  21.36, -44.0,    9.8,   39.7,  -13.8,      1,   GPS,    ALT,   0.0,   0.7,  -3.9, 3DDiff, 1852,      ,     13,  18.5,     20
2018-08-27, 16:59:23,  -04:00,  BOROS,   41.0109138,  -72.2578735,  7000.2, 30.02,  7378.5,  17.8, 145.42, 159.26,  -24.17,   0.68,   0.00,   0.00,   0.01,  32.8,  39.6,  27.7,  28.8,   1.9,  27.67,  31.63,    16.20,  192.58,   52.16,  30.40, 2486.4,    0.75,  347.94,  361.32,  360.98,  347.84,  351.41,  349.92, 1472.16, 1526.97, 1496.25, 1479.76, 1476.15, 1471.81, 1551.83, 1548.78,  7273.7, 168,  GPS,   39.6, 110.85, 110.00, 119.450, 121.800,  0.000,       ,  21.34, -43.9,    9.7,   39.7,  -13.8,      1,   GPS,    ALT,   0.0,   0.7,   0.0, 3DDiff, 1852,      ,     13,  18.5,     20
2018-08-27, 16:59:24,  -04:00,  BOROS,   41.0115814,  -72.2574539,  7001.2, 30.02,  7378.6,  17.8, 145.37, 159.22,   -2.57,   0.66,   0.00,  -0.01,  -0.01,  32.8,  39.6,  27.7,  28.8,   1.9,  27.68,  31.62,    16.33,  192.57,   52.04,  30.38, 2486.8,    0.75,  347.76,  361.37,  360.98,  347.86,  351.33,  349.91, 1472.93, 1527.10, 1495.85, 1479.41, 1476.16, 1472.60, 1552.10, 1548.43,  7273.8, 168,  GPS,   39.6, 110.85, 110.00, 119.450, 121.800,  0.000,       ,  21.32, -43.9,    9.7,   39.7,  -13.8,      1,   GPS,    ALT,   0.1,   0.7,   7.9, 3DDiff, 1852,      ,     13,  18.5,     20
2018-08-27, 16:59:25,  -04:00,  BOROS,   41.0122452,  -72.2570267,  7001.2, 30.02,  7378.5,  17.8, 145.36, 159.22,   10.82,   0.63,   0.01,   0.00,  -0.01,  32.8,  39.6,  27.7,  28.8,   1.9,  27.68,  31.61,    16.36,  192.55,   52.16,  30.44, 2486.6,    0.76,  347.57,  361.44,  360.98,  347.87,  351.26,  349.91, 1472.64, 1527.22, 1495.72, 1479.74, 1476.99, 1472.92, 1552.28, 1549.02,  7273.7, 168,  GPS,   39.6, 110.85, 110.00, 119.450, 121.800,  0.000,       ,  21.31, -43.9,    9.6,   39.7,  -13.8,      1,   GPS,    ALT,   0.1,   0.6,   0.0, 3DDiff, 1852,      ,     14,  18.5,     21
2018-08-27, 16:59:26,  -04:00,  BOROS,   41.0129051,  -72.2566071,  7000.2, 30.02,  7378.4,  17.8, 145.20, 159.20,   -9.35,   0.62,   0.05,   0.01,  -0.00,  32.8,  39.6,  27.7,  28.8,   1.9,  27.70,  31.59,    16.28,  192.56,   52.05,  30.40, 2487.6,    0.75,  347.39,  361.50,  361.01,  347.89,  351.21,  349.88, 1472.84, 1528.00, 1495.83, 1478.57, 1477.03, 1472.08, 1552.08, 1549.52,  7273.6, 168,  GPS,   39.6, 110.85, 110.00, 119.450, 121.800,  0.000,       ,  21.30, -43.9,    9.6,   39.7,  -13.8,      1,   GPS,    ALT,   0.1,   0.6,  -3.9, 3DDiff, 1852,      ,     14,  19.0,     21
2018-08-27, 16:59:27,  -04:00,  BOROS,   41.0135689,  -72.2561722,  7001.2, 30.02,  7378.9,  17.8, 145.28, 159.18,  -10.35,   0.67,   0.08,  -0.00,   0.00,  32.8,  39.6,  27.7,  28.8,   1.9,  27.70,  31.57,    16.25,  192.55,   51.91,  30.43, 2487.2,    0.75,  347.23,  361.56,  361.04,  347.90,  351.14,  349.83, 1472.89, 1527.69, 1496.83, 1479.11, 1477.50, 1472.06, 1552.11, 1549.88,  7274.1, 168,  GPS,   39.6, 110.85, 110.00, 119.450, 121.800,  0.000,       ,  21.28, -43.9,    9.5,   39.7,  -13.8,      1,   GPS,    ALT,   0.1,   0.6,  -7.9, 3DDiff, 1852,      ,     13,  19.5,     20
2018-08-27, 16:59:28,  -04:00,  BOROS,   41.0142365,  -72.2557602,  7001.2, 30.02,  7378.6,  17.8, 145.28, 159.16,    5.38,   0.64,   0.05,  -0.00,  -0.01,  32.8,  39.6,  27.7,  28.8,   1.9,  27.72,  31.55,    16.35,  192.55,   52.05,  30.42, 2487.0,    0.75,  347.02,  361.62,  361.04,  347.93,  351.11,  349.85, 1472.88, 1528.14, 1497.51, 1479.22, 1476.95, 1471.59, 1552.39, 1549.37,  7273.8, 168,  GPS,   39.6, 110.85, 110.00, 119.450, 121.800,  0.001,       ,  21.27, -43.8,    9.5,   39.7,  -13.8,      1,   GPS,    ALT,   0.1,   0.6,   0.0, 3DDiff, 1852,      ,     13,  18.5,     20
2018-08-27, 16:59:29,  -04:00,  BOROS,   41.0148964,  -72.2553253,  7001.2, 30.02,  7378.2,  17.8, 145.27, 159.16,   -1.13,   0.63,   0.07,   0.00,  -0.01,  32.8,  39.7,  27.7,  28.8,   1.9,  27.73,  31.53,    16.26,  192.55,   51.95,  30.45, 2485.7,    0.75,  346.87,  361.68,  361.07,  347.93,  351.08,  349.82, 1471.88, 1526.92, 1497.84, 1478.08, 1477.16, 1470.96, 1551.52, 1549.57,  7273.4, 168,  GPS,   39.6, 110.85, 110.00, 119.450, 121.800,  0.000,       ,  21.26, -43.8,    9.5,   39.7,  -13.8,      1,   GPS,    ALT,   0.1,   0.6,  -3.9, 3DDiff, 1852,      ,     13,  18.5,     20
2018-08-27, 16:59:30,  -04:00,  BOROS,   41.0155602,  -72.2549057,  7000.2, 30.02,  7377.8,  17.8, 145.22, 159.12,  -15.63,   0.66,   0.07,   0.01,   0.00,  32.8,  39.7,  27.7,  28.8,   1.9,  27.72,  31.54,    16.25,  192.56,   52.04,  30.42, 2485.3,    0.75,  346.69,  361.75,  361.10,  347.96,  351.07,  349.79, 1471.70, 1527.52, 1497.28, 1478.91, 1477.40, 1470.54, 1552.28, 1549.41,  7273.0, 168,  GPS,   39.6, 110.85, 110.00, 119.450, 121.800,  0.000,       ,  21.25, -43.8,    9.4,   39.7,  -13.8,      1,   GPS,    ALT,   0.1,   0.6, -15.7, 3DDiff, 1852,      ,     13,  18.5,     20
2018-08-27, 16:59:31,  -04:00,  BOROS,   41.0162239,  -72.2544785,  7000.2, 30.02,  7377.5,  17.8, 145.06, 159.14,  -31.14,   0.70,   0.02,  -0.00,   0.01,  32.8,  39.7,  27.7,  28.8,   1.9,  27.71,  31.55,    16.19,  192.55,   51.86,  30.40, 2485.6,    0.75,  346.50,  361.81,  361.14,  347.98,  351.07,  349.77, 1470.75, 1526.92, 1496.38, 1478.17, 1477.02, 1471.09, 1551.58, 1549.58,  7272.7, 168,  GPS,   39.6, 110.85, 110.00, 119.450, 121.800,  0.000,       ,  21.24, -43.8,    9.4,   39.7,  -13.8,      1,   GPS,    ALT,   0.0,   0.7, -15.7, 3DDiff, 1852,      ,     14,  18.5,     21
2018-08-27, 16:59:32,  -04:00,  BOROS,   41.0168800,  -72.2540588,  7000.2, 30.02,  7377.4,  17.8, 145.21, 159.10,  -24.80,   0.70,  -0.04,   0.00,  -0.00,  32.8,  39.7,  27.7,  28.8,   1.9,  27.69,  31.57,    16.21,  192.55,   51.98,  30.43, 2483.4,    0.75,  346.32,  361.87,  361.17,  347.99,  351.11,  349.79, 1470.91, 1528.16, 1497.02, 1478.51, 1477.32, 1470.89, 1552.27, 1549.15,  7272.6, 168,  GPS,   39.6, 110.85, 110.00, 119.450, 121.800,  0.000,       ,  21.24, -43.7,    9.3,   39.7,  -13.8,      1,   GPS,    ALT,   0.0,   0.7,   0.0, 3DDiff, 1852,      ,     14,  19.0,     21
2018-08-27, 16:59:33,  -04:00,  BOROS,   41.0175514,  -72.2536316,  7001.2, 30.02,  7377.8,  17.8, 145.30, 159.08,   -8.16,   0.69,  -0.03,   0.01,   0.01,  32.8,  39.7,  27.7,  28.8,   1.9,  27.68,  31.57,    16.28,  192.53,   52.09,  30.44, 2486.2,    0.75,  346.16,  361.96,  361.22,  348.02,  351.14,  349.74, 1470.79, 1528.90, 1497.58, 1479.90, 1477.77, 1471.04, 1553.43, 1550.09,  7273.0, 168,  GPS,   39.6, 110.85, 110.00, 119.450, 121.800,  0.001,       ,  21.23, -43.7,    9.3,   39.7,  -13.8,      1,   GPS,    ALT,   0.0,   0.7,  15.7, 3DDiff, 1852,      ,     13,  19.5,     20
2018-08-27, 16:59:34,  -04:00,  BOROS,   41.0182114,  -72.2532043,  7001.2, 30.02,  7378.4,  17.8, 145.19, 159.06,   18.22,   0.60,  -0.10,   0.00,  -0.02,  32.8,  39.7,  27.7,  28.8,   1.9,  27.67,  31.58,    16.29,  192.50,   51.96,  30.44, 2487.5,    0.75,  346.01,  362.01,  361.25,  348.04,  351.20,  349.75, 1471.82, 1527.46, 1497.33, 1478.32, 1478.76, 1471.78, 1552.54, 1551.34,  7273.6, 168,  GPS,   39.6, 110.85, 110.00, 119.450, 121.800,  0.000,       ,  21.23, -43.7,    9.2,   39.7,  -13.8,      1,   GPS,    ALT,   0.0,   0.7,  19.7, 3DDiff, 1852,      ,     13,  18.5,     20
2018-08-27, 16:59:35,  -04:00,  BOROS,   41.0188751,  -72.2527847,  7000.2, 30.02,  7378.7,  17.8, 145.10, 159.05,  -14.47,   0.62,  -0.01,  -0.00,   0.01,  32.8,  39.7,  27.7,  28.8,   1.9,  27.67,  31.57,    16.32,  192.50,   51.82,  30.45, 2485.2,    0.75,  345.86,  362.07,  361.29,  348.04,  351.32,  349.71, 1471.97, 1527.71, 1497.59, 1478.43, 1479.29, 1470.72, 1551.84, 1551.60,  7273.9, 168,  GPS,   39.6, 110.85, 110.00, 119.450, 121.800,  0.000,       ,  21.24, -43.7,    9.2,   39.7,  -13.8,      1,   GPS,    ALT,   0.0,   0.6,  11.8, 3DDiff, 1852,      ,     13,  18.5,     20
2018-08-27, 16:59:36,  -04:00,  BOROS,   41.0195351,  -72.2523575,  7001.2, 30.02,  7379.0,  17.8, 145.14, 159.05,    6.19,   0.60,  -0.09,   0.01,  -0.01,  32.8,  39.7,  27.7,  28.8,   1.9,  27.66,  31.57,    16.21,  192.51,   51.89,  30.40, 2484.6,    0.75,  345.67,  362.12,  361.32,  348.05,  351.44,  349.73, 1471.85, 1527.64, 1496.81, 1478.66, 1479.56, 1468.57, 1551.67, 1550.58,  7274.2, 168,  GPS,   39.6, 110.85, 110.00, 119.450, 121.800,  0.000,       ,  21.24, -43.7,    9.2,   39.7,  -13.8,      1,   GPS,    ALT,   0.0,   0.6,  11.8, 3DDiff, 1852,      ,     13,  18.5,     20
2018-08-27, 16:59:37,  -04:00,  BOROS,   41.0201988,  -72.2519302,  7001.2, 30.02,  7379.2,  17.8, 145.14, 159.03,   13.78,   0.56,  -0.05,   0.00,  -0.00,  32.7,  39.7,  27.7,  28.8,   1.9,  27.66,  31.57,    16.21,  192.49,   51.74,  30.38, 2484.3,    0.75,  345.51,  362.21,  361.36,  348.05,  351.59,  349.72, 1470.97, 1526.42, 1495.35, 1478.00, 1478.15, 1467.28, 1550.74, 1549.28,  7274.4, 168,  GPS,   39.6, 110.85, 110.00, 119.450, 121.800,  0.000,       ,  21.25, -43.7,    9.1,   39.7,  -13.8,      1,   GPS,    ALT,   0.0,   0.6,  15.7, 3DDiff, 1852,      ,     14,  18.5,     21
2018-08-27, 16:59:38,  -04:00,  BOROS,   41.0208588,  -72.2515106,  7001.2, 30.02,  7379.4,  17.8, 145.01, 159.01,   -3.41,   0.56,  -0.03,  -0.00,  -0.00,  32.7,  39.7,  27.7,  28.8,   1.9,  27.67,  31.57,    16.07,  192.48,   51.97,  30.34, 2487.7,    0.74,  345.37,  362.28,  361.38,  348.10,  351.71,  349.73, 1469.88, 1524.10, 1494.51, 1476.56, 1476.46, 1466.54, 1549.17, 1547.70,  7274.6, 168,  GPS,   39.6, 110.85, 110.00, 119.450, 121.800,  0.001,       ,  21.26, -43.7,    9.1,   39.7,  -13.8,      1,   GPS,    ALT,   0.0,   0.6,   3.9, 3DDiff, 1852,      ,     14,  19.0,     21
2018-08-27, 16:59:39,  -04:00,  BOROS,   41.0215187,  -72.2510834,  7001.2, 30.02,  7379.4,  17.8, 145.11, 159.01,   -2.09,   0.58,  -0.02,   0.00,  -0.01,  32.7,  39.7,  27.7,  28.8,   1.9,  27.66,  31.56,    16.12,  192.45,   51.89,  30.39, 2485.6,    0.74,  345.22,  362.31,  361.44,  348.09,  351.81,  349.70, 1470.35, 1523.61, 1494.03, 1476.42, 1475.26, 1466.07, 1548.57, 1547.58,  7274.6, 168,  GPS,   39.6, 110.85, 110.00, 119.450, 121.800,  0.000,       ,  21.27, -43.6,    9.0,   39.7,  -13.8,      1,   GPS,    ALT,   0.0,   0.6,  -3.9, 3DDiff, 1852,      ,     13,  19.5,     20
2018-08-27, 16:59:40,  -04:00,  BOROS,   41.0221825,  -72.2506561,  7001.2, 30.02,  7379.0,  17.8, 145.08, 159.03,    3.41,   0.57,  -0.01,   0.01,  -0.00,  32.7,  39.7,  27.7,  28.8,   1.9,  27.67,  31.55,    16.22,  192.44,   52.01,  30.39, 2484.7,    0.75,  345.06,  362.38,  361.50,  348.09,  351.93,  349.70, 1470.54, 1522.74, 1493.46, 1475.52, 1474.58, 1466.66, 1547.73, 1546.91,  7274.2, 168,  GPS,   39.6, 110.85, 110.00, 119.450, 121.800,  0.000,       ,  21.28, -43.6,    9.0,   39.7,  -13.8,      1,   GPS,    ALT,   0.0,   0.6,  -3.9, 3DDiff, 1852,      ,     13,  18.5,     20
2018-08-27, 16:59:41,  -04:00,  BOROS,   41.0228424,  -72.2502365,  7001.2, 30.02,  7379.5,  17.8, 145.11, 159.03,   -2.73,   0.58,  -0.07,   0.00,   0.00,  32.7,  39.7,  27.7,  28.8,   1.9,  27.65,  31.55,    16.19,  192.42,   52.16,  30.42, 2485.8,    0.75,  344.94,  362.45,  361.53,  348.09,  352.02,  349.67, 1470.86, 1523.67, 1493.82, 1474.57, 1474.24, 1467.92, 1548.04, 1547.32,  7274.7, 168,  GPS,   39.6, 110.85, 110.00, 119.450, 121.800,  0.000,       ,  21.30, -43.6,    8.9,   39.7,  -13.8,      1,   GPS,    ALT,   0.0,   0.6,  -3.9, 3DDiff, 1852,      ,     13,  18.5,     20
2018-08-27, 16:59:42,  -04:00,  BOROS,   41.0235062,  -72.2498016,  7001.2, 30.02,  7379.6,  17.8, 145.16, 159.05,  -12.44,   0.60,  -0.08,  -0.00,   0.00,  32.7,  39.7,  27.7,  28.8,   1.9,  27.65,  31.55,    16.21,  192.40,   51.98,  30.43, 2485.5,    0.75,  344.79,  362.48,  361.58,  348.11,  352.13,  349.67, 1470.81, 1524.13, 1494.03, 1474.01, 1474.21, 1468.33, 1548.41, 1547.60,  7274.8, 168,  GPS,   39.6, 110.85, 110.00, 119.450, 121.800,  0.000,       ,  21.31, -43.7,    8.9,   39.7,  -13.8,      1,   GPS,    ALT,   0.0,   0.6,   0.0, 3DDiff, 1852,      ,     13,  18.5,     20
2018-08-27, 16:59:43,  -04:00,  BOROS,   41.0241699,  -72.2493820,  7001.2, 30.02,  7379.8,  17.8, 145.19, 159.03,    2.37,   0.55,  -0.04,   0.00,  -0.01,  32.7,  39.7,  27.7,  28.8,   1.9,  27.65,  31.54,    16.22,  192.40,   51.85,  30.43, 2485.2,    0.75,  344.67,  362.54,  361.61,  348.11,  352.23,  349.63, 1469.95, 1522.99, 1494.85, 1475.59, 1474.00, 1467.44, 1548.20, 1547.91,  7275.0, 168,  GPS,   39.6, 110.85, 110.00, 119.450, 121.800,  0.000,       ,  21.33, -43.7,    8.8,   39.7,  -13.8,      1,   GPS,    ALT,   0.0,   0.6,   3.9, 3DDiff, 1852,      ,     14,  18.5,     21
2018-08-27, 16:59:44,  -04:00,  BOROS,   41.0248299,  -72.2489548,  7001.2, 30.02,  7379.8,  17.8, 145.22, 159.05,   -5.77,   0.49,  -0.03,   0.00,  -0.00,  32.7,  39.7,  27.7,  28.8,   1.9,  27.67,  31.52,    16.14,  192.39,   51.93,  30.40, 2483.4,    0.74,  344.54,  362.57,  361.62,  348.11,  352.27,  349.61, 1469.59, 1523.18, 1494.29, 1475.09, 1473.69, 1466.01, 1547.90, 1547.00,  7275.0, 168,  GPS,   39.6, 110.85, 110.00, 119.450, 121.800,  0.000,       ,  21.35, -43.7,    8.8,   39.7,  -13.8,      1,   GPS,    ALT,   0.0,   0.5,   0.0, 3DDiff, 1852,      ,     14,  19.0,     21
2018-08-27, 16:59:45,  -04:00,  BOROS,   41.0254974,  -72.2485352,  7002.2, 30.02,  7379.8,  17.8, 145.26, 159.06,    1.22,   0.49,   0.00,  -0.00,  -0.00,  32.7,  39.7,  27.7,  28.8,   1.9,  27.68,  31.51,    16.14,  192.40,   51.97,  30.40, 2486.9,    0.74,  344.43,  362.63,  361.68,  348.12,  352.32,  349.58, 1469.90, 1523.78, 1493.59, 1474.22, 1472.67, 1465.32, 1548.05, 1546.61,  7275.0, 168,  GPS,   39.6, 110.85, 110.00, 119.450, 121.800,  0.000,       ,  21.37, -43.7,    8.8,   39.7,  -13.8,      1,   GPS,    ALT,   0.0,   0.5,  -3.9, 3DDiff, 1852,      ,     13,  19.5,     20
2018-08-27, 16:59:46,  -04:00,  BOROS,   41.0261574,  -72.2481003,  7002.2, 30.02,  7380.1,  17.8, 145.26, 159.10,   12.16,   0.44,   0.02,   0.00,  -0.01,  32.7,  39.9,  27.7,  28.8,   1.9,  27.68,  31.49,    16.15,  192.40,   51.80,  30.43, 2487.2,    0.75,  344.30,  362.67,  361.68,  348.14,  352.36,  349.55, 1470.15, 1524.61, 1493.50, 1474.08, 1473.65, 1466.78, 1548.92, 1547.00,  7275.4, 168,  GPS,   39.6, 110.85, 110.00, 119.450, 121.800,  0.000,       ,  21.39, -43.7,    8.7,   39.7,  -13.8,      1,   GPS,    ALT,   0.0,   0.5,  -7.9, 3DDiff, 1852,      ,     13,  18.5,     20
2018-08-27, 16:59:47,  -04:00,  BOROS,   41.0268211,  -72.2476807,  7002.2, 30.02,  7378.8,  17.8, 145.25, 159.14,    2.49,   0.36,   0.01,   0.01,  -0.00,  32.7,  39.8,  27.7,  28.8,   1.9,  27.69,  31.47,    16.21,  192.39,   51.95,  30.43, 2486.3,    0.75,  344.18,  362.73,  361.71,  348.17,  352.36,  349.55, 1469.40, 1523.99, 1493.34, 1473.80, 1473.30, 1466.31, 1548.12, 1546.19,  7274.0, 168,  GPS,   39.6, 110.85, 110.00, 119.450, 121.800,  0.000,       ,  21.42, -43.7,    8.7,   39.7,  -13.8,      1,   GPS,    ALT,  -0.0,   0.4, -15.7, 3DDiff, 1852,      ,     13,  18.5,     20
2018-08-27, 16:59:48,  -04:00,  BOROS,   41.0274811,  -72.2472458,  7001.2, 30.02,  7378.3,  17.8, 145.25, 159.22,  -17.39,   0.37,  -0.02,   0.00,   0.00,  32.7,  39.8,  27.7,  28.8,   1.9,  27.70,  31.46,    16.18,  192.40,   51.93,  30.41, 2487.2,    0.75,  344.07,  362.82,  361.74,  348.17,  352.38,  349.54, 1468.48, 1523.98, 1493.51, 1474.18, 1472.90, 1466.04, 1547.92, 1545.27,  7273.5, 168,  GPS,   39.6, 110.85, 110.00, 119.450, 121.800, -0.000,       ,  21.44, -43.7,    8.6,   39.7,  -13.8,      1,   GPS,    ALT,  -0.0,   0.4, -23.6, 3DDiff, 1852,      ,     13,  18.5,     20
2018-08-27, 16:59:49,  -04:00,  BOROS,   41.0281525,  -72.2468262,  7001.2, 30.02,  7377.8,  17.8, 145.29, 159.28,  -21.01,   0.41,  -0.09,  -0.00,  -0.00,  32.6,  39.8,  27.7,  28.8,   1.9,  27.70,  31.46,    16.19,  192.40,   51.89,  30.44, 2482.7,    0.75,  343.97,  362.85,  361.75,  348.17,  352.39,  349.49, 1467.58, 1523.70, 1493.34, 1475.93, 1473.55, 1466.25, 1548.39, 1545.43,  7273.0, 168,  GPS,   39.6, 110.85, 110.00, 119.450, 121.800,  0.000,       ,  21.47, -43.8,    8.6,   39.7,  -13.8,      1,   GPS,    ALT,  -0.1,   0.4, -27.6, 3DDiff, 1852,      ,     14,  18.5,     21
2018-08-27, 16:59:50,  -04:00,  BOROS,   41.0288086,  -72.2463913,  7001.2, 30.02,  7377.4,  17.8, 145.30, 159.34,  -28.10,   0.43,  -0.11,   0.01,  -0.00,  32.6,  39.8,  27.7,  28.8,   1.9,  27.71,  31.45,    16.28,  192.40,   52.07,  30.41, 2487.0,    0.75,  343.88,  362.91,  361.78,  348.19,  352.36,  349.49, 1468.35, 1522.76, 1493.39, 1476.03, 1473.45, 1464.92, 1547.58, 1546.16,  7272.7, 168,  GPS,   39.6, 110.85, 110.00, 119.450, 121.800, -0.000,       ,  21.50, -43.8,    8.5,   39.7,  -13.8,      1,   GPS,    ALT,  -0.1,   0.4, -19.7, 3DDiff, 1852,      ,     14,  19.0,     21
2018-08-27, 16:59:51,  -04:00,  BOROS,   41.0294724,  -72.2459717,  7001.2, 30.02,  7377.3,  17.8, 145.37, 159.38,  -20.60,   0.43,  -0.08,   0.00,   0.00,  32.6,  39.8,  27.7,  28.8,   1.9,  27.71,  31.44,    16.20,  192.38,   52.05,  30.41, 2487.1,    0.75,  343.75,  362.95,  361.78,  348.20,  352.35,  349.49, 1468.07, 1523.19, 1493.24, 1476.07, 1472.50, 1464.07, 1547.96, 1545.90,  7272.5, 168,  GPS,   39.6, 110.85, 110.00, 119.450, 121.800, -0.000,       ,  21.53, -43.8,    8.5,   39.7,  -13.8,      1,   GPS,    ALT,  -0.1,   0.4, -15.7, 3DDiff, 1852,      ,     13,  19.5,     20
2018-08-27, 16:59:52,  -04:00,  BOROS,   41.0301361,  -72.2455444,  6999.2, 30.02,  7376.6,  17.8, 145.23, 159.41,  -43.18,   0.49,  -0.10,   0.00,   0.01,  32.6,  39.8,  27.7,  28.8,   1.9,  27.70,  31.44,    16.26,  192.37,   51.89,  30.43, 2486.9,    0.75,  343.69,  362.99,  361.81,  348.20,  352.32,  349.49, 1468.24, 1522.70, 1494.06, 1475.90, 1472.92, 1464.33, 1547.73, 1546.06,  7271.8, 168,  GPS,   39.6, 110.85, 110.00, 119.450, 121.800, -0.000,       ,  21.56, -43.9,    8.4,   39.7,  -13.8,      1,   GPS,    ALT,  -0.1,   0.5, -19.7, 3DDiff, 1852,      ,     13,  18.5,     20
2018-08-27, 16:59:53,  -04:00,  BOROS,   41.0307961,  -72.2451172,  6999.2, 30.02,  7376.5,  17.8, 145.28, 159.45,  -36.07,   0.55,  -0.11,  -0.00,  -0.00,  32.6,  39.8,  27.7,  28.8,   1.9,  27.70,  31.44,    16.27,  192.35,   52.00,  30.42, 2484.5,    0.75,  343.59,  363.05,  361.81,  348.21,  352.30,  349.49, 1467.59, 1522.74, 1493.68, 1475.93, 1471.23, 1465.02, 1548.42, 1545.56,  7271.7, 168,  GPS,   39.6, 110.85, 110.00, 119.450, 121.800, -0.000,       ,  21.59, -43.9,    8.4,   39.7,  -13.8,      1,   GPS,    ALT,  -0.1,   0.5,  -7.9, 3DDiff, 1852,      ,     13,  18.5,     20
2018-08-27, 16:59:54,  -04:00,  BOROS,   41.0314598,  -72.2446899,  7000.2, 30.02,  7376.6,  17.8, 145.38, 159.47,  -12.55,   0.57,  -0.12,   0.00,  -0.00,  32.6,  39.8,  27.7,  28.8,   1.9,  27.70,  31.43,    16.22,  192.33,   51.97,  30.42, 2484.6,    0.75,  343.49,  363.09,  361.81,  348.21,  352.24,  349.49, 1467.61, 1523.80, 1493.33, 1475.30, 1470.79, 1464.91, 1548.97, 1545.25,  7271.8, 168,  GPS,   39.6, 110.85, 110.00, 119.450, 121.800, -0.001,       ,  21.63, -43.9,    8.4,   39.7,  -13.8,      1,   GPS,    ALT,  -0.1,   0.6,   3.9, 3DDiff, 1852,      ,     13,  18.5,     20
2018-08-27, 16:59:55,  -04:00,  BOROS,   41.0321236,  -72.2442627,  7001.2, 30.02,  7376.5,  17.8, 145.40, 159.45,   15.21,   0.53,  -0.11,  -0.00,  -0.01,  32.6,  39.8,  27.7,  28.8,   1.9,  27.71,  31.42,    16.22,  192.31,   51.89,  30.44, 2486.6,    0.75,  343.42,  363.13,  361.83,  348.21,  352.23,  349.46, 1467.59, 1525.48, 1493.48, 1475.76, 1471.44, 1466.10, 1549.96, 1545.19,  7271.8, 168,  GPS,   39.6, 110.85, 110.00, 119.450, 121.800, -0.000,       ,  21.66, -44.0,    8.3,   39.7,  -13.8,      1,   GPS,    ALT,  -0.1,   0.6,   3.9, 3DDiff, 1852,      ,     14,  18.5,     21
2018-08-27, 16:59:56,  -04:00,  BOROS,   41.0327873,  -72.2438354,  7000.2, 30.02,  7376.3,  17.8, 145.36, 159.45,   -2.29,   0.52,  -0.10,  -0.00,  -0.00,  32.6,  39.8,  27.7,  28.8,   1.9,  27.72,  31.41,    16.20,  192.29,   52.00,  30.43, 2486.7,    0.75,  343.35,  363.18,  361.84,  348.21,  352.17,  349.43, 1467.59, 1525.77, 1494.37, 1476.29, 1472.56, 1465.82, 1549.56, 1545.50,  7271.5, 168,  GPS,   39.6, 110.85, 110.00, 119.450, 121.800, -0.001,       ,  21.70, -44.1,    8.3,   39.7,  -13.8,      1,   GPS,    ALT,  -0.1,   0.5, -11.8, 3DDiff, 1852,      ,     14,  19.0,     21
2018-08-27, 16:59:57,  -04:00,  BOROS,   41.0334549,  -72.2434082,  7000.2, 30.02,  7375.9,  17.8, 145.39, 159.45,  -12.15,   0.57,  -0.09,   0.00,  -0.00,  32.7,  39.8,  27.7,  28.8,   1.9,  27.73,  31.39,    16.15,  192.27,   52.02,  30.46, 2484.3,    0.75,  343.27,  363.24,  361.86,  348.21,  352.14,  349.45, 1468.38, 1525.48, 1494.93, 1475.02, 1472.96, 1464.86, 1548.64, 1545.86,  7271.1, 168,  GPS,   39.6, 110.85, 110.00, 119.450, 121.800, -0.000,       ,  21.73, -44.1,    8.2,   39.7,  -13.8,      1,   GPS,    ALT,  -0.1,   0.5, -19.7, 3DDiff, 1852,      ,     13,  19.5,     20
2018-08-27, 16:59:58,  -04:00,  BOROS,   41.0341187,  -72.2429810,  6999.2, 30.02,  7376.0,  17.8, 145.22, 159.43,  -27.11,   0.59,  -0.05,   0.00,   0.01,  32.7,  39.8,  27.7,  28.8,   1.9,  27.73,  31.38,    16.15,  192.28,   51.96,  30.40, 2486.7,    0.75,  343.21,  363.28,  361.88,  348.20,  352.08,  349.42, 1467.40, 1524.44, 1494.27, 1474.24, 1472.28, 1466.11, 1547.98, 1544.66,  7271.2, 168,  GPS,   39.6, 110.85, 110.00, 119.450, 121.800, -0.001,       ,  21.77, -44.2,    8.2,   39.7,  -13.8,      1,   GPS,    ALT,  -0.1,   0.6, -15.7, 3DDiff, 1852,      ,     13,  18.5,     20
2018-08-27, 16:59:59,  -04:00,  BOROS,   41.0347786,  -72.2425461,  7000.2, 30.02,  7375.3,  17.8, 145.23, 159.41,  -10.14,   0.62,  -0.12,  -0.00,  -0.00,  32.7,  39.8,  27.7,  28.8,   1.9,  27.73,  31.38,    16.15,  192.27,   51.92,  30.39, 2484.5,    0.75,  343.12,  363.31,  361.92,  348.21,  352.03,  349.39, 1467.40, 1524.42, 1493.73, 1473.77, 1472.58, 1466.14, 1547.84, 1544.43,  7270.5, 168,  GPS,   39.6, 110.85, 110.00, 119.450, 121.800, -0.001,       ,  21.80, -44.2,    8.1,   39.7,  -13.8,      1,   GPS,    ALT,  -0.1,   0.6,  -7.9, 3DDiff, 1852,      ,     13,  18.5,     20
2018-08-27, 17:00:00,  -04:00,  BOROS,   41.0354462,  -72.2421265,  7000.2, 30.02,  7375.2,  17.8, 145.21, 159.41,  -12.37,   0.63,  -0.07,   0.00,  -0.00,  32.8,  39.8,  27.7,  28.8,   1.9,  27.72,  31.37,    16.18,  192.26,   51.89,  30.38, 2486.2,    0.75,  343.08,  363.34,  361.93,  348.20,  351.96,  349.34, 1466.98, 1524.53, 1493.09, 1473.80, 1471.58, 1466.56, 1547.56, 1543.76,  7270.5, 168,  GPS,   39.6, 110.85, 110.00, 119.450, 121.800, -0.001,       ,  21.82, -44.3,    8.1,   39.7,  -13.8,      1,   GPS,    ALT,  -0.1,   0.6,   0.0, 3DDiff, 1852,      ,     13,  18.5,     20
2018-08-27, 17:00:01,  -04:00,  BOROS,   41.0361099,  -72.2416992,  6999.2, 30.02,  7375.2,  17.8, 145.14, 159.40,  -23.08,   0.62,  -0.07,   0.01,   0.00,  32.8,  39.8,  27.7,  28.8,   1.9,  27.72,  31.37,    16.17,  192.26,   51.79,  30.45, 2484.8,    0.75,  343.04,  363.37,  361.96,  348.20,  351.91,  349.33, 1466.58, 1524.60, 1492.24, 1473.75, 1470.18, 1467.07, 1548.12, 1543.51,  7270.4, 168,  GPS,   39.6, 110.85, 110.00, 119.450, 121.800, -0.001,       ,  21.85, -44.3,    8.0,   39.7,  -13.8,      1,   GPS,    ALT,  -0.1,   0.6,   0.0, 3DDiff, 1852,      ,     14,  18.5,     21
2018-08-27, 17:00:02,  -04:00,  BOROS,   41.0367699,  -72.2412720,  6998.2, 30.02,  7375.1,  17.8, 145.07, 159.36,  -36.76,   0.67,  -0.07,   0.00,   0.01,  32.8,  39.8,  27.7,  28.8,   1.9,  27.71,  31.39,    16.18,  192.25,   52.07,  30.42, 2486.1,    0.75,  342.99,  363.40,  361.98,  348.20,  351.86,  349.30, 1466.09, 1525.89, 1492.15, 1473.90, 1469.69, 1468.30, 1549.09, 1543.43,  7270.3, 168,  GPS,   39.6, 110.85, 110.00, 119.450, 121.800, -0.001,       ,  21.87, -44.4,    8.0,   39.7,  -13.8,      1,   GPS,    ALT,  -0.1,   0.7,   0.0, 3DDiff, 1852,      ,     14,  19.0,     21
2018-08-27, 17:00:03,  -04:00,  BOROS,   41.0374374,  -72.2408447,  7000.2, 30.02,  7375.5,  17.8, 145.19, 159.34,   -1.56,   0.71,  -0.10,  -0.00,   0.00,  32.8,  39.8,  27.7,  28.8,   1.9,  27.68,  31.41,    16.21,  192.24,   52.19,  30.43, 2487.4,    0.75,  342.96,  363.46,  362.01,  348.20,  351.78,  349.27, 1467.40, 1524.44, 1492.62, 1472.79, 1470.05, 1468.18, 1548.01, 1544.74,  7270.7, 168,  GPS,   39.6, 110.85, 110.00, 119.450, 121.800, -0.001,       ,  21.88, -44.4,    8.0,   39.7,  -13.8,      1,   GPS,    ALT,  -0.1,   0.7,  11.8, 3DDiff, 1852,      ,     13,  19.5,     20
2018-08-27, 17:00:04,  -04:00,  BOROS,   41.0380974,  -72.2404099,  6999.2, 30.02,  7375.2,  17.8, 145.00, 159.32,   -8.30,   0.66,  -0.13,   0.01,  -0.01,  32.8,  39.8,  27.7,  28.8,   1.9,  27.66,  31.42,    16.22,  192.23,   52.32,  30.44, 2486.3,    0.75,  342.93,  363.48,  362.02,  348.15,  351.72,  349.25, 1466.79, 1524.37, 1492.91, 1473.70, 1470.75, 1469.02, 1548.56, 1544.54,  7270.4, 168,  GPS,   39.6, 110.85, 110.00, 119.450, 121.800, -0.001,       ,  21.89, -44.4,    7.9,   39.7,  -13.8,      1,   GPS,    ALT,  -0.1,   0.7,  15.7, 3DDiff, 1852,      ,     13,  18.5,     20
2018-08-27, 17:00:05,  -04:00,  BOROS,   41.0387573,  -72.2399902,  7000.2, 30.02,  7376.4,  17.8, 145.06, 159.28,   -5.59,   0.73,  -0.14,   0.01,   0.00,  32.8,  39.8,  27.7,  28.8,   1.9,  27.65,  31.43,    16.15,  192.23,   52.13,  30.46, 2485.0,    0.75,  342.92,  363.52,  362.04,  348.14,  351.63,  349.24, 1465.82, 1524.36, 1492.48, 1473.87, 1470.56, 1469.37, 1548.66, 1544.48,  7271.6, 168,  GPS,   39.6, 110.85, 110.00, 119.450, 121.800, -0.001,       ,  21.90, -44.5,    7.9,   39.7,  -13.8,      1,   GPS,    ALT,  -0.1,   0.7,   7.9, 3DDiff, 1852,      ,     13,  18.5,     20
2018-08-27, 17:00:06,  -04:00,  BOROS,   41.0394211,  -72.2395554,  7001.2, 30.02,  7376.7,  17.8, 145.01, 159.24,   23.16,   0.71,  -0.12,  -0.00,  -0.01,  32.8,  39.8,  27.7,  28.8,   1.9,  27.64,  31.44,    16.19,  192.23,   52.08,  30.43, 2486.4,    0.75,  342.92,  363.55,  362.08,  348.11,  351.59,  349.21, 1465.59, 1525.05, 1492.48, 1475.33, 1471.88, 1469.68, 1549.46, 1544.57,  7271.9, 168,  GPS,   39.6, 110.85, 110.00, 119.450, 121.800, -0.001,       ,  21.90, -44.5,    7.8,   39.7,  -13.8,      1,   GPS,    ALT,  -0.1,   0.7,  11.8, 3DDiff, 1852,      ,     13,  18.5,     20
2018-08-27, 17:00:07,  -04:00,  BOROS,   41.0400848,  -72.2391357,  7000.2, 30.02,  7376.7,  17.8, 144.86, 159.20,   13.59,   0.70,  -0.13,   0.00,  -0.01,  32.8,  39.8,  27.7,  28.8,   1.9,  27.62,  31.44,    16.11,  192.23,   51.89,  30.41, 2486.1,    0.74,  342.89,  363.57,  362.06,  348.11,  351.48,  349.15, 1466.43, 1524.56, 1492.64, 1474.97, 1472.52, 1469.39, 1549.23, 1545.24,  7271.9, 167,  GPS,   39.6, 110.85, 110.00, 119.450, 121.800, -0.001,       ,  21.90, -44.6,    7.8,   39.7,  -13.8,      1,   GPS,    ALT,  -0.1,   0.7,   0.0, 3DDiff, 1852,      ,     14,  18.5,     21
2018-08-27, 17:00:08,  -04:00,  BOROS,   41.0407448,  -72.2387085,  7000.2, 30.02,  7376.5,  17.8, 144.93, 159.18,   -1.47,   0.73,  -0.18,   0.00,   0.00,  32.8,  39.8,  27.7,  28.8,   1.9,  27.61,  31.43,    16.12,  192.26,   52.06,  30.41, 2486.0,    0.74,  342.87,  363.58,  362.09,  348.08,  351.41,  349.16, 1465.70, 1524.47, 1492.00, 1474.99, 1472.52, 1468.00, 1548.95, 1544.21,  7271.7, 167,  GPS,   39.6, 110.85, 110.00, 119.450, 121.800, -0.001,       ,  21.90, -44.6,    7.7,   39.7,  -13.8,      1,   GPS,    ALT,  -0.1,   0.7,  -7.9, 3DDiff, 1852,      ,     14,  19.0,     21
2018-08-27, 17:00:09,  -04:00,  BOROS,   41.0414124,  -72.2382812,  6999.2, 30.02,  7376.5,  17.8, 144.84, 159.14,  -14.23,   0.75,  -0.16,   0.00,   0.01,  32.8,  39.8,  27.7,  28.8,   1.9,  27.61,  31.42,    16.15,  192.26,   52.07,  30.45, 2485.5,    0.75,  342.86,  363.62,  362.11,  348.05,  351.33,  349.12, 1466.85, 1524.25, 1491.78, 1475.03, 1471.80, 1468.22, 1548.57, 1544.84,  7271.7, 167,  GPS,   39.6, 110.85, 110.00, 119.450, 121.800, -0.001,       ,  21.90, -44.6,    7.7,   39.7,  -13.8,      1,   GPS,    ALT,  -0.1,   0.7,  -7.9, 3DDiff, 1852,      ,     13,  19.5,     20
2018-08-27, 17:00:10,  -04:00,  BOROS,   41.0420761,  -72.2378540,  7000.2, 30.02,  7377.0,  17.8, 144.86, 159.10,   -4.03,   0.76,  -0.16,  -0.00,  -0.00,  32.8,  39.8,  27.7,  28.8,   1.9,  27.62,  31.41,    16.13,  192.25,   52.09,  30.43, 2485.7,    0.74,  342.84,  363.64,  362.17,  348.02,  351.26,  349.10, 1467.25, 1524.52, 1491.36, 1474.23, 1471.91, 1467.65, 1548.17, 1545.07,  7272.2, 167,  GPS,   39.6, 110.85, 110.00, 119.450, 121.800, -0.001,       ,  21.90, -44.6,    7.6,   39.7,  -13.8,      1,   GPS,    ALT,  -0.1,   0.8,  -3.9, 3DDiff, 1852,      ,     13,  18.5,     20
2018-08-27, 17:00:11,  -04:00,  BOROS,   41.0427361,  -72.2374268,  7001.2, 30.02,  7376.3,  17.8, 144.85, 159.06,   10.43,   0.71,  -0.11,   0.00,  -0.01,  32.8,  39.8,  27.7,  28.8,   1.9,  27.63,  31.39,    16.13,  192.23,   52.01,  30.42, 2486.7,    0.74,  342.83,  363.67,  362.18,  347.99,  351.18,  349.06, 1466.03, 1523.86, 1491.52, 1474.09, 1471.46, 1466.74, 1547.47, 1544.18,  7271.5, 167,  GPS,   39.6, 110.85, 110.00, 119.450, 121.800, -0.002,       ,  21.89, -44.7,    7.6,   39.7,  -13.8,      1,   GPS,    ALT,  -0.1,   0.7,   0.0, 3DDiff, 1852,      ,     13,  18.5,     20
2018-08-27, 17:00:12,  -04:00,  BOROS,   41.0433998,  -72.2370071,  7000.2, 30.02,  7376.1,  17.8, 144.78, 159.03,   -7.37,   0.71,  -0.11,   0.00,   0.01,  32.8,  39.8,  27.7,  28.8,   1.9,  27.65,  31.38,    16.14,  192.22,   52.32,  30.40, 2483.9,    0.74,  342.81,  363.70,  362.21,  347.99,  351.11,  349.03, 1465.68, 1523.32, 1491.96, 1473.58, 1471.55, 1466.02, 1547.00, 1544.28,  7271.3, 167,  GPS,   39.6, 110.85, 110.00, 119.450, 121.800, -0.002,       ,  21.89, -44.7,    7.6,   39.7,  -13.8,      1,   GPS,    ALT,  -0.1,   0.7,  -7.9, 3DDiff, 1852,      ,     13,  19.0,     20
2018-08-27, 17:00:13,  -04:00,  BOROS,   41.0440636,  -72.2365723,  7000.2, 30.02,  7376.0,  17.8, 144.75, 159.01,    0.52,   0.71,  -0.10,  -0.00,  -0.00,  32.8,  39.8,  27.7,  28.8,   1.9,  27.66,  31.37,    16.21,  192.21,   52.06,  30.43, 2485.9,    0.75,  342.80,  363.74,  362.29,  347.97,  351.05,  349.01, 1466.81, 1523.35, 1492.19, 1473.87, 1471.43, 1467.20, 1547.72, 1545.35,  7271.2, 167,  GPS,   39.6, 110.85, 110.00, 119.450, 121.800, -0.002,       ,  21.88, -44.7,    7.5,   39.7,  -13.8,      1,   GPS,    ALT,  -0.1,   0.7,  -7.9, 3DDiff, 1852,      ,     14,  19.0,     21
2018-08-27, 17:00:14,  -04:00,  BOROS,   41.0447197,  -72.2361526,  7000.2, 30.02,  7375.9,  17.8, 144.80, 158.99,  -16.97,   0.77,  -0.14,  -0.00,   0.01,  32.8,  39.8,  27.7,  28.8,   1.9,  27.66,  31.36,    16.16,  192.21,   51.74,  30.48, 2484.2,    0.75,  342.78,  363.77,  362.36,  347.94,  350.96,  348.97, 1466.61, 1524.24, 1492.50, 1474.14, 1472.69, 1467.28, 1548.37, 1545.64,  7271.1, 167,  GPS,   39.6, 110.85, 110.00, 119.450, 121.800, -0.002,       ,  21.87, -44.8,    7.5,   39.7,  -13.8,      1,   GPS,    ALT,  -0.1,   0.7,  -7.9, 3DDiff, 1852,      ,     14,  19.0,     21
2018-08-27, 17:00:15,  -04:00,  BOROS,   41.0453796,  -72.2357178,  7001.2, 30.02,  7377.1,  17.8, 144.85, 158.95,   13.82,   0.69,  -0.13,   0.01,  -0.01,  32.8,  39.8,  27.7,  28.8,   1.9,  27.67,  31.35,    16.15,  192.20,   51.71,  30.45, 2487.1,    0.75,  342.76,  363.79,  362.44,  347.90,  350.89,  348.97, 1466.73, 1524.60, 1492.45, 1473.98, 1472.90, 1466.92, 1548.71, 1545.18,  7272.3, 167,  GPS,   39.6, 110.85, 110.00, 119.450, 121.800, -0.002,       ,  21.86, -44.8,    7.4,   39.7,  -13.8,      1,   GPS,    ALT,  -0.1,   0.7,   3.9, 3DDiff, 1852,      ,     14,  19.5,     20
2018-08-27, 17:00:16,  -04:00,  BOROS,   41.0460434,  -72.2352982,  7000.2, 30.02,  7376.8,  17.8, 144.72, 158.91,  -13.81,   0.68,  -0.11,   0.00,  -0.00,  32.8,  39.8,  27.7,  28.8,   1.9,  27.67,  31.35,    16.21,  192.20,   51.84,  30.45, 2486.0,    0.75,  342.74,  363.82,  362.57,  347.91,  350.83,  348.97, 1466.29, 1524.74, 1492.99, 1474.20, 1472.43, 1465.68, 1548.20, 1545.03,  7272.0, 167,  GPS,   39.6, 110.85, 110.00, 119.450, 121.800, -0.002,       ,  21.85, -44.8,    7.4,   39.7,  -13.8,      1,   GPS,    ALT,  -0.1,   0.7,  -7.9, 3DDiff, 1852,      ,     13,  19.0,     20
2018-08-27, 17:00:17,  -04:00,  BOROS,   41.0467072,  -72.2348709,  6999.2, 30.02,  7377.5,  17.8, 144.71, 158.87,  -39.72,   0.79,  -0.14,  -0.00,   0.01,  32.8,  39.8,  27.7,  28.8,   1.9,  27.66,  31.35,    16.31,  192.18,   51.98,  30.45, 2484.2,    0.75,  342.73,  363.83,  362.69,  347.90,  350.74,  348.94, 1467.20, 1524.84, 1493.46, 1473.87, 1472.77, 1466.15, 1547.80, 1546.28,  7272.7, 167,  GPS,   39.6, 110.85, 110.00, 119.450, 121.800, -0.002,       ,  21.84, -44.8,    7.3,   39.7,  -13.8,      1,   GPS,    ALT,  -0.1,   0.7, -15.7, 3DDiff, 1852,      ,     13,  19.0,     20
2018-08-27, 17:00:18,  -04:00,  BOROS,   41.0473671,  -72.2344513,  6999.2, 30.02,  7377.8,  17.8, 144.73, 158.83,  -30.59,   0.82,  -0.20,   0.00,  -0.00,  32.7,  39.7,  27.7,  28.8,   1.9,  27.65,  31.36,    16.24,  192.16,   51.97,  30.45, 2487.4,    0.75,  342.69,  363.88,  362.85,  347.87,  350.68,  348.91, 1466.71, 1524.89, 1493.74, 1473.92, 1473.49, 1466.81, 1547.80, 1546.24,  7273.0, 167,  GPS,   39.6, 110.85, 110.00, 119.450, 121.800, -0.002,       ,  21.83, -44.8,    7.3,   39.7,  -13.8,      1,   GPS,    ALT,  -0.1,   0.8,   0.0, 3DDiff, 1852,      ,     13,  19.0,     20
2018-08-27, 17:00:19,  -04:00,  BOROS,   41.0480309,  -72.2340240,  6999.2, 30.02,  7378.3,  17.8, 144.69, 158.77,  -11.19,   0.81,  -0.16,   0.00,   0.00,  32.7,  39.7,  27.7,  28.8,   1.9,  27.65,  31.37,    16.13,  192.15,   52.09,  30.45, 2484.1,    0.74,  342.66,  363.89,  362.99,  347.84,  350.59,  348.91, 1466.06, 1524.14, 1493.99, 1473.46, 1472.31, 1467.92, 1547.41, 1545.34,  7273.5, 167,  GPS,   39.6, 110.85, 110.00, 119.450, 121.800, -0.002,       ,  21.82, -44.9,    7.3,   39.7,  -13.8,      1,   GPS,    ALT,  -0.1,   0.8,  15.7, 3DDiff, 1852,      ,     14,  19.0,     21
2018-08-27, 17:00:20,  -04:00,  BOROS,   41.0486870,  -72.2335968,  7001.2, 30.02,  7378.9,  17.8, 144.77, 158.70,   17.79,   0.79,  -0.15,  -0.00,  -0.01,  32.7,  39.7,  27.7,  28.8,   1.9,  27.65,  31.37,    16.24,  192.14,   51.80,  30.43, 2483.6,    0.75,  342.62,  363.92,  363.14,  347.83,  350.53,  348.86, 1465.82, 1523.99, 1494.94, 1474.41, 1472.02, 1467.81, 1547.30, 1545.43,  7274.1, 167,  GPS,   39.6, 110.85, 110.00, 119.450, 121.800, -0.002,       ,  21.81, -44.9,    7.2,   39.7,  -13.8,      1,   GPS,    ALT,  -0.1,   0.8,  19.7, 3DDiff, 1852,      ,     14,  19.0,     21
2018-08-27, 17:00:21,  -04:00,  BOROS,   41.0493469,  -72.2331696,  7000.2, 30.02,  7377.1,  17.8, 144.56, 158.62,   -1.91,   0.77,  -0.12,  -0.00,  -0.00,  32.7,  39.7,  27.7,  28.8,   1.9,  27.65,  31.36,    16.15,  192.14,   51.82,  30.45, 2485.9,    0.75,  342.59,  363.97,  363.30,  347.81,  350.43,  348.85, 1465.70, 1524.50, 1494.46, 1473.25, 1472.03, 1467.14, 1547.08, 1545.62,  7272.6, 167,  GPS,   39.6, 110.85, 110.00, 119.450, 121.800, -0.002,       ,  21.79, -44.9,    7.2,   39.7,  -13.8,      1,   GPS,    ALT,  -0.1,   0.8,   7.9, 3DDiff, 1852,      ,     13,  19.5,     20
2018-08-27, 17:00:22,  -04:00,  BOROS,   41.0500107,  -72.2327576,  7001.2, 30.02,  7377.0,  17.8, 144.63, 158.56,   14.34,   0.75,  -0.07,   0.00,  -0.00,  32.7,  39.7,  27.7,  28.8,   1.9,  27.65,  31.35,    16.16,  192.15,   51.87,  30.42, 2486.3,    0.75,  342.54,  363.98,  363.42,  347.78,  350.37,  348.82, 1464.92, 1524.01, 1493.12, 1472.81, 1471.61, 1467.00, 1546.99, 1544.71,  7272.4, 167,  GPS,   39.6, 110.85, 110.00, 119.450, 121.800, -0.002,       ,  21.78, -44.9,    7.1,   39.7,  -13.8,      1,   GPS,    ALT,  -0.1,   0.8,   3.9, 3DDiff, 1852,      ,     13,  19.0,     20
2018-08-27, 17:00:23,  -04:00,  BOROS,   41.0506706,  -72.2323227,  7000.2, 30.02,  7375.9,  17.8, 144.59, 158.52,    7.97,   0.73,  -0.08,   0.00,  -0.00,  32.7,  39.7,  27.7,  28.8,   1.9,  27.66,  31.33,    16.14,  192.13,   51.98,  30.43, 2486.8,    0.74,  342.52,  364.01,  363.55,  347.75,  350.30,  348.81, 1465.80, 1524.49, 1493.50, 1472.46, 1471.89, 1467.18, 1547.56, 1545.35,  7271.3, 167,  GPS,   39.6, 110.85, 110.00, 119.450, 121.800, -0.002,       ,  21.77, -44.9,    7.1,   39.7,  -13.8,      1,   GPS,    ALT,  -0.1,   0.7,   3.9, 3DDiff, 1852,      ,     13,  19.0,     20
2018-08-27, 17:00:24,  -04:00,  BOROS,   41.0513344,  -72.2319031,  7001.2, 30.02,  7375.6,  17.8, 144.60, 158.48,   -6.85,   0.76,  -0.07,  -0.01,   0.00,  32.7,  39.7,  27.7,  28.8,   1.9,  27.67,  31.32,    16.17,  192.13,   52.17,  30.46, 2486.3,    0.75,  342.47,  364.02,  363.73,  347.72,  350.20,  348.79, 1466.02, 1525.66, 1494.06, 1473.15, 1471.80, 1468.12, 1548.54, 1545.76,  7271.1, 167,  GPS,   39.6, 110.85, 110.00, 119.450, 121.800, -0.002,       ,  21.76, -44.9,    7.0,   39.7,  -13.8,      1,   GPS,    ALT,  -0.0,   0.7,  -3.9, 3DDiff, 1852,      ,     13,  19.0,     20
2018-08-27, 17:00:25,  -04:00,  BOROS,   41.0519867,  -72.2314758,  7001.2, 30.02,  7375.5,  17.8, 144.62, 158.48,   12.61,   0.69,  -0.08,   0.00,  -0.02,  32.7,  39.7,  27.7,  28.8,   1.9,  27.68,  31.31,    16.18,  192.14,   52.06,  30.46, 2486.1,    0.75,  342.43,  364.07,  363.85,  347.72,  350.11,  348.78, 1466.53, 1524.82, 1493.76, 1473.02, 1471.42, 1469.28, 1548.54, 1546.01,  7270.9, 167,  GPS,   39.6, 110.85, 110.00, 119.450, 121.800, -0.002,       ,  21.75, -44.9,    7.0,   39.7,  -13.8,      1,   GPS,    ALT,  -0.0,   0.7,   3.9, 3DDiff, 1852,      ,     14,  19.0,     20
2018-08-27, 17:00:26,  -04:00,  BOROS,   41.0526505,  -72.2310638,  7001.2, 30.02,  7375.3,  17.8, 144.47, 158.40,   -6.16,   0.70,  -0.03,   0.00,   0.00,  32.7,  39.7,  27.7,  28.8,   1.9,  27.69,  31.31,    16.27,  192.15,   52.10,  30.43, 2486.7,    0.75,  342.35,  364.10,  364.01,  347.71,  350.04,  348.75, 1465.72, 1524.89, 1492.85, 1472.89, 1470.99, 1468.92, 1548.37, 1545.18,  7270.7, 167,  GPS,   39.6, 110.85, 110.00, 119.450, 121.800, -0.002,       ,  21.74, -44.8,    6.9,   39.7,  -13.8,      1,   GPS,    ALT,  -0.0,   0.7,   0.0, 3DDiff, 1852,      ,     14,  19.0,     21
2018-08-27, 17:00:27,  -04:00,  BOROS,   41.0533104,  -72.2306290,  7001.2, 30.02,  7376.5,  17.8, 144.51, 158.38,   -7.67,   0.71,  -0.05,  -0.00,   0.00,  32.7,  39.7,  27.7,  28.8,   1.9,  27.69,  31.31,    16.28,  192.15,   52.12,  30.45, 2487.6,    0.75,  342.31,  364.13,  364.10,  347.68,  349.95,  348.72, 1465.71, 1524.54, 1492.71, 1474.24, 1470.81, 1468.96, 1549.22, 1545.24,  7271.9, 167,  GPS,   39.6, 110.85, 110.00, 119.450, 121.800, -0.002,       ,  21.73, -44.8,    6.9,   39.7,  -13.8,      1,   GPS,    ALT,  -0.0,   0.7,  -3.9, 3DDiff, 1852,      ,     13,  20.0,     20
2018-08-27, 17:00:28,  -04:00,  BOROS,   41.0539742,  -72.2302094,  7001.2, 30.02,  7376.5,  17.8, 144.45, 158.37,   -3.99,   0.69,  -0.07,   0.00,  -0.01,  32.6,  39.7,  27.7,  28.8,   1.9,  27.68,  31.31,    16.25,  192.15,   51.92,  30.46, 2487.1,    0.75,  342.26,  364.14,  364.25,  347.65,  349.86,  348.69, 1465.93, 1524.85, 1493.39, 1474.12, 1472.60, 1468.09, 1548.79, 1545.88,  7271.9, 167,  GPS,   39.6, 110.85, 110.00, 119.450, 121.800, -0.002,       ,  21.73, -44.8,    6.9,   39.7,  -13.8,      1,   GPS,    ALT,  -0.0,   0.7,   0.0, 3DDiff, 1852,      ,     13,  19.0,     20
2018-08-27, 17:00:29,  -04:00,  BOROS,   41.0546265,  -72.2297897,  7001.2, 30.02,  7376.7,  17.8, 144.36, 158.33,  -10.12,   0.69,  -0.09,   0.00,   0.00,  32.6,  39.7,  27.7,  28.8,   1.9,  27.68,  31.31,    16.16,  192.15,   52.13,  30.52, 2484.1,    0.75,  342.22,  364.16,  364.37,  347.65,  349.79,  348.66, 1466.74, 1525.65, 1494.51, 1474.31, 1472.09, 1468.48, 1549.11, 1546.80,  7272.2, 167,  GPS,   39.6, 110.85, 110.00, 119.450, 121.800, -0.002,       ,  21.72, -44.8,    6.8,   39.7,  -13.8,      1,   GPS,    ALT,  -0.0,   0.7,   0.0, 3DDiff, 1852,      ,     13,  19.0,     20
2018-08-27, 17:00:30,  -04:00,  BOROS,   41.0552864,  -72.2293701,  7002.2, 30.02,  7376.7,  17.8, 144.43, 158.33,    4.97,   0.65,  -0.03,   0.00,  -0.00,  32.6,  39.7,  27.7,  28.8,   1.9,  27.67,  31.31,    16.16,  192.15,   52.19,  30.44, 2489.0,    0.75,  342.14,  364.22,  364.47,  347.62,  349.73,  348.66, 1465.35, 1526.30, 1493.80, 1474.57, 1472.59, 1468.27, 1549.58, 1546.02,  7272.1, 167,  GPS,   39.6, 110.85, 110.00, 119.450, 121.800, -0.002,       ,  21.72, -44.8,    6.8,   39.7,  -13.8,      1,   GPS,    ALT,  -0.0,   0.7,  -3.9, 3DDiff, 1852,      ,     13,  19.0,     20
2018-08-27, 17:00:31,  -04:00,  BOROS,   41.0559502,  -72.2289429,  7001.2, 30.02,  7376.7,  17.8, 144.38, 158.35,   -0.07,   0.60,  -0.04,  -0.00,  -0.01,  32.6,  39.7,  27.7,  28.8,   1.9,  27.67,  31.31,    16.20,  192.13,   52.00,  30.45, 2485.5,    0.75,  342.10,  364.23,  364.58,  347.59,  349.65,  348.63, 1466.44, 1525.02, 1493.55, 1473.96, 1472.94, 1467.05, 1548.72, 1546.40,  7272.2, 167,  GPS,   39.6, 110.85, 110.00, 119.450, 121.800, -0.002,       ,  21.72, -44.7,    6.7,   39.7,  -13.8,      1,   GPS,    ALT,  -0.0,   0.6,   0.0, 3DDiff, 1852,      ,     14,  19.5,     20
2018-08-27, 17:00:32,  -04:00,  BOROS,   41.0566063,  -72.2285156,  7001.2, 30.02,  7376.5,  17.8, 144.44, 158.35,   -9.42,   0.66,  -0.07,   0.00,  -0.00,  32.6,  39.7,  27.7,  28.8,   1.9,  27.66,  31.32,    16.19,  192.11,   52.05,  30.44, 2486.4,    0.75,  342.02,  364.25,  364.68,  347.59,  349.55,  348.59, 1465.68, 1524.55, 1493.23, 1473.69, 1472.89, 1467.17, 1548.31, 1545.27,  7272.0, 167,  GPS,   39.6, 110.85, 110.00, 119.450, 121.800, -0.002,       ,  21.72, -44.7,    6.7,   39.7,  -13.8,      1,   GPS,    ALT,  -0.0,   0.6, -11.8, 3DDiff, 1852,      ,     14,  19.5,     21
2018-08-27, 17:00:33,  -04:00,  BOROS,   41.0572701,  -72.2280960,  7000.2, 30.02,  7375.7,  17.8, 144.35, 158.33,  -14.07,   0.66,  -0.10,   0.00,   0.00,  32.5,  39.7,  27.7,  28.8,   1.9,  27.65,  31.33,    16.17,  192.08,   52.02,  30.45, 2486.1,    0.75,  341.98,  364.29,  364.77,  347.56,  349.49,  348.57, 1465.97, 1524.04, 1493.73, 1473.70, 1472.19, 1468.55, 1548.19, 1546.02,  7271.2, 167,  GPS,   39.6, 110.85, 110.00, 119.450, 121.800, -0.002,       ,  21.72, -44.7,    6.6,   39.7,  -13.8,      1,   GPS,    ALT,  -0.0,   0.7,  -7.9, 3DDiff, 1852,      ,     13,  20.0,     20
2018-08-27, 17:00:34,  -04:00,  BOROS,   41.0579262,  -72.2276840,  7001.2, 30.02,  7375.4,  17.8, 144.31, 158.33,  -24.61,   0.68,  -0.13,  -0.00,   0.00,  32.5,  39.7,  27.7,  28.8,   1.9,  27.64,  31.33,    16.13,  192.07,   51.93,  30.44, 2484.8,    0.74,  341.89,  364.31,  364.86,  347.54,  349.43,  348.54, 1465.37, 1524.05, 1492.94, 1473.89, 1472.53, 1466.99, 1547.77, 1545.00,  7270.8, 167,  GPS,   39.6, 110.85, 110.00, 119.450, 121.800, -0.002,       ,  21.73, -44.7,    6.6,   39.7,  -13.8,      1,   GPS,    ALT,  -0.0,   0.7,  -3.9, 3DDiff, 1852,      ,     13,  19.5,     20
2018-08-27, 17:00:35,  -04:00,  BOROS,   41.0585861,  -72.2272491,  7002.2, 30.02,  7374.7,  17.8, 144.37, 158.31,    1.07,   0.67,  -0.11,   0.00,  -0.01,  32.5,  39.7,  27.7,  28.8,   1.9,  27.64,  31.33,    16.18,  192.07,   51.99,  30.38, 2487.5,    0.75,  341.84,  364.35,  364.95,  347.54,  349.36,  348.53, 1464.85, 1523.74, 1493.36, 1472.60, 1471.33, 1467.02, 1546.97, 1544.35,  7270.1, 167,  GPS,   39.6, 110.85, 110.00, 119.450, 121.800, -0.002,       ,  21.73, -44.7,    6.5,   39.7,  -13.8,      1,   GPS,    ALT,  -0.0,   0.7,   0.0, 3DDiff, 1852,      ,     13,  19.0,     20
2018-08-27, 17:00:36,  -04:00,  BOROS,   41.0592461,  -72.2268295,  7002.2, 30.02,  7374.5,  17.8, 144.34, 158.29,   14.36,   0.59,  -0.07,   0.00,  -0.01,  32.5,  39.7,  27.7,  28.8,   1.9,  27.63,  31.33,    16.18,  192.06,   52.02,  30.40, 2484.8,    0.75,  341.77,  364.38,  365.02,  347.52,  349.30,  348.49, 1463.83, 1524.00, 1493.21, 1473.32, 1470.49, 1466.65, 1547.15, 1543.10,  7269.9, 167,  GPS,   39.6, 110.85, 110.00, 119.450, 121.800, -0.002,       ,  21.74, -44.7,    6.5,   39.7,  -13.8,      1,   GPS,    ALT,  -0.0,   0.6,   3.9, 3DDiff, 1852,      ,     13,  19.0,     20
2018-08-27, 17:00:37,  -04:00,  BOROS,   41.0599060,  -72.2264023,  7001.2, 30.02,  7374.1,  17.8, 144.27, 158.29,   -9.45,   0.60,  -0.04,   0.00,   0.00,  32.5,  39.7,  27.7,  28.8,   1.9,  27.63,  31.32,    16.20,  192.05,   51.89,  30.43, 2485.4,    0.75,  341.68,  364.40,  365.08,  347.48,  349.21,  348.48, 1463.87, 1524.47, 1491.71, 1472.94, 1471.12, 1468.23, 1547.77, 1543.37,  7269.5, 167,  GPS,   39.6, 110.85, 110.00, 119.450, 121.800, -0.002,       ,  21.75, -44.7,    6.5,   39.7,  -13.8,      1,   GPS,    ALT,  -0.0,   0.6, -11.8, 3DDiff, 1852,      ,     14,  19.5,     21
2018-08-27, 17:00:38,  -04:00,  BOROS,   41.0605621,  -72.2259827,  7000.2, 30.02,  7373.8,  17.8, 144.25, 158.31,  -22.47,   0.62,  -0.05,  -0.00,   0.00,  32.5,  39.7,  27.7,  28.8,   1.9,  27.63,  31.31,    16.16,  192.04,   51.90,  30.41, 2486.7,    0.75,  341.62,  364.44,  365.14,  347.45,  349.17,  348.45, 1464.52, 1523.29, 1491.54, 1472.79, 1471.13, 1467.42, 1546.83, 1543.56,  7269.2, 167,  GPS,   39.6, 110.85, 110.00, 119.450, 121.800, -0.002,       ,  21.76, -44.7,    6.4,   39.7,  -13.8,      1,   GPS,    ALT,  -0.0,   0.6, -11.8, 3DDiff, 1852,      ,     14,  19.5,     21
2018-08-27, 17:00:39,  -04:00,  BOROS,   41.0612183,  -72.2255554,  7000.2, 30.02,  7374.2,  17.8, 144.27, 158.33,  -18.97,   0.62,  -0.09,   0.00,  -0.01,  32.5,  39.7,  27.7,  28.8,   1.9,  27.63,  31.30,    16.12,  192.04,   51.91,  30.45, 2484.5,    0.74,  341.53,  364.44,  365.18,  347.44,  349.10,  348.42, 1464.12, 1523.75, 1492.42, 1474.03, 1471.63, 1467.94, 1547.54, 1544.00,  7269.6, 167,  GPS,   39.6, 110.85, 110.00, 119.450, 121.800, -0.002,       ,  21.77, -44.7,    6.4,   39.7,  -13.8,      1,   GPS,    ALT,  -0.0,   0.6,  -3.9, 3DDiff, 1852,      ,     13,  20.0,     20
2018-08-27, 17:00:40,  -04:00,  BOROS,   41.0618820,  -72.2251358,  7001.2, 30.02,  7374.5,  17.8, 144.32, 158.33,   -9.78,   0.63,  -0.08,   0.01,   0.01,  32.5,  39.7,  27.7,  28.8,   1.9,  27.64,  31.30,    16.11,  192.05,   51.92,  30.47, 2485.3,    0.74,  341.49,  364.49,  365.26,  347.44,  349.03,  348.39, 1465.33, 1524.20, 1493.47, 1475.31, 1471.98, 1468.69, 1548.37, 1545.05,  7269.9, 167,  GPS,   39.6, 110.85, 110.00, 119.450, 121.800, -0.002,       ,  21.79, -44.7,    6.3,   39.7,  -13.8,      1,   GPS,    ALT,  -0.0,   0.6,   3.9, 3DDiff, 1852,      ,     13,  19.5,     20
2018-08-27, 17:00:41,  -04:00,  BOROS,   41.0625420,  -72.2247086,  7000.2, 30.02,  7375.5,  17.8, 144.18, 158.35,  -20.02,   0.60,  -0.05,  -0.00,   0.00,  32.5,  39.7,  27.7,  28.8,   1.9,  27.63,  31.30,    16.17,  192.04,   51.98,  30.47, 2484.3,    0.75,  341.41,  364.50,  365.32,  347.41,  349.00,  348.33, 1465.78, 1524.03, 1493.03, 1475.25, 1471.92, 1467.85, 1548.21, 1545.62,  7270.9, 167,  GPS,   39.6, 110.85, 110.00, 119.450, 121.800, -0.002,       ,  21.80, -44.7,    6.3,   39.7,  -13.8,      1,   GPS,    ALT,  -0.0,   0.6,   3.9, 3DDiff, 1852,      ,     13,  19.0,     20
2018-08-27, 17:00:42,  -04:00,  BOROS,   41.0632019,  -72.2242889,  7001.2, 30.02,  7375.8,  17.8, 144.31, 158.37,  -13.65,   0.64,  -0.04,  -0.00,  -0.00,  32.4,  39.7,  27.7,  28.8,   1.9,  27.63,  31.29,    16.22,  192.04,   52.07,  30.48, 2486.6,    0.75,  341.34,  364.55,  365.36,  347.38,  348.93,  348.30, 1465.70, 1523.89, 1492.90, 1475.33, 1473.10, 1468.31, 1548.51, 1545.98,  7271.2, 167,  GPS,   39.6, 110.85, 110.00, 119.450, 121.800, -0.002,       ,  21.82, -44.8,    6.2,   39.7,  -13.8,      1,   GPS,    ALT,  -0.0,   0.6,   7.9, 3DDiff, 1852,      ,     13,  19.0,     20
2018-08-27, 17:00:43,  -04:00,  BOROS,   41.0638618,  -72.2238617,  7001.2, 30.02,  7376.1,  17.8, 144.30, 158.37,   -0.81,   0.62,  -0.09,   0.00,  -0.00,  32.4,  39.7,  27.7,  28.8,   1.9,  27.62,  31.30,    16.24,  192.03,   52.01,  30.47, 2486.5,    0.75,  341.28,  364.56,  365.42,  347.38,  348.85,  348.29, 1466.68, 1523.87, 1492.71, 1474.91, 1472.83, 1468.97, 1548.43, 1546.92,  7271.6, 167,  GPS,   39.6, 110.85, 110.00, 119.450, 121.800, -0.002,       ,  21.84, -44.8,    6.2,   39.7,  -13.8,      1,   GPS,    ALT,  -0.0,   0.6,  11.8, 3DDiff, 1852,      ,     14,  19.5,     21
2018-08-27, 17:00:44,  -04:00,  BOROS,   41.0645180,  -72.2234421,  7001.2, 30.02,  7376.3,  17.8, 144.44, 158.38,    8.86,   0.60,  -0.10,   0.01,  -0.00,  32.4,  39.7,  27.7,  28.8,   1.9,  27.62,  31.29,    16.25,  192.04,   51.93,  30.46, 2485.2,    0.75,  341.19,  364.59,  365.48,  347.35,  348.82,  348.26, 1466.44, 1524.24, 1493.67, 1474.38, 1472.54, 1468.92, 1548.35, 1546.50,  7271.8, 167,  GPS,   39.6, 110.85, 110.00, 119.450, 121.800, -0.002,       ,  21.85, -44.8,    6.2,   39.7,  -13.8,      1,   GPS,    ALT,  -0.0,   0.6,   7.9, 3DDiff, 1852,      ,     14,  19.5,     22
2018-08-27, 17:00:45,  -04:00,  BOROS,   41.0651817,  -72.2230225,  7001.2, 30.02,  7376.4,  17.8, 144.42, 158.37,   11.84,   0.60,  -0.10,  -0.00,  -0.00,  32.4,  39.7,  27.7,  28.8,   1.9,  27.63,  31.28,    16.28,  192.02,   52.07,  30.45, 2487.6,    0.75,  341.13,  364.61,  365.57,  347.35,  348.78,  348.24, 1466.16, 1524.63, 1493.74, 1473.58, 1473.16, 1468.14, 1548.25, 1546.23,  7271.8, 167,  GPS,   39.6, 110.85, 110.00, 119.450, 121.800, -0.002,       ,  21.87, -44.9,    6.1,   39.7,  -13.8,      1,   GPS,    ALT,  -0.0,   0.6,   0.0, 3DDiff, 1852,      ,     14,  20.0,     20
2018-08-27, 17:00:46,  -04:00,  BOROS,   41.0658417,  -72.2225952,  7001.2, 30.02,  7376.0,  17.8, 144.42, 158.38,   -3.11,   0.59,  -0.11,   0.00,  -0.01,  32.3,  39.7,  27.7,  28.8,   1.9,  27.64,  31.26,    16.27,  192.01,   51.98,  30.46, 2486.9,    0.75,  341.06,  364.65,  365.63,  347.32,  348.76,  348.23, 1466.34, 1524.69, 1494.18, 1473.36, 1473.13, 1467.95, 1548.17, 1546.66,  7271.5, 167,  GPS,   39.6, 110.85, 110.00, 119.450, 121.800, -0.002,       ,  21.90, -44.9,    6.1,   39.7,  -13.8,      1,   GPS,    ALT,  -0.0,   0.6, -11.8, 3DDiff, 1852,      ,     13,  19.5,     21
2018-08-27, 17:00:47,  -04:00,  BOROS,   41.0665016,  -72.2221680,  7001.2, 30.02,  7375.2,  17.8, 144.44, 158.40,  -14.31,   0.65,  -0.08,   0.01,   0.01,  32.3,  39.7,  27.7,  28.8,   1.9,  27.66,  31.23,    16.15,  192.00,   52.10,  30.46, 2487.0,    0.75,  340.97,  364.68,  365.67,  347.29,  348.73,  348.20, 1465.65, 1523.51, 1494.32, 1472.70, 1472.79, 1467.79, 1547.53, 1546.41,  7270.6, 167,  GPS,   39.6, 110.85, 110.00, 119.450, 121.800, -0.002,       ,  21.92, -44.9,    6.0,   39.7,  -13.8,      1,   GPS,    ALT,  -0.0,   0.6, -11.8, 3DDiff, 1852,      ,     13,  19.0,     20
2018-08-27, 17:00:48,  -04:00,  BOROS,   41.0671616,  -72.2217484,  7001.2, 30.02,  7375.0,  17.8, 144.52, 158.38,    4.75,   0.63,  -0.05,   0.00,  -0.00,  32.3,  39.7,  27.7,  28.8,   1.9,  27.68,  31.21,    16.14,  191.98,   52.17,  30.43, 2484.8,    0.74,  340.89,  364.68,  365.73,  347.29,  348.75,  348.20, 1465.56, 1524.00, 1493.84, 1473.22, 1471.33, 1467.21, 1547.51, 1545.39,  7270.4, 167,  GPS,   39.6, 110.85, 110.00, 119.450, 121.800, -0.002,       ,  21.95, -45.0,    6.0,   39.7,  -13.8,      1,   GPS,    ALT,  -0.0,   0.6,  -7.9, 3DDiff, 1852,      ,     14,  19.0,     21
2018-08-27, 17:00:49,  -04:00,  BOROS,   41.0678215,  -72.2213211,  7001.2, 30.02,  7374.7,  17.8, 144.47, 158.37,  -13.26,   0.62,  -0.07,  -0.00,  -0.00,  32.3,  39.7,  27.7,  28.8,   1.9,  27.70,  31.18,    16.16,  191.99,   52.30,  30.47, 2485.9,    0.75,  340.82,  364.72,  365.79,  347.26,  348.75,  348.20, 1465.81, 1523.80, 1492.84, 1473.61, 1471.98, 1467.55, 1547.73, 1545.41,  7270.2, 167,  GPS,   39.6, 110.85, 110.00, 119.450, 121.800, -0.002,       ,  21.98, -45.0,    5.9,   39.7,  -13.8,      1,   GPS,    ALT,  -0.0,   0.6, -11.8, 3DDiff, 1852,      ,     14,  19.5,     21
2018-08-27, 17:00:50,  -04:00,  BOROS,   41.0684853,  -72.2209015,  7000.2, 30.02,  7374.5,  17.8, 144.50, 158.37,  -19.08,   0.64,  -0.05,   0.00,   0.00,  32.3,  39.7,  27.7,  28.8,   1.8,  27.72,  31.16,    16.10,  191.99,   52.11,  30.46, 2485.2,    0.74,  340.73,  364.74,  365.84,  347.25,  348.78,  348.19, 1466.02, 1524.70, 1492.86, 1474.42, 1472.32, 1466.83, 1547.99, 1545.73,  7270.0, 167,  GPS,   39.6, 110.85, 110.00, 119.450, 121.800, -0.002,       ,  22.01, -45.1,    5.9,   39.7,  -13.8,      1,   GPS,    ALT,  -0.0,   0.6, -11.8, 3DDiff, 1852,      ,     14,  19.5,     22
2018-08-27, 17:00:51,  -04:00,  BOROS,   41.0691338,  -72.2204742,  7001.2, 30.02,  7374.6,  17.8, 144.55, 158.37,  -12.45,   0.65,  -0.05,   0.00,   0.01,  32.4,  39.7,  27.7,  28.8,   1.8,  27.73,  31.14,    16.13,  191.96,   52.22,  30.45, 2484.9,    0.74,  340.68,  364.77,  365.89,  347.23,  348.84,  348.18, 1466.79, 1524.26, 1493.48, 1474.09, 1473.45, 1466.27, 1547.71, 1546.23,  7270.1, 167,  GPS,   39.6, 110.85, 110.00, 119.450, 121.800, -0.002,       ,  22.04, -45.1,    5.8,   39.7,  -13.8,      1,   GPS,    ALT,  -0.0,   0.6,  -3.9, 3DDiff, 1852,      ,     14,  20.0,     20
2018-08-27, 17:00:52,  -04:00,  BOROS,   41.0697975,  -72.2200546,  7001.2, 30.02,  7374.5,  17.8, 144.60, 158.35,   -7.82,   0.64,  -0.09,  -0.01,  -0.01,  32.4,  39.7,  27.7,  28.8,   1.8,  27.74,  31.12,    16.11,  191.97,   52.17,  30.44, 2485.4,    0.74,  340.61,  364.80,  365.94,  347.20,  348.90,  348.20, 1465.72, 1523.88, 1492.43, 1473.01, 1473.38, 1467.23, 1547.46, 1545.11,  7269.9, 167,  GPS,   39.6, 110.85, 110.00, 119.450, 121.800, -0.002,       ,  22.07, -45.1,    5.8,   39.7,  -13.8,      1,   GPS,    ALT,  -0.0,   0.6,  -3.9, 3DDiff, 1852,      ,     13,  19.5,     20
2018-08-27, 17:00:53,  -04:00,  BOROS,   41.0704575,  -72.2196350,  7001.2, 30.02,  7374.5,  17.8, 144.59, 158.31,   -9.89,   0.64,  -0.08,   0.00,  -0.01,  32.4,  39.7,  27.7,  28.8,   1.8,  27.75,  31.10,    16.15,  191.97,   52.19,  30.47, 2488.6,    0.75,  340.52,  364.83,  366.00,  347.17,  348.97,  348.15, 1465.16, 1523.39, 1492.13, 1473.27, 1472.84, 1467.55, 1547.96, 1545.05,  7270.0, 167,  GPS,   39.6, 110.85, 110.00, 119.450, 121.800, -0.002,       ,  22.10, -45.2,    5.8,   39.7,  -13.8,      1,   GPS,    ALT,  -0.0,   0.6,  -3.9, 3DDiff, 1852,      ,     13,  19.0,     20
2018-08-27, 17:00:54,  -04:00,  BOROS,   41.0711212,  -72.2192078,  7001.2, 30.02,  7374.4,  17.8, 144.76, 158.27,    1.30,   0.67,  -0.04,   0.00,   0.00,  32.4,  39.7,  27.7,  28.8,   1.8,  27.76,  31.08,    16.16,  191.99,   52.20,  30.46, 2483.9,    0.75,  340.45,  364.84,  366.05,  347.15,  349.05,  348.12, 1465.67, 1523.47, 1492.61, 1473.90, 1472.14, 1467.19, 1548.43, 1545.13,  7269.8, 167,  GPS,   39.6, 110.85, 110.00, 119.450, 121.800, -0.001,       ,  22.14, -45.2,    5.7,   39.7,  -13.8,      1,   GPS,    ALT,  -0.0,   0.6,  -7.9, 3DDiff, 1852,      ,     14,  19.0,     21
2018-08-27, 17:00:55,  -04:00,  BOROS,   41.0717773,  -72.2187881,  6999.2, 30.02,  7374.2,  17.8, 144.58, 158.25,  -29.72,   0.66,  -0.01,  -0.00,   0.00,  32.4,  39.7,  27.7,  28.8,   1.8,  27.77,  31.08,    16.12,  192.00,   52.29,  30.40, 2486.7,    0.74,  340.39,  364.85,  366.07,  347.16,  349.20,  348.11, 1465.83, 1523.00, 1491.35, 1473.15, 1471.28, 1467.35, 1547.78, 1544.99,  7269.6, 167,  GPS,   39.6, 110.85, 110.00, 119.450, 121.800, -0.002,       ,  22.17, -45.2,    5.7,   39.7,  -13.8,      1,   GPS,    ALT,  -0.0,   0.6,  -7.9, 3DDiff, 1852,      ,     14,  19.5,     21
2018-08-27, 17:00:56,  -04:00,  BOROS,   41.0724373,  -72.2183609,  7001.2, 30.02,  7374.3,  17.5, 144.70, 158.23,  -20.18,   0.69,  -0.04,   0.00,  -0.00,  32.4,  39.7,  27.7,  28.8,   1.8,  27.77,  31.07,    16.18,  192.01,   52.48,  30.42, 2487.1,    0.75,  340.33,  364.89,  366.12,  347.14,  349.33,  348.08, 1465.52, 1523.32, 1491.31, 1472.76, 1471.27, 1467.80, 1547.63, 1544.37,  7269.7, 167,  GPS,   39.6, 110.85, 110.00, 119.450, 121.800, -0.001,       ,  22.20, -45.2,    5.6,   39.7,  -13.8,      1,   GPS,    ALT,  -0.0,   0.7,  -3.9, 3DDiff, 1852,      ,     14,  19.5,     22
2018-08-27, 17:00:57,  -04:00,  BOROS,   41.0731010,  -72.2179413,  7000.2, 30.02,  7374.4,  17.5, 144.65, 158.21,  -20.39,   0.69,  -0.07,   0.00,  -0.00,  32.4,  39.7,  27.7,  28.8,   1.8,  27.77,  31.07,    16.15,  192.01,   52.36,  30.46, 2486.1,    0.75,  340.24,  364.90,  366.16,  347.11,  349.53,  348.02, 1465.77, 1523.48, 1491.27, 1472.69, 1472.04, 1467.80, 1547.93, 1544.56,  7269.8, 167,  GPS,   39.6, 110.85, 110.00, 119.450, 121.800, -0.001,       ,  22.24, -45.2,    5.6,   39.7,  -13.8,      1,   GPS,    ALT,  -0.0,   0.7,   3.9, 3DDiff, 1852,      ,     14,  20.0,     20
2018-08-27, 17:00:58,  -04:00,  BOROS,   41.0737534,  -72.2175217,  7000.2, 30.02,  7374.5,  17.5, 144.68, 158.17,   -8.84,   0.68,  -0.09,   0.00,   0.00,  32.4,  39.7,  27.7,  28.8,   1.8,  27.76,  31.06,    16.08,  191.99,   52.30,  30.43, 2487.4,    0.74,  340.16,  364.92,  366.19,  347.10,  349.67,  348.01, 1465.50, 1523.44, 1490.79, 1472.13, 1471.08, 1467.49, 1547.36, 1544.21,  7269.9, 167,  GPS,   39.6, 110.85, 110.00, 119.450, 121.800, -0.001,       ,  22.27, -45.2,    5.5,   39.7,  -13.8,      1,   GPS,    ALT,  -0.0,   0.7,   7.9, 3DDiff, 1852,      ,     13,  19.5,     20
2018-08-27, 17:00:59,  -04:00,  BOROS,   41.0744171,  -72.2171021,  7000.2, 30.02,  7373.8,  17.5, 144.61, 158.13,  -15.00,   0.71,  -0.02,  -0.00,   0.00,  32.4,  39.7,  27.7,  28.8,   1.8,  27.75,  31.06,    16.13,  191.98,   52.30,  30.43, 2487.9,    0.74,  340.10,  364.96,  366.25,  347.08,  349.84,  347.99, 1465.76, 1523.05, 1490.70, 1472.98, 1470.13, 1467.36, 1547.65, 1544.80,  7269.3, 167,  GPS,   39.6, 110.85, 110.00, 119.450, 121.800, -0.001,       ,  22.30, -45.2,    5.5,   39.7,  -13.8,      1,   GPS,    ALT,  -0.0,   0.7,   3.9, 3DDiff, 1852,      ,     13,  19.0,     20
2018-08-27, 17:01:00,  -04:00,  BOROS,   41.0750732,  -72.2166748,  7001.2, 30.02,  7373.9,  17.5, 144.59, 158.09,   -0.45,   0.71,  -0.03,   0.00,  -0.01,  32.4,  39.7,  27.7,  28.8,   1.8,  27.74,  31.06,    16.22,  191.97,   52.39,  30.46, 2486.5,    0.75,  340.03,  364.99,  366.31,  347.05,  350.00,  347.96, 1465.36, 1522.80, 1490.26, 1471.71, 1470.28, 1466.77, 1547.13, 1544.45,  7269.3, 167,  GPS,   39.6, 110.85, 110.00, 119.450, 121.800, -0.001,       ,  22.33, -45.2,    5.4,   39.7,  -13.8,      1,   GPS,    ALT,  -0.0,   0.7,   7.9, 3DDiff, 1852,      ,     14,  19.0,     21
2018-08-27, 17:01:01,  -04:00,  BOROS,   41.0757294,  -72.2162552,  7000.2, 30.02,  7373.9,  17.5, 144.45, 158.05,   -0.93,   0.69,  -0.03,   0.00,  -0.00,  32.4,  39.7,  27.7,  28.8,   1.8,  27.74,  31.06,    16.20,  191.96,   52.40,  30.50, 2485.3,    0.75,  339.96,  365.02,  366.34,  347.04,  350.12,  347.93, 1466.50, 1524.57, 1491.12, 1473.48, 1471.03, 1468.24, 1549.17, 1545.49,  7269.3, 167,  GPS,   39.6, 110.85, 110.00, 119.450, 121.800, -0.001,       ,  22.36, -45.2,    5.4,   39.7,  -13.8,      1,   GPS,    ALT,  -0.0,   0.7,   3.9, 3DDiff, 1852,      ,     14,  19.5,     21
2018-08-27, 17:01:02,  -04:00,  BOROS,   41.0763893,  -72.2158279,  7001.2, 30.02,  7373.6,  17.8, 144.43, 158.05,   -3.96,   0.74,  -0.02,  -0.00,   0.00,  32.4,  39.7,  27.7,  28.8,   1.8,  27.73,  31.06,    16.20,  191.93,   52.23,  30.46, 2483.7,    0.75,  339.88,  365.05,  366.42,  347.04,  350.25,  347.90, 1466.13, 1525.23, 1490.99, 1473.12, 1471.06, 1468.49, 1549.11, 1545.44,  7269.1, 167,  GPS,   39.6, 110.85, 110.00, 119.450, 121.800, -0.001,       ,  22.39, -45.2,    5.4,   39.7,  -13.8,      1,   GPS,    ALT,  -0.0,   0.7,  -3.9, 3DDiff, 1852,      ,     14,  19.5,     22
2018-08-27, 17:01:03,  -04:00,  BOROS,   41.0770493,  -72.2154160,  7001.2, 30.02,  7373.5,  17.8, 144.39, 158.02,   -5.12,   0.76,  -0.03,  -0.00,  -0.00,  32.4,  39.7,  27.7,  28.8,   1.8,  27.73,  31.06,    16.13,  191.94,   52.31,  30.44, 2484.8,    0.74,  339.82,  365.07,  366.43,  347.01,  350.37,  347.87, 1466.37, 1525.62, 1491.55, 1472.48, 1471.24, 1468.36, 1548.85, 1545.45,  7268.9, 167,  GPS,   39.6, 110.85, 110.00, 119.450, 121.800, -0.001,       ,  22.42, -45.1,    5.3,   39.7,  -13.8,      1,   GPS,    ALT,  -0.0,   0.7,  -7.9, 3DDiff, 1852,      ,     14,  20.0,     20
2018-08-27, 17:01:04,  -04:00,  BOROS,   41.0777054,  -72.2149887,  7000.2, 30.02,  7373.3,  17.8, 144.40, 158.02,   -0.26,   0.76,  -0.07,   0.00,  -0.00,  32.4,  39.7,  27.7,  28.8,   1.8,  27.72,  31.06,    16.12,  191.93,   51.85,  30.45, 2481.2,    0.74,  339.73,  365.08,  366.48,  346.98,  350.46,  347.87, 1466.26, 1527.12, 1491.16, 1473.12, 1470.21, 1467.06, 1549.13, 1544.44,  7268.7, 167,  GPS,   39.6, 110.85, 110.00, 119.450, 121.800, -0.001,       ,  22.44, -45.1,    5.3,   39.7,  -13.8,      1,   GPS,    ALT,  -0.0,   0.8,  -3.9, 3DDiff, 1852,      ,     13,  19.5,     20
2018-08-27, 17:01:05,  -04:00,  BOROS,   41.0783615,  -72.2145691,  7000.2, 30.02,  7373.5,  17.5, 144.39, 157.98,  -10.03,   0.76,  -0.08,   0.00,  -0.00,  32.4,  39.7,  27.7,  28.8,   1.8,  27.71,  31.06,    16.18,  191.93,   51.86,  30.41, 2485.2,    0.75,  339.67,  365.11,  366.52,  346.95,  350.53,  347.82, 1463.81, 1525.96, 1489.66, 1471.97, 1467.90, 1464.42, 1547.75, 1542.40,  7268.9, 167,  GPS,   39.6, 110.85, 110.00, 119.450, 121.800, -0.001,       ,  22.46, -45.1,    5.2,   39.7,  -13.8,      1,   GPS,    ALT,  -0.0,   0.8,  -3.9, 3DDiff, 1852,      ,     13,  19.0,     20
2018-08-27, 17:01:06,  -04:00,  BOROS,   41.0790176,  -72.2141418,  7001.2, 30.02,  7373.5,  17.5, 144.45, 157.92,   -6.48,   0.79,  -0.09,  -0.00,  -0.01,  32.4,  39.7,  27.7,  28.8,   1.8,  27.71,  31.06,    16.15,  191.94,   52.18,  30.41, 2486.7,    0.75,  339.58,  365.12,  366.57,  346.95,  350.59,  347.84, 1465.30, 1526.11, 1490.24, 1473.16, 1467.76, 1465.23, 1548.17, 1543.58,  7268.9, 167,  GPS,   39.6, 110.85, 110.00, 119.450, 121.800, -0.001,       ,  22.49, -45.1,    5.2,   39.7,  -13.8,      1,   GPS,    ALT,  -0.0,   0.8,  -3.9, 3DDiff, 1852,      ,     14,  19.5,     21
2018-08-27, 17:01:07,  -04:00,  BOROS,   41.0796776,  -72.2137222,  7001.2, 30.02,  7373.4,  17.5, 144.40, 157.88,   -2.25,   0.79,  -0.10,   0.00,  -0.01,  32.3,  39.7,  27.7,  28.8,   1.8,  27.71,  31.06,    16.18,  191.91,   52.43,  30.45, 2488.4,    0.75,  339.51,  365.14,  366.61,  346.92,  350.64,  347.84, 1465.28, 1526.06, 1490.20, 1471.96, 1466.68, 1465.01, 1547.77, 1543.50,  7268.9, 167,  GPS,   39.6, 110.85, 110.00, 119.450, 121.800, -0.001,       ,  22.51, -45.1,    5.1,   39.7,  -13.8,      1,   GPS,    ALT,  -0.0,   0.8,   0.0, 3DDiff, 1852,      ,     14,  19.5,     21
2018-08-27, 17:01:08,  -04:00,  BOROS,   41.0803375,  -72.2133026,  6999.2, 30.02,  7373.2,  17.5, 144.26, 157.82,  -20.69,   0.78,  -0.09,   0.00,   0.01,  32.3,  39.7,  27.7,  28.8,   1.8,  27.70,  31.05,    16.15,  191.91,   52.44,  30.42, 2485.0,    0.75,  339.46,  365.17,  366.62,  346.89,  350.68,  347.80, 1465.64, 1526.86, 1490.54, 1472.09, 1467.37, 1465.20, 1548.31, 1543.10,  7268.6, 167,  GPS,   39.6, 110.85, 110.00, 119.450, 121.800, -0.001,       ,  22.53, -45.0,    5.1,   39.8,  -13.8,      1,   GPS,    ALT,  -0.0,   0.8,  -7.9, 3DDiff, 1852,      ,     14,  19.5,     21
2018-08-27, 17:01:09,  -04:00,  BOROS,   41.0809937,  -72.2128830,  7000.2, 30.02,  7373.4,  17.5, 144.32, 157.78,  -10.27,   0.82,  -0.07,  -0.00,   0.00,  32.3,  39.7,  27.7,  28.8,   1.8,  27.71,  31.04,    16.18,  191.91,   52.26,  30.39, 2485.1,    0.75,  339.37,  365.18,  366.65,  346.89,  350.73,  347.78, 1464.43, 1525.86, 1489.93, 1470.07, 1466.37, 1462.35, 1546.78, 1542.69,  7268.8, 167,  GPS,   39.6, 110.85, 110.00, 119.450, 121.800, -0.001,       ,  22.54, -45.0,    5.1,   39.8,  -13.8,      1,   GPS,    ALT,  -0.0,   0.8,  -7.9, 3DDiff, 1852,      ,     14,  20.0,     20
2018-08-27, 17:01:10,  -04:00,  BOROS,   41.0816536,  -72.2124557,  7000.2, 30.02,  7373.4,  17.5, 144.23, 157.74,   -5.11,   0.80,   0.00,  -0.00,  -0.01,  32.3,  39.7,  27.7,  28.8,   1.8,  27.73,  31.03,    16.11,  191.91,   52.44,  30.38, 2487.3,    0.74,  339.28,  365.20,  366.71,  346.84,  350.74,  347.78, 1464.91, 1525.04, 1490.66, 1469.62, 1465.53, 1461.35, 1546.15, 1542.49,  7268.8, 167,  GPS,   39.6, 110.85, 110.00, 119.450, 121.800, -0.001,       ,  22.56, -45.0,    5.0,   39.8,  -13.8,      1,   GPS,    ALT,  -0.0,   0.8,   0.0, 3DDiff, 1852,      ,     13,  19.5,     20
2018-08-27, 17:01:11,  -04:00,  BOROS,   41.0823059,  -72.2120361,  7000.2, 30.02,  7374.0,  17.5, 144.15, 157.70,   -9.41,   0.80,   0.00,   0.01,  -0.00,  32.3,  39.7,  27.7,  28.8,   1.8,  27.73,  31.02,    16.12,  191.90,   52.39,  30.42, 2486.6,    0.74,  339.23,  365.21,  366.74,  346.82,  350.77,  347.78, 1465.15, 1524.85, 1490.80, 1470.48, 1465.88, 1460.14, 1545.76, 1542.55,  7269.4, 167,  GPS,   39.6, 110.85, 110.00, 119.450, 121.800, -0.001,       ,  22.58, -45.0,    5.0,   39.7,  -13.8,      1,   GPS,    ALT,  -0.0,   0.8,   3.9, 3DDiff, 1852,      ,     13,  19.0,     20
2018-08-27, 17:01:12,  -04:00,  BOROS,   41.0829620,  -72.2116089,  7000.2, 30.02,  7374.2,  17.5, 144.05, 157.67,  -12.44,   0.80,  -0.07,   0.00,   0.00,  32.4,  39.7,  27.7,  28.8,   1.8,  27.74,  31.02,    16.12,  191.90,   52.30,  30.39, 2486.3,    0.74,  339.14,  365.24,  366.79,  346.82,  350.77,  347.78, 1465.73, 1524.38, 1490.49, 1470.29, 1465.95, 1460.00, 1545.29, 1542.42,  7269.6, 166,  GPS,   39.6, 110.85, 110.00, 119.450, 121.800, -0.001,       ,  22.59, -44.9,    4.9,   39.7,  -13.8,      1,   GPS,    ALT,  -0.0,   0.8,   3.9, 3DDiff, 1852,      ,     14,  19.5,     21
2018-08-27, 17:01:13,  -04:00,  BOROS,   41.0836182,  -72.2111893,  7000.2, 30.02,  7374.4,  17.5, 144.06, 157.63,  -10.00,   0.81,  -0.05,   0.00,   0.00,  32.4,  39.7,  27.7,  28.8,   1.8,  27.74,  31.01,    16.18,  191.89,   52.39,  30.42, 2485.4,    0.75,  339.08,  365.24,  366.79,  346.80,  350.77,  347.78, 1465.70, 1525.03, 1491.24, 1471.24, 1465.23, 1461.73, 1546.69, 1542.87,  7269.8, 166,  GPS,   39.6, 110.85, 110.00, 119.450, 121.800, -0.001,       ,  22.61, -44.9,    4.9,   39.8,  -13.8,      1,   GPS,    ALT,  -0.0,   0.8,   3.9, 3DDiff, 1852,      ,     14,  19.5,     21
2018-08-27, 17:01:14,  -04:00,  BOROS,   41.0842781,  -72.2107697,  7000.2, 30.02,  7374.7,  17.5, 143.96, 157.61,  -15.28,   0.82,  -0.04,   0.00,  -0.01,  32.3,  39.7,  27.7,  28.8,   1.8,  27.74,  31.01,    16.14,  191.87,   52.33,  30.42, 2487.5,    0.74,  339.00,  365.26,  366.80,  346.77,  350.77,  347.78, 1465.33, 1525.00, 1491.50, 1469.87, 1464.36, 1461.41, 1546.27, 1542.79,  7270.1, 166,  GPS,   39.6, 110.85, 110.00, 119.450, 121.800, -0.001,       ,  22.62, -44.9,    4.8,   39.8,  -13.8,      1,   GPS,    ALT,  -0.0,   0.8,  11.8, 3DDiff, 1852,      ,     14,  19.5,     22
2018-08-27, 17:01:15,  -04:00,  BOROS,   41.0849304,  -72.2103424,  7000.2, 30.02,  7374.5,  17.5, 143.93, 157.59,   -1.47,   0.79,  -0.02,   0.00,   0.00,  32.3,  39.8,  27.7,  28.8,   1.8,  27.74,  31.01,    16.13,  191.87,   52.25,  30.41, 2484.3,    0.74,  338.91,  365.27,  366.86,  346.77,  350.76,  347.78, 1464.64, 1526.00, 1491.21, 1470.28, 1463.65, 1461.99, 1546.45, 1542.26,  7269.9, 166,  GPS,   39.6, 110.85, 110.00, 119.450, 121.800, -0.001,       ,  22.63, -44.9,    4.8,   39.8,  -13.8,      1,   GPS,    ALT,  -0.0,   0.8,  19.7, 3DDiff, 1852,      ,     14,  20.5,     20
2018-08-27, 17:01:16,  -04:00,  BOROS,   41.0855904,  -72.2099228,  7000.2, 30.02,  7374.8,  17.5, 143.81, 157.57,   -4.98,   0.78,  -0.02,  -0.00,  -0.01,  32.4,  39.8,  27.7,  28.8,   1.8,  27.73,  31.01,    16.13,  191.84,   52.28,  30.38, 2485.4,    0.74,  338.85,  365.28,  366.86,  346.76,  350.74,  347.78, 1464.83, 1525.56, 1490.58, 1469.36, 1464.34, 1461.47, 1546.12, 1542.07,  7270.2, 166,  GPS,   39.6, 110.85, 110.00, 119.450, 121.800, -0.001,       ,  22.64, -44.9,    4.7,   39.8,  -13.8,      1,   GPS,    ALT,  -0.0,   0.8,  19.7, 3DDiff, 1852,      ,     13,  19.5,     20
2018-08-27, 17:01:17,  -04:00,  BOROS,   41.0862427,  -72.2094955,  7000.2, 30.02,  7374.7,  17.5, 143.72, 157.55,   -7.82,   0.78,  -0.05,  -0.00,  -0.01,  32.4,  39.8,  27.7,  28.8,   1.8,  27.72,  31.01,    16.19,  191.85,   52.47,  30.40, 2486.1,    0.75,  338.76,  365.30,  366.86,  346.74,  350.74,  347.77, 1465.33, 1525.36, 1490.72, 1469.26, 1464.84, 1460.05, 1546.00, 1543.09,  7270.1, 166,  GPS,   39.6, 110.85, 110.00, 119.450, 121.800, -0.001,       ,  22.65, -44.9,    4.7,   39.8,  -13.8,      1,   GPS,    ALT,  -0.1,   0.8,  15.7, 3DDiff, 1852,      ,     13,  19.0,     20
2018-08-27, 17:01:18,  -04:00,  BOROS,   41.0869026,  -72.2090759,  7001.2, 30.02,  7374.8,  17.5, 143.75, 157.55,   13.57,   0.77,  -0.13,   0.00,  -0.01,  32.3,  39.8,  27.7,  28.8,   1.8,  27.71,  31.01,    16.17,  191.84,   52.03,  30.42, 2485.8,    0.75,  338.72,  365.32,  366.87,  346.74,  350.70,  347.78, 1464.93, 1525.55, 1491.71, 1470.34, 1465.25, 1459.29, 1546.51, 1543.98,  7270.2, 166,  GPS,   39.6, 110.85, 110.00, 119.450, 121.800, -0.001,       ,  22.66, -44.9,    4.7,   39.8,  -13.8,      1,   GPS,    ALT,  -0.1,   0.8,  11.8, 3DDiff, 1852,      ,     14,  19.5,     21
2018-08-27, 17:01:19,  -04:00,  BOROS,   41.0875549,  -72.2086563,  7002.2, 30.02,  7374.8,  17.5, 143.76, 157.53,   28.85,   0.74,  -0.14,   0.00,  -0.00,  32.4,  39.8,  27.7,  28.8,   1.8,  27.71,  31.01,    16.11,  191.82,   52.17,  30.42, 2486.6,    0.74,  338.63,  365.33,  366.89,  346.72,  350.68,  347.77, 1465.13, 1525.24, 1491.54, 1470.71, 1464.68, 1459.46, 1546.29, 1543.62,  7270.2, 166,  GPS,   39.6, 110.85, 110.00, 119.450, 121.800, -0.001,       ,  22.67, -44.9,    4.6,   39.8,  -13.8,      1,   GPS,    ALT,  -0.1,   0.8,   7.9, 3DDiff, 1852,      ,     14,  19.5,     21
2018-08-27, 17:01:20,  -04:00,  BOROS,   41.0882111,  -72.2082367,  7002.2, 30.02,  7374.6,  17.5, 143.64, 157.51,   19.06,   0.68,  -0.12,   0.00,  -0.00,  32.3,  39.8,  27.7,  28.8,   1.8,  27.72,  31.00,    16.09,  191.84,   52.38,  30.38, 2485.6,    0.74,  338.56,  365.35,  366.89,  346.74,  350.64,  347.78, 1465.14, 1524.51, 1490.71, 1471.68, 1464.78, 1460.23, 1545.90, 1542.43,  7270.0, 166,  GPS,   39.6, 110.85, 110.00, 119.450, 121.800, -0.001,       ,  22.68, -44.9,    4.6,   39.8,  -13.8,      1,   GPS,    ALT,  -0.1,   0.7,  -7.9, 3DDiff, 1852,      ,     14,  19.5,     22
2018-08-27, 17:01:21,  -04:00,  BOROS,   41.0888672,  -72.2078094,  7002.2, 30.02,  7375.1,  17.5, 143.55, 157.53,    2.16,   0.66,  -0.10,   0.00,  -0.01,  32.3,  39.8,  27.7,  28.8,   1.8,  27.73,  31.00,    16.18,  191.85,   52.59,  30.44, 2485.5,    0.75,  338.50,  365.34,  366.89,  346.71,  350.62,  347.75, 1464.56, 1524.49, 1491.03, 1471.89, 1466.10, 1461.47, 1545.65, 1543.01,  7270.7, 166,  GPS,   39.6, 110.85, 110.00, 119.450, 121.800, -0.001,       ,  22.69, -44.9,    4.5,   39.8,  -13.8,      1,   GPS,    ALT,  -0.1,   0.7, -19.7, 3DDiff, 1852,      ,     14,  20.0,     20
2018-08-27, 17:01:22,  -04:00,  BOROS,   41.0895195,  -72.2073898,  7001.2, 30.02,  7374.8,  17.5, 143.44, 157.57,   -7.15,   0.65,  -0.10,   0.00,   0.00,  32.3,  39.8,  27.7,  28.8,   1.8,  27.73,  30.99,    16.17,  191.86,   52.55,  30.42, 2485.2,    0.75,  338.44,  365.36,  366.92,  346.68,  350.56,  347.78, 1463.73, 1523.52, 1490.96, 1472.86, 1465.63, 1462.56, 1545.85, 1542.39,  7270.4, 166,  GPS,   39.6, 110.85, 110.00, 119.450, 121.800, -0.002,       ,  22.70, -44.9,    4.5,   39.7,  -13.8,      1,   GPS,    ALT,  -0.1,   0.7, -23.6, 3DDiff, 1852,      ,     13,  19.5,     20
2018-08-27, 17:01:23,  -04:00,  BOROS,   41.0901833,  -72.2069626,  7001.2, 30.02,  7373.7,  17.5, 143.33, 157.63,  -18.44,   0.65,  -0.15,  -0.00,  -0.00,  32.3,  39.8,  27.7,  28.8,   1.8,  27.72,  30.99,    16.15,  191.86,   52.35,  30.41, 2485.2,    0.75,  338.35,  365.36,  366.94,  346.70,  350.50,  347.78, 1464.34, 1523.88, 1490.78, 1472.36, 1467.23, 1461.95, 1545.67, 1543.47,  7269.3, 166,  GPS,   39.6, 110.85, 110.00, 119.450, 121.800, -0.002,       ,  22.70, -45.0,    4.4,   39.7,  -13.8,      1,   GPS,    ALT,  -0.1,   0.7, -23.6, 3DDiff, 1852,      ,     13,  19.0,     20
2018-08-27, 17:01:24,  -04:00,  BOROS,   41.0908394,  -72.2065430,  7000.2, 30.02,  7373.3,  17.5, 143.22, 157.67,  -34.33,   0.66,  -0.13,  -0.00,  -0.01,  32.3,  39.6,  27.7,  28.8,   1.8,  27.73,  30.98,    16.07,  191.86,   52.42,  30.38, 2486.6,    0.74,  338.29,  365.39,  366.92,  346.65,  350.46,  347.78, 1464.08, 1523.59, 1490.69, 1472.24, 1467.53, 1462.39, 1545.94, 1543.26,  7269.0, 166,  GPS,   39.6, 110.85, 110.00, 119.450, 121.800, -0.002,       ,  22.71, -45.0,    4.4,   39.7,  -13.8,      1,   GPS,    ALT,  -0.1,   0.7, -19.7, 3DDiff, 1852,      ,     14,  19.5,     21
2018-08-27, 17:01:25,  -04:00,  BOROS,   41.0914917,  -72.2061234,  7000.2, 30.02,  7373.0,  17.5, 143.29, 157.74,  -27.09,   0.67,  -0.12,   0.00,   0.00,  32.3,  39.7,  27.7,  28.8,   1.8,  27.74,  30.97,    16.11,  191.86,   52.25,  30.42, 2485.8,    0.74,  338.20,  365.40,  366.98,  346.65,  350.41,  347.75, 1464.56, 1522.86, 1491.24, 1471.53, 1467.77, 1462.37, 1545.87, 1543.67,  7268.6, 166,  GPS,   39.6, 110.85, 110.00, 119.450, 121.800, -0.001,       ,  22.71, -45.1,    4.4,   39.8,  -13.8,      1,   GPS,    ALT,  -0.1,   0.7, -19.7, 3DDiff, 1852,      ,     14,  19.5,     21
2018-08-27, 17:01:26,  -04:00,  BOROS,   41.0921516,  -72.2057037,  6999.2, 30.02,  7372.7,  17.5, 143.20, 157.72,  -22.36,   0.71,  -0.12,  -0.00,  -0.00,  32.3,  39.7,  27.7,  28.8,   1.8,  27.75,  30.97,    16.17,  191.84,   52.57,  30.46, 2485.3,    0.75,  338.14,  365.39,  366.98,  346.62,  350.34,  347.75, 1465.76, 1522.74, 1490.94, 1471.39, 1467.99, 1462.50, 1545.91, 1544.11,  7268.3, 166,  GPS,   39.6, 110.85, 110.00, 119.450, 121.800, -0.001,       ,  22.71, -45.1,    4.3,   39.8,  -13.8,      1,   GPS,    ALT,  -0.1,   0.7, -15.7, 3DDiff, 1852,      ,     14,  19.5,     22
2018-08-27, 17:01:27,  -04:00,  BOROS,   41.0928040,  -72.2052765,  6999.2, 30.02,  7371.6,  17.5, 143.06, 157.76,  -39.64,   0.75,  -0.04,   0.00,   0.00,  32.3,  39.7,  27.7,  28.8,   1.8,  27.76,  30.95,    16.16,  191.86,   52.39,  30.44, 2485.2,    0.75,  338.06,  365.42,  367.00,  346.61,  350.28,  347.75, 1466.04, 1523.39, 1491.84, 1470.82, 1468.51, 1462.45, 1546.25, 1544.69,  7267.2, 165,  GPS,   39.6, 110.85, 110.00, 119.450, 121.800, -0.002,       ,  22.71, -45.2,    4.3,   39.7,  -13.8,      1,   GPS,    ALT,  -0.0,   0.7,  -7.9, 3DDiff, 1852,      ,     14,  20.0,     20
2018-08-27, 17:01:28,  -04:00,  BOROS,   41.0934639,  -72.2048569,  6999.2, 30.02,  7371.4,  17.5, 143.03, 157.78,  -31.88,   0.79,  -0.02,  -0.00,   0.01,  32.3,  39.7,  27.7,  28.8,   1.8,  27.78,  30.94,    16.14,  191.86,   52.27,  30.43, 2487.6,    0.74,  337.98,  365.42,  367.01,  346.59,  350.22,  347.74, 1465.87, 1522.84, 1491.83, 1471.06, 1468.14, 1462.11, 1545.89, 1544.13,  7267.1, 165,  GPS,   39.6, 110.85, 110.00, 119.450, 121.800, -0.002,       ,  22.71, -45.3,    4.2,   39.8,  -13.8,      1,   GPS,    ALT,  -0.0,   0.8,  -3.9, 3DDiff, 1852,      ,     13,  19.5,     20
2018-08-27, 17:01:29,  -04:00,  BOROS,   41.0941238,  -72.2044296,  6999.2, 30.02,  7372.5,  17.5, 143.00, 157.82,  -11.13,   0.82,  -0.03,  -0.00,   0.00,  32.3,  39.7,  27.7,  28.8,   1.8,  27.78,  30.94,    16.11,  191.84,   52.09,  30.49, 2482.0,    0.74,  337.93,  365.42,  367.02,  346.56,  350.16,  347.74, 1466.25, 1523.66, 1491.09, 1470.66, 1467.94, 1461.65, 1546.08, 1543.63,  7268.1, 165,  GPS,   39.6, 110.85, 110.00, 119.450, 121.800, -0.001,       ,  22.70, -45.4,    4.2,   39.8,  -13.8,      1,   GPS,    ALT,  -0.0,   0.8,   7.9, 3DDiff, 1852,      ,     13,  19.0,     20
2018-08-27, 17:01:30,  -04:00,  BOROS,   41.0947800,  -72.2040100,  6999.2, 30.02,  7372.8,  17.5, 142.72, 157.84,  -12.27,   0.82,   0.02,  -0.00,  -0.01,  32.2,  39.7,  27.7,  28.8,   1.8,  27.78,  30.94,    16.14,  191.85,   52.10,  30.43, 2483.2,    0.74,  337.84,  365.44,  367.04,  346.55,  350.10,  347.75, 1465.76, 1523.36, 1490.85, 1470.07, 1467.97, 1461.23, 1545.58, 1543.42,  7268.4, 165,  GPS,   39.6, 110.85, 110.00, 119.450, 121.800, -0.001,       ,  22.68, -45.5,    4.1,   39.8,  -13.8,      1,   GPS,    ALT,  -0.0,   0.8,  15.7, 3DDiff, 1852,      ,     14,  19.5,     21
2018-08-27, 17:01:31,  -04:00,  BOROS,   41.0954361,  -72.2035904,  7000.2, 30.02,  7373.1,  17.5, 142.67, 157.86,    8.87,   0.82,  -0.02,   0.00,   0.00,  32.2,  39.7,  27.7,  28.8,   1.8,  27.78,  30.94,    16.19,  191.85,   52.06,  30.42, 2483.0,    0.75,  337.80,  365.45,  367.05,  346.52,  350.04,  347.74, 1464.61, 1524.05, 1490.59, 1470.98, 1466.65, 1461.64, 1546.40, 1542.64,  7268.7, 165,  GPS,   39.6, 110.85, 110.00, 119.450, 121.800, -0.001,       ,  22.67, -45.6,    4.1,   39.8,  -13.8,      1,   GPS,    ALT,  -0.0,   0.8,  15.7, 3DDiff, 1852,      ,     14,  19.5,     21
2018-08-27, 17:01:32,  -04:00,  BOROS,   41.0960922,  -72.2031631,  7000.2, 30.02,  7373.2,  17.5, 142.45, 157.88,    7.03,   0.81,  -0.05,  -0.01,  -0.00,  32.1,  39.7,  27.7,  28.8,   1.8,  27.77,  30.95,    16.11,  191.86,   52.21,  30.42, 2485.8,    0.74,  337.71,  365.45,  367.07,  346.52,  349.98,  347.74, 1465.95, 1524.52, 1490.43, 1471.43, 1466.20, 1460.78, 1546.46, 1542.84,  7268.9, 165,  GPS,   39.6, 110.85, 110.00, 119.450, 121.800, -0.001,       ,  22.65, -45.7,    4.0,   39.8,  -13.8,      1,   GPS,    ALT,  -0.0,   0.8,  11.8, 3DDiff, 1852,      ,     14,  19.5,     21
2018-08-27, 17:01:33,  -04:00,  BOROS,   41.0967522,  -72.2027435,  7000.2, 30.02,  7374.5,  17.5, 142.46, 157.90,    0.71,   0.82,  -0.08,  -0.00,  -0.01,  32.1,  39.7,  27.7,  28.8,   1.8,  27.77,  30.96,    16.08,  191.85,   52.14,  30.43, 2483.7,    0.74,  337.65,  365.46,  367.07,  346.49,  349.94,  347.72, 1466.18, 1524.26, 1490.22, 1472.01, 1466.75, 1460.77, 1546.55, 1543.05,  7270.1, 165,  GPS,   39.6, 110.85, 110.00, 119.450, 121.800, -0.001,       ,  22.63, -45.9,    4.0,   39.8,  -13.8,      1,   GPS,    ALT,  -0.0,   0.8,   3.9, 3DDiff, 1852,      ,     14,  20.0,     20
2018-08-27, 17:01:34,  -04:00,  BOROS,   41.0974121,  -72.2023163,  7000.2, 30.02,  7374.5,  17.5, 142.38, 157.92,   -4.75,   0.82,  -0.08,   0.00,  -0.00,  32.1,  39.7,  27.7,  28.8,   1.8,  27.76,  30.96,    16.14,  191.88,   52.02,  30.43, 2486.8,    0.74,  337.57,  365.48,  367.11,  346.49,  349.88,  347.72, 1466.88, 1523.92, 1490.68, 1472.08, 1465.74, 1459.85, 1545.52, 1542.98,  7270.1, 165,  GPS,   39.6, 110.85, 110.00, 119.450, 121.800, -0.001,       ,  22.62, -46.1,    4.0,   39.8,  -13.8,      1,   GPS,    ALT,  -0.0,   0.8,  -3.9, 3DDiff, 1852,      ,     13,  19.5,     20
2018-08-27, 17:01:35,  -04:00,  BOROS,   41.0980682,  -72.2018967,  7001.2, 30.02,  7373.5,  17.5, 142.41, 157.94,   12.07,   0.83,  -0.09,   0.00,  -0.00,  32.0,  39.7,  27.7,  28.8,   1.8,  27.77,  30.95,    16.14,  191.88,   52.09,  30.42, 2485.3,    0.74,  337.50,  365.48,  367.13,  346.46,  349.82,  347.72, 1467.17, 1524.84, 1489.56, 1471.89, 1465.76, 1459.49, 1545.73, 1542.36,  7269.1, 165,  GPS,   39.6, 110.85, 110.00, 119.450, 121.800, -0.001,       ,  22.60, -46.2,    3.9,   39.8,  -13.8,      1,   GPS,    ALT,  -0.0,   0.8,  -7.9, 3DDiff, 1852,      ,     13,  19.0,     20
2018-08-27, 17:01:36,  -04:00,  BOROS,   41.0987282,  -72.2014694,  7000.2, 30.02,  7373.2,  17.5, 142.37, 157.98,    3.91,   0.83,  -0.08,  -0.00,  -0.01,  32.0,  39.7,  27.7,  28.8,   1.8,  27.78,  30.94,    16.15,  191.89,   52.21,  30.47, 2485.5,    0.75,  337.42,  365.48,  367.16,  346.44,  349.76,  347.74, 1467.54, 1524.81, 1490.15, 1472.27, 1466.23, 1458.82, 1546.03, 1542.76,  7268.9, 165,  GPS,   39.6, 110.85, 110.00, 119.450, 121.800, -0.001,       ,  22.59, -46.4,    3.9,   39.8,  -13.8,      1,   GPS,    ALT,  -0.0,   0.8, -11.8, 3DDiff, 1852,      ,     13,  19.0,     20
2018-08-27, 17:01:37,  -04:00,  BOROS,   41.0993843,  -72.2010498,  7000.2, 30.02,  7372.9,  17.5, 142.34, 158.02,  -17.44,   0.86,  -0.07,   0.00,  -0.00,  32.0,  39.7,  27.7,  28.8,   1.8,  27.80,  30.93,    16.17,  191.89,   52.35,  30.43, 2486.9,    0.75,  337.38,  365.49,  367.14,  346.46,  349.73,  347.77, 1466.80, 1524.64, 1490.63, 1471.95, 1466.56, 1460.31, 1546.81, 1543.22,  7268.5, 165,  GPS,   39.6, 110.85, 110.00, 119.450, 121.800, -0.002,       ,  22.57, -46.7,    3.8,   39.8,  -13.8,      1,   GPS,    ALT,  -0.0,   0.8, -19.7, 3DDiff, 1852,      ,     14,  19.5,     21
2018-08-27, 17:01:38,  -04:00,  BOROS,   41.1000404,  -72.2006226,  7000.2, 30.02,  7372.4,  17.5, 142.39, 158.05,  -19.72,   0.92,  -0.07,   0.00,   0.01,  32.0,  39.7,  27.7,  28.8,   1.8,  27.82,  30.91,    16.11,  191.88,   52.46,  30.45, 2485.5,    0.74,  337.29,  365.51,  367.19,  346.43,  349.68,  347.78, 1465.67, 1524.29, 1490.32, 1471.09, 1466.35, 1461.21, 1546.28, 1543.27,  7268.1, 165,  GPS,   39.6, 110.85, 110.00, 119.450, 121.800, -0.002,       ,  22.56, -46.9,    3.8,   39.8,  -13.8,      1,   GPS,    ALT,  -0.0,   0.9, -23.6, 3DDiff, 1852,      ,     14,  19.5,     21
2018-08-27, 17:01:39,  -04:00,  BOROS,   41.1006927,  -72.2002106,  7000.2, 30.02,  7371.3,  17.5, 142.34, 158.07,  -14.55,   0.91,  -0.03,  -0.00,  -0.00,  32.0,  39.7,  27.7,  28.8,   1.8,  27.84,  30.89,    16.15,  191.86,   52.44,  30.43, 2484.7,    0.75,  337.23,  365.49,  367.19,  346.43,  349.62,  347.78, 1465.60, 1524.51, 1490.80, 1470.71, 1466.39, 1462.13, 1546.03, 1543.17,  7267.0, 165,  GPS,   39.6, 110.85, 110.00, 119.450, 121.800, -0.001,       ,  22.55, -47.1,    3.7,   39.8,  -13.8,      1,   GPS,    ALT,  -0.0,   0.9, -11.8, 3DDiff, 1852,      ,     14,  20.0,     20
2018-08-27, 17:01:40,  -04:00,  BOROS,   41.1013565,  -72.1997833,  6999.2, 30.02,  7370.9,  17.5, 142.37, 158.07,  -20.36,   0.93,  -0.01,  -0.00,  -0.01,  32.0,  39.7,  27.7,  28.8,   1.8,  27.86,  30.87,    16.19,  191.86,   52.30,  30.46, 2486.3,    0.75,  337.17,  365.51,  367.20,  346.40,  349.59,  347.78, 1465.58, 1525.46, 1491.19, 1472.25, 1466.85, 1462.20, 1547.03, 1543.55,  7266.6, 165,  GPS,   39.6, 110.85, 110.00, 119.450, 121.800, -0.001,       ,  22.55, -47.3,    3.7,   39.8,  -13.8,      1,   GPS,    ALT,  -0.0,   0.9, -11.8, 3DDiff, 1852,      ,     13,  19.5,     20
2018-08-27, 17:01:41,  -04:00,  BOROS,   41.1020164,  -72.1993637,  6999.2, 30.02,  7371.0,  17.5, 142.44, 158.09,  -22.94,   0.99,  -0.03,   0.00,   0.01,  32.0,  39.7,  27.7,  28.8,   1.8,  27.87,  30.86,    16.21,  191.83,   52.30,  30.48, 2485.4,    0.75,  337.10,  365.51,  367.23,  346.40,  349.53,  347.78, 1466.35, 1525.71, 1491.53, 1472.56, 1467.42, 1463.48, 1547.35, 1544.61,  7266.6, 165,  GPS,   39.6, 110.85, 110.00, 119.450, 121.800, -0.001,       ,  22.54, -47.6,    3.7,   39.8,  -13.8,      1,   GPS,    ALT,  -0.0,   1.0, -11.8, 3DDiff, 1852,      ,     13,  19.0,     20
2018-08-27, 17:01:42,  -04:00,  BOROS,   41.1026726,  -72.1989365,  6999.2, 30.02,  7370.9,  17.5, 142.34, 158.07,  -29.32,   1.03,  -0.07,  -0.00,   0.00,  32.0,  39.7,  27.7,  28.8,   1.8,  27.89,  30.86,    16.19,  191.85,   52.39,  30.48, 2483.4,    0.75,  337.04,  365.54,  367.23,  346.38,  349.49,  347.80, 1465.96, 1525.63, 1490.84, 1472.18, 1467.32, 1463.69, 1547.29, 1543.88,  7266.5, 165,  GPS,   39.6, 110.85, 110.00, 119.450, 121.800, -0.001,       ,  22.54, -47.8,    3.6,   39.8,  -13.8,      1,   GPS,    ALT,  -0.0,   1.0,  -3.9, 3DDiff, 1852,      ,     13,  19.0,     20
2018-08-27, 17:01:43,  -04:00,  BOROS,   41.1033325,  -72.1985168,  6999.2, 30.02,  7370.9,  17.5, 142.38, 158.07,  -24.35,   1.10,  -0.07,  -0.01,   0.00,  32.1,  39.7,  27.7,  28.8,   1.8,  27.89,  30.85,    16.23,  191.84,   52.38,  30.44, 2483.3,    0.75,  336.98,  365.54,  367.29,  346.38,  349.43,  347.75, 1466.21, 1524.44, 1490.20, 1472.23, 1467.94, 1464.41, 1547.11, 1543.74,  7266.5, 165,  GPS,   39.6, 110.85, 110.00, 119.450, 121.800, -0.001,       ,  22.53, -48.1,    3.6,   39.8,  -13.8,      1,   GPS,    ALT,  -0.0,   1.1,   0.0, 3DDiff, 1852,      ,     14,  19.0,     21
2018-08-27, 17:01:44,  -04:00,  BOROS,   41.1039886,  -72.1980896,  6998.2, 30.02,  7371.0,  17.5, 142.44, 158.02,  -15.91,   1.12,  -0.08,   0.00,  -0.00,  32.1,  39.7,  27.7,  28.8,   1.8,  27.90,  30.84,    16.23,  191.84,   52.34,  30.43, 2486.6,    0.75,  336.92,  365.54,  367.31,  346.37,  349.42,  347.77, 1467.04, 1524.55, 1489.78, 1471.78, 1468.40, 1464.07, 1546.78, 1543.87,  7266.6, 165,  GPS,   39.6, 110.85, 110.00, 119.450, 121.800, -0.001,       ,  22.53, -48.3,    3.5,   39.8,  -13.8,      1,   GPS,    ALT,  -0.0,   1.1,   7.9, 3DDiff, 1852,      ,     14,  19.5,     21
2018-08-27, 17:01:45,  -04:00,  BOROS,   41.1046524,  -72.1976776,  6998.2, 30.02,  7372.2,  17.5, 142.34, 157.96,  -23.88,   1.15,  -0.07,   0.00,   0.01,  32.1,  39.7,  27.7,  28.8,   1.8,  27.91,  30.82,    16.21,  191.84,   52.35,  30.47, 2485.3,    0.75,  336.86,  365.54,  367.32,  346.37,  349.34,  347.72, 1467.31, 1524.57, 1490.16, 1471.34, 1468.00, 1465.26, 1547.03, 1543.96,  7267.9, 165,  GPS,   39.6, 110.85, 110.00, 119.450, 121.800, -0.001,       ,  22.53, -48.5,    3.5,   39.8,  -13.8,      1,   GPS,    ALT,  -0.0,   1.1,   7.9, 3DDiff, 1852,      ,     14,  20.0,     20
2018-08-27, 17:01:46,  -04:00,  BOROS,   41.1053085,  -72.1972504,  6999.2, 30.02,  7372.7,  17.5, 142.40, 157.90,   -5.70,   1.16,  -0.01,  -0.00,   0.00,  32.1,  39.7,  27.7,  28.8,   1.8,  27.92,  30.81,    16.20,  191.86,   52.34,  30.44, 2484.4,    0.75,  336.80,  365.55,  367.34,  346.35,  349.28,  347.72, 1467.11, 1524.03, 1490.10, 1470.08, 1468.05, 1465.40, 1546.44, 1544.53,  7268.3, 165,  GPS,   39.6, 110.85, 110.00, 119.450, 121.800, -0.001,       ,  22.53, -48.8,    3.4,   39.8,  -13.8,      1,   GPS,    ALT,  -0.0,   1.2,  19.7, 3DDiff, 1852,      ,     13,  19.0,     20
2018-08-27, 17:01:47,  -04:00,  BOROS,   41.1059685,  -72.1968307,  6999.2, 30.02,  7373.3,  17.5, 142.41, 157.84,   -1.45,   1.15,   0.00,   0.00,  -0.01,  32.1,  39.7,  27.7,  28.8,   1.8,  27.93,  30.81,    16.10,  191.86,   52.19,  30.40, 2484.1,    0.74,  336.72,  365.57,  367.38,  346.35,  349.22,  347.71, 1467.40, 1523.64, 1489.73, 1470.12, 1467.79, 1465.00, 1545.87, 1544.51,  7268.9, 165,  GPS,   39.6, 110.85, 110.00, 119.450, 121.800, -0.001,       ,  22.53, -49.0,    3.4,   39.8,  -13.8,      1,   GPS,    ALT,  -0.0,   1.2,  23.6, 3DDiff, 1852,      ,     13,  19.0,     20
2018-08-27, 17:01:48,  -04:00,  BOROS,   41.1066284,  -72.1964035,  6999.2, 30.02,  7373.7,  17.5, 142.39, 157.76,    0.06,   1.16,  -0.02,   0.01,   0.00,  32.1,  39.7,  27.7,  28.8,   1.8,  27.92,  30.81,    16.15,  191.86,   52.23,  30.40, 2483.4,    0.75,  336.68,  365.58,  367.41,  346.35,  349.18,  347.71, 1467.30, 1522.78, 1489.78, 1469.15, 1468.48, 1465.09, 1545.15, 1544.34,  7269.3, 165,  GPS,   39.6, 110.85, 110.00, 119.450, 121.800, -0.001,       ,  22.53, -49.2,    3.3,   39.8,  -13.8,      1,   GPS,    ALT,  -0.0,   1.2,  19.7, 3DDiff, 1852,      ,     13,  19.0,     20
2018-08-27, 17:01:49,  -04:00,  BOROS,   41.1072807,  -72.1959839,  7000.2, 30.02,  7374.1,  17.5, 142.36, 157.70,    8.89,   1.15,  -0.05,  -0.00,  -0.00,  32.2,  39.7,  27.7,  28.8,   1.8,  27.91,  30.82,    16.21,  191.86,   52.29,  30.43, 2485.4,    0.75,  336.62,  365.57,  367.44,  346.38,  349.15,  347.69, 1467.70, 1523.19, 1489.93, 1469.83, 1468.21, 1464.69, 1545.57, 1544.36,  7269.7, 165,  GPS,   39.6, 110.85, 110.00, 119.450, 121.800, -0.001,       ,  22.53, -49.3,    3.3,   39.8,  -13.8,      1,   GPS,    ALT,  -0.0,   1.2,  23.6, 3DDiff, 1852,      ,     14,  19.0,     21
2018-08-27, 17:01:50,  -04:00,  BOROS,   41.1079330,  -72.1955643,  7000.2, 30.02,  7374.6,  17.5, 142.35, 157.67,   11.09,   1.12,  -0.05,  -0.00,  -0.01,  32.2,  39.7,  27.7,  28.8,   1.8,  27.91,  30.82,    16.25,  191.86,   52.28,  30.44, 2486.8,    0.75,  336.56,  365.57,  367.47,  346.39,  349.11,  347.68, 1468.30, 1523.22, 1491.13, 1470.57, 1469.96, 1465.28, 1545.92, 1545.78,  7270.2, 165,  GPS,   39.6, 110.85, 110.00, 119.450, 121.800, -0.001,       ,  22.53, -49.5,    3.3,   39.8,  -13.8,      1,   GPS,    ALT,  -0.0,   1.1,  23.6, 3DDiff, 1852,      ,     14,  19.5,     21
2018-08-27, 17:01:51,  -04:00,  BOROS,   41.1085892,  -72.1951447,  7000.2, 30.02,  7374.6,  17.5, 142.42, 157.63,   12.64,   1.09,  -0.01,   0.00,   0.00,  32.2,  39.7,  27.7,  28.8,   1.8,  27.90,  30.81,    16.14,  191.84,   52.52,  30.47, 2486.3,    0.74,  336.50,  365.58,  367.48,  346.37,  349.06,  347.65, 1468.75, 1523.30, 1491.22, 1471.28, 1470.13, 1465.49, 1546.11, 1545.94,  7270.2, 165,  GPS,   39.6, 110.85, 110.00, 119.450, 121.800, -0.001,       ,  22.52, -49.7,    3.2,   39.8,  -13.8,      1,   GPS,    ALT,  -0.0,   1.1,  23.6, 3DDiff, 1852,      ,     14,  20.0,     20
2018-08-27, 17:01:52,  -04:00,  BOROS,   41.1092453,  -72.1947174,  7001.2, 30.02,  7374.9,  17.5, 142.39, 157.61,   12.35,   1.05,  -0.03,   0.00,   0.00,  32.2,  39.7,  27.7,  28.8,   1.8,  27.90,  30.81,    16.18,  191.84,   52.44,  30.47, 2483.6,    0.75,  336.44,  365.57,  367.48,  346.40,  349.00,  347.66, 1467.78, 1524.51, 1491.85, 1472.26, 1470.02, 1465.51, 1547.54, 1545.02,  7270.6, 165,  GPS,   39.6, 110.85, 110.00, 119.450, 121.800, -0.001,       ,  22.52, -49.8,    3.2,   39.8,  -13.8,      1,   GPS,    ALT,  -0.0,   1.1,  23.6, 3DDiff, 1852,      ,     13,  19.0,     20
2018-08-27, 17:01:53,  -04:00,  BOROS,   41.1099052,  -72.1942978,  7001.2, 30.02,  7375.9,  17.5, 142.38, 157.61,   16.54,   1.02,  -0.01,  -0.00,  -0.01,  32.2,  39.8,  27.7,  28.8,   1.8,  27.89,  30.81,    16.20,  191.84,   52.34,  30.45, 2487.4,    0.75,  336.40,  365.60,  367.50,  346.40,  348.94,  347.68, 1468.34, 1524.87, 1492.17, 1471.84, 1469.73, 1465.51, 1547.53, 1545.92,  7271.5, 165,  GPS,   39.6, 110.85, 110.00, 119.450, 121.800, -0.001,       ,  22.51, -49.9,    3.1,   39.8,  -13.8,      1,   GPS,    ALT,  -0.0,   1.0,  27.6, 3DDiff, 1852,      ,     13,  19.0,     20
2018-08-27, 17:01:54,  -04:00,  BOROS,   41.1105576,  -72.1938705,  7001.2, 30.02,  7376.3,  17.5, 142.26, 157.59,   -3.13,   0.98,  -0.02,   0.00,  -0.01,  32.2,  39.8,  27.7,  28.8,   1.8,  27.89,  30.81,    16.29,  191.84,   52.31,  30.44, 2487.1,    0.75,  336.34,  365.60,  367.53,  346.41,  348.88,  347.66, 1468.20, 1524.03, 1491.32, 1472.26, 1469.60, 1464.25, 1547.01, 1545.35,  7272.0, 164,  GPS,   39.6, 110.85, 110.00, 119.450, 121.800, -0.001,       ,  22.50, -50.0,    3.1,   39.8,  -13.8,      1,   GPS,    ALT,  -0.0,   1.0,  19.7, 3DDiff, 1852,      ,     13,  19.0,     20
2018-08-27, 17:01:55,  -04:00,  BOROS,   41.1112175,  -72.1934509,  7003.2, 30.02,  7376.6,  17.5, 142.45, 157.57,   39.94,   0.96,  -0.03,   0.00,   0.00,  32.2,  39.8,  27.7,  28.8,   1.8,  27.89,  30.80,    16.25,  191.83,   52.42,  30.45, 2486.1,    0.75,  336.27,  365.60,  367.53,  346.41,  348.85,  347.66, 1467.08, 1525.03, 1491.06, 1472.64, 1469.97, 1464.90, 1547.44, 1544.59,  7272.3, 165,  GPS,   39.6, 110.85, 110.00, 119.450, 121.800, -0.001,       ,  22.50, -50.1,    3.0,   39.8,  -13.8,      1,   GPS,    ALT,  -0.1,   1.0,  15.7, 3DDiff, 1852,      ,     14,  19.0,     21
2018-08-27, 17:01:56,  -04:00,  BOROS,   41.1118736,  -72.1930313,  7003.2, 30.02,  7376.9,  17.5, 142.38, 157.59,   40.63,   0.90,  -0.08,   0.00,  -0.01,  32.2,  39.8,  27.7,  28.8,   1.8,  27.88,  30.81,    16.21,  191.82,   52.45,  30.47, 2485.4,    0.75,  336.24,  365.61,  367.56,  346.43,  348.79,  347.68, 1467.20, 1524.66, 1491.45, 1472.72, 1470.99, 1464.88, 1547.72, 1544.95,  7272.6, 165,  GPS,   39.6, 110.85, 110.00, 119.450, 121.800, -0.001,       ,  22.49, -50.2,    3.0,   39.8,  -13.8,      1,   GPS,    ALT,  -0.1,   0.9,  15.7, 3DDiff, 1852,      ,     14,  19.5,     21
2018-08-27, 17:01:57,  -04:00,  BOROS,   41.1125298,  -72.1926041,  7003.2, 30.02,  7377.0,  17.5, 142.42, 157.65,   27.09,   0.85,  -0.08,   0.00,  -0.01,  32.2,  39.8,  27.7,  28.8,   1.8,  27.88,  30.81,    16.31,  191.80,   52.49,  30.49, 2486.2,    0.75,  336.18,  365.63,  367.59,  346.44,  348.75,  347.68, 1466.93, 1525.33, 1491.22, 1472.61, 1471.56, 1464.82, 1547.87, 1544.89,  7272.7, 165,  GPS,   39.6, 110.85, 110.00, 119.450, 121.800, -0.001,       ,  22.49, -50.2,    3.0,   39.8,  -13.8,      1,   GPS,    ALT,  -0.1,   0.8,   3.9, 3DDiff, 1852,      ,     14,  20.0,     20
2018-08-27, 17:01:58,  -04:00,  BOROS,   41.1131706,  -72.1921921,  7003.2, 30.02,  7376.9,  17.5, 142.36, 157.68,   -5.62,   0.79,  -0.09,   0.00,  -0.00,  32.2,  39.8,  27.7,  28.8,   1.8,  27.87,  30.81,    16.19,  191.81,   52.46,  30.44, 2486.6,    0.75,  336.13,  365.63,  367.62,  346.46,  348.66,  347.65, 1467.20, 1524.86, 1491.84, 1472.45, 1472.17, 1465.28, 1547.22, 1545.44,  7272.5, 165,  GPS,   39.6, 110.85, 110.00, 119.450, 121.800, -0.001,       ,  22.48, -50.3,    2.9,   39.8,  -13.8,      1,   GPS,    ALT,  -0.1,   0.8,  -7.9, 3DDiff, 1852,      ,     13,  19.5,     20
2018-08-27, 17:01:59,  -04:00,  BOROS,   41.1138306,  -72.1917648,  7001.2, 30.02,  7375.4,  17.5, 142.34, 157.76,  -21.03,   0.76,  -0.09,  -0.00,   0.00,  32.2,  39.8,  27.7,  28.8,   1.8,  27.87,  30.80,    16.21,  191.83,   52.24,  30.47, 2484.7,    0.75,  336.07,  365.63,  367.63,  346.43,  348.60,  347.68, 1467.17, 1523.14, 1491.44, 1473.20, 1471.92, 1465.71, 1546.75, 1544.85,  7271.0, 165,  GPS,   39.6, 110.85, 110.00, 119.450, 121.800, -0.001,       ,  22.48, -50.3,    2.9,   39.8,  -13.8,      1,   GPS,    ALT,  -0.1,   0.8, -19.7, 3DDiff, 1852,      ,     13,  19.0,     20
2018-08-27, 17:02:00,  -04:00,  BOROS,   41.1144829,  -72.1913452,  7001.2, 30.02,  7375.0,  17.5, 142.39, 157.84,  -38.78,   0.83,  -0.07,  -0.01,   0.01,  32.2,  39.8,  27.7,  28.8,   1.8,  27.86,  30.79,    16.13,  191.82,   52.53,  30.44, 2485.7,    0.74,  336.04,  365.61,  367.66,  346.49,  348.57,  347.68, 1466.16, 1522.98, 1491.07, 1473.24, 1472.18, 1465.94, 1547.15, 1544.28,  7270.7, 165,  GPS,   39.6, 110.85, 110.00, 119.450, 121.800, -0.001,       ,  22.48, -50.4,    2.8,   39.8,  -13.8,      1,   GPS,    ALT,  -0.1,   0.8, -19.7, 3DDiff, 1852,      ,     14,  19.0,     20
2018-08-27, 17:02:01,  -04:00,  BOROS,   41.1151428,  -72.1909180,  7002.2, 30.02,  7374.9,  17.5, 142.48, 157.88,  -21.39,   0.87,  -0.10,   0.00,  -0.00,  32.2,  39.8,  27.7,  28.8,   1.8,  27.86,  30.80,    16.19,  191.83,   52.55,  30.45, 2485.8,    0.75,  336.00,  365.63,  367.69,  346.49,  348.54,  347.66, 1467.57, 1523.10, 1490.77, 1473.05, 1471.99, 1465.62, 1547.10, 1545.34,  7270.5, 165,  GPS,   39.6, 110.85, 110.00, 119.450, 121.800, -0.001,       ,  22.48, -50.4,    2.8,   39.8,  -13.8,      1,   GPS,    ALT,  -0.1,   0.9,  -3.9, 3DDiff, 1852,      ,     14,  19.5,     21
2018-08-27, 17:02:02,  -04:00,  BOROS,   41.1157951,  -72.1904984,  7001.2, 30.02,  7374.9,  17.5, 142.36, 157.94,  -24.70,   0.86,  -0.13,   0.00,   0.00,  32.2,  39.8,  27.7,  28.8,   1.8,  27.85,  30.80,    16.15,  191.83,   52.39,  30.48, 2483.8,    0.75,  335.92,  365.64,  367.72,  346.49,  348.49,  347.68, 1467.81, 1524.57, 1491.44, 1473.52, 1472.32, 1466.15, 1548.11, 1545.75,  7270.6, 165,  GPS,   39.6, 110.85, 110.00, 119.450, 121.800, -0.001,       ,  22.47, -50.4,    2.7,   39.8,  -13.8,      1,   GPS,    ALT,  -0.1,   0.8,   3.9, 3DDiff, 1852,      ,     14,  19.5,     21
2018-08-27, 17:02:03,  -04:00,  BOROS,   41.1164513,  -72.1900635,  7001.2, 30.02,  7375.1,  17.5, 142.36, 157.98,  -33.08,   0.86,  -0.10,  -0.00,   0.00,  32.3,  39.8,  27.7,  28.8,   1.8,  27.85,  30.81,    16.16,  191.86,   52.36,  30.47, 2485.7,    0.75,  335.88,  365.67,  367.72,  346.47,  348.46,  347.66, 1467.90, 1525.87, 1491.27, 1475.08, 1471.42, 1466.29, 1549.16, 1545.52,  7270.7, 165,  GPS,   39.6, 110.85, 110.00, 119.450, 121.800, -0.002,       ,  22.47, -50.4,    2.7,   39.7,  -13.8,      1,   GPS,    ALT,  -0.1,   0.9,   3.9, 3DDiff, 1852,      ,     14,  20.0,     20
2018-08-27, 17:02:04,  -04:00,  BOROS,   41.1171112,  -72.1896515,  7002.2, 30.02,  7375.2,  17.5, 142.39, 158.03,   -3.49,   0.87,  -0.09,  -0.01,  -0.00,  32.3,  39.8,  27.7,  28.8,   1.8,  27.84,  30.81,    16.23,  191.85,   52.37,  30.44, 2486.6,    0.75,  335.86,  365.69,  367.72,  346.49,  348.48,  347.65, 1467.46, 1525.92, 1490.72, 1476.25, 1471.78, 1466.28, 1549.58, 1544.57,  7270.8, 165,  GPS,   39.6, 110.85, 110.00, 119.450, 121.800, -0.002,       ,  22.47, -50.5,    2.6,   39.8,  -13.8,      1,   GPS,    ALT,  -0.1,   0.9,  11.8, 3DDiff, 1852,      ,     13,  19.5,     20
2018-08-27, 17:02:05,  -04:00,  BOROS,   41.1177711,  -72.1892242,  7001.2, 30.02,  7376.4,  17.5, 142.36, 158.07,   -4.74,   0.85,  -0.12,   0.00,  -0.00,  32.3,  39.8,  27.7,  28.8,   1.8,  27.83,  30.82,    16.20,  191.85,   52.39,  30.46, 2484.9,    0.75,  335.79,  365.70,  367.73,  346.50,  348.51,  347.63, 1468.41, 1524.75, 1490.84, 1475.40, 1472.78, 1466.51, 1548.89, 1545.87,  7272.0, 165,  GPS,   39.6, 110.85, 110.00, 119.450, 121.800, -0.001,       ,  22.46, -50.5,    2.6,   39.8,  -13.8,      1,   GPS,    ALT,  -0.1,   0.8,  15.7, 3DDiff, 1852,      ,     13,  19.0,     20
2018-08-27, 17:02:06,  -04:00,  BOROS,   41.1184273,  -72.1888046,  7002.2, 30.02,  7376.6,  17.5, 142.39, 158.11,    9.58,   0.83,  -0.16,   0.00,  -0.01,  32.3,  39.8,  27.7,  28.8,   1.8,  27.82,  30.82,    16.16,  191.83,   52.43,  30.44, 2485.4,    0.75,  335.73,  365.72,  367.72,  346.49,  348.53,  347.65, 1467.58, 1524.09, 1491.37, 1474.40, 1471.57, 1465.51, 1548.32, 1545.57,  7272.3, 165,  GPS,   39.6, 110.85, 110.00, 119.450, 121.800, -0.002,       ,  22.46, -50.5,    2.6,   39.8,  -13.8,      1,   GPS,    ALT,  -0.1,   0.8,   7.9, 3DDiff, 1852,      ,     14,  19.0,     20
2018-08-27, 17:02:07,  -04:00,  BOROS,   41.1190872,  -72.1883698,  7002.2, 30.02,  7376.9,  17.5, 142.35, 158.17,    9.19,   0.79,  -0.12,  -0.00,  -0.01,  32.3,  39.8,  27.7,  28.8,   1.8,  27.81,  30.82,    16.13,  191.81,   52.45,  30.42, 2484.6,    0.74,  335.71,  365.70,  367.69,  346.52,  348.59,  347.63, 1466.53, 1523.96, 1491.79, 1472.06, 1470.93, 1465.30, 1547.15, 1545.02,  7272.5, 165,  GPS,   39.6, 110.85, 110.00, 119.450, 121.800, -0.002,       ,  22.45, -50.5,    2.5,   39.8,  -13.8,      1,   GPS,    ALT,  -0.1,   0.8,  11.8, 3DDiff, 1852,      ,     14,  19.5,     20
2018-08-27, 17:02:08,  -04:00,  BOROS,   41.1197472,  -72.1879578,  7003.2, 30.02,  7376.9,  17.5, 142.32, 158.23,   11.65,   0.76,  -0.08,   0.00,  -0.01,  32.3,  39.8,  27.7,  28.8,   1.8,  27.81,  30.82,    16.10,  191.81,   52.34,  30.39, 2482.9,    0.74,  335.68,  365.72,  367.69,  346.52,  348.66,  347.65, 1466.79, 1523.64, 1491.77, 1471.63, 1470.40, 1464.77, 1546.71, 1545.01,  7272.6, 164,  GPS,   39.6, 110.85, 110.00, 119.450, 121.800, -0.001,       ,  22.45, -50.5,    2.5,   39.8,  -13.8,      1,   GPS,    ALT,  -0.1,   0.8,   3.9, 3DDiff, 1852,      ,     14,  19.5,     21
2018-08-27, 17:02:09,  -04:00,  BOROS,   41.1204109,  -72.1875305,  7002.2, 30.02,  7376.9,  17.5, 142.22, 158.29,    1.41,   0.71,  -0.05,   0.00,  -0.00,  32.3,  39.8,  27.7,  28.8,   1.8,  27.79,  30.83,    16.14,  191.79,   52.27,  30.41, 2484.9,    0.74,  335.62,  365.75,  367.63,  346.52,  348.78,  347.65, 1465.75, 1524.43, 1490.96, 1471.87, 1469.93, 1464.25, 1546.76, 1544.25,  7272.5, 164,  GPS,   39.6, 110.85, 110.00, 119.450, 121.800, -0.001,       ,  22.44, -50.6,    2.4,   39.8,  -13.8,      1,   GPS,    ALT,  -0.1,   0.7,  -7.9, 3DDiff, 1852,      ,     13,  20.0,     20
2018-08-27, 17:02:10,  -04:00,  BOROS,   41.1210670,  -72.1871033,  7002.2, 30.02,  7376.7,  17.5, 142.31, 158.38,  -11.94,   0.71,  -0.09,  -0.00,   0.00,  32.3,  39.8,  27.7,  28.8,   1.8,  27.77,  30.85,    16.10,  191.78,   52.26,  30.44, 2485.1,    0.74,  335.58,  365.78,  367.60,  346.52,  348.92,  347.65, 1467.16, 1525.07, 1490.78, 1472.41, 1470.70, 1463.56, 1547.15, 1545.36,  7272.3, 164,  GPS,   39.6, 110.85, 110.00, 119.450, 121.800, -0.002,       ,  22.43, -50.6,    2.4,   39.8,  -13.8,      1,   GPS,    ALT,  -0.1,   0.7, -15.7, 3DDiff, 1852,      ,     13,  19.5,     20
2018-08-27, 17:02:11,  -04:00,  BOROS,   41.1217232,  -72.1866760,  7002.2, 30.02,  7375.5,  17.5, 142.32, 158.46,  -15.90,   0.73,  -0.10,   0.00,  -0.01,  32.3,  39.8,  27.7,  28.8,   1.8,  27.75,  30.86,    16.02,  191.77,   52.31,  30.35, 2485.6,    0.74,  335.55,  365.76,  367.52,  346.52,  349.09,  347.63, 1465.51, 1523.60, 1488.92, 1470.84, 1470.50, 1462.57, 1545.53, 1543.42,  7271.2, 165,  GPS,   39.6, 110.85, 110.00, 119.450, 121.800, -0.002,       ,  22.41, -50.6,    2.3,   39.8,  -13.8,      1,   GPS,    ALT,  -0.1,   0.7, -15.7, 3DDiff, 1852,      ,     13,  19.0,     20
2018-08-27, 17:02:12,  -04:00,  BOROS,   41.1223869,  -72.1862488,  7002.2, 30.02,  7375.3,  17.5, 142.26, 158.56,  -19.24,   0.71,  -0.14,   0.00,  -0.00,  32.2,  39.8,  27.7,  28.8,   1.8,  27.73,  30.88,    16.06,  191.77,   52.34,  30.37, 2484.3,    0.74,  335.52,  365.79,  367.47,  346.53,  349.26,  347.62, 1465.31, 1523.61, 1488.86, 1469.11, 1471.16, 1462.86, 1545.29, 1542.82,  7270.9, 164,  GPS,   39.6, 110.85, 110.00, 119.450, 121.800, -0.002,       ,  22.40, -50.7,    2.3,   39.8,  -13.8,      1,   GPS,    ALT,  -0.1,   0.7, -11.8, 3DDiff, 1852,      ,     14,  19.5,     20
2018-08-27, 17:02:13,  -04:00,  BOROS,   41.1230469,  -72.1858215,  7001.2, 30.02,  7374.9,  17.5, 142.17, 158.66,  -17.27,   0.65,  -0.12,  -0.00,  -0.01,  32.2,  39.8,  27.7,  28.8,   1.8,  27.71,  30.89,    16.12,  191.77,   52.35,  30.38, 2485.4,    0.74,  335.46,  365.76,  367.38,  346.50,  349.41,  347.62, 1464.60, 1522.70, 1488.52, 1468.99, 1469.43, 1463.24, 1545.19, 1542.20,  7270.6, 164,  GPS,   39.6, 110.85, 110.00, 119.450, 121.800, -0.002,       ,  22.39, -50.7,    2.2,   39.8,  -13.8,      1,   GPS,    ALT,  -0.1,   0.7, -11.8, 3DDiff, 1852,      ,     14,  20.0,     20
2018-08-27, 17:02:14,  -04:00,  BOROS,   41.1237068,  -72.1854019,  7001.2, 30.02,  7374.4,  17.5, 142.18, 158.75,  -24.96,   0.66,  -0.10,  -0.00,  -0.00,  32.2,  39.8,  27.7,  28.8,   1.8,  27.70,  30.88,    16.13,  191.77,   52.37,  30.42, 2484.5,    0.74,  335.42,  365.78,  367.28,  346.52,  349.55,  347.62, 1464.17, 1522.27, 1488.08, 1469.81, 1469.01, 1462.51, 1544.95, 1541.96,  7270.0, 164,  GPS,   39.6, 110.85, 110.00, 119.450, 121.800, -0.002,       ,  22.37, -50.8,    2.2,   39.8,  -13.8,      1,   GPS,    ALT,  -0.1,   0.7, -27.6, 3DDiff, 1852,      ,     14,  20.0,     21
2018-08-27, 17:02:15,  -04:00,  BOROS,   41.1243629,  -72.1849747,  7001.2, 30.02,  7373.5,  17.5, 142.20, 158.85,  -33.49,   0.73,  -0.12,   0.00,   0.00,  32.1,  39.8,  27.7,  28.8,   1.8,  27.70,  30.87,    16.09,  191.77,   52.48,  30.40, 2485.4,    0.74,  335.37,  365.79,  367.17,  346.53,  349.67,  347.59, 1464.11, 1521.92, 1487.71, 1470.93, 1468.95, 1461.63, 1544.48, 1541.91,  7269.1, 164,  GPS,   39.6, 110.85, 110.00, 119.450, 121.800, -0.002,       ,  22.36, -50.8,    2.2,   39.8,  -13.8,      1,   GPS,    ALT,  -0.1,   0.7, -27.6, 3DDiff, 1852,      ,     14,  20.5,     20
2018-08-27, 17:02:16,  -04:00,  BOROS,   41.1250267,  -72.1845474,  7001.2, 30.02,  7373.1,  17.5, 142.26, 158.95,  -20.34,   0.75,  -0.14,   0.00,   0.00,  32.1,  39.8,  27.7,  28.8,   1.8,  27.70,  30.87,    16.07,  191.77,   52.58,  30.39, 2485.8,    0.74,  335.37,  365.79,  367.06,  346.52,  349.79,  347.59, 1464.60, 1520.90, 1487.84, 1471.02, 1467.83, 1459.95, 1543.94, 1541.85,  7268.7, 164,  GPS,   39.6, 110.85, 110.00, 119.450, 121.800, -0.002,       ,  22.35, -50.9,    2.1,   39.7,  -13.8,      1,   GPS,    ALT,  -0.1,   0.7, -15.7, 3DDiff, 1852,      ,     13,  20.0,     20
2018-08-27, 17:02:17,  -04:00,  BOROS,   41.1256905,  -72.1841278,  6999.2, 30.02,  7373.8,  17.5, 142.18, 159.03,  -39.01,   0.77,  -0.11,  -0.00,   0.00,  32.1,  39.7,  27.7,  28.8,   1.8,  27.70,  30.87,    16.12,  191.77,   52.48,  30.44, 2484.2,    0.74,  335.31,  365.79,  366.93,  346.53,  349.90,  347.59, 1465.47, 1521.41, 1488.34, 1470.77, 1468.13, 1460.80, 1544.29, 1542.93,  7269.4, 164,  GPS,   39.6, 110.85, 110.00, 119.450, 121.800, -0.002,       ,  22.34, -51.0,    2.1,   39.7,  -13.8,      1,   GPS,    ALT,  -0.1,   0.8, -15.7, 3DDiff, 1852,      ,     13,  19.5,     20
2018-08-27, 17:02:18,  -04:00,  BOROS,   41.1263504,  -72.1836929,  7000.2, 30.02,  7373.6,  17.5, 142.26, 159.10,  -33.56,   0.85,  -0.11,   0.00,   0.00,  32.1,  39.7,  27.7,  28.8,   1.8,  27.71,  30.86,    16.06,  191.81,   52.34,  30.38, 2485.6,    0.74,  335.30,  365.76,  366.84,  346.52,  349.97,  347.57, 1465.12, 1521.75, 1488.04, 1470.06, 1467.05, 1461.04, 1543.69, 1541.56,  7269.3, 164,  GPS,   39.6, 110.85, 110.00, 119.450, 121.800, -0.002,       ,  22.33, -51.1,    2.0,   39.7,  -13.8,      1,   GPS,    ALT,  -0.1,   0.8, -11.8, 3DDiff, 1852,      ,     14,  19.5,     20
2018-08-27, 17:02:19,  -04:00,  BOROS,   41.1270180,  -72.1832733,  7000.2, 30.02,  7373.7,  17.5, 142.34, 159.16,   -7.93,   0.87,  -0.12,   0.00,   0.00,  32.1,  39.7,  27.7,  28.8,   1.8,  27.73,  30.84,    15.99,  191.83,   52.16,  30.37, 2485.6,    0.74,  335.24,  365.79,  366.71,  346.53,  350.06,  347.56, 1464.80, 1522.27, 1487.25, 1469.72, 1467.77, 1462.26, 1543.48, 1540.86,  7269.3, 165,  GPS,   39.6, 110.85, 110.00, 119.450, 121.800, -0.002,       ,  22.32, -51.2,    2.0,   39.7,  -13.8,      1,   GPS,    ALT,  -0.0,   0.8,   0.0, 3DDiff, 1852,      ,     14,  20.0,     20
2018-08-27, 17:02:20,  -04:00,  BOROS,   41.1276817,  -72.1828461,  7000.2, 30.02,  7373.6,  17.5, 142.45, 159.18,   -6.01,   0.87,  -0.04,  -0.00,  -0.01,  32.1,  39.7,  27.7,  28.8,   1.8,  27.74,  30.82,    15.97,  191.84,   52.27,  30.36, 2486.5,    0.74,  335.19,  365.79,  366.56,  346.52,  350.10,  347.53, 1463.36, 1521.16, 1487.51, 1469.31, 1467.40, 1461.87, 1542.88, 1540.85,  7269.2, 165,  GPS,   39.6, 110.85, 110.00, 119.450, 121.800, -0.002,       ,  22.31, -51.4,    1.9,   39.8,  -13.8,      1,   GPS,    ALT,  -0.0,   0.9,   0.0, 3DDiff, 1852,      ,     14,  20.0,     21
2018-08-27, 17:02:21,  -04:00,  BOROS,   41.1283455,  -72.1824188,  7000.2, 30.02,  7374.5,  17.5, 142.49, 159.20,   -4.58,   0.87,  -0.03,  -0.00,  -0.01,  32.1,  39.7,  27.7,  28.8,   1.8,  27.76,  30.80,    15.97,  191.85,   52.23,  30.45, 2481.5,    0.74,  335.15,  365.79,  366.41,  346.53,  350.16,  347.50, 1462.94, 1520.54, 1487.16, 1469.22, 1466.49, 1461.27, 1542.24, 1540.94,  7270.3, 165,  GPS,   39.6, 110.85, 110.00, 119.450, 121.800, -0.002,       ,  22.31, -51.5,    1.9,   39.7,  -13.8,      1,   GPS,    ALT,  -0.0,   0.9,  -3.9, 3DDiff, 1852,      ,     14,  20.5,     20
2018-08-27, 17:02:22,  -04:00,  BOROS,   41.1290092,  -72.1819916,  7000.2, 30.02,  7374.4,  17.5, 142.57, 159.22,   -8.46,   0.89,  -0.02,   0.00,   0.00,  32.1,  39.7,  27.7,  28.8,   1.8,  27.78,  30.77,    16.02,  191.83,   52.46,  30.41, 2484.1,    0.74,  335.12,  365.79,  366.31,  346.50,  350.19,  347.50, 1463.94, 1519.85, 1487.31, 1469.82, 1465.21, 1461.76, 1542.56, 1541.08,  7270.3, 165,  GPS,   39.6, 110.85, 110.00, 119.450, 121.800, -0.002,       ,  22.30, -51.6,    1.9,   39.8,  -13.8,      1,   GPS,    ALT,  -0.0,   0.9, -11.8, 3DDiff, 1852,      ,     13,  20.0,     20
2018-08-27, 17:02:23,  -04:00,  BOROS,   41.1296730,  -72.1815720,  6999.2, 30.02,  7373.2,  17.5, 142.53, 159.24,  -28.40,   0.93,  -0.04,   0.00,   0.00,  32.1,  39.7,  27.7,  28.8,   1.8,  27.79,  30.75,    16.07,  191.81,   52.54,  30.42, 2485.3,    0.74,  335.09,  365.78,  366.18,  346.52,  350.22,  347.47, 1463.86, 1520.29, 1487.42, 1470.41, 1466.16, 1462.14, 1543.61, 1541.24,  7269.1, 165,  GPS,   39.6, 110.85, 110.00, 119.450, 121.800, -0.001,       ,  22.29, -51.8,    1.8,   39.8,  -13.8,      1,   GPS,    ALT,  -0.0,   0.9,  -7.9, 3DDiff, 1852,      ,     13,  19.5,     20
2018-08-27, 17:02:24,  -04:00,  BOROS,   41.1303329,  -72.1811371,  6999.2, 30.02,  7373.3,  17.5, 142.59, 159.26,  -24.62,   1.00,  -0.05,  -0.00,   0.00,  32.1,  39.7,  27.7,  28.8,   1.8,  27.80,  30.74,    15.99,  191.78,   52.09,  30.40, 2483.0,    0.74,  335.03,  365.76,  366.03,  346.47,  350.25,  347.45, 1463.50, 1520.51, 1487.53, 1470.16, 1466.79, 1461.37, 1543.60, 1540.77,  7269.1, 165,  GPS,   39.6, 110.85, 110.00, 119.450, 121.800, -0.002,       ,  22.28, -51.9,    1.8,   39.7,  -13.8,      1,   GPS,    ALT,  -0.0,   1.0,   0.0, 3DDiff, 1852,      ,     14,  19.5,     20
2018-08-27, 17:02:25,  -04:00,  BOROS,   41.1309967,  -72.1807175,  7000.2, 30.02,  7373.5,  17.5, 142.64, 159.28,   -2.80,   1.01,  -0.05,   0.00,  -0.00,  32.1,  39.7,  27.7,  28.8,   1.8,  27.81,  30.74,    16.06,  191.75,   52.10,  30.43, 2486.6,    0.74,  335.00,  365.76,  365.85,  346.49,  350.25,  347.41, 1464.43, 1521.00, 1487.56, 1470.48, 1466.81, 1461.49, 1544.12, 1541.79,  7269.3, 165,  GPS,   39.6, 110.85, 110.00, 119.450, 121.800, -0.002,       ,  22.28, -52.0,    1.7,   39.7,  -13.8,      1,   GPS,    ALT,  -0.0,   1.0,   7.9, 3DDiff, 1852,      ,     14,  20.0,     20
2018-08-27, 17:02:26,  -04:00,  BOROS,   41.1316605,  -72.1802826,  7000.2, 30.02,  7373.8,  17.5, 142.60, 159.22,   -0.13,   1.05,  -0.02,  -0.00,   0.00,  32.1,  39.7,  27.7,  28.8,   1.8,  27.81,  30.73,    16.03,  191.74,   52.22,  30.44, 2484.5,    0.74,  334.98,  365.75,  365.71,  346.49,  350.25,  347.39, 1464.70, 1521.12, 1487.92, 1471.10, 1466.42, 1461.11, 1544.31, 1541.62,  7269.7, 165,  GPS,   39.6, 110.85, 110.00, 119.450, 121.800, -0.002,       ,  22.28, -52.1,    1.7,   39.7,  -13.8,      1,   GPS,    ALT,  -0.0,   1.0,  15.7, 3DDiff, 1852,      ,     14,  20.0,     21
2018-08-27, 17:02:27,  -04:00,  BOROS,   41.1323204,  -72.1798630,  7001.2, 30.02,  7372.6,  17.5, 142.48, 159.20,   10.01,   1.03,  -0.03,  -0.00,  -0.00,  32.1,  39.7,  27.7,  28.8,   1.8,  27.81,  30.72,    16.01,  191.72,   52.23,  30.42, 2484.9,    0.74,  334.94,  365.76,  365.55,  346.47,  350.24,  347.38, 1464.38, 1520.62, 1488.63, 1471.09, 1466.14, 1461.28, 1543.91, 1541.20,  7268.4, 165,  GPS,   39.6, 110.85, 110.00, 119.450, 121.800, -0.002,       ,  22.27, -52.3,    1.6,   39.7,  -13.8,      1,   GPS,    ALT,  -0.0,   1.0,  15.7, 3DDiff, 1852,      ,     14,  20.5,     20
2018-08-27, 17:02:28,  -04:00,  BOROS,   41.1329842,  -72.1794357,  7000.2, 30.02,  7372.5,  17.5, 142.37, 159.18,    5.84,   1.04,  -0.02,   0.00,  -0.01,  32.2,  39.7,  27.7,  28.8,   1.8,  27.82,  30.71,    16.10,  191.71,   52.46,  30.44, 2485.6,    0.74,  334.91,  365.73,  365.43,  346.46,  350.21,  347.38, 1464.12, 1519.41, 1488.87, 1471.15, 1465.98, 1461.32, 1543.83, 1541.53,  7268.3, 165,  GPS,   39.6, 110.85, 110.00, 119.450, 121.800, -0.002,       ,  22.27, -52.4,    1.6,   39.7,  -13.8,      1,   GPS,    ALT,  -0.0,   1.0,  11.8, 3DDiff, 1852,      ,     13,  20.0,     20
2018-08-27, 17:02:29,  -04:00,  BOROS,   41.1336517,  -72.1790085,  7001.2, 30.02,  7373.2,  17.5, 142.37, 159.16,    1.35,   1.07,  -0.03,   0.00,  -0.00,  32.2,  39.7,  27.7,  28.8,   1.8,  27.82,  30.69,    16.08,  191.70,   52.45,  30.43, 2486.2,    0.74,  334.88,  365.73,  365.27,  346.46,  350.19,  347.36, 1464.58, 1519.78, 1488.56, 1470.85, 1466.57, 1461.03, 1543.76, 1541.59,  7269.1, 165,  GPS,   39.6, 110.85, 110.00, 119.450, 121.800, -0.001,       ,  22.26, -52.5,    1.5,   39.7,  -13.8,      1,   GPS,    ALT,  -0.0,   1.1,   7.9, 3DDiff, 1852,      ,     13,  19.5,     20
2018-08-27, 17:02:30,  -04:00,  BOROS,   41.1343117,  -72.1785812,  7000.2, 30.02,  7373.2,  17.5, 142.28, 159.12,   -8.09,   1.04,  -0.07,  -0.00,  -0.00,  32.2,  39.7,  27.7,  28.8,   1.8,  27.84,  30.68,    16.06,  191.70,   52.10,  30.43, 2485.2,    0.74,  334.85,  365.72,  365.12,  346.43,  350.16,  347.35, 1463.92, 1519.52, 1487.45, 1470.70, 1466.49, 1460.70, 1543.17, 1541.06,  7269.1, 164,  GPS,   39.6, 110.85, 110.00, 119.450, 121.800, -0.001,       ,  22.26, -52.6,    1.5,   39.7,  -13.8,      1,   GPS,    ALT,  -0.0,   1.1,   3.9, 3DDiff, 1852,      ,     14,  19.5,     20
2018-08-27, 17:02:31,  -04:00,  BOROS,   41.1349754,  -72.1781540,  7000.2, 30.02,  7373.1,  17.5, 142.33, 159.08,  -15.15,   1.09,  -0.07,  -0.00,   0.00,  32.2,  39.7,  27.7,  28.8,   1.8,  27.84,  30.68,    16.08,  191.72,   52.25,  30.44, 2485.8,    0.74,  334.81,  365.70,  364.95,  346.41,  350.10,  347.38, 1464.48, 1519.73, 1487.26, 1470.34, 1466.78, 1460.71, 1543.39, 1541.83,  7268.9, 164,  GPS,   39.6, 110.85, 110.00, 119.450, 121.800, -0.002,       ,  22.25, -52.7,    1.5,   39.7,  -13.8,      1,   GPS,    ALT,  -0.0,   1.1,  -3.9, 3DDiff, 1852,      ,     14,  20.0,     21
2018-08-27, 17:02:32,  -04:00,  BOROS,   41.1356392,  -72.1777344,  7001.2, 30.02,  7373.2,  17.5, 142.41, 159.06,  -11.45,   1.09,  -0.04,   0.00,  -0.00,  32.2,  39.7,  27.7,  28.8,   1.8,  27.84,  30.68,    16.07,  191.71,   52.12,  30.45, 2482.2,    0.74,  334.77,  365.70,  364.85,  346.40,  350.04,  347.35, 1465.14, 1519.39, 1487.64, 1470.69, 1466.48, 1461.01, 1543.46, 1541.50,  7269.0, 165,  GPS,   39.6, 110.85, 110.00, 119.450, 121.800, -0.001,       ,  22.25, -52.8,    1.4,   39.7,  -13.8,      1,   GPS,    ALT,  -0.0,   1.1,   7.9, 3DDiff, 1852,      ,     14,  20.0,     21
2018-08-27, 17:02:33,  -04:00,  BOROS,   41.1362953,  -72.1773071,  7000.2, 30.02,  7375.7,  17.5, 142.41, 159.03,    4.22,   1.05,  -0.02,   0.00,   0.00,  32.2,  39.7,  27.7,  28.8,   1.8,  27.84,  30.67,    16.05,  191.71,   52.27,  30.42, 2483.7,    0.74,  334.75,  365.67,  364.73,  346.37,  350.01,  347.35, 1463.58, 1519.54, 1486.91, 1469.85, 1465.93, 1461.82, 1543.96, 1540.28,  7271.5, 165,  GPS,   39.6, 110.85, 110.00, 119.450, 121.800, -0.001,       ,  22.24, -52.9,    1.4,   39.7,  -13.8,      1,   GPS,    ALT,  -0.0,   1.1,  15.7, 3DDiff, 1852,      ,     14,  20.5,     20
2018-08-27, 17:02:34,  -04:00,  BOROS,   41.1369591,  -72.1768799,  7001.2, 30.02,  7376.1,  17.5, 142.46, 158.99,   -5.01,   1.02,  -0.03,   0.00,   0.00,  32.3,  39.7,  27.7,  28.8,   1.8,  27.84,  30.66,    16.07,  191.72,   52.31,  30.39, 2486.2,    0.74,  334.70,  365.67,  364.57,  346.35,  349.95,  347.35, 1463.20, 1518.71, 1485.84, 1469.28, 1466.39, 1461.24, 1543.29, 1540.03,  7272.0, 165,  GPS,   39.6, 110.85, 110.00, 119.450, 121.800, -0.002,       ,  22.23, -53.0,    1.3,   39.7,  -13.8,      1,   GPS,    ALT,  -0.0,   1.0,  15.7, 3DDiff, 1852,      ,     13,  20.0,     20
2018-08-27, 17:02:35,  -04:00,  BOROS,   41.1376228,  -72.1764526,  7001.2, 30.02,  7375.3,  17.5, 142.56, 158.95,   10.45,   1.00,  -0.01,  -0.00,  -0.01,  32.3,  39.7,  27.7,  28.8,   1.8,  27.84,  30.65,    16.04,  191.72,   52.00,  30.40, 2485.3,    0.74,  334.67,  365.64,  364.45,  346.32,  349.89,  347.32, 1463.25, 1518.19, 1485.67, 1469.65, 1466.29, 1460.85, 1543.22, 1539.43,  7271.1, 165,  GPS,   39.6, 110.85, 110.00, 119.450, 121.800, -0.001,       ,  22.22, -53.1,    1.3,   39.7,  -13.8,      1,   GPS,    ALT,  -0.0,   1.0,  15.7, 3DDiff, 1852,      ,     14,  19.5,     20
2018-08-27, 17:02:36,  -04:00,  BOROS,   41.1382828,  -72.1760254,  7001.2, 30.02,  7375.6,  17.5, 142.48, 158.93,   -3.16,   0.96,   0.00,   0.00,   0.00,  32.2,  39.9,  27.7,  28.8,   1.8,  27.84,  30.65,    16.03,  191.70,   52.23,  30.44, 2483.9,    0.74,  334.64,  365.67,  364.35,  346.33,  349.82,  347.34, 1464.12, 1519.24, 1486.41, 1469.72, 1466.11, 1461.58, 1543.41, 1540.46,  7271.4, 165,  GPS,   39.6, 110.85, 110.00, 119.450, 121.800, -0.002,       ,  22.21, -53.1,    1.2,   39.7,  -13.9,      1,   GPS,    ALT,  -0.0,   1.0,  15.7, 3DDiff, 1852,      ,     14,  20.0,     20
2018-08-27, 17:02:37,  -04:00,  BOROS,   41.1389465,  -72.1755981,  7000.2, 30.02,  7375.8,  17.5, 142.49, 158.95,  -12.98,   0.93,  -0.05,   0.00,  -0.00,  32.2,  39.9,  27.7,  28.8,   1.8,  27.83,  30.66,    16.07,  191.71,   52.49,  30.43, 2485.2,    0.74,  334.61,  365.67,  364.25,  346.33,  349.79,  347.32, 1462.91, 1519.11, 1485.35, 1468.94, 1465.74, 1461.19, 1542.76, 1538.95,  7271.6, 165,  GPS,   39.6, 110.85, 110.00, 119.450, 121.800, -0.001,       ,  22.19, -53.2,    1.2,   39.7,  -13.9,      1,   GPS,    ALT,  -0.0,   0.9,  11.8, 3DDiff, 1852,      ,     14,  20.0,     21
2018-08-27, 17:02:38,  -04:00,  BOROS,   41.1396065,  -72.1751709,  7002.2, 30.02,  7375.9,  17.5, 142.69, 158.93,   18.12,   0.91,  -0.08,  -0.00,  -0.01,  32.2,  39.9,  27.7,  28.8,   1.8,  27.82,  30.67,    16.05,  191.70,   52.38,  30.43, 2484.7,    0.74,  334.58,  365.64,  364.14,  346.29,  349.73,  347.29, 1462.28, 1520.41, 1484.76, 1468.88, 1465.92, 1460.84, 1543.47, 1538.47,  7271.8, 165,  GPS,   39.6, 110.85, 110.00, 119.450, 121.800, -0.002,       ,  22.18, -53.2,    1.1,   39.7,  -13.9,      1,   GPS,    ALT,  -0.1,   0.9,  11.8, 3DDiff, 1852,      ,     14,  20.0,     21
2018-08-27, 17:02:39,  -04:00,  BOROS,   41.1402702,  -72.1747437,  7002.2, 30.02,  7374.0,  17.5, 142.59, 158.93,   10.91,   0.85,  -0.12,   0.01,  -0.01,  32.2,  39.9,  27.7,  28.8,   1.8,  27.80,  30.68,    16.00,  191.72,   52.56,  30.44, 2488.0,    0.74,  334.54,  365.66,  364.04,  346.28,  349.67,  347.29, 1463.44, 1521.48, 1484.95, 1469.24, 1465.04, 1461.63, 1544.18, 1538.97,  7269.8, 165,  GPS,   39.6, 110.85, 110.00, 119.450, 121.800, -0.002,       ,  22.17, -53.3,    1.1,   39.7,  -13.9,      1,   GPS,    ALT,  -0.1,   0.9,   7.9, 3DDiff, 1852,      ,     14,  20.5,     20
2018-08-27, 17:02:40,  -04:00,  BOROS,   41.1409302,  -72.1743240,  7002.2, 30.02,  7373.6,  17.5, 142.61, 158.97,   -0.76,   0.83,  -0.13,   0.00,   0.00,  32.2,  39.9,  27.7,  28.8,   1.8,  27.78,  30.69,    16.07,  191.69,   52.36,  30.43, 2485.5,    0.74,  334.54,  365.63,  363.95,  346.28,  349.61,  347.29, 1463.26, 1520.65, 1485.65, 1468.66, 1464.90, 1463.48, 1544.13, 1539.42,  7269.4, 165,  GPS,   39.6, 110.85, 110.00, 119.450, 121.800, -0.001,       ,  22.17, -53.3,    1.1,   39.7,  -13.9,      1,   GPS,    ALT,  -0.1,   0.9,  -3.9, 3DDiff, 1852,      ,     13,  20.0,     20
2018-08-27, 17:02:41,  -04:00,  BOROS,   41.1415901,  -72.1738892,  7002.2, 30.02,  7374.6,  17.5, 142.64, 158.99,   -5.11,   0.82,  -0.12,  -0.00,  -0.00,  32.2,  39.8,  27.7,  28.8,   1.8,  27.77,  30.69,    16.08,  191.70,   52.34,  30.42, 2485.7,    0.74,  334.51,  365.61,  363.86,  346.28,  349.55,  347.26, 1464.06, 1520.77, 1485.48, 1467.97, 1465.08, 1463.43, 1543.83, 1539.25,  7270.5, 165,  GPS,   39.6, 110.85, 110.00, 119.450, 121.800, -0.002,       ,  22.16, -53.3,    1.0,   39.7,  -13.9,      1,   GPS,    ALT,  -0.1,   0.8,   0.0, 3DDiff, 1852,      ,     14,  19.5,     20
2018-08-27, 17:02:42,  -04:00,  BOROS,   41.1422539,  -72.1734695,  7002.2, 30.02,  7374.6,  17.5, 142.64, 159.05,   -0.42,   0.80,  -0.10,   0.00,  -0.01,  32.2,  39.8,  27.7,  28.8,   1.8,  27.76,  30.69,    16.10,  191.71,   52.30,  30.46, 2485.9,    0.74,  334.48,  365.63,  363.80,  346.28,  349.49,  347.21, 1463.56, 1521.19, 1485.65, 1467.84, 1464.75, 1464.21, 1543.69, 1539.08,  7270.5, 165,  GPS,   39.6, 110.85, 110.00, 119.450, 121.800, -0.002,       ,  22.16, -53.3,    1.0,   39.7,  -13.9,      1,   GPS,    ALT,  -0.1,   0.8,   0.0, 3DDiff, 1852,      ,     14,  19.5,     21
2018-08-27, 17:02:43,  -04:00,  BOROS,   41.1429138,  -72.1730423,  7001.2, 30.02,  7374.6,  17.5, 142.59, 159.08,  -16.80,   0.77,  -0.08,   0.00,   0.00,  32.2,  39.8,  27.7,  28.8,   1.8,  27.76,  30.68,    16.06,  191.70,   52.31,  30.42, 2484.1,    0.74,  334.45,  365.63,  363.71,  346.24,  349.43,  347.20, 1464.25, 1520.04, 1486.06, 1468.39, 1465.24, 1463.61, 1543.43, 1539.89,  7270.4, 165,  GPS,   39.6, 110.85, 110.00, 119.450, 121.800, -0.001,       ,  22.16, -53.3,    0.9,   39.7,  -13.9,      1,   GPS,    ALT,  -0.0,   0.8,   0.0, 3DDiff, 1852,      ,     14,  20.0,     21
2018-08-27, 17:02:44,  -04:00,  BOROS,   41.1435776,  -72.1726227,  7000.2, 30.02,  7374.3,  17.5, 142.57, 159.14,  -34.85,   0.77,  -0.03,   0.00,   0.00,  32.2,  39.8,  27.7,  28.8,   1.8,  27.76,  30.67,    16.07,  191.69,   52.22,  30.44, 2485.9,    0.74,  334.43,  365.60,  363.65,  346.23,  349.36,  347.17, 1464.39, 1519.77, 1486.35, 1468.64, 1465.76, 1462.98, 1543.35, 1539.47,  7270.2, 165,  GPS,   39.6, 110.85, 110.00, 119.450, 121.800, -0.001,       ,  22.16, -53.3,    0.9,   39.7,  -13.9,      1,   GPS,    ALT,  -0.0,   0.8,  -3.9, 3DDiff, 1852,      ,     14,  20.0,     22
2018-08-27, 17:02:45,  -04:00,  BOROS,   41.1442451,  -72.1721954,  7002.2, 30.02,  7376.6,  17.5, 142.72, 159.20,   -8.90,   0.77,  -0.04,  -0.00,   0.00,  32.2,  39.8,  27.7,  28.8,   1.8,  27.75,  30.67,    16.04,  191.68,   52.49,  30.45, 2487.4,    0.74,  334.42,  365.60,  363.59,  346.22,  349.28,  347.14, 1463.81, 1519.37, 1486.61, 1467.93, 1465.45, 1462.37, 1542.75, 1539.48,  7272.4, 165,  GPS,   39.6, 110.85, 110.00, 119.450, 121.800, -0.001,       ,  22.15, -53.3,    0.8,   39.7,  -13.9,      1,   GPS,    ALT,  -0.0,   0.8,   0.0, 3DDiff, 1852,      ,     14,  20.5,     20
2018-08-27, 17:02:46,  -04:00,  BOROS,   41.1449051,  -72.1717682,  7002.2, 30.02,  7377.0,  17.5, 142.75, 159.26,    7.74,   0.75,  -0.01,   0.00,  -0.01,  32.2,  39.8,  27.7,  28.8,   1.8,  27.76,  30.66,    16.03,  191.67,   52.39,  30.45, 2484.5,    0.74,  334.39,  365.60,  363.55,  346.20,  349.21,  347.11, 1463.48, 1519.48, 1485.43, 1468.85, 1465.37, 1461.35, 1543.06, 1539.42,  7272.9, 165,  GPS,   39.6, 110.85, 110.00, 119.450, 121.800, -0.001,       ,  22.15, -53.3,    0.8,   39.7,  -13.9,      1,   GPS,    ALT,  -0.0,   0.8,  11.8, 3DDiff, 1852,      ,     13,  20.0,     20
2018-08-27, 17:02:47,  -04:00,  BOROS,   41.1455688,  -72.1713409,  7001.2, 30.02,  7376.5,  17.5, 142.65, 159.32,  -14.66,   0.73,   0.01,   0.00,   0.01,  32.2,  39.8,  27.7,  28.8,   1.8,  27.75,  30.67,    16.01,  191.66,   52.32,  30.45, 2485.2,    0.74,  334.39,  365.58,  363.49,  346.19,  349.13,  347.10, 1463.06, 1519.69, 1485.04, 1468.70, 1465.58, 1461.42, 1543.47, 1538.99,  7272.3, 165,  GPS,   39.6, 110.85, 110.00, 119.450, 121.800, -0.001,       ,  22.14, -53.3,    0.7,   39.7,  -13.9,      1,   GPS,    ALT,  -0.0,   0.7,  11.8, 3DDiff, 1852,      ,     14,  19.5,     20
2018-08-27, 17:02:48,  -04:00,  BOROS,   41.1462364,  -72.1709061,  7001.2, 30.02,  7376.7,  17.5, 142.64, 159.38,  -15.28,   0.74,  -0.04,  -0.00,  -0.00,  32.2,  39.8,  27.7,  28.8,   1.8,  27.74,  30.67,    16.13,  191.66,   52.36,  30.46, 2484.1,    0.74,  334.38,  365.58,  363.46,  346.16,  349.07,  347.10, 1463.65, 1519.33, 1485.92, 1468.11, 1464.85, 1461.92, 1543.18, 1539.49,  7272.6, 165,  GPS,   39.6, 110.85, 110.00, 119.450, 121.800, -0.001,       ,  22.14, -53.3,    0.7,   39.7,  -13.9,      1,   GPS,    ALT,  -0.0,   0.7,   7.9, 3DDiff, 1852,      ,     14,  19.5,     20
2018-08-27, 17:02:49,  -04:00,  BOROS,   41.1468964,  -72.1704865,  7002.2, 30.02,  7377.0,  17.5, 142.56, 159.45,    8.70,   0.69,  -0.07,   0.00,  -0.01,  32.2,  39.8,  27.7,  28.8,   1.8,  27.74,  30.67,    16.10,  191.64,   52.40,  30.47, 2487.5,    0.74,  334.35,  365.58,  363.45,  346.16,  349.01,  347.07, 1464.15, 1518.93, 1486.30, 1468.86, 1465.66, 1461.99, 1543.40, 1540.14,  7272.8, 165,  GPS,   39.6, 110.85, 110.00, 119.450, 121.800, -0.001,       ,  22.13, -53.3,    0.7,   39.7,  -13.9,      1,   GPS,    ALT,  -0.0,   0.7,  11.8, 3DDiff, 1852,      ,     14,  20.0,     21
2018-08-27, 17:02:50,  -04:00,  BOROS,   41.1475677,  -72.1700516,  7002.2, 30.02,  7377.2,  17.5, 142.64, 159.51,   14.72,   0.65,  -0.02,   0.01,  -0.00,  32.1,  39.8,  27.7,  28.8,   1.8,  27.73,  30.66,    16.13,  191.67,   52.33,  30.45, 2486.0,    0.74,  334.33,  365.58,  363.40,  346.13,  348.94,  347.04, 1464.71, 1519.43, 1486.42, 1469.25, 1466.49, 1462.97, 1543.85, 1540.23,  7273.0, 165,  GPS,   39.6, 110.85, 110.00, 119.450, 121.800, -0.001,       ,  22.13, -53.3,    0.6,   39.7,  -13.9,      1,   GPS,    ALT,  -0.0,   0.7,   3.9, 3DDiff, 1852,      ,     14,  20.0,     21
2018-08-27, 17:02:51,  -04:00,  BOROS,   41.1482239,  -72.1696320,  7002.2, 30.02,  7374.9,  17.5, 142.74, 159.61,    5.85,   0.66,  -0.05,   0.00,  -0.00,  32.1,  39.8,  27.7,  28.8,   1.8,  27.72,  30.66,    16.06,  191.68,   52.41,  30.46, 2485.9,    0.74,  334.33,  365.58,  363.40,  346.13,  348.85,  347.02, 1463.87, 1518.92, 1486.91, 1469.23, 1466.87, 1462.24, 1543.35, 1540.80,  7270.7, 165,  GPS,   39.6, 110.85, 110.00, 119.450, 121.800, -0.001,       ,  22.12, -53.3,    0.6,   39.7,  -13.9,      1,   GPS,    ALT,  -0.0,   0.7, -11.8, 3DDiff, 1852,      ,     14,  20.5,     20
2018-08-27, 17:02:52,  -04:00,  BOROS,   41.1488953,  -72.1691971,  7002.2, 30.02,  7374.5,  17.5, 142.85, 159.69,    2.29,   0.66,  -0.09,  -0.00,  -0.01,  32.1,  39.8,  27.7,  28.8,   1.8,  27.72,  30.65,    16.08,  191.68,   52.39,  30.46, 2486.5,    0.74,  334.33,  365.57,  363.40,  346.10,  348.81,  346.98, 1463.29, 1519.77, 1485.92, 1469.15, 1466.17, 1461.60, 1543.34, 1540.20,  7270.4, 165,  GPS,   39.6, 110.85, 110.00, 119.450, 121.800, -0.001,       ,  22.12, -53.3,    0.5,   39.7,  -13.9,      1,   GPS,    ALT,  -0.0,   0.7, -11.8, 3DDiff, 1852,      ,     13,  20.0,     20
2018-08-27, 17:02:53,  -04:00,  BOROS,   41.1495590,  -72.1687775,  7001.2, 30.02,  7374.2,  17.5, 142.82, 159.76,  -24.51,   0.65,  -0.09,   0.00,  -0.00,  32.1,  39.8,  27.7,  28.8,   1.8,  27.72,  30.64,    16.07,  191.68,   52.30,  30.48, 2485.3,    0.74,  334.33,  365.57,  363.37,  346.07,  348.73,  346.95, 1463.45, 1520.26, 1486.80, 1469.38, 1466.10, 1461.21, 1543.60, 1540.59,  7270.0, 165,  GPS,   39.6, 110.85, 110.00, 119.450, 121.800, -0.001,       ,  22.11, -53.3,    0.5,   39.7,  -13.9,      1,   GPS,    ALT,  -0.0,   0.7, -15.7, 3DDiff, 1852,      ,     13,  19.5,     20
2018-08-27, 17:02:54,  -04:00,  BOROS,   41.1502228,  -72.1683502,  7001.2, 30.02,  7373.7,  17.5, 142.98, 159.82,  -33.32,   0.64,  -0.08,   0.00,   0.00,  32.1,  39.7,  27.7,  28.8,   1.8,  27.72,  30.63,    16.03,  191.67,   52.43,  30.48, 2485.6,    0.74,  334.33,  365.57,  363.40,  346.04,  348.67,  346.92, 1464.56, 1520.55, 1486.46, 1470.30, 1466.42, 1461.23, 1544.46, 1540.91,  7269.5, 165,  GPS,   39.6, 110.85, 110.00, 119.450, 121.800, -0.001,       ,  22.11, -53.3,    0.4,   39.7,  -13.9,      1,   GPS,    ALT,   0.0,   0.7, -19.7, 3DDiff, 1852,      ,     14,  20.0,     20
2018-08-27, 17:02:55,  -04:00,  BOROS,   41.1508904,  -72.1679230,  7000.2, 30.02,  7373.3,  17.5, 143.08, 159.90,  -37.47,   0.66,  -0.04,  -0.01,   0.00,  32.1,  39.7,  27.7,  28.8,   1.8,  27.74,  30.60,    16.06,  191.65,   52.48,  30.49, 2485.4,    0.74,  334.33,  365.57,  363.37,  346.04,  348.60,  346.89, 1464.29, 1521.16, 1485.94, 1471.05, 1466.18, 1461.69, 1544.70, 1540.11,  7269.1, 165,  GPS,   39.6, 110.85, 110.00, 119.450, 121.800, -0.001,       ,  22.11, -53.4,    0.4,   39.7,  -13.9,      1,   GPS,    ALT,   0.0,   0.7, -19.7, 3DDiff, 1852,      ,     14,  20.0,     21
2018-08-27, 17:02:56,  -04:00,  BOROS,   41.1515541,  -72.1675034,  7001.2, 30.02,  7372.9,  17.5, 143.38, 159.94,  -15.87,   0.71,   0.00,   0.00,   0.00,  32.1,  39.7,  27.7,  28.8,   1.8,  27.74,  30.59,    16.10,  191.63,   52.36,  30.43, 2487.7,    0.74,  334.33,  365.54,  363.35,  346.01,  348.54,  346.86, 1463.08, 1519.79, 1486.10, 1470.59, 1466.37, 1460.49, 1543.73, 1539.56,  7268.8, 166,  GPS,   39.6, 110.85, 110.00, 119.450, 121.800, -0.001,       ,  22.11, -53.4,    0.3,   39.7,  -13.9,      1,   GPS,    ALT,   0.1,   0.7, -11.8, 3DDiff, 1852,      ,     14,  20.0,     21
2018-08-27, 17:02:57,  -04:00,  BOROS,   41.1522293,  -72.1670685,  7001.2, 30.02,  7375.3,  17.5, 143.44, 159.98,  -11.04,   0.74,   0.02,   0.00,   0.00,  32.1,  39.7,  27.7,  28.8,   1.8,  27.75,  30.58,    16.11,  191.63,   52.38,  30.47, 2484.6,    0.74,  334.33,  365.54,  363.34,  345.98,  348.48,  346.85, 1462.86, 1520.42, 1487.00, 1469.85, 1465.98, 1460.85, 1543.28, 1539.71,  7271.1, 166,  GPS,   39.6, 110.85, 110.00, 119.450, 121.800, -0.001,       ,  22.12, -53.4,    0.3,   39.7,  -13.9,      1,   GPS,    ALT,   0.1,   0.7,   7.9, 3DDiff, 1852,      ,     14,  20.5,     20
2018-08-27, 17:02:58,  -04:00,  BOROS,   41.1528893,  -72.1666412,  7001.2, 30.02,  7375.8,  17.5, 143.53, 160.02,   -5.63,   0.65,   0.07,  -0.00,  -0.01,  32.1,  39.7,  27.7,  28.8,   1.8,  27.75,  30.57,    16.07,  191.61,   52.55,  30.47, 2485.9,    0.74,  334.36,  365.51,  363.30,  345.95,  348.40,  346.80, 1462.39, 1519.71, 1487.46, 1468.69, 1467.43, 1460.58, 1542.70, 1540.43,  7271.6, 166,  GPS,   39.6, 110.85, 110.00, 119.450, 121.800, -0.001,       ,  22.12, -53.4,    0.3,   39.6,  -13.9,      1,   GPS,    ALT,   0.1,   0.6,  15.7, 3DDiff, 1852,      ,     13,  20.0,     20
2018-08-27, 17:02:59,  -04:00,  BOROS,   41.1535606,  -72.1662140,  7000.2, 30.02,  7375.9,  17.5, 143.46, 160.04,  -23.82,   0.65,   0.10,  -0.00,  -0.00,  32.2,  39.7,  27.7,  28.8,   1.8,  27.75,  30.57,    16.00,  191.58,   52.35,  30.43, 2487.0,    0.74,  334.34,  365.51,  363.29,  345.95,  348.36,  346.78, 1461.76, 1518.47, 1486.68, 1467.80, 1466.84, 1462.07, 1541.84, 1539.98,  7271.7, 166,  GPS,   39.6, 110.85, 110.00, 119.450, 121.800, -0.000,       ,  22.12, -53.4,    0.2,   39.7,  -13.9,      1,   GPS,    ALT,   0.1,   0.6,  11.8, 3DDiff, 1852,      ,     13,  19.5,     20
2018-08-27, 17:03:00,  -04:00,  BOROS,   41.1542282,  -72.1657944,  7000.2, 30.02,  7376.1,  17.5, 143.48, 160.08,  -21.30,   0.66,   0.08,   0.00,  -0.00,  32.2,  39.7,  27.7,  28.8,   1.8,  27.75,  30.57,    16.12,  191.59,   52.45,  30.42, 2486.4,    0.74,  334.38,  365.50,  363.27,  345.91,  348.27,  346.73, 1461.37, 1518.26, 1486.77, 1468.46, 1465.95, 1463.20, 1542.32, 1539.65,  7272.0, 166,  GPS,   39.6, 110.85, 110.00, 119.450, 121.800, -0.000,       ,  22.12, -53.5,    0.2,   39.8,  -13.9,      1,   GPS,    ALT,   0.1,   0.7,   7.9, 3DDiff, 1852,      ,     14,  19.5,     20
2018-08-27, 17:03:01,  -04:00,  BOROS,   41.1548958,  -72.1653519,  7001.2, 30.02,  7376.5,  17.5, 143.54, 160.11,  -17.75,   0.69,   0.10,   0.00,   0.01,  32.2,  39.8,  27.7,  28.8,   1.8,  27.74,  30.56,    16.08,  191.57,   52.30,  30.45, 2487.0,    0.74,  334.39,  365.47,  363.25,  345.88,  348.21,  346.71, 1461.20, 1518.54, 1486.12, 1468.38, 1466.88, 1463.30, 1542.56, 1539.19,  7272.3, 166,  GPS,   39.6, 110.85, 110.00, 119.450, 121.800, -0.000,       ,  22.12, -53.5,    0.1,   39.6,  -13.9,      1,   GPS,    ALT,   0.1,   0.7,  15.7, 3DDiff, 1852,      ,     14,  20.0,     21
2018-08-27, 17:03:02,  -04:00,  BOROS,   41.1555634,  -72.1649323,  7001.2, 30.02,  7376.9,  17.5, 143.53, 160.13,   -8.03,   0.67,   0.07,  -0.00,  -0.01,  32.2,  39.8,  27.7,  28.8,   1.8,  27.73,  30.57,    16.12,  191.58,   52.41,  30.45, 2486.5,    0.74,  334.39,  365.46,  363.22,  345.87,  348.14,  346.68, 1461.45, 1519.31, 1485.59, 1468.01, 1466.55, 1463.07, 1542.34, 1539.24,  7272.7, 166,  GPS,   39.6, 110.85, 110.00, 119.450, 121.800, -0.000,       ,  22.12, -53.5,    0.1,   39.6,  -13.9,      1,   GPS,    ALT,   0.1,   0.7,  15.7, 3DDiff, 1852,      ,     14,  20.0,     21
2018-08-27, 17:03:03,  -04:00,  BOROS,   41.1562233,  -72.1644974,  7001.2, 30.02,  7375.4,  17.5, 143.55, 160.15,   -1.42,   0.68,   0.00,   0.00,  -0.01,  32.2,  39.8,  27.7,  28.8,   1.8,  27.72,  30.57,    16.04,  191.58,   52.47,  30.43, 2484.0,    0.74,  334.39,  365.46,  363.18,  345.85,  348.06,  346.62, 1460.80, 1518.44, 1485.09, 1467.46, 1465.56, 1462.19, 1541.62, 1538.33,  7271.2, 166,  GPS,   39.6, 110.85, 110.00, 119.450, 121.800, -0.000,       ,  22.12, -53.4,    0.0,   39.2,  -13.9,      1,   GPS,    ALT,   0.1,   0.7,   7.9, 3DDiff, 1852,      ,     14,  20.5,     20
2018-08-27, 17:03:04,  -04:00,    GON,   41.1568985,  -72.1640701,  7001.2, 30.02,  7375.1,  17.5, 143.64, 160.17,   -2.96,   0.69,   0.00,   0.00,  -0.00,  32.2,  39.8,  27.7,  28.8,   1.8,  27.70,  30.57,    16.06,  191.58,   52.26,  30.42, 2487.4,    0.74,  334.41,  365.44,  363.15,  345.80,  348.00,  346.59, 1461.46, 1518.00, 1484.94, 1468.37, 1464.29, 1461.42, 1541.63, 1537.49,  7271.0, 166,  GPS,   39.6, 110.85, 110.00, 119.450, 121.800, -0.000,       ,  22.12, -53.4,   11.6,   39.8,  -13.9,      1,   GPS,    ALT,   0.0,   0.7,   3.9, 3DDiff, 1852,      ,     13,  20.0,     20
2018-08-27, 17:03:05,  -04:00,    GON,   41.1575623,  -72.1636505,  7001.2, 30.02,  7375.1,  17.5, 143.67, 160.19,    4.28,   0.65,   0.01,   0.00,  -0.00,  32.3,  39.8,  27.7,  28.8,   1.8,  27.69,  30.57,    16.09,  191.56,   52.35,  30.48, 2487.1,    0.74,  334.43,  365.40,  363.13,  345.79,  347.93,  346.56, 1461.61, 1518.51, 1484.56, 1468.24, 1464.42, 1460.52, 1542.21, 1537.81,  7271.0, 166,  GPS,   39.6, 110.85, 110.00, 119.450, 121.800, -0.000,       ,  22.12, -53.4,   11.5,   39.8,  -13.9,      1,   GPS,    ALT,   0.0,   0.7,   0.0, 3DDiff, 1852,      ,     13,  19.5,     20
2018-08-27, 17:03:06,  -04:00,    GON,   41.1582298,  -72.1632156,  7001.2, 30.02,  7374.9,  17.5, 143.75, 160.21,   -0.40,   0.67,   0.00,  -0.00,   0.00,  32.3,  39.8,  27.7,  28.8,   1.8,  27.67,  30.57,    15.99,  191.53,   52.41,  30.47, 2486.0,    0.74,  334.43,  365.37,  363.09,  345.79,  347.87,  346.52, 1460.83, 1518.12, 1485.02, 1467.37, 1463.94, 1460.52, 1541.49, 1537.24,  7270.7, 166,  GPS,   39.6, 110.85, 110.00, 119.450, 121.800, -0.000,       ,  22.12, -53.4,   11.5,   39.8,  -13.9,      1,   GPS,    ALT,   0.0,   0.7,  -7.9, 3DDiff, 1852,      ,     14,  19.5,     20
2018-08-27, 17:03:07,  -04:00,    GON,   41.1588936,  -72.1627884,  7002.2, 30.02,  7374.7,  17.5, 143.84, 160.23,    4.76,   0.64,  -0.02,   0.00,  -0.01,  32.3,  39.8,  27.7,  28.8,   1.8,  27.67,  30.58,    16.07,  191.52,   52.29,  30.43, 2486.2,    0.74,  334.45,  365.36,  363.06,  345.76,  347.81,  346.47, 1461.13, 1517.94, 1484.46, 1467.95, 1462.89, 1458.19, 1541.09, 1536.95,  7270.6, 166,  GPS,   39.6, 110.85, 110.00, 119.450, 121.800, -0.000,       ,  22.13, -53.4,   11.4,   39.8,  -13.9,      1,   GPS,    ALT,   0.0,   0.7,   0.0, 3DDiff, 1852,      ,     14,  20.0,     21
2018-08-27, 17:03:08,  -04:00,    GON,   41.1595612,  -72.1623611,  7001.2, 30.02,  7374.5,  17.5, 143.78, 160.25,    4.43,   0.57,   0.00,   0.01,  -0.00,  32.3,  39.8,  27.7,  28.8,   1.8,  27.66,  30.57,    15.98,  191.50,   52.43,  30.40, 2485.8,    0.74,  334.48,  365.34,  363.03,  345.73,  347.72,  346.47, 1460.93, 1517.03, 1483.78, 1466.45, 1461.81, 1457.72, 1540.29, 1536.38,  7270.4, 166,  GPS,   39.6, 110.85, 110.00, 119.450, 121.800,  0.000,       ,  22.13, -53.4,   11.4,   39.8,  -13.9,      1,   GPS,    ALT,   0.0,   0.6,  -3.9, 3DDiff, 1852,      ,     14,  20.0,     21
2018-08-27, 17:03:09,  -04:00,    GON,   41.1602325,  -72.1619339,  7001.2, 30.02,  7375.0,  17.5, 143.83, 160.27,   -8.09,   0.55,   0.01,   0.00,  -0.00,  32.3,  39.8,  27.7,  28.8,   1.8,  27.65,  30.58,    15.93,  191.48,   52.18,  30.43, 2482.6,    0.73,  334.49,  365.32,  363.00,  345.71,  347.66,  346.43, 1460.43, 1518.31, 1483.49, 1466.42, 1460.12, 1456.76, 1540.86, 1535.44,  7270.8, 166,  GPS,   39.6, 110.85, 110.00, 119.450, 121.800,  0.000,       ,  22.13, -53.3,   11.4,   39.8,  -13.9,      1,   GPS,    ALT,   0.0,   0.6, -11.8, 3DDiff, 1852,      ,     14,  20.5,     20
2018-08-27, 17:03:10,  -04:00,    GON,   41.1609001,  -72.1614990,  7002.2, 30.02,  7375.1,  17.5, 143.87, 160.29,    4.74,   0.55,   0.01,   0.00,  -0.01,  32.3,  39.8,  27.7,  28.8,   1.8,  27.64,  30.57,    15.98,  191.46,   52.14,  30.42, 2485.9,    0.74,  334.51,  365.30,  362.96,  345.70,  347.60,  346.41, 1460.58, 1518.59, 1483.27, 1465.44, 1460.02, 1457.02, 1540.95, 1535.53,  7270.9, 166,  GPS,   39.6, 110.85, 110.00, 119.450, 121.800,  0.000,       ,  22.13, -53.3,   11.3,   39.8,  -13.9,      1,   GPS,    ALT,   0.0,   0.6, -11.8, 3DDiff, 1852,      ,     14,  20.0,     20
2018-08-27, 17:03:11,  -04:00,    GON,   41.1615677,  -72.1610718,  7002.2, 30.02,  7375.0,  17.5, 143.87, 160.35,    5.05,   0.48,   0.00,   0.00,   0.00,  32.3,  39.8,  27.7,  28.8,   1.8,  27.63,  30.58,    16.04,  191.45,   52.41,  30.42, 2486.2,    0.74,  334.52,  365.27,  362.91,  345.69,  347.51,  346.35, 1460.76, 1518.97, 1483.38, 1465.19, 1459.90, 1457.95, 1541.24, 1535.82,  7270.8, 166,  GPS,   39.6, 110.85, 110.00, 119.450, 121.800,  0.000,       ,  22.13, -53.2,   11.3,   39.8,  -13.9,      1,   GPS,    ALT,   0.0,   0.5, -11.8, 3DDiff, 1852,      ,     13,  19.5,     20
2018-08-27, 17:03:12,  -04:00,    GON,   41.1622391,  -72.1606445,  7000.2, 30.02,  7374.7,  17.5, 143.70, 160.39,  -44.34,   0.47,  -0.07,   0.00,   0.00,  32.3,  39.8,  27.7,  28.8,   1.8,  27.63,  30.57,    16.08,  191.43,   52.46,  30.44, 2486.8,    0.74,  334.54,  365.24,  362.88,  345.66,  347.44,  346.31, 1459.84, 1519.60, 1483.00, 1465.21, 1460.03, 1457.29, 1541.09, 1535.37,  7270.5, 166,  GPS,   39.6, 110.85, 110.00, 119.450, 121.800,  0.000,       ,  22.12, -53.2,   11.2,   39.8,  -13.9,      1,   GPS,    ALT,   0.0,   0.5, -19.7, 3DDiff, 1852,      ,     14,  19.5,     20
2018-08-27, 17:03:13,  -04:00,    GON,   41.1629028,  -72.1602097,  7000.2, 30.02,  7374.5,  17.5, 143.89, 160.46,  -34.35,   0.51,  -0.08,  -0.00,   0.01,  32.2,  39.8,  27.7,  28.8,   1.8,  27.62,  30.57,    16.07,  191.41,   52.37,  30.43, 2485.3,    0.74,  334.57,  365.21,  362.85,  345.64,  347.35,  346.31, 1459.11, 1518.76, 1482.62, 1465.98, 1460.15, 1456.40, 1540.74, 1535.31,  7270.4, 166,  GPS,   39.6, 110.85, 110.00, 119.450, 121.800,  0.000,       ,  22.12, -53.2,   11.2,   39.8,  -13.9,      1,   GPS,    ALT,   0.0,   0.5, -11.8, 3DDiff, 1852,      ,     14,  20.0,     21
2018-08-27, 17:03:14,  -04:00,    GON,   41.1635704,  -72.1597824,  7001.2, 30.02,  7374.6,  17.5, 143.89, 160.48,  -22.85,   0.53,   0.01,   0.01,   0.00,  32.2,  39.8,  27.7,  28.8,   1.8,  27.62,  30.56,    16.07,  191.41,   52.50,  30.44, 2485.8,    0.74,  334.57,  365.20,  362.82,  345.63,  347.29,  346.28, 1459.22, 1518.29, 1481.57, 1466.65, 1459.20, 1455.42, 1540.33, 1534.49,  7270.5, 166,  GPS,   39.6, 110.85, 110.00, 119.450, 121.800,  0.000,       ,  22.12, -53.1,   11.1,   39.8,  -13.9,      1,   GPS,    ALT,   0.0,   0.5,   0.0, 3DDiff, 1852,      ,     14,  20.0,     21
2018-08-27, 17:03:15,  -04:00,    GON,   41.1642418,  -72.1593475,  7000.2, 30.02,  7374.6,  17.5, 143.87, 160.54,  -12.25,   0.54,   0.05,   0.00,   0.01,  32.2,  39.8,  27.7,  28.8,   1.8,  27.63,  30.54,    16.04,  191.41,   52.44,  30.43, 2486.0,    0.74,  334.58,  365.17,  362.82,  345.61,  347.21,  346.26, 1459.47, 1519.34, 1481.36, 1466.25, 1459.21, 1456.09, 1540.54, 1534.69,  7270.4, 166,  GPS,   39.6, 110.85, 110.00, 119.450, 121.800, -0.000,       ,  22.12, -53.1,   11.1,   39.8,  -13.9,      1,   GPS,    ALT,   0.0,   0.5,  11.8, 3DDiff, 1852,      ,     14,  20.5,     20
2018-08-27, 17:03:16,  -04:00,    GON,   41.1649094,  -72.1589203,  7001.2, 30.02,  7374.6,  17.5, 143.90, 160.60,   -3.68,   0.52,   0.07,  -0.00,  -0.01,  32.2,  39.8,  27.7,  28.8,   1.8,  27.64,  30.53,    16.02,  191.40,   52.37,  30.45, 2486.2,    0.74,  334.61,  365.14,  362.79,  345.58,  347.17,  346.24, 1461.15, 1519.36, 1482.51, 1466.61, 1459.43, 1456.31, 1541.21, 1536.49,  7270.4, 166,  GPS,   39.6, 110.85, 110.00, 119.450, 121.800,  0.000,       ,  22.13, -53.1,   11.0,   39.8,  -13.9,      1,   GPS,    ALT,   0.0,   0.5,  15.7, 3DDiff, 1852,      ,     13,  20.0,     20
2018-08-27, 17:03:17,  -04:00,    GON,   41.1655807,  -72.1584930,  7001.2, 30.02,  7374.6,  17.5, 143.85, 160.60,   -7.20,   0.53,   0.01,  -0.00,  -0.02,  32.1,  39.8,  27.7,  28.8,   1.8,  27.65,  30.51,    16.08,  191.41,   52.52,  30.49, 2486.1,    0.74,  334.61,  365.11,  362.79,  345.58,  347.10,  346.22, 1460.62, 1518.70, 1482.76, 1467.50, 1460.52, 1456.82, 1541.43, 1536.33,  7270.5, 166,  GPS,   39.6, 110.85, 110.00, 119.450, 121.800,  0.000,       ,  22.13, -53.0,   11.0,   39.8,  -13.9,      1,   GPS,    ALT,   0.1,   0.5,   7.9, 3DDiff, 1852,      ,     13,  19.5,     20
2018-08-27, 17:03:18,  -04:00,    GON,   41.1662483,  -72.1580582,  7001.2, 30.02,  7374.6,  17.5, 143.94, 160.64,    9.64,   0.55,   0.03,   0.01,  -0.00,  32.1,  39.8,  27.7,  28.8,   1.8,  27.66,  30.49,    16.03,  191.40,   52.55,  30.44, 2487.3,    0.74,  334.63,  365.06,  362.76,  345.55,  347.05,  346.21, 1458.98, 1518.45, 1482.84, 1467.42, 1460.27, 1455.49, 1541.44, 1535.52,  7270.4, 166,  GPS,   39.6, 110.85, 110.00, 119.450, 121.800,  0.000,       ,  22.14, -53.0,   11.0,   39.8,  -13.9,      1,   GPS,    ALT,   0.1,   0.5,   0.0, 3DDiff, 1852,      ,     14,  19.5,     20
2018-08-27, 17:03:19,  -04:00,    GON,   41.1669159,  -72.1576309,  7002.2, 30.02,  7374.5,  17.5, 143.92, 160.68,    5.56,   0.57,  -0.03,   0.00,   0.00,  32.1,  39.8,  27.7,  28.8,   1.8,  27.67,  30.48,    16.09,  191.40,   52.81,  30.43, 2487.9,    0.74,  334.64,  365.05,  362.78,  345.52,  346.99,  346.19, 1459.97, 1518.74, 1482.63, 1467.47, 1460.10, 1455.96, 1541.13, 1535.76,  7270.3, 166,  GPS,   39.6, 110.85, 110.00, 119.450, 121.800,  0.000,       ,  22.14, -53.0,   10.9,   39.8,  -13.9,      1,   GPS,    ALT,   0.1,   0.5,  -3.9, 3DDiff, 1852,      ,     14,  20.0,     21
2018-08-27, 17:03:20,  -04:00,    GON,   41.1675873,  -72.1571960,  7003.2, 30.02,  7374.2,  17.2, 143.98, 160.70,   30.95,   0.54,   0.00,  -0.00,  -0.01,  32.1,  39.8,  27.7,  28.8,   1.8,  27.67,  30.46,    16.06,  191.40,   52.54,  30.43, 2486.7,    0.74,  334.69,  364.99,  362.73,  345.52,  346.95,  346.14, 1461.03, 1518.41, 1482.70, 1467.32, 1460.36, 1455.66, 1540.25, 1536.42,  7270.1, 166,  GPS,   39.6, 110.85, 110.00, 119.450, 121.800,  0.000,       ,  22.15, -53.0,   10.9,   39.8,  -13.9,      1,   GPS,    ALT,   0.1,   0.5, -11.8, 3DDiff, 1852,      ,     14,  20.0,     21
2018-08-27, 17:03:21,  -04:00,    GON,   41.1682549,  -72.1567688,  7001.2, 30.02,  7374.6,  17.2, 143.82, 160.72,   -4.64,   0.53,   0.04,   0.00,  -0.01,  32.1,  39.8,  27.7,  28.8,   1.8,  27.69,  30.44,    16.05,  191.37,   52.57,  30.45, 2484.0,    0.74,  334.67,  364.99,  362.75,  345.49,  346.90,  346.14, 1460.42, 1517.98, 1483.60, 1466.09, 1459.51, 1455.22, 1539.63, 1535.89,  7270.7, 166,  GPS,   39.6, 110.85, 110.00, 119.450, 121.800,  0.000,       ,  22.17, -53.0,   10.8,   39.8,  -13.9,      1,   GPS,    ALT,   0.1,   0.5, -23.6, 3DDiff, 1852,      ,     14,  20.5,     20
2018-08-27, 17:03:22,  -04:00,    GON,   41.1689262,  -72.1563416,  7001.2, 30.02,  7374.3,  17.2, 143.80, 160.76,  -30.33,   0.57,  -0.01,   0.01,   0.00,  32.1,  39.8,  27.7,  28.8,   1.8,  27.70,  30.43,    16.02,  191.37,   52.50,  30.45, 2487.0,    0.74,  334.72,  364.95,  362.73,  345.48,  346.89,  346.13, 1460.18, 1519.21, 1483.50, 1464.98, 1460.17, 1455.36, 1539.85, 1535.88,  7270.4, 166,  GPS,   39.6, 110.85, 110.00, 119.450, 121.800,  0.001,       ,  22.18, -53.0,   10.8,   39.8,  -13.9,      1,   GPS,    ALT,   0.1,   0.6, -39.4, 3DDiff, 1852,      ,     13,  20.0,     20
2018-08-27, 17:03:23,  -04:00,    GON,   41.1695938,  -72.1559067,  7000.2, 30.02,  7373.6,  17.2, 143.76, 160.79,  -33.49,   0.64,  -0.05,  -0.00,   0.00,  32.0,  39.8,  27.7,  28.8,   1.8,  27.70,  30.42,    16.05,  191.36,   52.32,  30.44, 2484.4,    0.74,  334.73,  364.93,  362.70,  345.45,  346.84,  346.15, 1459.64, 1519.02, 1483.47, 1464.26, 1461.07, 1456.70, 1539.74, 1536.01,  7269.6, 166,  GPS,   39.6, 110.85, 110.00, 119.450, 121.800,  0.000,       ,  22.19, -53.0,   10.7,   39.8,  -13.9,      1,   GPS,    ALT,   0.1,   0.6, -35.4, 3DDiff, 1852,      ,     13,  19.5,     20
2018-08-27, 17:03:24,  -04:00,    GON,   41.1702652,  -72.1554794,  7000.2, 30.02,  7373.1,  17.2, 143.81, 160.79,  -25.84,   0.69,  -0.11,  -0.01,   0.00,  32.1,  39.8,  27.7,  28.8,   1.8,  27.71,  30.40,    16.04,  191.34,   52.42,  30.43, 2486.3,    0.74,  334.75,  364.90,  362.68,  345.40,  346.86,  346.10, 1459.90, 1517.68, 1483.01, 1464.00, 1461.72, 1457.68, 1539.37, 1536.15,  7269.2, 166,  GPS,   39.6, 110.85, 110.00, 119.450, 121.800,  0.001,       ,  22.21, -53.0,   10.7,   39.8,  -13.9,      1,   GPS,    ALT,   0.1,   0.7, -31.5, 3DDiff, 1852,      ,     14,  19.5,     20
2018-08-27, 17:03:25,  -04:00,    GON,   41.1709328,  -72.1550446,  6999.2, 30.02,  7372.8,  17.2, 143.49, 160.81,  -39.85,   0.70,  -0.05,  -0.00,   0.00,  32.1,  39.8,  27.7,  28.8,   1.8,  27.73,  30.36,    16.08,  191.35,   52.32,  30.46, 2486.2,    0.74,  334.76,  364.88,  362.67,  345.39,  346.86,  346.07, 1460.28, 1517.39, 1484.76, 1464.12, 1461.49, 1457.77, 1539.01, 1537.29,  7268.8, 166,  GPS,   39.6, 110.85, 110.00, 119.450, 121.800,  0.001,       ,  22.23, -53.1,   10.6,   39.8,  -13.9,      1,   GPS,    ALT,   0.1,   0.7, -27.6, 3DDiff, 1852,      ,     14,  20.0,     21
2018-08-27, 17:03:26,  -04:00,    GON,   41.1716003,  -72.1546097,  6999.2, 30.02,  7372.6,  17.2, 143.64, 160.79,  -34.27,   0.75,   0.02,   0.00,   0.01,  32.2,  39.8,  27.7,  28.8,   1.8,  27.78,  30.32,    16.06,  191.34,   52.27,  30.48, 2485.5,    0.74,  334.81,  364.85,  362.64,  345.37,  346.86,  346.07, 1460.58, 1517.75, 1485.18, 1465.47, 1461.70, 1458.34, 1539.78, 1537.15,  7268.7, 166,  GPS,   39.6, 110.85, 110.00, 119.450, 121.800,  0.000,       ,  22.25, -53.1,   10.6,   39.8,  -13.9,      1,   GPS,    ALT,   0.1,   0.7, -15.7, 3DDiff, 1852,      ,     14,  20.0,     21
2018-08-27, 17:03:27,  -04:00,    GON,   41.1722755,  -72.1541824,  6999.2, 30.02,  7371.2,  17.2, 143.51, 160.78,  -15.09,   0.74,   0.07,  -0.00,  -0.00,  32.2,  39.8,  27.7,  28.8,   1.8,  27.82,  30.28,    16.09,  191.36,   52.64,  30.44, 2486.9,    0.74,  334.82,  364.83,  362.63,  345.33,  346.89,  346.04, 1459.21, 1517.33, 1485.08, 1466.54, 1461.22, 1458.27, 1540.37, 1536.24,  7267.3, 166,  GPS,   39.6, 110.85, 110.00, 119.450, 121.800,  0.000,       ,  22.26, -53.2,   10.5,   39.8,  -13.9,      1,   GPS,    ALT,   0.1,   0.8,  -7.9, 3DDiff, 1852,      ,     14,  20.5,     20
2018-08-27, 17:03:28,  -04:00,    GON,   41.1729393,  -72.1537552,  6999.2, 30.02,  7370.7,  17.2, 143.42, 160.78,  -18.82,   0.77,   0.08,   0.00,   0.00,  32.2,  39.8,  27.7,  28.8,   1.8,  27.86,  30.26,    16.01,  191.35,   52.53,  30.45, 2485.6,    0.74,  334.87,  364.81,  362.58,  345.30,  346.95,  346.00, 1460.76, 1516.02, 1484.51, 1465.35, 1462.03, 1458.54, 1539.11, 1537.19,  7266.8, 166,  GPS,   39.6, 110.85, 110.00, 119.450, 121.800,  0.001,       ,  22.28, -53.2,   10.5,   39.8,  -13.9,      1,   GPS,    ALT,   0.1,   0.8,  -3.9, 3DDiff, 1852,      ,     13,  20.0,     20
2018-08-27, 17:03:29,  -04:00,    GON,   41.1736107,  -72.1533279,  6999.2, 30.02,  7370.3,  17.2, 143.37, 160.76,  -11.12,   0.79,   0.04,   0.00,   0.01,  32.3,  39.8,  27.7,  28.8,   1.8,  27.88,  30.24,    16.03,  191.33,   52.58,  30.45, 2487.6,    0.74,  334.91,  364.76,  362.57,  345.27,  347.04,  345.95, 1460.24, 1516.06, 1485.08, 1466.02, 1462.72, 1459.39, 1539.82, 1537.39,  7266.4, 166,  GPS,   39.6, 110.85, 110.00, 119.450, 121.800,  0.001,       ,  22.29, -53.3,   10.5,   39.8,  -13.9,      1,   GPS,    ALT,   0.1,   0.8,   7.9, 3DDiff, 1852,      ,     13,  19.5,     20
2018-08-27, 17:03:30,  -04:00,    GON,   41.1742821,  -72.1528931,  7000.2, 30.02,  7370.6,  17.2, 143.48, 160.78,    8.31,   0.78,   0.08,  -0.00,   0.00,  32.3,  39.8,  27.7,  28.8,   1.8,  27.88,  30.24,    16.07,  191.31,   52.32,  30.46, 2485.5,    0.74,  334.92,  364.74,  362.54,  345.25,  347.13,  345.89, 1459.20, 1515.61, 1484.17, 1464.44, 1463.41, 1459.04, 1538.90, 1536.85,  7266.7, 166,  GPS,   39.6, 110.85, 110.00, 119.450, 121.800,  0.001,       ,  22.29, -53.4,   10.4,   39.8,  -13.9,      1,   GPS,    ALT,   0.1,   0.8,  23.6, 3DDiff, 1852,      ,     14,  19.5,     20
2018-08-27, 17:03:31,  -04:00,    GON,   41.1749496,  -72.1524658,  7001.2, 30.02,  7371.0,  17.2, 143.51, 160.76,   24.45,   0.68,   0.02,   0.00,  -0.01,  32.3,  39.8,  27.7,  28.8,   1.8,  27.88,  30.24,    16.05,  191.31,   52.41,  30.46, 2485.2,    0.74,  334.96,  364.74,  362.54,  345.22,  347.26,  345.88, 1459.23, 1514.42, 1483.93, 1464.46, 1463.67, 1458.51, 1537.92, 1536.98,  7267.1, 166,  GPS,   39.6, 110.85, 110.00, 119.450, 121.800,  0.001,       ,  22.30, -53.4,   10.4,   39.8,  -13.9,      1,   GPS,    ALT,   0.1,   0.7,  31.5, 3DDiff, 1852,      ,     14,  20.0,     21
2018-08-27, 17:03:32,  -04:00,    GON,   41.1756210,  -72.1520309,  7000.2, 30.02,  7371.2,  17.2, 143.45, 160.78,   -2.01,   0.66,   0.07,   0.00,   0.00,  32.3,  39.8,  27.7,  28.8,   1.8,  27.87,  30.24,    16.03,  191.31,   52.32,  30.44, 2485.1,    0.74,  335.02,  364.71,  362.51,  345.22,  347.43,  345.83, 1459.64, 1514.04, 1483.52, 1465.57, 1463.54, 1457.88, 1538.26, 1537.03,  7267.2, 166,  GPS,   39.6, 110.85, 110.00, 119.450, 121.800,  0.001,       ,  22.30, -53.5,   10.3,   39.8,  -13.9,      1,   GPS,    ALT,   0.1,   0.7,  23.6, 3DDiff, 1852,      ,     14,  20.0,     21
2018-08-27, 17:03:33,  -04:00,    GON,   41.1762924,  -72.1515961,  7000.2, 30.02,  7372.9,  17.2, 143.67, 160.78,   -3.78,   0.68,   0.08,   0.00,   0.01,  32.3,  39.9,  27.7,  28.8,   1.8,  27.86,  30.25,    16.05,  191.29,   52.29,  30.45, 2486.2,    0.74,  335.05,  364.66,  362.51,  345.19,  347.58,  345.79, 1459.20, 1516.22, 1484.59, 1465.92, 1462.99, 1457.67, 1539.68, 1536.80,  7268.9, 166,  GPS,   39.6, 110.85, 110.00, 119.450, 121.800,  0.001,       ,  22.29, -53.6,   10.3,   39.8,  -13.9,      1,   GPS,    ALT,   0.1,   0.7,  19.7, 3DDiff, 1852,      ,     14,  20.5,     20
2018-08-27, 17:03:34,  -04:00,    GON,   41.1769562,  -72.1511688,  7000.2, 30.02,  7373.7,  17.2, 143.75, 160.79,    7.40,   0.58,   0.00,  -0.00,  -0.01,  32.2,  39.9,  27.7,  28.8,   1.8,  27.85,  30.26,    16.06,  191.26,   52.36,  30.45, 2486.0,    0.74,  335.12,  364.63,  362.48,  345.15,  347.74,  345.81, 1458.56, 1516.95, 1484.82, 1464.85, 1464.11, 1457.29, 1539.26, 1537.34,  7269.8, 166,  GPS,   39.6, 110.85, 110.00, 119.450, 121.800,  0.001,       ,  22.29, -53.7,   10.2,   39.8,  -13.9,      1,   GPS,    ALT,   0.0,   0.6,  31.5, 3DDiff, 1852,      ,     13,  20.0,     20
2018-08-27, 17:03:35,  -04:00,    GON,   41.1776314,  -72.1507339,  7002.2, 30.02,  7375.0,  17.2, 143.84, 160.81,   14.85,   0.57,  -0.08,   0.00,  -0.01,  32.2,  39.9,  27.7,  28.8,   1.8,  27.83,  30.27,    16.10,  191.27,   52.56,  30.46, 2486.0,    0.74,  335.18,  364.62,  362.48,  345.12,  347.88,  345.76, 1459.39, 1516.11, 1484.48, 1463.82, 1464.39, 1457.18, 1538.36, 1537.80,  7271.1, 166,  GPS,   39.6, 110.85, 110.00, 119.450, 121.800,  0.000,       ,  22.28, -53.7,   10.2,   39.8,  -13.9,      1,   GPS,    ALT,   0.0,   0.6,  19.7, 3DDiff, 1852,      ,     13,  19.5,     20
2018-08-27, 17:03:36,  -04:00,    GON,   41.1782990,  -72.1502991,  7002.2, 30.02,  7375.5,  17.2, 143.82, 160.83,   19.35,   0.52,   0.01,   0.00,  -0.00,  32.2,  39.9,  27.7,  28.8,   1.8,  27.82,  30.28,    16.03,  191.25,   52.43,  30.42, 2486.6,    0.74,  335.24,  364.59,  362.45,  345.10,  348.01,  345.74, 1459.24, 1515.41, 1484.52, 1464.34, 1464.41, 1456.95, 1538.44, 1537.49,  7271.6, 166,  GPS,   39.6, 110.85, 110.00, 119.450, 121.800,  0.001,       ,  22.28, -53.8,   10.1,   39.8,  -13.9,      1,   GPS,    ALT,   0.0,   0.5,  19.7, 3DDiff, 1852,      ,     14,  19.5,     20
2018-08-27, 17:03:37,  -04:00,    GON,   41.1789703,  -72.1498718,  7001.2, 30.02,  7375.8,  17.2, 143.91, 160.87,    3.88,   0.49,  -0.01,  -0.00,   0.00,  32.1,  39.9,  27.7,  28.8,   1.8,  27.81,  30.29,    16.04,  191.24,   52.04,  30.48, 2485.1,    0.74,  335.30,  364.57,  362.43,  345.09,  348.13,  345.76, 1459.60, 1516.12, 1484.00, 1464.81, 1464.36, 1458.07, 1539.18, 1537.58,  7271.9, 166,  GPS,   39.6, 110.85, 110.00, 119.450, 121.800,  0.001,       ,  22.28, -53.9,   10.1,   39.8,  -13.9,      1,   GPS,    ALT,  -0.0,   0.5,   7.9, 3DDiff, 1852,      ,     14,  20.0,     21
2018-08-27, 17:03:38,  -04:00,    GON,   41.1796379,  -72.1494370,  7002.2, 30.02,  7376.1,  17.2, 143.96, 160.93,    7.57,   0.53,  -0.02,  -0.00,  -0.00,  32.1,  39.9,  27.7,  28.8,   1.8,  27.80,  30.29,    16.10,  191.23,   52.30,  30.45, 2485.3,    0.74,  335.36,  364.56,  362.39,  345.07,  348.20,  345.71, 1459.65, 1516.68, 1483.99, 1464.46, 1464.12, 1457.51, 1539.27, 1537.20,  7272.1, 166,  GPS,   39.6, 110.85, 110.00, 119.450, 121.800,  0.000,       ,  22.28, -53.9,   10.1,   39.8,  -13.9,      1,   GPS,    ALT,  -0.0,   0.5,   3.9, 3DDiff, 1852,      ,     14,  20.0,     21
2018-08-27, 17:03:39,  -04:00,    GON,   41.1803093,  -72.1490021,  7002.2, 30.02,  7374.9,  17.2, 143.97, 160.97,    1.55,   0.53,  -0.05,   0.00,  -0.00,  32.1,  39.9,  27.7,  28.8,   1.8,  27.78,  30.29,    16.08,  191.22,   52.50,  30.44, 2486.6,    0.74,  335.43,  364.53,  362.36,  345.03,  348.32,  345.72, 1459.77, 1517.18, 1484.13, 1465.82, 1464.84, 1457.26, 1539.75, 1537.12,  7270.9, 166,  GPS,   39.6, 110.85, 110.00, 119.450, 121.800,  0.000,       ,  22.28, -54.0,   10.0,   39.8,  -13.9,      1,   GPS,    ALT,  -0.0,   0.5,   3.9, 3DDiff, 1852,      ,     14,  20.5,     20
2018-08-27, 17:03:40,  -04:00,    GON,   41.1809769,  -72.1485748,  7002.2, 30.02,  7374.5,  17.2, 143.88, 161.01,   -7.08,   0.54,  -0.05,  -0.00,   0.00,  32.2,  39.9,  27.7,  28.8,   1.8,  27.78,  30.28,    16.01,  191.21,   52.66,  30.43, 2485.9,    0.74,  335.51,  364.49,  362.33,  345.01,  348.36,  345.69, 1459.73, 1516.75, 1483.95, 1465.55, 1464.23, 1458.33, 1539.41, 1536.62,  7270.6, 166,  GPS,   39.6, 110.85, 110.00, 119.450, 121.800,  0.000,       ,  22.29, -54.0,   10.0,   39.8,  -13.9,      1,   GPS,    ALT,  -0.0,   0.5,   0.0, 3DDiff, 1852,      ,     13,  20.0,     20
2018-08-27, 17:03:41,  -04:00,    GON,   41.1816444,  -72.1481323,  7001.2, 30.02,  7373.5,  17.2, 143.85, 161.07,   -9.08,   0.52,  -0.09,  -0.00,  -0.00,  32.2,  39.9,  27.7,  28.8,   1.8,  27.79,  30.26,    16.07,  191.19,   52.51,  30.49, 2485.3,    0.74,  335.58,  364.47,  362.27,  344.99,  348.40,  345.64, 1459.84, 1517.60, 1484.37, 1466.25, 1464.08, 1458.58, 1540.50, 1537.14,  7269.6, 166,  GPS,   39.6, 110.85, 110.00, 119.450, 121.800,  0.000,       ,  22.30, -54.1,    9.9,   39.8,  -13.9,      1,   GPS,    ALT,  -0.0,   0.5,   3.9, 3DDiff, 1852,      ,     13,  19.5,     20
2018-08-27, 17:03:42,  -04:00,    GON,   41.1823196,  -72.1477051,  7001.2, 30.02,  7373.3,  17.2, 143.75, 161.11,  -13.17,   0.52,  -0.08,   0.00,  -0.01,  32.3,  39.9,  27.7,  28.8,   1.8,  27.81,  30.25,    16.12,  191.17,   52.51,  30.44, 2486.7,    0.74,  335.61,  364.45,  362.23,  344.97,  348.45,  345.62, 1459.39, 1517.30, 1484.10, 1467.82, 1464.15, 1458.92, 1540.89, 1536.78,  7269.4, 166,  GPS,   39.6, 110.85, 110.00, 119.450, 121.800,  0.000,       ,  22.31, -54.1,    9.9,   39.8,  -13.9,      1,   GPS,    ALT,  -0.0,   0.5,   0.0, 3DDiff, 1852,      ,     14,  20.0,     20
2018-08-27, 17:03:43,  -04:00,    GON,   41.1829872,  -72.1472702,  7001.2, 30.02,  7373.2,  17.2, 143.67, 161.16,   -9.88,   0.53,  -0.03,   0.00,   0.01,  32.3,  39.9,  27.7,  28.8,   1.8,  27.82,  30.24,    16.02,  191.13,   52.51,  30.46, 2484.1,    0.74,  335.72,  364.44,  362.18,  344.95,  348.50,  345.58, 1460.38, 1516.82, 1484.83, 1468.56, 1463.47, 1460.08, 1541.12, 1537.32,  7269.3, 166,  GPS,   39.6, 110.85, 110.00, 119.450, 121.800,  0.000,       ,  22.32, -54.2,    9.8,   39.8,  -13.9,      1,   GPS,    ALT,  -0.0,   0.5,   3.9, 3DDiff, 1852,      ,     14,  20.0,     21
2018-08-27, 17:03:44,  -04:00,    GON,   41.1836624,  -72.1468353,  7001.2, 30.02,  7373.1,  17.2, 143.68, 161.22,  -19.76,   0.52,   0.03,  -0.00,  -0.00,  32.3,  39.9,  27.7,  28.8,   1.8,  27.84,  30.22,    16.04,  191.10,   52.48,  30.45, 2483.2,    0.74,  335.76,  364.41,  362.11,  344.91,  348.51,  345.58, 1460.74, 1516.25, 1483.88, 1467.72, 1463.83, 1459.72, 1540.21, 1537.16,  7269.2, 166,  GPS,   39.6, 110.85, 110.00, 119.450, 121.800,  0.000,       ,  22.33, -54.3,    9.8,   39.8,  -13.9,      1,   GPS,    ALT,  -0.0,   0.5,   3.9, 3DDiff, 1852,      ,     14,  20.0,     21
2018-08-27, 17:03:45,  -04:00,    GON,   41.1843338,  -72.1464081,  7001.2, 30.02,  7374.7,  17.2, 143.60, 161.28,   -3.74,   0.51,  -0.03,   0.00,  -0.01,  32.3,  39.9,  27.7,  28.8,   1.8,  27.85,  30.21,    16.04,  191.09,   52.56,  30.46, 2483.3,    0.74,  335.82,  364.39,  362.05,  344.88,  348.51,  345.55, 1461.08, 1515.21, 1484.33, 1466.99, 1463.51, 1459.39, 1539.80, 1537.61,  7270.7, 166,  GPS,   39.6, 110.85, 110.00, 119.450, 121.800,  0.000,       ,  22.34, -54.3,    9.7,   39.8,  -13.9,      1,   GPS,    ALT,  -0.0,   0.5,   7.9, 3DDiff, 3704,      ,     14,  21.0,     20
2018-08-27, 17:03:46,  -04:00,    GON,   41.1850014,  -72.1459732,  7002.2, 30.02,  7375.1,  17.2, 143.49, 161.36,   -0.48,   0.49,  -0.09,   0.01,   0.00,  32.3,  39.9,  27.7,  28.8,   1.8,  27.85,  30.20,    16.08,  191.09,   52.53,  30.45, 2485.7,    0.74,  335.87,  364.37,  362.00,  344.85,  348.48,  345.52, 1460.74, 1516.23, 1483.41, 1466.67, 1463.20, 1458.75, 1540.00, 1536.75,  7271.1, 166,  GPS,   39.6, 110.85, 110.00, 119.450, 121.800,  0.000,       ,  22.34, -54.4,    9.7,   39.8,  -13.9,      1,   GPS,    ALT,  -0.0,   0.5,   3.9, 3DDiff, 3704,      ,     13,  20.0,     20
2018-08-27, 17:03:47,  -04:00,    GON,   41.1856766,  -72.1455307,  7002.2, 30.02,  7375.6,  17.2, 143.48, 161.44,    8.01,   0.45,  -0.03,   0.00,  -0.00,  32.4,  39.9,  27.7,  28.8,   1.8,  27.84,  30.19,    16.05,  191.08,   52.24,  30.48, 2485.8,    0.74,  335.90,  364.35,  361.94,  344.84,  348.48,  345.49, 1460.12, 1516.95, 1483.87, 1467.56, 1462.59, 1457.59, 1540.23, 1536.50,  7271.6, 166,  GPS,   39.6, 110.85, 110.00, 119.450, 121.800, -0.000,       ,  22.35, -54.4,    9.7,   39.8,  -13.9,      1,   GPS,    ALT,  -0.0,   0.5,   0.0, 3DDiff, 3704,      ,     14,  20.0,     20
2018-08-27, 17:03:48,  -04:00,    GON,   41.1863441,  -72.1451035,  7003.2, 30.02,  7375.5,  17.2, 143.39, 161.55,   18.10,   0.36,   0.00,  -0.00,   0.00,  32.4,  39.9,  27.7,  28.8,   1.8,  27.85,  30.17,    16.06,  191.10,   52.25,  30.44, 2484.4,    0.74,  335.94,  364.32,  361.90,  344.79,  348.45,  345.46, 1459.40, 1517.97, 1483.43, 1466.83, 1461.57, 1457.35, 1540.33, 1535.82,  7271.6, 166,  GPS,   39.6, 110.85, 110.00, 119.450, 121.800,  0.000,       ,  22.34, -54.5,    9.6,   39.9,  -13.9,      1,   GPS,    ALT,  -0.0,   0.4, -11.8, 3DDiff, 3704,      ,     13,  20.0,     20
2018-08-27, 17:03:49,  -04:00,    GON,   41.1870232,  -72.1446686,  7002.2, 30.02,  7375.2,  17.2, 143.43, 161.69,   -6.76,   0.36,   0.04,   0.00,  -0.01,  32.4,  39.9,  27.7,  28.8,   1.8,  27.86,  30.16,    16.03,  191.08,   52.35,  30.47, 2486.1,    0.74,  335.98,  364.29,  361.84,  344.79,  348.42,  345.46, 1459.95, 1518.30, 1484.14, 1467.04, 1461.50, 1457.95, 1540.72, 1536.34,  7271.3, 166,  GPS,   39.6, 110.85, 110.00, 119.450, 121.800, -0.000,       ,  22.33, -54.6,    9.6,   39.9,  -13.9,      1,   GPS,    ALT,  -0.0,   0.4, -23.6, 3DDiff, 3704,      ,     14,  20.0,     21
2018-08-27, 17:03:50,  -04:00,    GON,   41.1876945,  -72.1442261,  7001.2, 30.02,  7375.0,  17.2, 143.65, 161.83,  -21.30,   0.38,   0.00,   0.00,   0.01,  32.4,  39.9,  27.7,  28.8,   1.8,  27.85,  30.16,    16.07,  191.08,   52.30,  30.47, 2483.9,    0.74,  336.01,  364.28,  361.76,  344.75,  348.38,  345.40, 1460.66, 1517.53, 1484.56, 1467.01, 1460.99, 1458.32, 1540.46, 1536.91,  7271.0, 166,  GPS,   39.6, 110.85, 110.00, 119.450, 121.800, -0.000,       ,  22.32, -54.7,    9.5,   39.9,  -13.9,      1,   GPS,    ALT,  -0.0,   0.4, -19.7, 3DDiff, 3704,      ,     14,  20.0,     21
2018-08-27, 17:03:51,  -04:00,    GON,   41.1883698,  -72.1437912,  7001.2, 30.02,  7373.5,  17.2, 143.86, 161.94,  -23.35,   0.45,  -0.04,  -0.00,   0.00,  32.4,  40.0,  27.7,  28.8,   1.8,  27.84,  30.18,    16.12,  191.06,   52.34,  30.50, 2483.3,    0.74,  336.04,  364.23,  361.72,  344.70,  348.33,  345.39, 1459.56, 1517.72, 1484.68, 1466.71, 1461.67, 1457.68, 1540.38, 1536.72,  7269.6, 166,  GPS,   39.6, 110.85, 110.00, 119.450, 121.800, -0.000,       ,  22.30, -54.8,    9.5,   39.9,  -13.9,      1,   GPS,    ALT,  -0.0,   0.4, -11.8, 3DDiff, 3704,      ,     14,  20.5,     20
2018-08-27, 17:03:52,  -04:00,    GON,   41.1890411,  -72.1433563,  7000.2, 30.02,  7373.2,  17.2, 143.84, 162.02,  -46.67,   0.51,  -0.02,  -0.00,  -0.01,  32.4,  40.0,  27.7,  28.8,   1.8,  27.82,  30.20,    16.09,  191.06,   52.52,  30.48, 2486.4,    0.74,  336.07,  364.20,  361.66,  344.67,  348.30,  345.34, 1460.67, 1517.43, 1484.36, 1467.45, 1462.43, 1458.40, 1540.76, 1537.66,  7269.3, 166,  GPS,   39.6, 110.85, 110.00, 119.450, 121.800, -0.000,       ,  22.28, -54.9,    9.4,   39.9,  -13.9,      1,   GPS,    ALT,  -0.0,   0.4,   0.0, 3DDiff, 3704,      ,     14,  20.0,     20
2018-08-27, 17:03:53,  -04:00,    GON,   41.1897163,  -72.1429214,  7000.2, 30.02,  7373.7,  17.2, 143.80, 162.10,  -35.36,   0.55,  -0.13,   0.00,   0.01,  32.3,  40.0,  27.7,  28.8,   1.8,  27.80,  30.21,    16.03,  191.03,   52.55,  30.48, 2486.7,    0.74,  336.07,  364.17,  361.60,  344.66,  348.21,  345.30, 1458.81, 1517.65, 1484.58, 1468.54, 1461.76, 1457.93, 1540.58, 1536.40,  7269.8, 166,  GPS,   39.6, 110.85, 110.00, 119.450, 121.800, -0.000,       ,  22.26, -55.0,    9.4,   39.9,  -13.9,      1,   GPS,    ALT,  -0.1,   0.5,  11.8, 3DDiff, 3704,      ,     14,  19.5,     20
2018-08-27, 17:03:54,  -04:00,    GON,   41.1903839,  -72.1424866,  7001.2, 30.02,  7374.0,  17.2, 143.75, 162.16,   -1.18,   0.51,  -0.16,   0.00,  -0.01,  32.4,  40.0,  27.7,  28.8,   1.8,  27.79,  30.20,    16.07,  191.04,   52.67,  30.50, 2487.1,    0.74,  336.09,  364.13,  361.56,  344.63,  348.17,  345.27, 1458.99, 1517.97, 1484.23, 1468.60, 1463.35, 1458.10, 1541.06, 1536.56,  7270.1, 166,  GPS,   39.6, 110.85, 110.00, 119.450, 121.800, -0.000,       ,  22.25, -55.1,    9.3,   39.9,  -13.9,      1,   GPS,    ALT,  -0.1,   0.5,  15.7, 3DDiff, 3704,      ,     14,  19.5,     20
2018-08-27, 17:03:55,  -04:00,    GON,   41.1910629,  -72.1420441,  7000.2, 30.02,  7374.0,  17.2, 143.54, 162.23,  -15.45,   0.49,  -0.13,  -0.00,  -0.01,  32.5,  39.9,  27.7,  28.8,   1.8,  27.80,  30.19,    16.09,  191.01,   52.58,  30.47, 2486.1,    0.74,  336.12,  364.10,  361.51,  344.60,  348.13,  345.25, 1458.90, 1517.74, 1484.45, 1468.45, 1462.92, 1457.03, 1540.55, 1537.13,  7270.0, 166,  GPS,   39.6, 110.85, 110.00, 119.450, 121.800, -0.001,       ,  22.23, -55.2,    9.3,   39.9,  -13.9,      1,   GPS,    ALT,  -0.1,   0.5,   3.9, 3DDiff, 3704,      ,     14,  20.0,     21
2018-08-27, 17:03:56,  -04:00,    GON,   41.1917381,  -72.1416092,  7000.2, 30.02,  7373.8,  17.2, 143.69, 162.29,  -14.82,   0.57,  -0.07,   0.00,  -0.00,  32.5,  39.9,  27.7,  28.8,   1.8,  27.83,  30.16,    16.08,  190.99,   52.54,  30.48, 2486.5,    0.74,  336.09,  364.09,  361.44,  344.54,  348.05,  345.22, 1459.53, 1518.08, 1483.68, 1467.78, 1463.31, 1457.36, 1540.52, 1536.98,  7269.9, 166,  GPS,   39.6, 110.85, 110.00, 119.450, 121.800, -0.001,       ,  22.21, -55.3,    9.3,   39.9,  -13.9,      1,   GPS,    ALT,  -0.1,   0.5,   0.0, 3DDiff, 3704,      ,     14,  20.5,     21
2018-08-27, 17:03:57,  -04:00,    GON,   41.1924133,  -72.1411743,  7002.2, 30.02,  7375.4,  17.2, 143.73, 162.37,   23.67,   0.51,  -0.01,   0.00,   0.00,  32.5,  39.9,  27.7,  28.8,   1.8,  27.85,  30.14,    16.06,  191.00,   52.44,  30.49, 2485.3,    0.74,  336.10,  364.04,  361.38,  344.51,  347.99,  345.18, 1459.32, 1517.30, 1482.57, 1467.38, 1462.54, 1456.53, 1540.05, 1535.89,  7271.5, 166,  GPS,   39.6, 110.85, 110.00, 119.450, 121.800, -0.000,       ,  22.19, -55.5,    9.2,   39.9,  -13.9,      1,   GPS,    ALT,  -0.0,   0.5,   7.9, 3DDiff, 3704,      ,     14,  21.0,     20
2018-08-27, 17:03:58,  -04:00,    GON,   41.1930923,  -72.1407394,  7001.2, 30.02,  7375.5,  17.0, 143.63, 162.45,    3.67,   0.45,  -0.03,  -0.00,  -0.01,  32.5,  39.9,  27.7,  28.8,   1.8,  27.85,  30.13,    16.06,  190.97,   52.30,  30.46, 2485.7,    0.74,  336.09,  364.03,  361.35,  344.48,  347.91,  345.15, 1459.33, 1517.59, 1482.27, 1466.46, 1462.88, 1456.83, 1540.27, 1535.71,  7271.6, 166,  GPS,   39.6, 110.85, 110.00, 119.450, 121.800, -0.000,       ,  22.17, -55.6,    9.2,   39.9,  -13.9,      1,   GPS,    ALT,  -0.0,   0.5,   3.9, 3DDiff, 3704,      ,     14,  20.0,     20
2018-08-27, 17:03:59,  -04:00,    GON,   41.1937714,  -72.1403046,  7000.2, 30.02,  7374.5,  17.0, 143.52, 162.56,  -21.71,   0.49,  -0.01,  -0.00,  -0.00,  32.4,  39.9,  27.7,  28.8,   1.8,  27.85,  30.13,    16.08,  190.96,   52.61,  30.48, 2485.1,    0.74,  336.06,  364.01,  361.29,  344.44,  347.84,  345.16, 1460.09, 1517.41, 1482.74, 1465.73, 1462.73, 1457.04, 1540.01, 1537.03,  7270.6, 166,  GPS,   39.6, 110.85, 110.00, 119.450, 121.800, -0.000,       ,  22.15, -55.8,    9.1,   39.9,  -13.9,      1,   GPS,    ALT,  -0.0,   0.5, -11.8, 3DDiff, 3704,      ,     14,  20.0,     20
2018-08-27, 17:04:00,  -04:00,    GON,   41.1944466,  -72.1398621,  7000.2, 30.02,  7374.3,  17.0, 143.50, 162.66,  -36.09,   0.52,  -0.05,   0.01,   0.00,  32.4,  39.9,  27.7,  28.8,   1.8,  27.83,  30.14,    16.03,  190.94,   52.51,  30.45, 2486.6,    0.74,  336.04,  363.96,  361.23,  344.43,  347.76,  345.15, 1460.50, 1516.83, 1483.05, 1464.57, 1462.68, 1458.11, 1539.56, 1537.27,  7270.3, 166,  GPS,   39.6, 110.85, 110.00, 119.450, 121.800, -0.000,       ,  22.12, -55.9,    9.1,   39.9,  -13.9,      1,   GPS,    ALT,  -0.0,   0.5, -11.8, 3DDiff, 3704,      ,     14,  20.0,     20
2018-08-27, 17:04:01,  -04:00,    GON,   41.1951180,  -72.1394272,  7001.2, 30.02,  7374.2,  17.0, 143.66, 162.74,  -10.75,   0.59,  -0.07,   0.00,   0.01,  32.3,  39.9,  27.7,  28.8,   1.8,  27.82,  30.15,    16.09,  190.91,   52.31,  30.49, 2484.0,    0.74,  336.04,  363.93,  361.23,  344.41,  347.69,  345.15, 1460.14, 1517.55, 1483.38, 1463.93, 1462.15, 1459.39, 1540.02, 1537.28,  7270.2, 166,  GPS,   39.6, 110.85, 110.00, 119.450, 121.800, -0.000,       ,  22.09, -56.1,    9.0,   39.9,  -13.9,      1,   GPS,    ALT,  -0.0,   0.6,  -3.9, 3DDiff, 3704,      ,     14,  20.0,     21
2018-08-27, 17:04:02,  -04:00,    GON,   41.1958008,  -72.1389923,  6999.2, 30.02,  7374.2,  17.0, 143.63, 162.80,  -20.19,   0.62,  -0.13,  -0.00,   0.00,  32.4,  39.9,  27.7,  28.8,   1.8,  27.80,  30.15,    16.02,  190.91,   52.36,  30.47, 2484.1,    0.74,  336.01,  363.90,  361.17,  344.36,  347.59,  345.12, 1459.94, 1518.20, 1483.86, 1462.84, 1462.74, 1459.16, 1539.65, 1536.97,  7270.3, 166,  GPS,   39.6, 110.85, 110.00, 119.450, 121.800, -0.000,       ,  22.06, -56.2,    9.0,   39.9,  -13.9,      1,   GPS,    ALT,  -0.0,   0.6,   0.0, 3DDiff, 3704,      ,     14,  20.5,     21
2018-08-27, 17:04:03,  -04:00,    GON,   41.1964760,  -72.1385498,  6999.2, 30.02,  7372.9,  17.0, 143.70, 162.82,  -20.17,   0.66,  -0.12,   0.00,  -0.00,  32.4,  39.9,  27.7,  28.8,   1.8,  27.80,  30.14,    15.99,  190.90,   52.52,  30.46, 2486.3,    0.74,  335.98,  363.88,  361.13,  344.35,  347.53,  345.10, 1459.81, 1517.69, 1483.60, 1464.07, 1462.06, 1458.92, 1539.46, 1536.42,  7269.0, 166,  GPS,   39.6, 110.85, 110.00, 119.450, 121.800, -0.000,       ,  22.03, -56.4,    8.9,   39.9,  -13.9,      1,   GPS,    ALT,  -0.0,   0.6,   3.9, 3DDiff, 3704,      ,     14,  21.0,     20
2018-08-27, 17:04:04,  -04:00,    GON,   41.1971512,  -72.1381073,  7000.2, 30.02,  7372.8,  17.0, 143.84, 162.84,   -8.60,   0.71,  -0.04,   0.01,   0.01,  32.5,  39.9,  27.7,  28.8,   1.8,  27.82,  30.13,    16.10,  190.90,   52.46,  30.45, 2486.4,    0.74,  335.95,  363.86,  361.08,  344.31,  347.44,  345.08, 1459.21, 1517.96, 1482.71, 1464.55, 1462.01, 1458.99, 1540.17, 1535.83,  7268.8, 166,  GPS,   39.6, 110.85, 110.00, 119.450, 121.800, -0.001,       ,  22.01, -56.6,    8.9,   39.9,  -13.9,      1,   GPS,    ALT,  -0.0,   0.7,   3.9, 3DDiff, 3704,      ,     14,  20.0,     20
2018-08-27, 17:04:05,  -04:00,    GON,   41.1978302,  -72.1376724,  7000.2, 30.02,  7373.3,  17.0, 143.80, 162.87,    4.56,   0.68,  -0.03,  -0.00,  -0.00,  32.4,  39.9,  27.7,  28.8,   1.8,  27.84,  30.11,    16.09,  190.88,   52.43,  30.51, 2484.2,    0.74,  335.92,  363.85,  361.07,  344.30,  347.36,  345.06, 1459.71, 1518.40, 1483.54, 1464.49, 1462.30, 1459.09, 1540.12, 1536.45,  7269.4, 166,  GPS,   39.6, 110.85, 110.00, 119.450, 121.800, -0.001,       ,  21.98, -56.8,    8.8,   39.9,  -13.9,      1,   GPS,    ALT,  -0.0,   0.7,   7.9, 3DDiff, 3704,      ,     14,  20.0,     20
2018-08-27, 17:04:06,  -04:00,    GON,   41.1985092,  -72.1372375,  7001.2, 30.02,  7373.3,  17.0, 143.89, 162.87,    7.43,   0.67,   0.02,   0.00,  -0.00,  32.4,  39.9,  27.7,  28.8,   1.8,  27.85,  30.10,    16.05,  190.88,   52.67,  30.49, 2485.8,    0.74,  335.91,  363.80,  361.06,  344.27,  347.29,  345.05, 1459.67, 1517.34, 1483.51, 1466.00, 1463.07, 1459.70, 1540.83, 1536.67,  7269.4, 166,  GPS,   39.6, 110.85, 110.00, 119.450, 121.800, -0.001,       ,  21.95, -56.9,    8.8,   39.9,  -13.9,      1,   GPS,    ALT,  -0.0,   0.7,   3.9, 3DDiff, 3704,      ,     14,  20.0,     20
2018-08-27, 17:04:07,  -04:00,    GON,   41.1991844,  -72.1367950,  7000.2, 30.02,  7373.3,  17.0, 144.02, 162.89,   -2.76,   0.65,   0.01,   0.00,   0.00,  32.4,  39.9,  27.7,  28.8,   1.8,  27.84,  30.10,    16.16,  190.86,   52.67,  30.49, 2486.9,    0.75,  335.85,  363.79,  361.04,  344.24,  347.18,  345.00, 1459.25, 1517.22, 1483.76, 1467.11, 1463.43, 1459.24, 1540.95, 1536.76,  7269.3, 166,  GPS,   39.6, 110.85, 110.00, 119.450, 121.800, -0.001,       ,  21.93, -57.1,    8.8,   39.9,  -13.9,      1,   GPS,    ALT,  -0.0,   0.7,   0.0, 3DDiff, 3704,      ,     14,  20.0,     21
2018-08-27, 17:04:08,  -04:00,    GON,   41.1998672,  -72.1363602,  7000.2, 30.02,  7373.3,  17.0, 144.29, 162.91,   -1.35,   0.64,  -0.04,   0.00,   0.00,  32.4,  39.9,  27.7,  28.8,   1.8,  27.82,  30.11,    16.07,  190.85,   52.61,  30.52, 2483.7,    0.74,  335.82,  363.74,  361.01,  344.21,  347.11,  345.00, 1459.57, 1516.39, 1483.40, 1468.54, 1463.54, 1458.50, 1540.94, 1536.89,  7269.4, 167,  GPS,   39.6, 110.85, 110.00, 119.450, 121.800, -0.001,       ,  21.91, -57.3,    8.7,   39.9,  -13.9,      1,   GPS,    ALT,  -0.0,   0.6,   3.9, 3DDiff, 3704,      ,     14,  20.5,     21
2018-08-27, 17:04:09,  -04:00,    GON,   41.2005424,  -72.1359253,  7000.2, 30.02,  7374.8,  17.0, 144.44, 162.93,  -19.92,   0.65,  -0.08,   0.00,   0.00,  32.3,  39.9,  27.7,  28.8,   1.8,  27.80,  30.12,    16.11,  190.82,   52.77,  30.50, 2486.0,    0.74,  335.77,  363.72,  361.04,  344.21,  347.05,  344.95, 1458.75, 1516.99, 1483.23, 1467.97, 1463.90, 1458.08, 1541.03, 1536.79,  7270.8, 167,  GPS,   39.6, 110.85, 110.00, 119.450, 121.800, -0.001,       ,  21.88, -57.4,    8.7,   39.9,  -13.9,      1,   GPS,    ALT,  -0.0,   0.6,   7.9, 3DDiff, 3704,      ,     14,  21.0,     20
2018-08-27, 17:04:10,  -04:00,    GON,   41.2012215,  -72.1354828,  7000.2, 30.02,  7375.0,  17.0, 144.63, 162.91,  -14.73,   0.69,  -0.05,   0.00,  -0.00,  32.3,  39.9,  27.7,  28.8,   1.8,  27.77,  30.13,    16.06,  190.83,   52.55,  30.49, 2485.6,    0.74,  335.73,  363.71,  361.04,  344.18,  346.98,  344.91, 1458.98, 1516.55, 1483.90, 1467.34, 1463.77, 1458.28, 1540.79, 1537.28,  7271.1, 167,  GPS,   39.6, 110.85, 110.00, 119.450, 121.800, -0.001,       ,  21.86, -57.6,    8.6,   39.9,  -13.9,      1,   GPS,    ALT,  -0.0,   0.7,   7.9, 3DDiff, 3704,      ,     14,  20.0,     20
2018-08-27, 17:04:11,  -04:00,    GON,   41.2019005,  -72.1350403,  7001.2, 30.02,  7375.4,  17.0, 144.73, 162.87,    3.38,   0.68,  -0.05,   0.00,   0.00,  32.2,  40.0,  27.7,  28.8,   1.8,  27.75,  30.15,    16.07,  190.82,   52.47,  30.49, 2486.4,    0.74,  335.67,  363.67,  361.02,  344.15,  346.89,  344.88, 1458.82, 1517.04, 1484.49, 1467.47, 1462.88, 1458.20, 1541.12, 1537.59,  7271.4, 167,  GPS,   39.6, 110.85, 110.00, 119.450, 121.800, -0.001,       ,  21.85, -57.7,    8.6,   39.9,  -13.9,      1,   GPS,    ALT,  -0.0,   0.7,  15.7, 3DDiff, 3704,      ,     14,  20.0,     20
2018-08-27, 17:04:12,  -04:00,    GON,   41.2025757,  -72.1346054,  7001.2, 30.02,  7375.6,  17.0, 144.77, 162.84,   -0.33,   0.68,  -0.10,  -0.01,  -0.00,  32.2,  40.0,  27.7,  28.8,   1.8,  27.73,  30.17,    16.18,  190.81,   52.48,  30.49, 2487.3,    0.75,  335.64,  363.64,  361.04,  344.12,  346.80,  344.82, 1459.50, 1515.82, 1484.23, 1466.90, 1463.81, 1459.40, 1540.70, 1537.76,  7271.7, 167,  GPS,   39.6, 110.85, 110.00, 119.450, 121.800, -0.001,       ,  21.84, -57.8,    8.5,   39.9,  -13.9,      1,   GPS,    ALT,  -0.0,   0.7,   7.9, 3DDiff, 3704,      ,     14,  20.0,     21
2018-08-27, 17:04:13,  -04:00,    GON,   41.2032547,  -72.1341705,  7001.2, 30.02,  7375.8,  17.0, 144.79, 162.80,    5.12,   0.65,  -0.13,  -0.00,  -0.01,  32.2,  40.0,  27.7,  28.8,   1.8,  27.71,  30.17,    16.12,  190.80,   52.46,  30.53, 2485.8,    0.74,  335.59,  363.63,  361.05,  344.11,  346.74,  344.79, 1459.46, 1516.32, 1485.09, 1466.70, 1463.63, 1460.13, 1541.43, 1537.95,  7271.8, 167,  GPS,   39.6, 110.85, 110.00, 119.450, 121.800, -0.001,       ,  21.84, -57.9,    8.5,   39.9,  -13.9,      1,   GPS,    ALT,  -0.1,   0.7,   3.9, 3DDiff, 3704,      ,     14,  20.0,     21
2018-08-27, 17:04:14,  -04:00,    GON,   41.2039337,  -72.1337280,  7001.2, 30.02,  7375.8,  17.0, 144.79, 162.76,    5.88,   0.66,  -0.18,   0.01,   0.00,  32.2,  40.0,  27.7,  28.8,   1.8,  27.70,  30.17,    16.17,  190.80,   52.37,  30.51, 2487.2,    0.75,  335.54,  363.58,  361.05,  344.09,  346.65,  344.76, 1458.60, 1516.87, 1485.45, 1466.55, 1464.26, 1459.91, 1541.23, 1537.84,  7271.9, 167,  GPS,   39.6, 110.85, 110.00, 119.450, 121.800, -0.001,       ,  21.85, -58.0,    8.4,   39.9,  -13.9,      1,   GPS,    ALT,  -0.1,   0.7,  -3.9, 3DDiff, 3704,      ,     14,  20.5,     22
2018-08-27, 17:04:15,  -04:00,    GON,   41.2046089,  -72.1332932,  7002.2, 30.02,  7374.4,  17.0, 144.80, 162.76,    8.59,   0.64,  -0.11,   0.00,   0.00,  32.1,  40.0,  27.7,  28.8,   1.8,  27.70,  30.15,    16.13,  190.77,   52.56,  30.46, 2485.6,    0.74,  335.47,  363.58,  361.07,  344.05,  346.59,  344.73, 1458.00, 1515.86, 1484.54, 1466.82, 1464.22, 1459.95, 1540.64, 1537.33,  7270.5, 167,  GPS,   39.6, 110.85, 110.00, 119.450, 121.800, -0.001,       ,  21.86, -58.0,    8.4,   39.9,  -13.9,      1,   GPS,    ALT,  -0.1,   0.6,  -3.9, 3DDiff, 3704,      ,     14,  21.0,     20
2018-08-27, 17:04:16,  -04:00,    GON,   41.2052841,  -72.1328506,  7001.2, 30.02,  7374.2,  17.0, 144.78, 162.74,   -6.33,   0.60,  -0.14,  -0.01,  -0.00,  32.1,  39.8,  27.7,  28.8,   1.8,  27.70,  30.14,    16.17,  190.74,   52.63,  30.48, 2487.4,    0.75,  335.41,  363.55,  361.04,  344.05,  346.50,  344.68, 1457.84, 1515.79, 1484.47, 1467.02, 1464.19, 1461.24, 1540.66, 1537.19,  7270.2, 167,  GPS,   39.6, 110.85, 110.00, 119.450, 121.800, -0.001,       ,  21.88, -58.1,    8.3,   39.9,  -13.9,      1,   GPS,    ALT,  -0.1,   0.6,  -7.9, 3DDiff, 3704,      ,     14,  20.0,     20
2018-08-27, 17:04:17,  -04:00,    GON,   41.2059631,  -72.1324158,  7000.2, 30.02,  7373.8,  17.0, 144.78, 162.72,  -30.04,   0.64,  -0.10,   0.00,  -0.01,  32.1,  39.9,  27.7,  28.8,   1.8,  27.71,  30.12,    16.09,  190.71,   52.49,  30.51, 2484.4,    0.74,  335.37,  363.53,  361.04,  344.02,  346.41,  344.66, 1458.06, 1516.35, 1484.38, 1466.38, 1464.36, 1461.11, 1540.43, 1537.35,  7269.8, 167,  GPS,   39.6, 110.85, 110.00, 119.450, 121.800, -0.001,       ,  21.91, -58.1,    8.3,   39.9,  -13.9,      1,   GPS,    ALT,  -0.1,   0.6, -11.8, 3DDiff, 3704,      ,     14,  20.0,     20
2018-08-27, 17:04:18,  -04:00,    GON,   41.2066422,  -72.1319733,  7000.2, 30.02,  7373.7,  17.0, 144.83, 162.70,  -41.06,   0.69,  -0.09,   0.00,   0.01,  32.0,  39.9,  27.7,  28.8,   1.8,  27.72,  30.10,    16.03,  190.69,   52.61,  30.50, 2487.2,    0.74,  335.33,  363.51,  361.01,  343.98,  346.32,  344.63, 1458.19, 1516.61, 1484.16, 1466.39, 1465.87, 1461.06, 1540.77, 1537.29,  7269.7, 167,  GPS,   39.6, 110.85, 110.00, 119.450, 121.800, -0.001,       ,  21.94, -58.1,    8.3,   39.9,  -13.9,      1,   GPS,    ALT,  -0.1,   0.7,   0.0, 3DDiff, 3704,      ,     14,  20.0,     21
2018-08-27, 17:04:19,  -04:00,    GON,   41.2073135,  -72.1315384,  7001.2, 30.02,  7373.8,  17.0, 145.00, 162.66,   -7.43,   0.68,  -0.10,  -0.00,  -0.00,  32.0,  39.9,  27.7,  28.8,   1.8,  27.73,  30.09,    16.15,  190.70,   52.56,  30.52, 2486.3,    0.75,  335.25,  363.49,  361.00,  343.96,  346.28,  344.60, 1458.84, 1518.35, 1483.66, 1467.16, 1465.54, 1461.63, 1541.45, 1537.58,  7269.9, 167,  GPS,   39.6, 110.85, 110.00, 119.450, 121.800, -0.001,       ,  21.98, -58.1,    8.2,   39.9,  -13.9,      1,   GPS,    ALT,  -0.1,   0.7,  11.8, 3DDiff, 3704,      ,     14,  20.0,     21
2018-08-27, 17:04:20,  -04:00,    GON,   41.2079887,  -72.1311035,  7000.2, 30.02,  7373.9,  17.0, 144.92, 162.62,  -14.87,   0.67,  -0.08,  -0.00,  -0.00,  32.0,  39.9,  27.7,  28.8,   1.8,  27.74,  30.08,    16.19,  190.71,   52.50,  30.47, 2486.0,    0.75,  335.18,  363.43,  360.98,  343.90,  346.21,  344.55, 1460.06, 1517.77, 1484.27, 1466.80, 1465.63, 1461.13, 1540.61, 1538.13,  7270.0, 167,  GPS,   39.6, 110.85, 110.00, 119.450, 121.800, -0.001,       ,  22.02, -58.1,    8.2,   39.9,  -13.9,      1,   GPS,    ALT,  -0.0,   0.7,  11.8, 3DDiff, 3704,      ,     14,  20.5,     22
2018-08-27, 17:04:21,  -04:00,    GON,   41.2086678,  -72.1306610,  7000.2, 30.02,  7375.2,  17.0, 144.97, 162.60,   -7.46,   0.68,  -0.11,   0.01,  -0.00,  32.0,  39.9,  27.7,  28.8,   1.8,  27.75,  30.06,    16.11,  190.69,   52.50,  30.48, 2486.6,    0.74,  335.12,  363.41,  360.98,  343.90,  346.13,  344.51, 1460.26, 1518.41, 1484.45, 1467.56, 1464.53, 1460.45, 1541.28, 1538.07,  7271.5, 167,  GPS,   39.6, 110.85, 110.00, 119.450, 121.800, -0.001,       ,  22.06, -58.0,    8.1,   39.9,  -13.9,      1,   GPS,    ALT,  -0.0,   0.7,   7.9, 3DDiff, 3704,      ,     14,  21.0,     20
2018-08-27, 17:04:22,  -04:00,    GON,   41.2093468,  -72.1302261,  7001.2, 30.02,  7375.6,  17.0, 144.97, 162.58,    0.35,   0.67,  -0.08,   0.00,  -0.00,  32.0,  39.9,  27.7,  28.8,   1.8,  27.76,  30.04,    16.03,  190.69,   52.62,  30.48, 2485.1,    0.74,  335.03,  363.35,  360.96,  343.87,  346.07,  344.48, 1460.15, 1517.59, 1484.13, 1466.54, 1465.06, 1461.68, 1541.05, 1538.11,  7271.8, 167,  GPS,   39.6, 110.85, 110.00, 119.450, 121.800, -0.001,       ,  22.11, -58.0,    8.1,   39.9,  -13.9,      1,   GPS,    ALT,  -0.0,   0.7,  11.8, 3DDiff, 3704,      ,     14,  20.0,     20
2018-08-27, 17:04:23,  -04:00,    GON,   41.2100220,  -72.1297913,  7001.2, 30.02,  7375.9,  17.0, 144.95, 162.54,    6.99,   0.66,  -0.08,  -0.01,  -0.01,  32.0,  39.9,  27.7,  28.8,   1.8,  27.76,  30.03,    16.11,  190.69,   52.60,  30.48, 2485.4,    0.74,  334.98,  363.34,  360.97,  343.86,  345.99,  344.45, 1459.92, 1515.78, 1484.52, 1465.17, 1465.30, 1461.42, 1539.78, 1538.52,  7272.2, 167,  GPS,   39.6, 110.85, 110.00, 119.450, 121.800, -0.001,       ,  22.16, -57.9,    8.0,   39.9,  -13.9,      1,   GPS,    ALT,  -0.0,   0.7,   3.9, 3DDiff, 3704,      ,     14,  20.0,     20
2018-08-27, 17:04:24,  -04:00,    GON,   41.2107010,  -72.1293564,  7001.2, 30.02,  7375.8,  17.0, 144.89, 162.52,    1.52,   0.64,  -0.05,   0.00,  -0.02,  32.0,  39.9,  27.7,  28.8,   1.8,  27.76,  30.02,    16.13,  190.67,   52.62,  30.46, 2486.4,    0.74,  334.89,  363.31,  360.95,  343.84,  345.95,  344.42, 1459.14, 1515.69, 1484.52, 1465.43, 1464.78, 1462.46, 1539.77, 1538.47,  7272.1, 167,  GPS,   39.6, 110.85, 110.00, 119.450, 121.800, -0.001,       ,  22.21, -57.9,    8.0,   39.9,  -13.9,      1,   GPS,    ALT,  -0.0,   0.7,  -7.9, 3DDiff, 3704,      ,     14,  20.0,     21
2018-08-27, 17:04:25,  -04:00,    GON,   41.2113762,  -72.1289215,  7001.2, 30.02,  7375.6,  17.0, 144.88, 162.49,  -16.52,   0.71,  -0.07,   0.00,   0.01,  32.0,  39.9,  27.7,  28.8,   1.8,  27.77,  30.01,    16.12,  190.67,   52.41,  30.46, 2484.3,    0.74,  334.83,  363.27,  360.95,  343.81,  345.85,  344.39, 1459.46, 1516.14, 1484.09, 1465.34, 1464.15, 1462.28, 1540.50, 1538.08,  7271.9, 167,  GPS,   39.6, 110.85, 110.00, 119.450, 121.800, -0.001,       ,  22.26, -57.8,    7.9,   39.9,  -13.9,      1,   GPS,    ALT,  -0.0,   0.7, -19.7, 3DDiff, 3704,      ,     14,  20.0,     21
2018-08-27, 17:04:26,  -04:00,    GON,   41.2120552,  -72.1284790,  7001.2, 30.02,  7375.6,  17.0, 144.80, 162.45,   -3.38,   0.73,  -0.09,  -0.00,  -0.01,  31.9,  39.9,  27.7,  28.8,   1.8,  27.78,  30.00,    16.07,  190.66,   52.54,  30.49, 2484.7,    0.74,  334.76,  363.22,  360.92,  343.81,  345.79,  344.34, 1459.23, 1516.55, 1484.60, 1465.88, 1463.36, 1461.67, 1540.85, 1538.19,  7271.9, 167,  GPS,   39.6, 110.85, 110.00, 119.450, 121.800, -0.001,       ,  22.32, -57.7,    7.9,   39.9,  -13.9,      1,   GPS,    ALT,  -0.0,   0.7, -11.8, 3DDiff, 3704,      ,     14,  20.5,     22
2018-08-27, 17:04:27,  -04:00,    GON,   41.2127304,  -72.1280441,  7000.2, 30.02,  7374.1,  17.0, 144.65, 162.41,  -23.74,   0.76,  -0.11,  -0.00,  -0.00,  31.9,  39.9,  27.7,  28.8,   1.8,  27.78,  29.99,    16.10,  190.65,   52.59,  30.45, 2485.0,    0.74,  334.71,  363.22,  360.92,  343.79,  345.74,  344.33, 1458.62, 1516.18, 1483.99, 1466.59, 1463.08, 1461.55, 1540.69, 1537.61,  7270.4, 167,  GPS,   39.6, 110.85, 110.00, 119.450, 121.800, -0.001,       ,  22.37, -57.6,    7.9,   39.9,  -13.9,      1,   GPS,    ALT,  -0.0,   0.8, -11.8, 3DDiff, 3704,      ,     14,  21.0,     20
2018-08-27, 17:04:28,  -04:00,    GON,   41.2134018,  -72.1276016,  7000.2, 30.02,  7373.8,  17.0, 144.75, 162.37,  -17.10,   0.79,  -0.11,   0.00,   0.00,  31.9,  39.9,  27.7,  28.8,   1.8,  27.79,  29.97,    16.09,  190.63,   52.52,  30.41, 2487.2,    0.74,  334.64,  363.18,  360.92,  343.78,  345.67,  344.32, 1457.35, 1515.41, 1483.32, 1467.20, 1463.55, 1460.42, 1540.30, 1537.00,  7270.1, 167,  GPS,   39.6, 110.85, 110.00, 119.450, 121.800, -0.001,       ,  22.43, -57.6,    7.8,   39.9,  -13.9,      1,   GPS,    ALT,  -0.0,   0.8, -11.8, 3DDiff, 3704,      ,     14,  20.0,     20
2018-08-27, 17:04:29,  -04:00,    GON,   41.2140770,  -72.1271667,  7000.2, 30.02,  7373.2,  17.0, 144.68, 162.29,  -21.35,   0.80,  -0.11,  -0.00,   0.00,  31.9,  39.9,  27.7,  28.8,   1.8,  27.80,  29.96,    16.16,  190.64,   52.79,  30.43, 2486.8,    0.75,  334.57,  363.14,  360.92,  343.72,  345.64,  344.27, 1457.24, 1515.75, 1483.49, 1465.98, 1463.21, 1459.90, 1540.27, 1536.40,  7269.5, 167,  GPS,   39.6, 110.85, 110.00, 119.450, 121.800, -0.001,       ,  22.48, -57.5,    7.8,   39.9,  -13.9,      1,   GPS,    ALT,  -0.0,   0.8,  -3.9, 3DDiff, 3704,      ,     14,  20.0,     20
2018-08-27, 17:04:30,  -04:00,    GON,   41.2147522,  -72.1267319,  7000.2, 30.02,  7373.2,  17.0, 144.74, 162.23,   -5.48,   0.79,  -0.09,  -0.00,  -0.00,  31.9,  39.9,  27.7,  28.8,   1.8,  27.81,  29.95,    16.09,  190.62,   52.57,  30.47, 2488.4,    0.74,  334.49,  363.12,  360.92,  343.72,  345.58,  344.25, 1457.59, 1515.23, 1484.12, 1466.31, 1463.20, 1459.33, 1539.80, 1536.81,  7269.5, 167,  GPS,   39.6, 110.85, 110.00, 119.450, 121.800, -0.001,       ,  22.54, -57.4,    7.7,   39.9,  -13.9,      1,   GPS,    ALT,  -0.0,   0.8,   3.9, 3DDiff, 3704,      ,     14,  20.0,     21
2018-08-27, 17:04:31,  -04:00,    GON,   41.2154236,  -72.1262970,  7000.2, 30.02,  7373.1,  17.2, 144.63, 162.16,  -22.91,   0.78,  -0.05,   0.00,   0.01,  31.9,  39.9,  27.7,  28.8,   1.8,  27.82,  29.93,    16.18,  190.62,   52.43,  30.47, 2487.0,    0.75,  334.45,  363.09,  360.89,  343.69,  345.52,  344.24, 1457.80, 1516.52, 1483.63, 1465.89, 1462.29, 1458.46, 1539.82, 1536.57,  7269.4, 167,  GPS,   39.6, 110.85, 110.00, 119.450, 121.800, -0.001,       ,  22.60, -57.3,    7.7,   39.9,  -13.9,      1,   GPS,    ALT,  -0.0,   0.8,   7.9, 3DDiff, 3704,      ,     14,  20.0,     21
2018-08-27, 17:04:32,  -04:00,    GON,   41.2161026,  -72.1258621,  7000.2, 30.02,  7373.1,  17.2, 144.64, 162.08,   -9.45,   0.78,  -0.04,   0.00,  -0.00,  32.0,  39.9,  27.7,  28.8,   1.8,  27.84,  29.90,    16.11,  190.60,   52.47,  30.45, 2485.8,    0.74,  334.38,  363.06,  360.86,  343.66,  345.46,  344.21, 1458.61, 1516.34, 1483.11, 1467.01, 1461.66, 1457.85, 1539.61, 1536.38,  7269.4, 167,  GPS,   39.6, 110.85, 110.00, 119.450, 121.800, -0.001,       ,  22.65, -57.3,    7.6,   39.9,  -13.9,      1,   GPS,    ALT,  -0.0,   0.8,   7.9, 3DDiff, 3704,      ,     14,  20.5,     21
2018-08-27, 17:04:33,  -04:00,    GON,   41.2167778,  -72.1254349,  7001.2, 30.02,  7374.9,  17.2, 144.64, 162.02,    7.77,   0.75,  -0.04,   0.00,  -0.01,  32.0,  39.9,  27.7,  28.8,   1.8,  27.84,  29.88,    16.05,  190.58,   52.42,  30.43, 2487.7,    0.74,  334.29,  363.03,  360.83,  343.63,  345.40,  344.21, 1457.89, 1515.43, 1482.12, 1466.12, 1460.91, 1456.48, 1538.93, 1535.45,  7271.2, 167,  GPS,   39.6, 110.85, 110.00, 119.450, 121.800, -0.001,       ,  22.71, -57.2,    7.6,   39.9,  -13.9,      1,   GPS,    ALT,  -0.0,   0.8,  15.7, 3DDiff, 3704,      ,     14,  21.0,     20
2018-08-27, 17:04:34,  -04:00,    GON,   41.2174530,  -72.1249924,  7001.2, 30.02,  7375.2,  17.2, 144.53, 161.96,    0.78,   0.74,  -0.07,   0.01,   0.01,  32.0,  39.9,  27.7,  28.8,   1.8,  27.85,  29.87,    16.03,  190.55,   52.62,  30.46, 2484.0,    0.74,  334.21,  362.99,  360.80,  343.60,  345.31,  344.20, 1459.12, 1516.34, 1482.38, 1465.93, 1461.24, 1454.91, 1539.03, 1536.08,  7271.5, 167,  GPS,   39.6, 110.85, 110.00, 119.450, 119.925, -0.001,       ,  22.76, -57.1,    7.5,   39.9,  -13.9,      1,   GPS,    ALT,  -0.0,   0.7,  15.7, 3DDiff, 3704,      ,     14,  20.0,     20
2018-08-27, 17:04:35,  -04:00,    GON,   41.2181244,  -72.1245575,  7000.2, 30.02,  7375.5,  17.2, 144.50, 161.90,    7.32,   0.69,  -0.07,   0.00,   0.00,  32.0,  39.9,  27.7,  28.8,   1.8,  27.85,  29.87,    15.94,  190.56,   52.47,  30.46, 2485.5,    0.74,  334.15,  362.94,  360.77,  343.60,  345.25,  344.18, 1459.26, 1515.69, 1483.14, 1465.14, 1461.22, 1453.82, 1538.38, 1536.34,  7271.8, 167,  GPS,   39.6, 110.85, 110.00, 119.450, 119.925, -0.001,       ,  22.81, -57.0,    7.5,   39.9,  -13.9,      1,   GPS,    ALT,  -0.0,   0.7,  11.8, 3DDiff, 3704,      ,     14,  20.0,     20
2018-08-27, 17:04:36,  -04:00,    GON,   41.2187996,  -72.1241302,  7001.2, 30.02,  7375.6,  17.2, 144.51, 161.84,    6.84,   0.69,  -0.09,  -0.00,  -0.01,  31.9,  39.9,  27.7,  28.8,   1.8,  27.85,  29.87,    15.99,  190.55,   52.47,  30.42, 2486.3,    0.74,  334.08,  362.94,  360.74,  343.57,  345.19,  344.18, 1459.65, 1516.53, 1482.27, 1464.85, 1460.39, 1454.49, 1538.66, 1536.26,  7271.9, 167,  GPS,   39.6, 110.85, 110.00, 119.450, 119.925, -0.001,       ,  22.86, -56.9,    7.4,   39.9,  -13.9,      1,   GPS,    ALT,  -0.0,   0.7,   7.9, 3DDiff, 3704,      ,     14,  20.0,     21
2018-08-27, 17:04:37,  -04:00,    GON,   41.2194748,  -72.1236877,  7001.2, 30.02,  7375.8,  17.2, 144.31, 161.83,   10.51,   0.63,  -0.11,   0.00,  -0.01,  31.9,  39.9,  27.7,  28.8,   1.8,  27.86,  29.86,    16.10,  190.55,   52.67,  30.44, 2486.1,    0.74,  334.00,  362.88,  360.70,  343.53,  345.12,  344.15, 1458.69, 1516.86, 1482.26, 1465.05, 1460.24, 1453.92, 1539.28, 1535.63,  7272.1, 167,  GPS,   39.6, 110.85, 110.00, 119.450, 119.925, -0.001,       ,  22.90, -56.8,    7.4,   39.9,  -13.9,      1,   GPS,    ALT,  -0.0,   0.7,   7.9, 3DDiff, 3704,      ,     14,  20.0,     21
2018-08-27, 17:04:38,  -04:00,    GON,   41.2201462,  -72.1232605,  7002.2, 30.02,  7375.8,  17.2, 144.32, 161.83,    7.48,   0.63,  -0.07,   0.01,   0.01,  31.9,  39.9,  27.7,  28.8,   1.8,  27.87,  29.84,    16.11,  190.56,   52.58,  30.48, 2486.1,    0.74,  333.94,  362.86,  360.65,  343.50,  345.05,  344.14, 1460.00, 1517.45, 1482.60, 1465.45, 1460.30, 1454.84, 1539.58, 1536.42,  7272.1, 167,  GPS,   39.6, 110.85, 110.00, 119.450, 121.500, -0.001,       ,  22.95, -56.8,    7.4,   39.9,  -13.9,      1,   GPS,    ALT,  -0.0,   0.6,   0.0, 3DDiff, 3704,      ,     14,  20.5,     21
2018-08-27, 17:04:39,  -04:00,    GON,   41.2208214,  -72.1228256,  7001.2, 30.02,  7374.4,  17.2, 144.33, 161.83,    3.61,   0.63,  -0.03,  -0.00,   0.00,  31.9,  39.9,  27.7,  28.8,   1.8,  27.88,  29.82,    16.14,  190.54,   52.70,  30.45, 2487.5,    0.75,  333.87,  362.85,  360.59,  343.47,  345.00,  344.09, 1459.30, 1517.20, 1482.48, 1465.87, 1460.17, 1454.76, 1539.43, 1535.87,  7270.7, 167,  GPS,   39.6, 110.85, 110.00, 119.450, 121.500, -0.001,       ,  22.99, -56.7,    7.3,   39.9,  -13.9,      1,   GPS,    ALT,  -0.0,   0.6,  -3.9, 3DDiff, 3704,      ,     14,  21.0,     20
2018-08-27, 17:04:40,  -04:00,    GON,   41.2214928,  -72.1223831,  7002.2, 30.02,  7374.3,  17.2, 144.29, 161.81,    0.83,   0.62,  -0.05,   0.00,  -0.01,  31.9,  39.9,  27.7,  28.8,   1.8,  27.89,  29.80,    16.11,  190.55,   52.68,  30.45, 2487.1,    0.74,  333.81,  362.82,  360.55,  343.45,  344.95,  344.06, 1459.21, 1516.69, 1483.25, 1466.30, 1460.54, 1456.38, 1539.42, 1536.23,  7270.6, 167,  GPS,   39.6, 110.85, 110.00, 119.450, 121.500, -0.001,       ,  23.03, -56.6,    7.3,   39.9,  -13.9,      1,   GPS,    ALT,  -0.0,   0.6,   0.0, 3DDiff, 3704,      ,     14,  20.0,     20
2018-08-27, 17:04:41,  -04:00,    GON,   41.2221680,  -72.1219482,  7002.2, 30.02,  7374.1,  17.2, 144.25, 161.83,    0.30,   0.62,  -0.09,   0.00,  -0.00,  31.9,  39.9,  27.7,  28.8,   1.8,  27.90,  29.78,    16.14,  190.54,   52.57,  30.47, 2484.7,    0.74,  333.73,  362.75,  360.47,  343.42,  344.86,  344.05, 1457.87, 1516.99, 1483.59, 1466.38, 1460.94, 1456.17, 1539.57, 1535.47,  7270.4, 167,  GPS,   39.6, 110.85, 110.00, 119.450, 121.500, -0.001,       ,  23.07, -56.5,    7.2,   39.9,  -13.9,      1,   GPS,    ALT,  -0.0,   0.6,  -3.9, 3DDiff, 3704,      ,     14,  20.0,     20
2018-08-27, 17:04:42,  -04:00,    GON,   41.2228394,  -72.1215134,  7001.2, 30.02,  7373.9,  17.2, 144.16, 161.83,  -18.21,   0.62,  -0.07,  -0.00,   0.00,  31.9,  39.9,  27.7,  28.8,   1.8,  27.91,  29.77,    16.17,  190.53,   52.53,  30.45, 2487.3,    0.75,  333.66,  362.75,  360.40,  343.40,  344.85,  343.97, 1457.59, 1516.88, 1483.38, 1466.03, 1461.95, 1456.74, 1539.73, 1535.67,  7270.2, 166,  GPS,   39.6, 110.85, 110.00, 119.450, 121.500, -0.001,       ,  23.11, -56.5,    7.2,   39.9,  -13.9,      1,   GPS,    ALT,  -0.0,   0.6, -11.8, 3DDiff, 3704,      ,     14,  20.0,     21
2018-08-27, 17:04:43,  -04:00,    GON,   41.2235146,  -72.1210785,  7002.2, 30.02,  7373.7,  17.2, 144.38, 161.83,   -5.45,   0.66,  -0.07,  -0.00,  -0.00,  31.9,  39.9,  27.7,  28.8,   1.8,  27.92,  29.76,    16.06,  190.51,   52.74,  30.44, 2488.6,    0.74,  333.61,  362.70,  360.34,  343.35,  344.82,  343.93, 1457.85, 1517.28, 1484.06, 1466.14, 1462.24, 1456.93, 1540.02, 1536.35,  7269.9, 167,  GPS,   39.6, 110.85, 110.00, 119.450, 121.500, -0.001,       ,  23.14, -56.4,    7.1,   39.9,  -13.9,      1,   GPS,    ALT,  -0.0,   0.7,  -7.9, 3DDiff, 3704,      ,     14,  20.0,     21
2018-08-27, 17:04:44,  -04:00,    GON,   41.2241859,  -72.1206436,  7002.2, 30.02,  7373.5,  17.2, 144.34, 161.83,    1.26,   0.62,  -0.02,   0.00,  -0.02,  31.9,  39.9,  27.7,  28.8,   1.8,  27.94,  29.74,    16.11,  190.51,   52.75,  30.45, 2487.1,    0.74,  333.55,  362.69,  360.26,  343.35,  344.76,  343.91, 1458.68, 1516.97, 1483.54, 1465.90, 1463.62, 1457.07, 1540.04, 1536.91,  7269.8, 167,  GPS,   39.6, 110.85, 110.00, 119.450, 121.500, -0.001,       ,  23.18, -56.4,    7.1,   39.9,  -13.9,      1,   GPS,    ALT,  -0.0,   0.6,  -3.9, 3DDiff, 3704,      ,     14,  20.5,     21
2018-08-27, 17:04:45,  -04:00,    GON,   41.2248611,  -72.1202164,  7002.2, 30.02,  7374.9,  17.2, 144.28, 161.84,   -3.99,   0.58,  -0.04,   0.00,   0.00,  31.9,  39.9,  27.7,  28.8,   1.8,  27.94,  29.72,    16.09,  190.50,   52.70,  30.48, 2486.8,    0.74,  333.48,  362.66,  360.22,  343.32,  344.72,  343.87, 1457.33, 1516.30, 1484.27, 1464.69, 1463.28, 1457.48, 1539.45, 1536.46,  7271.2, 167,  GPS,   39.6, 110.85, 110.00, 119.450, 121.500, -0.001,       ,  23.21, -56.3,    7.0,   39.9,  -13.9,      1,   GPS,    ALT,  -0.0,   0.6,  -7.9, 3DDiff, 3704,      ,     14,  21.0,     20
2018-08-27, 17:04:46,  -04:00,    GON,   41.2255363,  -72.1197739,  7001.2, 30.02,  7374.7,  17.2, 144.28, 161.83,  -18.57,   0.58,  -0.09,  -0.00,  -0.00,  31.8,  39.9,  27.7,  28.8,   1.8,  27.95,  29.71,    16.04,  190.51,   52.38,  30.49, 2485.3,    0.74,  333.42,  362.63,  360.15,  343.29,  344.72,  343.84, 1456.98, 1515.94, 1484.04, 1464.73, 1462.46, 1459.03, 1539.39, 1536.34,  7271.0, 167,  GPS,   39.6, 110.85, 110.00, 119.450, 121.500, -0.001,       ,  23.24, -56.3,    7.0,   39.9,  -13.9,      1,   GPS,    ALT,  -0.0,   0.6, -15.7, 3DDiff, 3704,      ,     14,  20.0,     20
2018-08-27, 17:04:47,  -04:00,    GON,   41.2262115,  -72.1193466,  7000.2, 30.02,  7375.0,  17.2, 144.27, 161.83,  -30.01,   0.59,  -0.11,   0.00,  -0.01,  31.8,  39.9,  27.7,  28.8,   1.8,  27.95,  29.71,    16.06,  190.49,   52.46,  30.50, 2484.7,    0.74,  333.38,  362.63,  360.07,  343.26,  344.70,  343.81, 1457.56, 1516.46, 1483.75, 1465.32, 1462.96, 1459.01, 1540.04, 1536.52,  7271.3, 167,  GPS,   39.6, 110.85, 110.00, 119.450, 121.500, -0.001,       ,  23.27, -56.2,    7.0,   39.9,  -13.9,      1,   GPS,    ALT,  -0.0,   0.6, -19.7, 3DDiff, 3704,      ,     14,  20.0,     20
2018-08-27, 17:04:48,  -04:00,    GON,   41.2268867,  -72.1189117,  7000.2, 30.02,  7374.9,  17.2, 144.32, 161.84,  -42.17,   0.64,  -0.10,   0.01,   0.00,  31.8,  39.9,  27.7,  28.8,   1.8,  27.95,  29.71,    16.04,  190.49,   52.37,  30.45, 2484.0,    0.74,  333.30,  362.57,  360.00,  343.25,  344.72,  343.79, 1457.57, 1515.94, 1483.84, 1465.49, 1462.82, 1459.12, 1540.05, 1536.77,  7271.2, 167,  GPS,   39.6, 110.85, 110.00, 119.450, 121.500, -0.001,       ,  23.30, -56.2,    6.9,   39.9,  -13.9,      1,   GPS,    ALT,  -0.0,   0.6, -11.8, 3DDiff, 3704,      ,     14,  20.0,     21
2018-08-27, 17:04:49,  -04:00,    GON,   41.2275581,  -72.1184692,  7001.2, 30.02,  7375.0,  17.2, 144.43, 161.84,   -7.43,   0.68,  -0.10,   0.00,   0.00,  31.9,  39.9,  27.7,  28.8,   1.8,  27.95,  29.71,    16.05,  190.49,   52.32,  30.45, 2483.1,    0.74,  333.24,  362.57,  359.94,  343.23,  344.72,  343.78, 1457.67, 1516.20, 1482.63, 1465.38, 1462.38, 1459.21, 1540.14, 1535.99,  7271.3, 167,  GPS,   39.6, 110.85, 110.00, 119.450, 121.500, -0.001,       ,  23.32, -56.2,    6.9,   39.9,  -13.9,      1,   GPS,    ALT,  -0.0,   0.7,  -3.9, 3DDiff, 3704,      ,     14,  20.0,     21
2018-08-27, 17:04:50,  -04:00,    GON,   41.2282295,  -72.1180420,  7001.2, 30.02,  7375.3,  17.2, 144.38, 161.79,   -2.74,   0.67,  -0.04,  -0.00,  -0.01,  31.8,  39.9,  27.7,  28.8,   1.8,  27.95,  29.70,    16.04,  190.47,   52.38,  30.43, 2484.7,    0.74,  333.18,  362.56,  359.88,  343.20,  344.72,  343.75, 1457.37, 1516.41, 1482.11, 1465.11, 1462.03, 1460.05, 1540.39, 1535.73,  7271.6, 167,  GPS,   39.6, 110.85, 110.00, 119.450, 121.500, -0.001,       ,  23.35, -56.2,    6.8,   39.9,  -13.9,      1,   GPS,    ALT,  -0.0,   0.7,   3.9, 3DDiff, 3704,      ,     14,  20.5,     21
2018-08-27, 17:04:51,  -04:00,    GON,   41.2289085,  -72.1176071,  7001.2, 30.02,  7373.9,  17.2, 144.39, 161.77,    5.81,   0.65,  -0.01,   0.00,  -0.01,  31.8,  39.9,  27.7,  28.8,   1.8,  27.96,  29.70,    16.06,  190.46,   52.31,  30.47, 2486.1,    0.74,  333.14,  362.51,  359.83,  343.15,  344.79,  343.72, 1458.19, 1517.32, 1483.27, 1466.00, 1462.33, 1458.97, 1540.46, 1536.94,  7270.2, 167,  GPS,   39.6, 110.85, 110.00, 119.450, 121.500, -0.001,       ,  23.37, -56.1,    6.8,   39.9,  -13.9,      1,   GPS,    ALT,  -0.0,   0.6,  -3.9, 3DDiff, 3704,      ,     14,  21.0,     20
2018-08-27, 17:04:52,  -04:00,    GON,   41.2295761,  -72.1171646,  7000.2, 30.02,  7373.7,  17.2, 144.27, 161.73,  -25.29,   0.69,  -0.04,   0.00,   0.01,  31.9,  39.9,  27.7,  28.8,   1.8,  27.96,  29.69,    16.05,  190.46,   52.44,  30.43, 2486.7,    0.74,  333.08,  362.51,  359.79,  343.14,  344.87,  343.72, 1457.78, 1516.99, 1482.74, 1466.32, 1462.02, 1458.77, 1540.52, 1536.17,  7269.9, 167,  GPS,   39.6, 110.85, 110.00, 119.450, 121.500, -0.001,       ,  23.40, -56.1,    6.7,   39.9,  -13.9,      1,   GPS,    ALT,  -0.0,   0.7,  -7.9, 3DDiff, 3704,      ,     14,  20.0,     20
2018-08-27, 17:04:53,  -04:00,    GON,   41.2302513,  -72.1167297,  7001.2, 30.02,  7372.4,  17.2, 144.41, 161.73,   -4.56,   0.71,  -0.09,  -0.00,  -0.00,  31.8,  39.9,  27.7,  28.8,   1.8,  27.96,  29.68,    16.02,  190.45,   52.50,  30.46, 2486.3,    0.74,  332.99,  362.49,  359.74,  343.11,  344.99,  343.72, 1459.06, 1516.80, 1483.33, 1465.39, 1462.93, 1458.32, 1539.58, 1537.33,  7268.7, 167,  GPS,   39.6, 110.85, 110.00, 119.450, 121.500, -0.001,       ,  23.42, -56.1,    6.7,   39.9,  -13.9,      1,   GPS,    ALT,  -0.0,   0.7,  -3.9, 3DDiff, 3704,      ,     14,  20.0,     20
2018-08-27, 17:04:54,  -04:00,    GON,   41.2309189,  -72.1163025,  7001.2, 30.02,  7372.3,  17.2, 144.28, 161.69,   -8.39,   0.71,  -0.08,   0.00,  -0.01,  31.8,  39.9,  27.7,  28.8,   1.8,  27.97,  29.68,    15.99,  190.46,   52.55,  30.45, 2486.8,    0.74,  332.95,  362.47,  359.73,  343.07,  345.08,  343.71, 1459.78, 1516.24, 1482.99, 1463.39, 1463.99, 1457.91, 1537.71, 1537.88,  7268.6, 167,  GPS,   39.6, 110.85, 110.00, 119.450, 121.500, -0.001,       ,  23.44, -56.1,    6.6,   39.9,  -13.9,      1,   GPS,    ALT,  -0.0,   0.7,   3.9, 3DDiff, 3704,      ,     14,  20.0,     20
2018-08-27, 17:04:55,  -04:00,    GON,   41.2315941,  -72.1158600,  7000.2, 30.02,  7372.0,  17.2, 144.21, 161.69,  -16.20,   0.73,  -0.04,   0.00,  -0.00,  31.8,  39.9,  27.7,  28.8,   1.8,  27.96,  29.67,    16.02,  190.44,   52.77,  30.47, 2485.1,    0.74,  332.90,  362.47,  359.70,  343.05,  345.20,  343.71, 1459.08, 1516.93, 1482.89, 1463.88, 1464.39, 1457.86, 1538.73, 1537.14,  7268.3, 167,  GPS,   39.6, 110.85, 110.00, 119.450, 121.500, -0.001,       ,  23.46, -56.0,    6.6,   39.9,  -13.9,      1,   GPS,    ALT,  -0.0,   0.7,   0.0, 3DDiff, 3704,      ,     14,  20.0,     21
2018-08-27, 17:04:56,  -04:00,    GON,   41.2322693,  -72.1154251,  7000.2, 30.02,  7371.9,  17.2, 144.26, 161.65,  -20.38,   0.78,  -0.05,   0.00,   0.00,  31.9,  39.9,  27.7,  28.8,   1.8,  27.96,  29.66,    16.03,  190.43,   52.47,  30.43, 2486.9,    0.74,  332.84,  362.45,  359.66,  343.04,  345.33,  343.67, 1458.89, 1515.86, 1483.25, 1464.35, 1463.66, 1459.08, 1538.79, 1537.53,  7268.2, 167,  GPS,   39.6, 110.85, 110.00, 119.450, 121.500, -0.001,       ,  23.48, -56.0,    6.5,   39.9,  -13.9,      1,   GPS,    ALT,  -0.1,   0.8,   0.0, 3DDiff, 3704,      ,     14,  20.0,     21
2018-08-27, 17:04:57,  -04:00,    GON,   41.2329369,  -72.1149902,  7001.2, 30.02,  7373.6,  17.2, 144.34, 161.65,    7.65,   0.77,  -0.10,  -0.01,  -0.01,  31.9,  39.9,  27.7,  28.8,   1.8,  27.95,  29.66,    16.09,  190.43,   52.56,  30.45, 2486.1,    0.74,  332.78,  362.44,  359.64,  343.01,  345.49,  343.66, 1458.27, 1515.85, 1483.92, 1463.33, 1463.65, 1458.80, 1538.52, 1537.75,  7269.9, 167,  GPS,   39.6, 110.85, 110.00, 119.450, 121.500, -0.002,       ,  23.49, -56.0,    6.5,   39.9,  -13.9,      1,   GPS,    ALT,  -0.1,   0.8,  15.7, 3DDiff, 3704,      ,     14,  21.0,     20
2018-08-27, 17:04:58,  -04:00,    GON,   41.2336121,  -72.1145554,  7001.2, 30.02,  7373.8,  17.2, 144.24, 161.61,   -8.23,   0.76,  -0.13,   0.01,  -0.00,  31.9,  39.8,  27.7,  28.8,   1.8,  27.96,  29.66,    16.03,  190.43,   52.46,  30.47, 2483.9,    0.74,  332.72,  362.41,  359.63,  342.96,  345.66,  343.66, 1458.73, 1516.03, 1484.61, 1464.82, 1463.69, 1459.06, 1539.25, 1537.71,  7270.1, 167,  GPS,   39.6, 110.85, 110.00, 119.450, 121.500, -0.002,       ,  23.51, -56.0,    6.5,   39.9,  -13.9,      1,   GPS,    ALT,  -0.1,   0.8,  11.8, 3DDiff, 3704,      ,     14,  20.0,     20
2018-08-27, 17:04:59,  -04:00,    GON,   41.2342834,  -72.1141205,  7001.2, 30.02,  7375.3,  17.2, 144.22, 161.55,    0.63,   0.76,  -0.15,   0.00,   0.00,  31.9,  40.0,  27.7,  28.8,   1.8,  27.95,  29.66,    16.16,  190.44,   52.36,  30.44, 2484.5,    0.75,  332.68,  362.41,  359.61,  342.93,  345.85,  343.65, 1458.63, 1515.48, 1483.83, 1465.93, 1463.53, 1459.02, 1539.56, 1536.89,  7271.6, 167,  GPS,   39.6, 110.85, 110.00, 119.450, 121.500, -0.002,       ,  23.52, -56.0,    6.4,   39.9,  -13.9,      1,   GPS,    ALT,  -0.1,   0.8,   7.9, 3DDiff, 3704,      ,     14,  20.0,     20
2018-08-27, 17:05:00,  -04:00,    GON,   41.2349586,  -72.1136932,  7001.2, 30.02,  7375.8,  17.2, 144.20, 161.53,   -1.96,   0.71,  -0.13,  -0.00,  -0.01,  31.9,  39.9,  27.7,  28.8,   1.8,  27.95,  29.66,    16.14,  190.43,   52.54,  30.44, 2486.3,    0.75,  332.65,  362.36,  359.63,  342.93,  346.00,  343.63, 1458.55, 1516.14, 1483.32, 1465.68, 1463.81, 1459.39, 1539.22, 1536.88,  7272.0, 167,  GPS,   39.6, 110.85, 110.00, 119.450, 121.500, -0.001,       ,  23.54, -56.0,    6.4,   39.9,  -13.9,      1,   GPS,    ALT,  -0.1,   0.7,  11.8, 3DDiff, 3704,      ,     14,  20.0,     20
2018-08-27, 17:05:01,  -04:00,    GON,   41.2356300,  -72.1132507,  7001.2, 30.02,  7376.0,  17.2, 144.27, 161.49,    0.94,   0.73,  -0.13,   0.00,  -0.01,  31.9,  39.9,  27.7,  28.8,   1.8,  27.95,  29.65,    16.12,  190.44,   52.47,  30.47, 2487.6,    0.74,  332.57,  362.36,  359.66,  342.90,  346.19,  343.63, 1458.82, 1515.73, 1483.89, 1466.95, 1464.34, 1459.76, 1540.13, 1537.37,  7272.3, 167,  GPS,   39.6, 110.85, 110.00, 119.450, 121.500, -0.001,       ,  23.55, -56.0,    6.3,   39.9,  -13.9,      1,   GPS,    ALT,  -0.1,   0.7,   3.9, 3DDiff, 3704,      ,     14,  20.0,     21
2018-08-27, 17:05:02,  -04:00,    GON,   41.2363014,  -72.1128159,  7001.2, 30.02,  7376.2,  17.2, 144.22, 161.46,   -2.94,   0.74,  -0.09,   0.00,   0.00,  31.9,  39.9,  27.7,  28.8,   1.8,  27.95,  29.64,    16.09,  190.42,   52.28,  30.48, 2486.1,    0.74,  332.51,  362.36,  359.72,  342.89,  346.33,  343.62, 1458.85, 1515.66, 1484.64, 1466.72, 1466.08, 1459.23, 1540.43, 1538.66,  7272.5, 167,  GPS,   39.6, 110.85, 110.00, 119.450, 121.500, -0.002,       ,  23.56, -55.9,    6.3,   39.9,  -13.9,      1,   GPS,    ALT,  -0.1,   0.7,   3.9, 3DDiff, 3704,      ,     14,  20.0,     22
2018-08-27, 17:05:03,  -04:00,    GON,   41.2369728,  -72.1123810,  7003.2, 30.02,  7375.0,  17.2, 144.25, 161.44,   23.51,   0.67,  -0.05,  -0.00,  -0.01,  31.9,  39.9,  27.7,  28.8,   1.8,  27.95,  29.64,    16.09,  190.40,   52.21,  30.43, 2483.2,    0.74,  332.47,  362.33,  359.73,  342.88,  346.45,  343.65, 1458.66, 1516.09, 1485.18, 1467.23, 1464.70, 1459.59, 1540.35, 1538.48,  7271.3, 167,  GPS,   39.6, 110.85, 110.00, 119.450, 121.500, -0.002,       ,  23.56, -55.9,    6.2,   39.9,  -13.9,      1,   GPS,    ALT,  -0.1,   0.7,   3.9, 3DDiff, 3704,      ,     14,  21.0,     20
2018-08-27, 17:05:04,  -04:00,    GON,   41.2376442,  -72.1119461,  7001.2, 30.02,  7374.8,  17.2, 144.06, 161.44,   -4.96,   0.66,  -0.03,  -0.00,  -0.01,  31.9,  39.9,  27.7,  28.8,   1.8,  27.95,  29.63,    16.06,  190.39,   52.56,  30.40, 2484.3,    0.74,  332.39,  362.30,  359.76,  342.86,  346.58,  343.63, 1459.04, 1516.92, 1485.96, 1467.97, 1463.68, 1460.29, 1541.05, 1538.66,  7271.0, 166,  GPS,   39.6, 110.85, 110.00, 119.450, 121.500, -0.002,       ,  23.57, -55.9,    6.2,   39.9,  -13.9,      1,   GPS,    ALT,  -0.1,   0.7, -11.8, 3DDiff, 3704,      ,     14,  20.0,     20
2018-08-27, 17:05:05,  -04:00,    GON,   41.2383156,  -72.1115112,  7003.2, 30.02,  7372.7,  17.2, 144.17, 161.44,    4.16,   0.68,  -0.04,   0.00,  -0.00,  32.0,  39.9,  27.7,  28.8,   1.8,  27.94,  29.64,    16.10,  190.37,   52.69,  30.45, 2486.0,    0.74,  332.35,  362.30,  359.82,  342.85,  346.67,  343.62, 1458.82, 1515.96, 1486.48, 1466.81, 1463.18, 1460.80, 1540.54, 1538.52,  7269.0, 167,  GPS,   39.6, 110.85, 110.00, 119.450, 121.500, -0.002,       ,  23.57, -55.9,    6.1,   39.9,  -13.9,      1,   GPS,    ALT,  -0.1,   0.7, -15.7, 3DDiff, 3704,      ,     14,  20.0,     20
2018-08-27, 17:05:06,  -04:00,    GON,   41.2389870,  -72.1110764,  7002.2, 30.02,  7372.4,  17.2, 144.06, 161.46,    2.67,   0.65,  -0.08,   0.00,   0.00,  32.0,  39.9,  27.7,  28.8,   1.8,  27.93,  29.65,    16.11,  190.34,   52.61,  30.43, 2483.9,    0.74,  332.29,  362.30,  359.88,  342.81,  346.77,  343.57, 1458.17, 1515.90, 1486.00, 1466.48, 1462.80, 1460.32, 1540.08, 1537.62,  7268.7, 166,  GPS,   39.6, 110.85, 110.00, 119.450, 121.500, -0.002,       ,  23.57, -55.9,    6.1,   39.9,  -13.9,      1,   GPS,    ALT,  -0.1,   0.7,  -7.9, 3DDiff, 3704,      ,     14,  20.0,     20
2018-08-27, 17:05:07,  -04:00,    GON,   41.2396584,  -72.1106415,  7000.2, 30.02,  7371.9,  17.2, 143.94, 161.48,  -32.39,   0.66,  -0.08,  -0.00,   0.00,  31.9,  40.0,  27.7,  28.8,   1.8,  27.92,  29.67,    16.08,  190.34,   52.70,  30.42, 2487.4,    0.74,  332.26,  362.30,  359.91,  342.80,  346.83,  343.60, 1458.41, 1516.02, 1485.35, 1465.83, 1463.58, 1460.65, 1540.07, 1538.00,  7268.1, 166,  GPS,   39.6, 110.85, 110.00, 119.450, 121.500, -0.002,       ,  23.57, -55.8,    6.1,   39.9,  -13.9,      1,   GPS,    ALT,  -0.1,   0.7, -15.7, 3DDiff, 3704,      ,     14,  20.0,     21
2018-08-27, 17:05:08,  -04:00,    GON,   41.2403259,  -72.1102066,  7000.2, 30.02,  7371.4,  17.2, 143.98, 161.49,  -42.26,   0.71,  -0.14,   0.00,  -0.00,  31.9,  40.0,  27.7,  28.8,   1.8,  27.90,  29.68,    16.10,  190.34,   52.41,  30.42, 2487.1,    0.74,  332.20,  362.29,  359.95,  342.77,  346.90,  343.60, 1458.02, 1517.62, 1485.23, 1464.84, 1462.85, 1459.38, 1540.22, 1537.44,  7267.7, 166,  GPS,   39.6, 110.85, 110.00, 119.450, 121.500, -0.002,       ,  23.56, -55.8,    6.0,   39.9,  -13.9,      1,   GPS,    ALT,  -0.1,   0.7, -11.8, 3DDiff, 3704,      ,     14,  20.0,     21
2018-08-27, 17:05:09,  -04:00,    GON,   41.2410011,  -72.1097717,  7000.2, 30.02,  7372.6,  17.2, 143.90, 161.49,  -40.96,   0.76,  -0.15,   0.00,   0.01,  31.9,  40.0,  27.7,  28.8,   1.8,  27.88,  29.69,    16.15,  190.31,   52.53,  30.44, 2485.4,    0.75,  332.15,  362.27,  360.00,  342.77,  346.97,  343.60, 1458.03, 1517.78, 1485.33, 1465.50, 1462.06, 1460.54, 1541.20, 1536.99,  7268.9, 166,  GPS,   39.6, 110.85, 110.00, 119.450, 121.500, -0.002,       ,  23.56, -55.8,    6.0,   39.9,  -13.9,      1,   GPS,    ALT,  -0.1,   0.7,   0.0, 3DDiff, 3704,      ,     14,  21.0,     20
2018-08-27, 17:05:10,  -04:00,    GON,   41.2416763,  -72.1093369,  7001.2, 30.02,  7372.7,  17.2, 143.91, 161.48,   -8.89,   0.76,  -0.15,  -0.00,  -0.01,  31.9,  39.9,  27.7,  28.8,   1.8,  27.87,  29.70,    16.08,  190.31,   52.38,  30.43, 2485.7,    0.74,  332.09,  362.24,  360.05,  342.74,  347.01,  343.60, 1458.40, 1518.12, 1484.44, 1466.57, 1462.93, 1460.40, 1541.74, 1537.19,  7268.9, 166,  GPS,   39.6, 110.85, 110.00, 119.450, 121.500, -0.002,       ,  23.55, -55.8,    5.9,   39.9,  -13.9,      1,   GPS,    ALT,  -0.1,   0.8,   7.9, 3DDiff, 3704,      ,     14,  20.0,     20
2018-08-27, 17:05:11,  -04:00,    GON,   41.2423477,  -72.1089020,  7001.2, 30.02,  7374.2,  17.2, 143.84, 161.46,    0.20,   0.78,  -0.13,  -0.00,  -0.01,  31.9,  39.9,  27.7,  28.8,   1.8,  27.87,  29.70,    16.05,  190.31,   52.48,  30.41, 2486.1,    0.74,  332.05,  362.24,  360.06,  342.74,  347.05,  343.60, 1458.28, 1517.97, 1483.92, 1468.01, 1462.96, 1460.37, 1542.05, 1537.08,  7270.5, 166,  GPS,   39.6, 110.85, 110.00, 119.450, 121.500, -0.002,       ,  23.54, -55.8,    5.9,   39.9,  -13.9,      1,   GPS,    ALT,  -0.1,   0.8,   7.9, 3DDiff, 3704,      ,     14,  20.0,     20
2018-08-27, 17:05:12,  -04:00,    GON,   41.2430191,  -72.1084747,  7001.2, 30.02,  7374.4,  17.2, 143.80, 161.44,    4.25,   0.78,  -0.09,   0.00,  -0.01,  31.9,  39.9,  27.7,  28.8,   1.8,  27.87,  29.69,    16.05,  190.32,   52.60,  30.40, 2484.1,    0.74,  332.01,  362.23,  360.09,  342.73,  347.07,  343.60, 1457.91, 1516.89, 1483.94, 1467.22, 1463.51, 1459.64, 1540.65, 1537.23,  7270.7, 166,  GPS,   39.6, 110.85, 110.00, 119.450, 121.500, -0.001,       ,  23.54, -55.8,    5.8,   39.9,  -13.9,      1,   GPS,    ALT,  -0.1,   0.8,   3.9, 3DDiff, 3704,      ,     14,  20.0,     20
2018-08-27, 17:05:13,  -04:00,    GON,   41.2436867,  -72.1080322,  7000.2, 30.02,  7374.4,  17.2, 143.72, 161.44,  -19.39,   0.82,  -0.08,   0.00,   0.01,  31.9,  39.9,  27.7,  28.8,   1.8,  27.88,  29.68,    16.01,  190.31,   52.72,  30.40, 2485.5,    0.74,  331.96,  362.21,  360.12,  342.69,  347.10,  343.59, 1458.17, 1516.61, 1484.20, 1467.71, 1463.32, 1459.00, 1540.67, 1537.39,  7270.7, 166,  GPS,   39.6, 110.85, 110.00, 119.450, 121.500, -0.001,       ,  23.53, -55.8,    5.8,   39.9,  -13.9,      1,   GPS,    ALT,  -0.0,   0.8,  -7.9, 3DDiff, 3704,      ,     14,  20.0,     21
2018-08-27, 17:05:14,  -04:00,    GON,   41.2443619,  -72.1075974,  7001.2, 30.02,  7374.5,  17.2, 143.77, 161.42,   -9.34,   0.88,  -0.05,  -0.00,   0.00,  31.9,  39.9,  27.7,  28.8,   1.8,  27.88,  29.68,    16.03,  190.32,   52.64,  30.44, 2485.8,    0.74,  331.90,  362.23,  360.12,  342.70,  347.11,  343.59, 1458.74, 1516.90, 1484.33, 1470.10, 1463.46, 1458.84, 1541.59, 1538.01,  7270.8, 166,  GPS,   39.6, 110.85, 110.00, 119.450, 121.500, -0.001,       ,  23.52, -55.8,    5.7,   39.9,  -13.9,      1,   GPS,    ALT,  -0.0,   0.9,   0.0, 3DDiff, 3704,      ,     14,  20.0,     21
2018-08-27, 17:05:15,  -04:00,    GON,   41.2450333,  -72.1071701,  7000.2, 30.02,  7373.8,  17.2, 143.75, 161.36,  -16.62,   0.91,  -0.09,   0.00,  -0.01,  31.9,  39.9,  27.7,  28.8,   1.8,  27.88,  29.67,    16.14,  190.32,   52.38,  30.45, 2486.3,    0.74,  331.84,  362.21,  360.13,  342.68,  347.13,  343.54, 1459.18, 1517.91, 1484.19, 1468.96, 1462.79, 1458.79, 1541.55, 1538.53,  7270.1, 166,  GPS,   39.6, 110.85, 110.00, 119.450, 121.500, -0.001,       ,  23.51, -55.8,    5.7,   39.9,  -13.9,      1,   GPS,    ALT,  -0.0,   0.9,   0.0, 3DDiff, 3704,      ,     14,  21.0,     20
2018-08-27, 17:05:16,  -04:00,    GON,   41.2457047,  -72.1067276,  7000.2, 30.02,  7374.1,  17.2, 143.80, 161.30,  -12.69,   0.93,  -0.10,   0.00,   0.00,  31.9,  39.9,  27.7,  28.8,   1.8,  27.88,  29.67,    16.06,  190.35,   52.35,  30.48, 2480.9,    0.74,  331.83,  362.20,  360.15,  342.68,  347.13,  343.53, 1459.12, 1518.92, 1484.46, 1468.37, 1463.37, 1458.13, 1541.71, 1538.64,  7270.4, 166,  GPS,   39.6, 110.85, 110.00, 119.450, 121.500, -0.001,       ,  23.50, -55.9,    5.7,   39.9,  -13.9,      1,   GPS,    ALT,  -0.0,   0.9,   3.9, 3DDiff, 3704,      ,     14,  20.0,     20
2018-08-27, 17:05:17,  -04:00,    GON,   41.2463722,  -72.1062927,  7001.2, 30.02,  7372.9,  17.2, 143.80, 161.24,   -6.86,   0.94,  -0.08,  -0.00,  -0.00,  31.9,  39.9,  27.7,  28.8,   1.8,  27.88,  29.66,    16.07,  190.34,   52.47,  30.42, 2484.9,    0.74,  331.77,  362.21,  360.15,  342.66,  347.10,  343.51, 1459.01, 1519.24, 1483.79, 1468.30, 1464.28, 1458.75, 1541.84, 1538.03,  7269.2, 166,  GPS,   39.6, 110.85, 110.00, 119.450, 121.500, -0.001,       ,  23.49, -55.9,    5.6,   39.9,  -13.9,      1,   GPS,    ALT,  -0.0,   0.9,  11.8, 3DDiff, 3704,      ,     14,  19.5,     20
2018-08-27, 17:05:18,  -04:00,    GON,   41.2470436,  -72.1058655,  7001.2, 30.02,  7373.0,  17.2, 143.87, 161.18,   12.20,   0.91,  -0.05,  -0.00,  -0.01,  31.9,  39.9,  27.7,  28.8,   1.8,  27.88,  29.65,    16.12,  190.34,   52.42,  30.46, 2486.4,    0.74,  331.74,  362.17,  360.15,  342.65,  347.10,  343.48, 1458.83, 1518.68, 1484.84, 1467.65, 1465.41, 1459.98, 1541.81, 1538.88,  7269.3, 166,  GPS,   39.6, 110.85, 110.00, 119.450, 121.500, -0.001,       ,  23.48, -55.9,    5.6,   39.9,  -13.9,      1,   GPS,    ALT,  -0.0,   0.9,  15.7, 3DDiff, 3704,      ,     14,  20.0,     20
2018-08-27, 17:05:19,  -04:00,    GON,   41.2477150,  -72.1054306,  7002.2, 30.02,  7373.0,  17.2, 143.92, 161.14,   27.45,   0.83,  -0.08,   0.00,  -0.01,  32.0,  39.9,  27.7,  28.8,   1.8,  27.89,  29.64,    16.14,  190.34,   52.55,  30.46, 2488.2,    0.75,  331.68,  362.17,  360.13,  342.63,  347.07,  343.45, 1458.14, 1518.51, 1485.18, 1467.99, 1465.16, 1460.57, 1541.84, 1538.63,  7269.3, 166,  GPS,   39.6, 110.85, 110.00, 119.450, 121.500, -0.001,       ,  23.47, -55.9,    5.5,   39.9,  -13.9,      1,   GPS,    ALT,  -0.0,   0.9,   7.9, 3DDiff, 3704,      ,     14,  20.0,     21
2018-08-27, 17:05:20,  -04:00,    GON,   41.2483864,  -72.1049957,  7001.2, 30.02,  7372.7,  17.2, 143.82, 161.14,    2.32,   0.81,  -0.05,   0.01,   0.01,  32.0,  39.9,  27.7,  28.8,   1.8,  27.90,  29.63,    16.18,  190.35,   52.59,  30.45, 2485.5,    0.75,  331.65,  362.17,  360.13,  342.62,  347.02,  343.47, 1458.27, 1518.10, 1485.84, 1468.76, 1465.06, 1460.79, 1542.06, 1539.16,  7269.0, 166,  GPS,   39.6, 110.85, 110.00, 119.450, 121.500, -0.001,       ,  23.46, -55.9,    5.5,   39.9,  -13.9,      1,   GPS,    ALT,  -0.0,   0.8,   0.0, 3DDiff, 3704,      ,     14,  20.0,     21
2018-08-27, 17:05:21,  -04:00,    GON,   41.2490540,  -72.1045609,  7001.2, 30.02,  7372.6,  17.2, 143.79, 161.13,  -14.33,   0.80,  -0.02,  -0.00,   0.00,  32.0,  39.9,  27.7,  28.8,   1.8,  27.92,  29.62,    16.11,  190.34,   52.74,  30.44, 2484.5,    0.74,  331.62,  362.14,  360.10,  342.62,  347.01,  343.44, 1457.84, 1518.33, 1485.94, 1467.97, 1464.80, 1459.18, 1541.86, 1538.74,  7269.1, 166,  GPS,   39.6, 110.85, 110.00, 119.450, 121.500, -0.001,       ,  23.45, -55.9,    5.4,   39.9,  -13.9,      1,   GPS,    ALT,  -0.0,   0.8,  -3.9, 3DDiff, 3704,      ,     14,  21.0,     20
2018-08-27, 17:05:22,  -04:00,    GON,   41.2497253,  -72.1041260,  7002.2, 30.02,  7372.5,  17.2, 143.86, 161.09,   -2.64,   0.82,   0.01,   0.00,  -0.00,  32.0,  39.9,  27.7,  28.8,   1.8,  27.92,  29.61,    16.17,  190.32,   52.51,  30.48, 2485.4,    0.75,  331.56,  362.14,  360.12,  342.60,  346.95,  343.41, 1458.01, 1518.54, 1486.53, 1467.42, 1465.70, 1459.66, 1541.22, 1539.16,  7269.0, 166,  GPS,   39.6, 110.85, 110.00, 119.450, 121.500, -0.001,       ,  23.44, -55.9,    5.4,   39.9,  -13.9,      1,   GPS,    ALT,  -0.0,   0.8,   3.9, 3DDiff, 3704,      ,     14,  20.0,     20
2018-08-27, 17:05:23,  -04:00,    GON,   41.2503967,  -72.1036987,  7002.2, 30.02,  7373.8,  17.2, 143.78, 161.11,   -7.79,   0.73,  -0.01,   0.00,  -0.00,  32.0,  39.8,  27.7,  28.8,   1.8,  27.91,  29.61,    16.11,  190.31,   52.62,  30.46, 2486.9,    0.74,  331.53,  362.14,  360.09,  342.60,  346.92,  343.44, 1458.93, 1518.19, 1485.42, 1467.21, 1465.42, 1459.74, 1541.29, 1538.62,  7270.3, 166,  GPS,   39.6, 110.85, 110.00, 119.450, 121.500, -0.001,       ,  23.43, -55.9,    5.3,   39.9,  -13.9,      1,   GPS,    ALT,  -0.0,   0.8,  15.7, 3DDiff, 3704,      ,     14,  19.5,     20
2018-08-27, 17:05:24,  -04:00,    GON,   41.2510643,  -72.1032639,  7002.2, 30.02,  7373.8,  17.2, 143.79, 161.11,   14.17,   0.69,  -0.05,   0.00,  -0.00,  32.0,  40.0,  27.7,  28.8,   1.8,  27.90,  29.61,    16.07,  190.30,   52.71,  30.42, 2487.0,    0.74,  331.50,  362.14,  360.07,  342.59,  346.89,  343.41, 1458.51, 1517.81, 1485.25, 1467.92, 1465.46, 1459.32, 1541.15, 1538.30,  7270.3, 166,  GPS,   39.6, 110.85, 110.00, 119.450, 121.500, -0.001,       ,  23.42, -55.9,    5.3,   39.9,  -13.9,      1,   GPS,    ALT,  -0.0,   0.7,   3.9, 3DDiff, 3704,      ,     14,  20.5,     20
2018-08-27, 17:05:25,  -04:00,    GON,   41.2517357,  -72.1028214,  7002.2, 30.02,  7373.8,  17.2, 143.71, 161.16,   -2.41,   0.68,  -0.08,  -0.00,  -0.01,  32.0,  40.0,  27.7,  28.8,   1.8,  27.89,  29.61,    16.08,  190.28,   52.72,  30.47, 2484.8,    0.74,  331.46,  362.11,  360.09,  342.59,  346.86,  343.41, 1458.82, 1517.51, 1485.39, 1469.02, 1465.13, 1459.53, 1541.58, 1538.14,  7270.3, 166,  GPS,   39.6, 110.85, 110.00, 119.450, 121.500, -0.001,       ,  23.40, -55.9,    5.2,   39.9,  -13.9,      1,   GPS,    ALT,  -0.1,   0.7,   0.0, 3DDiff, 3704,      ,     14,  20.5,     21
2018-08-27, 17:05:26,  -04:00,    GON,   41.2524071,  -72.1023941,  7003.2, 30.02,  7373.8,  17.2, 143.78, 161.18,    4.94,   0.66,  -0.11,   0.00,  -0.01,  32.0,  40.0,  27.7,  28.8,   1.8,  27.88,  29.61,    16.08,  190.26,   52.64,  30.47, 2484.0,    0.74,  331.43,  362.12,  360.09,  342.59,  346.81,  343.40, 1459.77, 1517.71, 1485.81, 1467.58, 1464.50, 1459.97, 1541.34, 1538.18,  7270.3, 166,  GPS,   39.6, 110.85, 110.00, 119.450, 121.500, -0.001,       ,  23.39, -55.9,    5.2,   39.9,  -13.9,      1,   GPS,    ALT,  -0.1,   0.7,  -3.9, 3DDiff, 3704,      ,     14,  21.0,     22
2018-08-27, 17:05:27,  -04:00,    GON,   41.2530785,  -72.1019592,  7002.2, 30.02,  7373.8,  17.2, 143.75, 161.22,  -11.80,   0.65,  -0.11,   0.00,   0.00,  32.0,  40.0,  27.7,  28.8,   1.8,  27.87,  29.61,    16.07,  190.24,   52.86,  30.45, 2486.1,    0.74,  331.38,  362.11,  360.06,  342.56,  346.77,  343.41, 1459.60, 1517.88, 1485.75, 1467.94, 1464.16, 1461.82, 1541.80, 1538.13,  7270.3, 166,  GPS,   39.6, 110.85, 110.00, 119.450, 121.500, -0.001,       ,  23.38, -55.9,    5.2,   39.9,  -13.9,      1,   GPS,    ALT,  -0.1,   0.7,  -7.9, 3DDiff, 3704,      ,     14,  21.5,     20
2018-08-27, 17:05:28,  -04:00,    GON,   41.2537498,  -72.1015167,  7002.2, 30.02,  7373.6,  17.2, 143.75, 161.26,  -15.16,   0.66,  -0.10,  -0.00,  -0.00,  32.0,  40.0,  27.7,  28.8,   1.8,  27.86,  29.62,    16.17,  190.22,   52.58,  30.41, 2485.0,    0.75,  331.35,  362.08,  360.06,  342.59,  346.75,  343.41, 1459.36, 1517.23, 1484.94, 1468.27, 1464.39, 1461.15, 1541.48, 1537.49,  7270.1, 166,  GPS,   39.6, 110.85, 110.00, 119.450, 121.500, -0.001,       ,  23.37, -55.9,    5.1,   39.9,  -13.9,      1,   GPS,    ALT,  -0.1,   0.7, -11.8, 3DDiff, 3704,      ,     14,  20.5,     20
2018-08-27, 17:05:29,  -04:00,    GON,   41.2544212,  -72.1010818,  7001.2, 30.02,  7372.9,  17.2, 143.63, 161.30,  -30.29,   0.67,  -0.13,   0.00,  -0.01,  31.9,  40.0,  27.7,  28.8,   1.8,  27.86,  29.62,    16.17,  190.23,   52.41,  30.44, 2486.5,    0.75,  331.35,  362.11,  360.04,  342.59,  346.71,  343.38, 1459.61, 1516.85, 1484.66, 1468.47, 1464.76, 1460.55, 1541.15, 1537.34,  7269.4, 166,  GPS,   39.6, 110.85, 110.00, 119.450, 121.500, -0.001,       ,  23.36, -55.9,    5.1,   39.9,  -13.9,      1,   GPS,    ALT,  -0.1,   0.7,  -7.9, 3DDiff, 3704,      ,     14,  20.5,     20
2018-08-27, 17:05:30,  -04:00,    GON,   41.2550926,  -72.1006470,  7001.2, 30.02,  7372.8,  17.2, 143.67, 161.34,  -31.96,   0.74,  -0.19,   0.01,   0.01,  31.9,  40.0,  27.7,  28.8,   1.8,  27.86,  29.62,    16.11,  190.23,   52.39,  30.45, 2482.7,    0.74,  331.31,  362.10,  360.04,  342.56,  346.68,  343.36, 1458.84, 1517.10, 1484.95, 1468.48, 1464.24, 1461.41, 1541.50, 1537.05,  7269.3, 166,  GPS,   39.6, 110.85, 110.00, 119.450, 121.500, -0.001,       ,  23.35, -55.9,    5.0,   39.9,  -13.9,      1,   GPS,    ALT,  -0.1,   0.7,  -3.9, 3DDiff, 3704,      ,     14,  20.5,     21
2018-08-27, 17:05:31,  -04:00,    GON,   41.2557640,  -72.1002121,  7001.2, 30.02,  7372.9,  17.2, 143.55, 161.36,  -15.05,   0.73,  -0.15,  -0.00,  -0.00,  31.9,  40.0,  27.7,  28.8,   1.8,  27.87,  29.61,    16.16,  190.22,   52.35,  30.44, 2483.8,    0.75,  331.26,  362.08,  360.03,  342.56,  346.65,  343.33, 1459.92, 1517.20, 1485.26, 1468.78, 1464.37, 1460.02, 1540.93, 1538.20,  7269.5, 166,  GPS,   39.6, 110.85, 110.00, 119.450, 121.500, -0.001,       ,  23.34, -55.9,    5.0,   39.9,  -13.9,      1,   GPS,    ALT,  -0.1,   0.7,   7.9, 3DDiff, 3704,      ,     14,  20.5,     21
2018-08-27, 17:05:32,  -04:00,    GON,   41.2564354,  -72.0997772,  7002.2, 30.02,  7373.0,  17.2, 143.50, 161.38,    6.16,   0.66,  -0.16,   0.00,  -0.01,  31.9,  39.9,  27.7,  28.8,   1.8,  27.87,  29.60,    16.16,  190.22,   52.55,  30.45, 2484.8,    0.75,  331.23,  362.07,  360.03,  342.56,  346.62,  343.34, 1460.58, 1518.08, 1485.17, 1468.83, 1464.20, 1460.64, 1541.14, 1538.34,  7269.5, 166,  GPS,   39.6, 110.85, 110.00, 119.450, 121.500, -0.001,       ,  23.34, -55.9,    4.9,   39.9,  -13.9,      1,   GPS,    ALT,  -0.1,   0.7,   7.9, 3DDiff, 3704,      ,     14,  21.0,     21
2018-08-27, 17:05:33,  -04:00,    GON,   41.2571068,  -72.0993500,  7002.2, 30.02,  7373.1,  17.2, 143.49, 161.38,   13.70,   0.65,  -0.15,   0.00,  -0.01,  31.8,  39.9,  27.7,  28.8,   1.8,  27.88,  29.58,    16.12,  190.23,   52.34,  30.48, 2484.9,    0.74,  331.22,  362.08,  360.03,  342.55,  346.58,  343.32, 1460.16, 1518.13, 1485.04, 1468.50, 1464.49, 1461.11, 1541.33, 1538.41,  7269.6, 166,  GPS,   39.6, 110.85, 110.00, 119.450, 121.500, -0.001,       ,  23.34, -55.9,    4.9,   39.9,  -13.9,      1,   GPS,    ALT,  -0.1,   0.7,  -7.9, 3DDiff, 3704,      ,     14,  21.5,     20
2018-08-27, 17:05:34,  -04:00,    GON,   41.2577782,  -72.0989075,  7001.2, 30.02,  7372.8,  17.2, 143.33, 161.44,   -0.62,   0.60,  -0.10,   0.00,  -0.00,  31.9,  39.9,  27.7,  28.8,   1.8,  27.90,  29.55,    16.11,  190.23,   52.41,  30.48, 2485.4,    0.74,  331.19,  362.05,  360.03,  342.53,  346.52,  343.30, 1460.39, 1517.83, 1484.89, 1468.91, 1464.84, 1461.97, 1542.00, 1538.83,  7269.3, 166,  GPS,   39.6, 110.85, 110.00, 119.450, 121.500, -0.001,       ,  23.33, -55.9,    4.8,   39.9,  -13.9,      1,   GPS,    ALT,  -0.1,   0.6, -15.7, 3DDiff, 3704,      ,     14,  21.0,     20
2018-08-27, 17:05:35,  -04:00,    GON,   41.2584496,  -72.0984802,  7002.2, 30.02,  7372.1,  17.2, 143.35, 161.48,   -6.34,   0.64,  -0.04,  -0.00,   0.00,  31.9,  39.9,  27.7,  28.8,   1.8,  27.92,  29.52,    16.11,  190.22,   52.50,  30.50, 2484.0,    0.74,  331.16,  362.05,  360.06,  342.55,  346.46,  343.29, 1460.42, 1518.50, 1484.78, 1468.88, 1465.22, 1461.49, 1541.90, 1538.35,  7268.6, 166,  GPS,   39.6, 110.85, 110.00, 119.450, 121.500, -0.001,       ,  23.33, -56.0,    4.8,   39.9,  -13.9,      1,   GPS,    ALT,  -0.1,   0.6, -23.6, 3DDiff, 3704,      ,     14,  20.5,     20
2018-08-27, 17:05:36,  -04:00,    GON,   41.2591209,  -72.0980530,  7001.2, 30.02,  7371.6,  17.2, 143.33, 161.53,  -16.49,   0.66,  -0.05,   0.00,  -0.01,  31.9,  39.9,  27.7,  28.8,   1.8,  27.95,  29.50,    16.10,  190.22,   52.57,  30.47, 2485.9,    0.74,  331.13,  362.03,  360.06,  342.55,  346.41,  343.28, 1460.76, 1518.93, 1485.12, 1468.95, 1465.45, 1462.00, 1542.04, 1539.34,  7268.1, 166,  GPS,   39.6, 110.85, 110.00, 119.450, 121.500, -0.001,       ,  23.33, -56.0,    4.8,   39.9,  -13.9,      1,   GPS,    ALT,  -0.0,   0.6, -23.6, 3DDiff, 3704,      ,     14,  20.5,     20
2018-08-27, 17:05:37,  -04:00,    GON,   41.2597923,  -72.0976105,  7001.2, 30.02,  7371.2,  17.2, 143.22, 161.57,  -23.57,   0.69,  -0.08,   0.01,   0.01,  32.0,  39.9,  27.7,  28.8,   1.8,  27.96,  29.49,    16.07,  190.20,   52.63,  30.49, 2485.7,    0.74,  331.10,  362.02,  360.07,  342.53,  346.37,  343.26, 1460.62, 1518.58, 1485.61, 1468.70, 1466.15, 1461.74, 1541.99, 1539.96,  7267.7, 165,  GPS,   39.6, 110.85, 110.00, 119.450, 121.500, -0.001,       ,  23.33, -56.1,    4.7,   39.9,  -13.9,      1,   GPS,    ALT,  -0.0,   0.7, -19.7, 3DDiff, 3704,      ,     14,  20.5,     21
2018-08-27, 17:05:38,  -04:00,    GON,   41.2604675,  -72.0971756,  7001.2, 30.02,  7371.0,  17.2, 143.32, 161.63,  -30.25,   0.70,  -0.07,  -0.00,   0.00,  32.0,  39.9,  27.7,  28.8,   1.8,  27.97,  29.48,    16.13,  190.20,   52.32,  30.47, 2484.9,    0.74,  331.10,  362.05,  360.09,  342.53,  346.28,  343.26, 1461.23, 1518.00, 1485.24, 1468.42, 1466.28, 1460.87, 1541.63, 1539.69,  7267.5, 166,  GPS,   39.6, 110.85, 110.00, 119.450, 121.500, -0.001,       ,  23.32, -56.1,    4.7,   39.9,  -13.9,      1,   GPS,    ALT,  -0.0,   0.7, -15.7, 3DDiff, 3704,      ,     14,  21.0,     21
2018-08-27, 17:05:39,  -04:00,    GON,   41.2611427,  -72.0967407,  7000.2, 30.02,  7370.8,  17.2, 143.28, 161.67,  -24.69,   0.69,   0.03,   0.00,  -0.01,  32.0,  39.9,  27.7,  28.8,   1.8,  27.96,  29.48,    16.15,  190.17,   52.60,  30.50, 2485.8,    0.75,  331.07,  362.02,  360.09,  342.52,  346.25,  343.25, 1461.28, 1518.19, 1485.84, 1468.01, 1466.33, 1459.93, 1541.17, 1539.61,  7267.3, 166,  GPS,   39.6, 110.85, 110.00, 119.450, 121.500, -0.001,       ,  23.32, -56.2,    4.6,   39.9,  -13.9,      1,   GPS,    ALT,  -0.0,   0.7,  -3.9, 3DDiff, 3704,      ,     14,  21.5,     20
2018-08-27, 17:05:40,  -04:00,    GON,   41.2618103,  -72.0963058,  7000.2, 30.02,  7371.0,  17.2, 143.30, 161.71,  -36.36,   0.75,  -0.04,   0.00,   0.02,  32.0,  39.9,  27.7,  28.8,   1.8,  27.96,  29.49,    16.11,  190.17,   52.88,  30.47, 2483.2,    0.74,  331.02,  361.99,  360.09,  342.52,  346.20,  343.26, 1460.53, 1518.96, 1485.41, 1467.93, 1465.91, 1460.02, 1541.72, 1538.76,  7267.5, 166,  GPS,   39.6, 110.85, 110.00, 119.450, 121.500, -0.001,       ,  23.31, -56.3,    4.6,   39.9,  -13.9,      1,   GPS,    ALT,  -0.0,   0.7,   3.9, 3DDiff, 3704,      ,     14,  20.5,     20
2018-08-27, 17:05:41,  -04:00,    GON,   41.2624893,  -72.0958710,  7000.2, 30.02,  7371.0,  17.2, 143.56, 161.73,  -15.32,   0.71,  -0.12,   0.00,  -0.00,  32.0,  39.9,  27.7,  28.8,   1.8,  27.95,  29.51,    16.08,  190.17,   52.56,  30.46, 2484.7,    0.74,  331.01,  362.01,  360.12,  342.53,  346.13,  343.23, 1460.19, 1518.47, 1484.67, 1466.53, 1465.29, 1459.71, 1541.22, 1538.20,  7267.6, 166,  GPS,   39.6, 110.85, 110.00, 119.450, 121.500, -0.001,       ,  23.30, -56.4,    4.5,   39.9,  -13.9,      1,   GPS,    ALT,  -0.0,   0.7,  15.7, 3DDiff, 3704,      ,     14,  20.5,     20
2018-08-27, 17:05:42,  -04:00,    GON,   41.2631607,  -72.0954437,  7000.2, 30.02,  7371.4,  17.2, 143.71, 161.75,  -10.37,   0.71,  -0.04,  -0.01,  -0.01,  31.9,  39.9,  27.7,  28.8,   1.8,  27.93,  29.53,    16.11,  190.18,   52.49,  30.45, 2487.7,    0.74,  331.01,  361.99,  360.12,  342.50,  346.09,  343.25, 1460.78, 1518.96, 1485.29, 1466.82, 1465.67, 1459.55, 1541.64, 1539.18,  7267.9, 166,  GPS,   39.6, 110.85, 110.00, 119.450, 121.500, -0.001,       ,  23.28, -56.5,    4.5,   39.9,  -13.9,      1,   GPS,    ALT,  -0.0,   0.7,  23.6, 3DDiff, 3704,      ,     14,  20.5,     20
2018-08-27, 17:05:43,  -04:00,    GON,   41.2638359,  -72.0950012,  7001.2, 30.02,  7371.6,  17.2, 143.87, 161.77,    8.03,   0.70,   0.00,   0.00,  -0.01,  31.9,  39.9,  27.7,  28.8,   1.8,  27.91,  29.55,    16.11,  190.18,   52.71,  30.48, 2487.5,    0.74,  330.98,  361.98,  360.15,  342.53,  346.01,  343.23, 1461.63, 1519.63, 1484.89, 1466.98, 1465.35, 1459.39, 1542.07, 1538.78,  7268.1, 166,  GPS,   39.6, 110.85, 110.00, 119.450, 121.500, -0.001,       ,  23.27, -56.6,    4.4,   39.9,  -13.9,      1,   GPS,    ALT,  -0.0,   0.7,  23.6, 3DDiff, 3704,      ,     14,  21.0,     21
2018-08-27, 17:05:44,  -04:00,    GON,   41.2645073,  -72.0945663,  7001.2, 30.02,  7371.8,  17.2, 143.86, 161.75,   13.36,   0.69,  -0.04,   0.01,  -0.00,  32.0,  39.9,  27.7,  28.8,   1.8,  27.88,  29.57,    16.10,  190.20,   52.55,  30.46, 2485.2,    0.74,  330.95,  361.96,  360.15,  342.52,  345.97,  343.23, 1459.98, 1519.44, 1485.17, 1466.36, 1465.77, 1460.33, 1541.69, 1538.35,  7268.3, 166,  GPS,   39.6, 110.85, 110.00, 119.450, 121.500, -0.001,       ,  23.26, -56.7,    4.4,   39.9,  -13.9,      1,   GPS,    ALT,  -0.0,   0.7,  15.7, 3DDiff, 3704,      ,     14,  21.5,     21
2018-08-27, 17:05:45,  -04:00,    GON,   41.2651787,  -72.0941315,  7001.2, 30.02,  7372.0,  17.2, 143.82, 161.77,    1.60,   0.65,  -0.05,   0.00,  -0.01,  32.0,  39.9,  27.7,  28.8,   1.8,  27.86,  29.57,    16.11,  190.18,   52.51,  30.48, 2486.4,    0.74,  330.95,  361.94,  360.19,  342.53,  345.89,  343.24, 1458.71, 1519.54, 1485.03, 1467.42, 1465.59, 1460.06, 1542.22, 1537.61,  7268.5, 166,  GPS,   39.6, 110.85, 110.00, 119.450, 121.500, -0.001,       ,  23.24, -56.8,    4.4,   39.9,  -13.9,      1,   GPS,    ALT,  -0.0,   0.7,   3.9, 3DDiff, 3704,      ,     14,  22.0,     20
2018-08-27, 17:05:46,  -04:00,    GON,   41.2658501,  -72.0936966,  7001.2, 30.02,  7371.6,  17.2, 143.92, 161.77,   -1.31,   0.65,  -0.11,  -0.00,  -0.01,  32.0,  39.9,  27.7,  28.8,   1.8,  27.84,  29.58,    16.10,  190.17,   52.63,  30.47, 2485.9,    0.74,  330.92,  361.94,  360.21,  342.53,  345.80,  343.23, 1459.03, 1517.90, 1485.21, 1467.66, 1465.56, 1458.92, 1541.12, 1537.93,  7268.1, 166,  GPS,   39.6, 110.85, 110.00, 119.450, 121.500, -0.001,       ,  23.23, -56.8,    4.3,   39.9,  -13.9,      1,   GPS,    ALT,  -0.0,   0.7,  -7.9, 3DDiff, 3704,      ,     14,  21.0,     20
2018-08-27, 17:05:47,  -04:00,    GON,   41.2665253,  -72.0932617,  7001.2, 30.02,  7372.5,  17.2, 143.87, 161.77,   -9.20,   0.71,  -0.12,   0.00,  -0.00,  32.0,  39.9,  27.7,  28.8,   1.8,  27.83,  29.59,    16.06,  190.14,   52.43,  30.48, 2486.6,    0.74,  330.89,  361.94,  360.22,  342.50,  345.76,  343.23, 1459.13, 1518.37, 1485.48, 1467.28, 1464.07, 1459.06, 1540.97, 1537.98,  7269.0, 166,  GPS,   39.6, 110.85, 110.00, 119.450, 121.500, -0.001,       ,  23.22, -56.9,    4.3,   39.9,  -13.9,      1,   GPS,    ALT,  -0.0,   0.7,  -3.9, 3DDiff, 3704,      ,     14,  21.0,     20
2018-08-27, 17:05:48,  -04:00,    GON,   41.2672005,  -72.0928268,  7001.2, 30.02,  7372.6,  17.2, 143.89, 161.77,    2.14,   0.68,  -0.13,   0.00,   0.01,  32.0,  39.9,  27.7,  28.8,   1.8,  27.83,  29.59,    16.08,  190.13,   52.52,  30.45, 2486.1,    0.74,  330.89,  361.95,  360.22,  342.50,  345.70,  343.25, 1458.58, 1517.80, 1484.04, 1468.01, 1462.96, 1458.69, 1540.93, 1537.06,  7269.1, 166,  GPS,   39.6, 110.85, 110.00, 119.450, 121.500, -0.001,       ,  23.21, -56.9,    4.2,   39.9,  -13.9,      1,   GPS,    ALT,  -0.0,   0.7,   7.9, 3DDiff, 3704,      ,     14,  21.0,     20
2018-08-27, 17:05:49,  -04:00,    GON,   41.2678719,  -72.0923843,  7001.2, 30.02,  7372.8,  17.2, 143.83, 161.79,    1.80,   0.64,  -0.12,  -0.01,  -0.01,  32.0,  39.9,  27.7,  28.8,   1.8,  27.84,  29.56,    16.06,  190.12,   52.43,  30.48, 2484.7,    0.74,  330.86,  361.93,  360.25,  342.50,  345.61,  343.23, 1459.18, 1517.88, 1483.99, 1467.86, 1464.15, 1458.83, 1541.15, 1537.55,  7269.3, 166,  GPS,   39.6, 110.85, 110.00, 119.450, 121.500, -0.001,       ,  23.20, -57.0,    4.2,   39.9,  -13.9,      1,   GPS,    ALT,  -0.0,   0.7,   7.9, 3DDiff, 3704,      ,     14,  21.0,     21
2018-08-27, 17:05:50,  -04:00,    GON,   41.2685471,  -72.0919571,  7001.2, 30.02,  7372.8,  17.2, 143.74, 161.81,   -7.18,   0.66,  -0.11,   0.00,  -0.00,  32.0,  39.9,  27.7,  28.8,   1.8,  27.85,  29.54,    16.06,  190.10,   52.28,  30.47, 2484.6,    0.74,  330.83,  361.92,  360.25,  342.48,  345.55,  343.21, 1458.88, 1518.31, 1484.67, 1466.86, 1463.76, 1457.61, 1540.64, 1537.44,  7269.3, 166,  GPS,   39.6, 110.85, 110.00, 119.450, 121.500, -0.001,       ,  23.19, -57.0,    4.1,   39.9,  -13.9,      1,   GPS,    ALT,  -0.0,   0.6,   0.0, 3DDiff, 3704,      ,     14,  21.5,     21
2018-08-27, 17:05:51,  -04:00,    GON,   41.2692223,  -72.0915222,  7002.2, 30.02,  7372.4,  17.0, 143.80, 161.83,   -3.38,   0.65,  -0.04,   0.00,   0.01,  32.0,  39.9,  27.7,  28.8,   1.8,  27.87,  29.51,    16.11,  190.10,   52.54,  30.46, 2485.6,    0.74,  330.83,  361.91,  360.28,  342.48,  345.49,  343.26, 1459.55, 1517.74, 1484.74, 1466.47, 1462.90, 1458.41, 1540.44, 1537.56,  7268.9, 166,  GPS,   39.6, 110.85, 110.00, 119.450, 121.500, -0.001,       ,  23.18, -57.1,    4.1,   39.9,  -13.9,      1,   GPS,    ALT,  -0.0,   0.6,   0.0, 3DDiff, 3704,      ,     14,  22.0,     20
2018-08-27, 17:05:52,  -04:00,    GON,   41.2698936,  -72.0910873,  7001.2, 30.02,  7372.5,  17.0, 143.74, 161.84,  -10.08,   0.59,  -0.01,   0.00,  -0.00,  32.0,  39.8,  27.7,  28.8,   1.8,  27.88,  29.50,    16.15,  190.10,   52.54,  30.42, 2486.1,    0.75,  330.80,  361.92,  360.30,  342.47,  345.43,  343.24, 1459.63, 1517.68, 1485.03, 1465.83, 1463.54, 1458.33, 1540.08, 1537.82,  7269.0, 166,  GPS,   39.6, 110.85, 110.00, 119.450, 121.500, -0.001,       ,  23.17, -57.1,    4.0,   39.9,  -13.9,      1,   GPS,    ALT,  -0.0,   0.6,   0.0, 3DDiff, 3704,      ,     14,  21.0,     20
2018-08-27, 17:05:53,  -04:00,    GON,   41.2705688,  -72.0906525,  7001.2, 30.02,  7371.4,  17.0, 143.90, 161.88,  -25.55,   0.63,  -0.01,  -0.00,   0.00,  32.0,  39.8,  27.7,  28.8,   1.8,  27.88,  29.50,    16.17,  190.10,   52.51,  30.48, 2487.3,    0.75,  330.78,  361.92,  360.30,  342.47,  345.37,  343.26, 1459.68, 1516.81, 1485.14, 1466.13, 1462.77, 1457.92, 1540.11, 1537.98,  7267.9, 166,  GPS,   39.6, 110.85, 110.00, 119.450, 121.500, -0.001,       ,  23.16, -57.2,    4.0,   39.9,  -13.9,      1,   GPS,    ALT,  -0.0,   0.6,  -3.9, 3DDiff, 3704,      ,     14,  20.5,     20
2018-08-27, 17:05:54,  -04:00,    GON,   41.2712440,  -72.0902176,  7000.2, 30.02,  7371.4,  17.0, 143.93, 161.90,  -33.61,   0.65,  -0.03,   0.00,   0.00,  32.0,  39.8,  27.7,  28.8,   1.8,  27.87,  29.49,    16.11,  190.10,   52.50,  30.48, 2485.6,    0.74,  330.77,  361.93,  360.30,  342.47,  345.30,  343.27, 1459.22, 1515.59, 1484.91, 1465.67, 1462.46, 1457.79, 1539.42, 1537.91,  7268.0, 166,  GPS,   39.6, 110.85, 110.00, 119.450, 121.500, -0.001,       ,  23.15, -57.2,    3.9,   39.9,  -13.9,      1,   GPS,    ALT,   0.0,   0.6,   7.9, 3DDiff, 3704,      ,     14,  21.0,     20
2018-08-27, 17:05:55,  -04:00,    GON,   41.2719154,  -72.0897827,  7000.2, 30.02,  7371.6,  17.0, 143.91, 161.92,  -22.36,   0.68,  -0.01,   0.00,   0.00,  31.9,  40.0,  27.7,  28.8,   1.8,  27.87,  29.50,    16.08,  190.08,   52.69,  30.47, 2486.0,    0.74,  330.76,  361.93,  360.28,  342.47,  345.25,  343.31, 1459.73, 1515.91, 1484.84, 1466.05, 1463.50, 1457.87, 1539.60, 1538.02,  7268.1, 166,  GPS,   39.6, 110.85, 110.00, 119.450, 121.500, -0.001,       ,  23.13, -57.2,    3.9,   39.9,  -13.9,      1,   GPS,    ALT,   0.0,   0.6,  15.7, 3DDiff, 3704,      ,     14,  21.0,     21
2018-08-27, 17:05:56,  -04:00,    GON,   41.2725906,  -72.0893478,  7002.2, 30.02,  7371.7,  17.0, 143.82, 161.94,    9.41,   0.64,   0.01,  -0.00,  -0.01,  31.9,  39.9,  27.7,  28.8,   1.8,  27.86,  29.50,    16.09,  190.08,   52.76,  30.44, 2486.4,    0.74,  330.73,  361.91,  360.28,  342.47,  345.18,  343.29, 1460.97, 1515.63, 1485.19, 1465.75, 1463.44, 1458.05, 1539.39, 1538.76,  7268.2, 166,  GPS,   39.6, 110.85, 110.00, 119.450, 121.500, -0.001,       ,  23.12, -57.3,    3.9,   39.9,  -13.9,      1,   GPS,    ALT,   0.0,   0.6,  19.7, 3DDiff, 3704,      ,     14,  21.0,     22
2018-08-27, 17:05:57,  -04:00,    GON,   41.2732620,  -72.0889130,  7002.2, 30.02,  7372.9,  17.0, 143.92, 161.94,   26.75,   0.60,  -0.02,   0.00,  -0.02,  31.9,  39.9,  27.7,  28.8,   1.8,  27.84,  29.51,    16.05,  190.08,   52.59,  30.49, 2485.8,    0.74,  330.73,  361.94,  360.28,  342.45,  345.10,  343.29, 1460.82, 1517.34, 1484.25, 1466.12, 1463.75, 1458.18, 1540.34, 1538.04,  7269.4, 166,  GPS,   39.6, 110.85, 110.00, 119.450, 121.500, -0.001,       ,  23.11, -57.3,    3.8,   39.9,  -13.9,      1,   GPS,    ALT,  -0.0,   0.6,   0.0, 3DDiff, 3704,      ,     14,  22.0,     20
2018-08-27, 17:05:58,  -04:00,    GON,   41.2739410,  -72.0884781,  7002.2, 30.02,  7372.5,  17.0, 143.90, 161.98,    9.56,   0.64,  -0.07,   0.00,   0.01,  31.9,  39.9,  27.7,  28.8,   1.8,  27.84,  29.51,    16.09,  190.05,   52.64,  30.49, 2486.1,    0.74,  330.68,  361.93,  360.28,  342.47,  345.04,  343.29, 1460.41, 1517.59, 1484.78, 1467.36, 1463.49, 1457.65, 1540.55, 1537.71,  7269.0, 166,  GPS,   39.6, 110.85, 110.00, 119.450, 121.500, -0.001,       ,  23.10, -57.3,    3.8,   39.9,  -13.9,      1,   GPS,    ALT,  -0.0,   0.6, -23.6, 3DDiff, 3704,      ,     14,  21.0,     20
2018-08-27, 17:05:59,  -04:00,    GON,   41.2746124,  -72.0880356,  7003.2, 30.02,  7372.8,  17.0, 144.02, 162.00,   20.56,   0.62,  -0.09,  -0.00,  -0.01,  31.9,  39.9,  27.7,  28.8,   1.8,  27.82,  29.51,    16.06,  190.06,   52.47,  30.45, 2485.1,    0.74,  330.67,  361.94,  360.28,  342.45,  344.97,  343.32, 1459.84, 1517.37, 1484.66, 1467.48, 1463.07, 1457.28, 1540.08, 1537.50,  7269.3, 166,  GPS,   39.6, 110.85, 110.00, 119.450, 121.500, -0.001,       ,  23.09, -57.4,    3.7,   39.9,  -13.9,      1,   GPS,    ALT,  -0.0,   0.6, -31.5, 3DDiff, 3704,      ,     14,  20.5,     20
2018-08-27, 17:06:00,  -04:00,    GON,   41.2752876,  -72.0876007,  7001.2, 30.02,  7372.2,  17.0, 144.03, 162.02,  -20.25,   0.65,  -0.03,  -0.00,  -0.00,  31.9,  39.9,  27.7,  28.8,   1.8,  27.82,  29.51,    16.00,  190.03,   52.69,  30.44, 2487.0,    0.74,  330.65,  361.96,  360.28,  342.46,  344.92,  343.34, 1459.09, 1516.97, 1485.36, 1468.01, 1462.90, 1458.08, 1540.95, 1537.70,  7268.7, 166,  GPS,   39.6, 110.85, 110.00, 119.450, 121.500, -0.001,       ,  23.09, -57.4,    3.7,   39.9,  -13.9,      1,   GPS,    ALT,  -0.0,   0.6, -43.3, 3DDiff, 3704,      ,     14,  21.0,     21
2018-08-27, 17:06:01,  -04:00,    GON,   41.2759628,  -72.0871735,  7001.2, 30.02,  7371.6,  17.0, 144.08, 162.04,  -38.43,   0.71,  -0.04,   0.00,   0.01,  31.9,  39.9,  27.7,  28.8,   1.8,  27.82,  29.51,    16.07,  190.04,   52.87,  30.48, 2485.1,    0.74,  330.62,  361.93,  360.27,  342.44,  344.86,  343.33, 1459.36, 1516.34, 1485.72, 1467.73, 1464.15, 1458.79, 1541.04, 1538.04,  7268.1, 166,  GPS,   39.6, 110.85, 110.00, 119.450, 121.500, -0.001,       ,  23.09, -57.4,    3.6,   39.9,  -13.9,      1,   GPS,    ALT,  -0.0,   0.7, -43.3, 3DDiff, 3704,      ,     14,  21.0,     21
2018-08-27, 17:06:02,  -04:00,    GON,   41.2766418,  -72.0867310,  6999.2, 30.02,  7371.4,  17.0, 143.96, 162.04,  -52.58,   0.74,  -0.09,   0.00,   0.01,  31.9,  39.9,  27.7,  28.8,   1.8,  27.80,  29.52,    16.07,  190.03,   52.69,  30.48, 2487.6,    0.74,  330.62,  361.96,  360.27,  342.46,  344.79,  343.35, 1459.26, 1517.28, 1485.08, 1466.42, 1464.64, 1458.58, 1540.60, 1537.37,  7268.0, 166,  GPS,   39.6, 110.85, 110.00, 119.450, 121.500, -0.001,       ,  23.09, -57.4,    3.6,   39.9,  -13.9,      1,   GPS,    ALT,  -0.0,   0.7, -19.7, 3DDiff, 3704,      ,     14,  21.0,     22
2018-08-27, 17:06:03,  -04:00,    GON,   41.2772980,  -72.0863113,  6999.2, 30.02,  7369.9,  17.0, 144.02, 162.04,  -50.38,   0.78,  -0.11,  -0.00,   0.00,  31.9,  39.9,  27.7,  28.8,   1.8,  27.80,  29.52,    16.09,  190.04,   52.60,  30.47, 2486.8,    0.74,  330.58,  361.95,  360.25,  342.44,  344.70,  343.38, 1459.62, 1516.86, 1485.46, 1465.76, 1464.00, 1459.17, 1540.51, 1537.82,  7266.4, 166,  GPS,   39.6, 110.85, 110.00, 119.450, 121.500, -0.001,       ,  23.09, -57.4,    3.5,   39.9,  -13.9,      1,   GPS,    ALT,  -0.0,   0.8,  -3.9, 3DDiff, 3704,      ,     14,  22.0,     20
2018-08-27, 17:06:04,  -04:00,    GON,   41.2779732,  -72.0858765,  7000.2, 30.02,  7370.1,  17.0, 144.10, 162.04,   -6.46,   0.77,  -0.08,  -0.00,  -0.01,  31.9,  39.9,  27.7,  28.8,   1.8,  27.80,  29.52,    16.09,  190.04,   52.75,  30.52, 2484.7,    0.74,  330.59,  361.96,  360.25,  342.41,  344.66,  343.36, 1460.05, 1518.00, 1486.17, 1466.78, 1464.14, 1459.04, 1541.50, 1538.27,  7266.6, 166,  GPS,   39.6, 110.85, 110.00, 119.450, 121.500, -0.001,       ,  23.09, -57.4,    3.5,   39.9,  -13.9,      1,   GPS,    ALT,  -0.0,   0.8,  11.8, 3DDiff, 3704,      ,     14,  21.0,     20
2018-08-27, 17:06:05,  -04:00,    GON,   41.2786446,  -72.0854416,  6999.2, 30.02,  7369.7,  17.0, 143.92, 162.02,  -30.71,   0.76,  -0.02,   0.00,   0.00,  31.9,  39.9,  27.7,  28.8,   1.8,  27.80,  29.52,    16.11,  190.05,   52.64,  30.49, 2484.0,    0.74,  330.56,  361.94,  360.25,  342.41,  344.57,  343.38, 1459.32, 1517.93, 1486.24, 1466.97, 1465.61, 1459.49, 1541.46, 1539.01,  7266.2, 166,  GPS,   39.6, 110.85, 110.00, 119.450, 121.500, -0.001,       ,  23.10, -57.4,    3.5,   39.9,  -13.9,      1,   GPS,    ALT,  -0.0,   0.8,  11.8, 3DDiff, 3704,      ,     14,  20.5,     20
2018-08-27, 17:06:06,  -04:00,    GON,   41.2793198,  -72.0850067,  6999.2, 30.02,  7369.7,  17.0, 144.00, 161.98,  -26.59,   0.80,  -0.02,   0.00,   0.01,  31.9,  39.9,  27.7,  28.8,   1.8,  27.80,  29.51,    16.12,  190.06,   52.56,  30.49, 2486.6,    0.74,  330.53,  361.96,  360.28,  342.43,  344.51,  343.40, 1459.78, 1517.89, 1486.12, 1467.16, 1466.73, 1460.76, 1541.71, 1539.76,  7266.2, 166,  GPS,   39.6, 110.85, 110.00, 119.450, 121.500, -0.001,       ,  23.10, -57.5,    3.4,   39.9,  -13.9,      1,   GPS,    ALT,  -0.0,   0.8,   3.9, 3DDiff, 3704,      ,     14,  21.0,     21
2018-08-27, 17:06:07,  -04:00,    GON,   41.2799950,  -72.0845642,  7000.2, 30.02,  7369.9,  17.0, 143.98, 161.96,   -5.67,   0.80,  -0.07,  -0.01,  -0.00,  31.9,  39.9,  27.7,  28.8,   1.8,  27.79,  29.51,    16.13,  190.04,   52.73,  30.48, 2486.0,    0.74,  330.50,  361.95,  360.25,  342.41,  344.43,  343.41, 1459.31, 1517.62, 1485.67, 1468.22, 1467.53, 1461.59, 1542.05, 1539.31,  7266.4, 166,  GPS,   39.6, 110.85, 110.00, 119.450, 121.500, -0.001,       ,  23.11, -57.5,    3.4,   39.9,  -13.9,      1,   GPS,    ALT,  -0.0,   0.8,  19.7, 3DDiff, 3704,      ,     14,  21.0,     21
2018-08-27, 17:06:08,  -04:00,    GON,   41.2806702,  -72.0841370,  7000.2, 30.02,  7370.1,  17.0, 143.85, 161.96,    0.03,   0.75,  -0.05,   0.00,  -0.01,  31.9,  39.9,  27.7,  28.8,   1.8,  27.78,  29.51,    16.05,  190.04,   52.88,  30.49, 2486.6,    0.74,  330.49,  361.93,  360.25,  342.38,  344.36,  343.41, 1459.55, 1517.13, 1485.90, 1469.07, 1466.93, 1461.48, 1542.34, 1539.58,  7266.6, 166,  GPS,   39.6, 110.85, 110.00, 119.450, 121.500, -0.001,       ,  23.12, -57.5,    3.3,   39.9,  -13.9,      1,   GPS,    ALT,  -0.0,   0.8,  23.6, 3DDiff, 3704,      ,     14,  21.0,     22
2018-08-27, 17:06:09,  -04:00,    GON,   41.2813416,  -72.0837021,  7000.2, 30.02,  7372.0,  17.0, 143.88, 161.92,   -0.61,   0.76,  -0.04,   0.00,   0.01,  31.9,  39.9,  27.7,  28.8,   1.8,  27.78,  29.51,    16.11,  190.03,   52.60,  30.48, 2484.4,    0.74,  330.47,  361.93,  360.25,  342.41,  344.28,  343.44, 1459.54, 1517.61, 1485.53, 1469.67, 1466.25, 1461.93, 1542.85, 1538.90,  7268.5, 166,  GPS,   39.6, 110.85, 110.00, 119.450, 121.500, -0.001,       ,  23.13, -57.5,    3.3,   39.9,  -13.9,      1,   GPS,    ALT,  -0.0,   0.7,  11.8, 3DDiff, 3704,      ,     14,  21.5,     20
2018-08-27, 17:06:10,  -04:00,    GON,   41.2820206,  -72.0832596,  7000.2, 30.02,  7372.3,  17.0, 143.87, 161.92,   17.21,   0.70,  -0.04,  -0.00,  -0.01,  31.9,  39.9,  27.7,  28.8,   1.8,  27.78,  29.51,    16.09,  190.02,   52.70,  30.47, 2487.8,    0.74,  330.46,  361.92,  360.22,  342.38,  344.21,  343.44, 1459.39, 1517.09, 1485.70, 1469.06, 1466.01, 1462.74, 1542.21, 1538.73,  7268.9, 166,  GPS,   39.6, 110.85, 110.00, 119.450, 121.500, -0.001,       ,  23.13, -57.5,    3.2,   39.9,  -13.9,      1,   GPS,    ALT,  -0.0,   0.7,  15.7, 3DDiff, 3704,      ,     14,  21.0,     20
2018-08-27, 17:06:11,  -04:00,    GON,   41.2826920,  -72.0828247,  7000.2, 30.02,  7372.4,  17.0, 143.83, 161.92,   -6.07,   0.73,  -0.03,   0.00,  -0.01,  31.9,  39.9,  27.7,  28.8,   1.8,  27.78,  29.51,    16.03,  190.01,   52.66,  30.46, 2486.7,    0.74,  330.44,  361.90,  360.22,  342.41,  344.18,  343.44, 1459.68, 1517.49, 1485.06, 1469.11, 1465.61, 1461.55, 1541.87, 1538.64,  7268.9, 166,  GPS,   39.6, 110.85, 110.00, 119.450, 121.500, -0.001,       ,  23.15, -57.5,    3.2,   39.9,  -13.9,      1,   GPS,    ALT,  -0.0,   0.7,   3.9, 3DDiff, 3704,      ,     14,  20.5,     20
2018-08-27, 17:06:12,  -04:00,    GON,   41.2833633,  -72.0823975,  7000.2, 30.02,  7372.5,  17.0, 143.84, 161.92,   -6.75,   0.75,  -0.04,   0.01,   0.00,  31.9,  39.9,  27.7,  28.8,   1.8,  27.79,  29.50,    16.09,  189.98,   52.65,  30.48, 2486.1,    0.74,  330.41,  361.92,  360.19,  342.38,  344.09,  343.44, 1459.97, 1516.99, 1484.95, 1469.26, 1465.86, 1462.61, 1541.89, 1538.84,  7269.1, 166,  GPS,   39.6, 110.85, 110.00, 119.450, 121.500, -0.001,       ,  23.16, -57.5,    3.1,   39.9,  -13.9,      1,   GPS,    ALT,  -0.0,   0.7,   3.9, 3DDiff, 3704,      ,     14,  21.0,     21
2018-08-27, 17:06:13,  -04:00,    GON,   41.2840424,  -72.0819550,  7000.2, 30.02,  7372.8,  17.0, 143.79, 161.92,  -14.95,   0.77,  -0.07,   0.00,   0.00,  31.8,  39.9,  27.7,  28.8,   1.8,  27.79,  29.50,    16.08,  189.97,   52.79,  30.46, 2485.9,    0.74,  330.43,  361.90,  360.18,  342.40,  344.05,  343.45, 1460.65, 1515.98, 1483.70, 1468.05, 1464.19, 1462.44, 1540.94, 1538.09,  7269.4, 166,  GPS,   39.6, 110.85, 110.00, 119.450, 121.500, -0.001,       ,  23.17, -57.5,    3.1,   39.9,  -13.9,      1,   GPS,    ALT,  -0.0,   0.8,   7.9, 3DDiff, 3704,      ,     14,  21.0,     21
2018-08-27, 17:06:14,  -04:00,    GON,   41.2847137,  -72.0815201,  7001.2, 30.02,  7373.2,  17.0, 143.84, 161.90,   -2.57,   0.76,  -0.08,  -0.00,  -0.01,  31.8,  39.9,  27.7,  28.8,   1.8,  27.78,  29.50,    16.08,  189.96,   52.88,  30.47, 2485.9,    0.74,  330.40,  361.90,  360.15,  342.35,  344.02,  343.47, 1461.45, 1516.34, 1483.92, 1468.05, 1463.53, 1462.20, 1541.12, 1538.08,  7269.7, 166,  GPS,   39.6, 110.85, 110.00, 119.450, 121.500, -0.001,       ,  23.18, -57.6,    3.0,   39.9,  -13.9,      1,   GPS,    ALT,  -0.0,   0.8,  15.7, 3DDiff, 3704,      ,     14,  21.0,     22
2018-08-27, 17:06:15,  -04:00,    GON,   41.2853889,  -72.0810928,  7001.2, 30.02,  7371.7,  17.0, 143.75, 161.90,    9.86,   0.73,  -0.07,   0.00,  -0.01,  31.8,  39.9,  27.7,  28.8,   1.8,  27.79,  29.50,    16.07,  189.94,   52.87,  30.46, 2486.8,    0.74,  330.37,  361.89,  360.10,  342.34,  343.99,  343.47, 1460.56, 1516.52, 1483.62, 1467.92, 1463.53, 1460.63, 1540.87, 1537.42,  7268.3, 166,  GPS,   39.6, 110.85, 110.00, 119.450, 121.500, -0.001,       ,  23.20, -57.6,    3.0,   39.9,  -13.9,      1,   GPS,    ALT,  -0.0,   0.7,  11.8, 3DDiff, 3704,      ,     14,  21.5,     20
2018-08-27, 17:06:16,  -04:00,    GON,   41.2860603,  -72.0806503,  7001.2, 30.02,  7371.7,  17.0, 143.78, 161.92,   16.10,   0.70,  -0.04,   0.00,   0.00,  31.8,  39.9,  27.7,  28.8,   1.8,  27.79,  29.48,    16.08,  189.94,   52.68,  30.45, 2488.2,    0.74,  330.37,  361.88,  360.09,  342.34,  343.95,  343.47, 1460.61, 1516.76, 1484.75, 1467.89, 1464.35, 1461.01, 1540.77, 1538.12,  7268.2, 166,  GPS,   39.6, 110.85, 110.00, 119.450, 121.500, -0.001,       ,  23.21, -57.6,    3.0,   39.9,  -13.9,      1,   GPS,    ALT,  -0.0,   0.7,   3.9, 3DDiff, 3704,      ,     14,  21.0,     20
2018-08-27, 17:06:17,  -04:00,    GON,   41.2867355,  -72.0802155,  7001.2, 30.02,  7371.7,  17.0, 143.73, 161.94,    4.55,   0.67,  -0.05,   0.00,  -0.01,  31.8,  39.9,  27.7,  28.8,   1.8,  27.79,  29.46,    16.13,  189.93,   52.61,  30.47, 2484.1,    0.74,  330.32,  361.90,  360.06,  342.34,  343.94,  343.46, 1460.16, 1516.94, 1484.68, 1466.91, 1464.00, 1461.51, 1540.74, 1537.64,  7268.2, 166,  GPS,   39.6, 110.85, 110.00, 119.450, 121.500, -0.001,       ,  23.23, -57.6,    2.9,   39.9,  -13.9,      1,   GPS,    ALT,  -0.0,   0.7,  -3.9, 3DDiff, 3704,      ,     14,  20.5,     20
2018-08-27, 17:06:18,  -04:00,    GON,   41.2874107,  -72.0797882,  7001.2, 30.02,  7371.4,  17.0, 143.75, 161.94,    2.64,   0.69,  -0.07,  -0.00,  -0.01,  31.8,  39.9,  27.7,  28.8,   1.8,  27.81,  29.45,    16.08,  189.94,   52.66,  30.47, 2484.9,    0.74,  330.32,  361.87,  360.03,  342.32,  343.95,  343.44, 1460.53, 1517.28, 1484.23, 1468.09, 1463.88, 1460.70, 1541.44, 1537.54,  7267.9, 166,  GPS,   39.6, 110.85, 110.00, 119.450, 121.500, -0.001,       ,  23.25, -57.6,    2.9,   39.9,  -13.9,      1,   GPS,    ALT,  -0.0,   0.7, -11.8, 3DDiff, 3704,      ,     14,  21.0,     21
2018-08-27, 17:06:19,  -04:00,    GON,   41.2880821,  -72.0793457,  7001.2, 30.02,  7370.9,  17.2, 143.77, 161.96,    5.42,   0.68,  -0.05,   0.01,  -0.01,  31.8,  39.9,  27.7,  28.8,   1.8,  27.82,  29.43,    16.13,  189.94,   52.94,  30.49, 2484.3,    0.74,  330.33,  361.87,  360.01,  342.34,  343.94,  343.44, 1460.83, 1517.28, 1485.18, 1467.46, 1464.03, 1461.58, 1541.73, 1538.10,  7267.5, 166,  GPS,   39.6, 110.85, 110.00, 119.450, 121.500, -0.001,       ,  23.27, -57.7,    2.8,   39.9,  -13.9,      1,   GPS,    ALT,  -0.0,   0.7, -15.7, 3DDiff, 3704,      ,     14,  21.0,     21
2018-08-27, 17:06:20,  -04:00,    GON,   41.2887573,  -72.0789108,  7001.2, 30.02,  7370.4,  17.2, 143.72, 162.00,  -13.65,   0.69,  -0.10,   0.00,   0.01,  31.7,  39.9,  27.7,  28.8,   1.8,  27.83,  29.41,    16.05,  189.93,   52.81,  30.45, 2486.0,    0.74,  330.31,  361.87,  359.97,  342.32,  343.98,  343.41, 1461.13, 1517.66, 1484.73, 1468.06, 1463.29, 1461.12, 1542.15, 1537.87,  7266.9, 166,  GPS,   39.6, 110.85, 110.00, 119.450, 121.500, -0.001,       ,  23.29, -57.7,    2.8,   39.9,  -13.9,      1,   GPS,    ALT,  -0.0,   0.7, -23.6, 3DDiff, 3704,      ,     14,  21.0,     21
2018-08-27, 17:06:21,  -04:00,    GON,   41.2894325,  -72.0784760,  7000.2, 30.02,  7371.6,  17.2, 143.82, 162.00,  -25.70,   0.70,  -0.04,  -0.00,   0.00,  31.8,  39.9,  27.7,  28.8,   1.8,  27.84,  29.40,    16.09,  189.95,   52.94,  30.46, 2486.5,    0.74,  330.30,  361.87,  359.94,  342.34,  344.03,  343.40, 1461.10, 1517.24, 1484.58, 1467.53, 1463.38, 1460.59, 1541.60, 1538.36,  7268.4, 166,  GPS,   39.6, 110.85, 110.00, 119.450, 121.500, -0.001,       ,  23.31, -57.7,    2.7,   39.9,  -13.9,      1,   GPS,    ALT,  -0.0,   0.7, -15.7, 3DDiff, 3704,      ,     14,  21.5,     20
2018-08-27, 17:06:22,  -04:00,    GON,   41.2901077,  -72.0780411,  7000.2, 30.02,  7371.5,  17.2, 143.80, 162.02,  -28.94,   0.73,  -0.07,   0.00,  -0.00,  31.8,  39.9,  27.7,  28.8,   1.8,  27.85,  29.39,    15.99,  189.96,   52.57,  30.48, 2485.0,    0.74,  330.28,  361.87,  359.91,  342.34,  344.10,  343.38, 1461.41, 1517.30, 1484.07, 1468.44, 1463.06, 1459.22, 1541.56, 1538.33,  7268.3, 166,  GPS,   39.6, 110.85, 110.00, 119.450, 121.500, -0.001,       ,  23.33, -57.7,    2.7,   39.9,  -13.9,      1,   GPS,    ALT,  -0.0,   0.7,  -7.9, 3DDiff, 3704,      ,     14,  20.5,     20
2018-08-27, 17:06:23,  -04:00,    GON,   41.2907829,  -72.0775986,  7000.2, 30.02,  7371.4,  17.2, 143.76, 162.04,  -25.79,   0.73,  -0.04,   0.00,   0.01,  31.7,  39.9,  27.7,  28.8,   1.8,  27.85,  29.37,    16.04,  189.97,   52.52,  30.46, 2484.5,    0.74,  330.26,  361.87,  359.86,  342.34,  344.19,  343.38, 1461.05, 1516.46, 1483.82, 1469.54, 1463.29, 1459.11, 1541.38, 1537.77,  7268.1, 166,  GPS,   39.6, 110.85, 110.00, 119.450, 121.500, -0.001,       ,  23.35, -57.8,    2.6,   39.9,  -13.9,      1,   GPS,    ALT,  -0.0,   0.7,   3.9, 3DDiff, 3704,      ,     14,  20.5,     20
2018-08-27, 17:06:24,  -04:00,    GON,   41.2914543,  -72.0771637,  6999.2, 30.02,  7371.6,  17.2, 143.48, 162.06,  -27.00,   0.69,  -0.01,  -0.00,  -0.00,  31.8,  39.9,  27.7,  28.8,   1.8,  27.86,  29.35,    16.07,  189.99,   52.50,  30.46, 2484.4,    0.74,  330.25,  361.87,  359.82,  342.32,  344.29,  343.38, 1460.30, 1516.99, 1484.33, 1468.14, 1464.38, 1458.59, 1541.14, 1538.50,  7268.3, 166,  GPS,   39.6, 110.85, 110.00, 119.450, 121.500, -0.001,       ,  23.38, -57.8,    2.6,   39.9,  -13.9,      1,   GPS,    ALT,  -0.0,   0.7,  11.8, 3DDiff, 3704,      ,     14,  21.0,     21
2018-08-27, 17:06:25,  -04:00,    GON,   41.2921295,  -72.0767365,  7000.2, 30.02,  7371.8,  17.2, 143.51, 162.10,  -16.76,   0.74,   0.01,  -0.00,   0.00,  31.7,  39.9,  27.7,  28.8,   1.8,  27.88,  29.34,    16.06,  190.00,   52.66,  30.45, 2485.0,    0.74,  330.25,  361.87,  359.79,  342.32,  344.44,  343.38, 1460.12, 1516.98, 1484.77, 1467.89, 1464.68, 1458.85, 1540.94, 1538.84,  7268.6, 166,  GPS,   39.6, 110.85, 110.00, 119.450, 121.500, -0.001,       ,  23.40, -57.9,    2.6,   39.9,  -13.9,      1,   GPS,    ALT,  -0.0,   0.7,  11.8, 3DDiff, 3704,      ,     14,  21.0,     21
2018-08-27, 17:06:26,  -04:00,    GON,   41.2928085,  -72.0762939,  7001.2, 30.02,  7372.3,  17.2, 143.54, 162.12,    8.94,   0.68,   0.01,   0.00,  -0.00,  31.7,  39.9,  27.7,  28.8,   1.8,  27.89,  29.34,    16.10,  189.99,   52.57,  30.47, 2487.5,    0.74,  330.23,  361.87,  359.74,  342.32,  344.60,  343.38, 1460.94, 1516.72, 1484.47, 1468.32, 1464.62, 1458.85, 1540.58, 1539.03,  7269.0, 166,  GPS,   39.6, 110.85, 110.00, 119.450, 121.500, -0.001,       ,  23.42, -57.9,    2.5,   39.9,  -13.9,      1,   GPS,    ALT,  -0.0,   0.7,  19.7, 3DDiff, 3704,      ,     14,  21.0,     21
2018-08-27, 17:06:27,  -04:00,    GON,   41.2934799,  -72.0758591,  7000.2, 30.02,  7370.8,  17.2, 143.47, 162.12,    0.08,   0.66,  -0.01,   0.00,   0.00,  31.7,  39.9,  27.7,  28.8,   1.8,  27.89,  29.33,    16.16,  189.99,   52.70,  30.50, 2485.6,    0.75,  330.22,  361.87,  359.70,  342.31,  344.78,  343.38, 1460.71, 1518.58, 1484.56, 1468.01, 1465.29, 1459.59, 1541.64, 1539.10,  7267.6, 166,  GPS,   39.6, 110.85, 110.00, 119.450, 121.500, -0.001,       ,  23.44, -57.9,    2.5,   39.9,  -13.9,      1,   GPS,    ALT,  -0.0,   0.7,  11.8, 3DDiff, 3704,      ,     14,  21.5,     20
2018-08-27, 17:06:28,  -04:00,    GON,   41.2941513,  -72.0754242,  7001.2, 30.02,  7370.8,  17.2, 143.47, 162.16,   10.44,   0.65,   0.00,  -0.01,  -0.01,  31.7,  39.9,  27.7,  28.8,   1.8,  27.89,  29.33,    16.11,  189.97,   52.65,  30.41, 2486.5,    0.74,  330.22,  361.86,  359.66,  342.31,  344.96,  343.38, 1461.55, 1517.21, 1483.78, 1468.15, 1465.49, 1459.92, 1541.42, 1539.24,  7267.6, 166,  GPS,   39.6, 110.85, 110.00, 119.450, 121.500, -0.001,       ,  23.46, -58.0,    2.4,   39.9,  -13.9,      1,   GPS,    ALT,  -0.0,   0.7,   7.9, 3DDiff, 3704,      ,     14,  21.0,     20
2018-08-27, 17:06:29,  -04:00,    GON,   41.2948303,  -72.0749817,  7000.2, 30.02,  7370.9,  17.2, 143.50, 162.19,   -1.83,   0.66,  -0.03,   0.00,  -0.01,  31.7,  39.9,  27.7,  28.8,   1.8,  27.89,  29.33,    16.05,  189.96,   52.37,  30.44, 2485.2,    0.74,  330.19,  361.87,  359.61,  342.31,  345.14,  343.35, 1460.53, 1517.23, 1484.08, 1467.98, 1466.44, 1458.06, 1541.14, 1538.94,  7267.7, 166,  GPS,   39.6, 110.85, 110.00, 119.450, 121.500, -0.001,       ,  23.48, -58.1,    2.4,   39.9,  -13.9,      1,   GPS,    ALT,  -0.0,   0.7,   0.0, 3DDiff, 3704,      ,     14,  20.5,     20
2018-08-27, 17:06:30,  -04:00,    GON,   41.2955055,  -72.0745468,  7000.2, 30.02,  7371.1,  17.2, 143.48, 162.19,  -21.96,   0.76,  -0.03,   0.00,   0.02,  31.7,  39.9,  27.7,  28.8,   1.8,  27.89,  29.33,    16.11,  189.95,   52.55,  30.46, 2486.6,    0.74,  330.17,  361.84,  359.54,  342.32,  345.32,  343.38, 1459.33, 1517.03, 1483.77, 1467.20, 1465.45, 1458.17, 1540.20, 1538.16,  7267.8, 166,  GPS,   39.6, 110.85, 110.00, 119.450, 121.500, -0.001,       ,  23.50, -58.1,    2.3,   39.9,  -13.9,      1,   GPS,    ALT,  -0.0,   0.7,  -7.9, 3DDiff, 3704,      ,     14,  21.0,     18
2018-08-27, 17:06:31,  -04:00,    GON,   41.2961769,  -72.0741119,  7000.2, 30.02,  7371.0,  17.2, 143.53, 162.23,  -21.35,   0.78,  -0.01,  -0.00,  -0.00,  31.7,  39.9,  27.7,  28.8,   1.8,  27.88,  29.33,    16.04,  189.95,   52.64,  30.45, 2486.9,    0.74,  330.16,  361.86,  359.53,  342.32,  345.48,  343.35, 1460.17, 1518.55, 1484.68, 1467.29, 1465.46, 1460.22, 1540.88, 1538.84,  7267.8, 166,  GPS,   39.6, 110.85, 110.00, 119.450, 121.500, -0.001,       ,  23.52, -58.2,    2.3,   39.9,  -13.9,      1,   GPS,    ALT,  -0.0,   0.7,   0.0, 3DDiff, 3704,      ,     14,  21.0,     18
2018-08-27, 17:06:32,  -04:00,    GON,   41.2968559,  -72.0736771,  7001.2, 30.02,  7371.1,  17.2, 143.67, 162.23,   -0.63,   0.80,  -0.05,  -0.00,  -0.01,  31.7,  39.9,  27.7,  28.8,   1.8,  27.87,  29.34,    16.09,  189.95,   52.59,  30.47, 2486.0,    0.74,  330.16,  361.84,  359.45,  342.31,  345.61,  343.35, 1460.13, 1517.76, 1484.73, 1468.64, 1464.93, 1460.71, 1541.18, 1538.57,  7267.8, 166,  GPS,   39.6, 110.85, 110.00, 119.450, 121.500, -0.001,       ,  23.54, -58.3,    2.2,   39.9,  -13.9,      1,   GPS,    ALT,  -0.0,   0.8,   3.9, 3DDiff, 3704,      ,     14,  21.5,     18
2018-08-27, 17:06:33,  -04:00,    GON,   41.2975311,  -72.0732346,  7001.2, 30.02,  7372.3,  17.2, 143.75, 162.23,    7.18,   0.79,  -0.07,   0.00,  -0.01,  31.7,  39.9,  27.7,  28.8,   1.8,  27.87,  29.33,    16.07,  189.95,   52.65,  30.51, 2485.2,    0.74,  330.16,  361.87,  359.43,  342.31,  345.75,  343.35, 1460.08, 1518.24, 1485.35, 1469.32, 1465.45, 1460.88, 1542.39, 1538.84,  7269.0, 166,  GPS,   39.6, 110.85, 110.00, 119.450, 121.500, -0.001,       ,  23.56, -58.3,    2.2,   39.9,  -13.9,      1,   GPS,    ALT,  -0.0,   0.8,   0.0, 3DDiff, 3704,      ,     14,  22.0,     18
2018-08-27, 17:06:34,  -04:00,    GON,   41.2982063,  -72.0727997,  7000.2, 30.02,  7372.7,  17.2, 143.69, 162.21,   -6.60,   0.80,  -0.07,   0.00,   0.01,  31.7,  39.9,  27.7,  28.8,   1.8,  27.87,  29.33,    16.09,  189.96,   52.72,  30.47, 2485.0,    0.74,  330.13,  361.84,  359.39,  342.31,  345.88,  343.35, 1459.43, 1517.40, 1484.37, 1467.36, 1463.85, 1459.20, 1540.98, 1538.14,  7269.5, 166,  GPS,   39.6, 110.85, 110.00, 119.450, 121.500, -0.001,       ,  23.58, -58.4,    2.1,   39.9,  -13.9,      1,   GPS,    ALT,  -0.0,   0.8,  -3.9, 3DDiff, 3704,      ,     14,  21.0,     18
2018-08-27, 17:06:35,  -04:00,    GON,   41.2988815,  -72.0723648,  7000.2, 30.02,  7372.6,  17.2, 143.70, 162.21,  -15.11,   0.83,  -0.05,  -0.00,   0.00,  31.8,  39.9,  27.7,  28.8,   1.8,  27.87,  29.33,    16.07,  189.97,   52.81,  30.44, 2487.1,    0.74,  330.12,  361.84,  359.36,  342.29,  345.98,  343.34, 1459.64, 1516.84, 1483.99, 1466.60, 1463.08, 1460.30, 1540.65, 1537.64,  7269.4, 166,  GPS,   39.6, 110.85, 110.00, 119.450, 121.500, -0.001,       ,  23.60, -58.5,    2.1,   39.9,  -13.9,      1,   GPS,    ALT,  -0.0,   0.8,   0.0, 3DDiff, 3704,      ,     14,  21.0,     18
2018-08-27, 17:06:36,  -04:00,    GON,   41.2995605,  -72.0719223,  7000.2, 30.02,  7372.9,  17.2, 143.67, 162.19,  -15.86,   0.86,  -0.01,   0.00,  -0.01,  31.8,  39.9,  27.7,  28.8,   1.8,  27.88,  29.32,    16.04,  189.97,   52.73,  30.43, 2485.0,    0.74,  330.13,  361.84,  359.36,  342.28,  346.07,  343.32, 1458.98, 1517.25, 1484.22, 1466.82, 1461.75, 1460.47, 1540.89, 1537.32,  7269.7, 166,  GPS,   39.6, 110.85, 110.00, 119.450, 121.500, -0.001,       ,  23.62, -58.6,    2.1,   39.9,  -13.9,      1,   GPS,    ALT,  -0.0,   0.8,   7.9, 3DDiff, 3704,      ,     14,  21.0,     18
2018-08-27, 17:06:37,  -04:00,    GON,   41.3002281,  -72.0714874,  7000.2, 30.02,  7373.1,  17.2, 143.59, 162.19,  -13.24,   0.85,  -0.04,   0.00,   0.00,  31.8,  39.8,  27.7,  28.8,   1.8,  27.88,  29.32,    16.04,  189.97,   52.78,  30.50, 2484.8,    0.74,  330.10,  361.81,  359.34,  342.28,  346.13,  343.30, 1459.59, 1517.83, 1484.20, 1467.35, 1462.27, 1460.92, 1541.03, 1537.99,  7269.9, 166,  GPS,   39.6, 110.85, 110.00, 119.450, 121.500, -0.001,       ,  23.64, -58.6,    2.0,   39.9,  -13.9,      1,   GPS,    ALT,  -0.0,   0.8,   7.9, 3DDiff, 3704,      ,     14,  21.0,     18
2018-08-27, 17:06:38,  -04:00,    GON,   41.3009033,  -72.0710526,  7001.2, 30.02,  7373.3,  17.2, 143.68, 162.16,    8.74,   0.83,  -0.07,   0.00,  -0.00,  31.8,  40.0,  27.7,  28.8,   1.8,  27.88,  29.32,    16.14,  189.95,   52.55,  30.48, 2484.4,    0.74,  330.08,  361.84,  359.38,  342.26,  346.22,  343.32, 1459.04, 1518.67, 1484.95, 1467.05, 1461.76, 1460.71, 1540.86, 1538.22,  7270.0, 166,  GPS,   39.6, 110.85, 110.00, 119.450, 121.500, -0.001,       ,  23.65, -58.7,    2.0,   39.9,  -13.9,      1,   GPS,    ALT,  -0.0,   0.8,   3.9, 3DDiff, 3704,      ,     14,  21.5,     18
2018-08-27, 17:06:39,  -04:00,    GON,   41.3015823,  -72.0706100,  7001.2, 30.02,  7372.2,  17.2, 143.74, 162.16,   16.60,   0.77,  -0.07,  -0.00,  -0.01,  31.8,  40.0,  27.7,  28.8,   1.8,  27.88,  29.32,    16.13,  189.93,   52.56,  30.46, 2486.0,    0.74,  330.08,  361.84,  359.42,  342.25,  346.25,  343.29, 1460.16, 1518.65, 1484.24, 1468.25, 1462.62, 1460.46, 1541.25, 1538.59,  7268.9, 166,  GPS,   39.6, 110.85, 110.00, 119.450, 121.500, -0.001,       ,  23.67, -58.7,    1.9,   39.9,  -13.9,      1,   GPS,    ALT,  -0.0,   0.8,   3.9, 3DDiff, 3704,      ,     14,  22.0,     18
2018-08-27, 17:06:40,  -04:00,    GON,   41.3022499,  -72.0701752,  7001.2, 30.02,  7371.5,  17.2, 143.71, 162.14,   -0.37,   0.78,  -0.05,   0.00,   0.00,  31.8,  40.0,  27.7,  28.8,   1.8,  27.89,  29.31,    16.13,  189.90,   52.74,  30.47, 2484.5,    0.74,  330.07,  361.84,  359.48,  342.25,  346.31,  343.31, 1460.85, 1519.52, 1484.70, 1468.57, 1464.12, 1460.26, 1541.65, 1539.17,  7268.3, 166,  GPS,   39.6, 110.85, 110.00, 119.450, 121.500, -0.001,       ,  23.68, -58.8,    1.9,   39.9,  -13.9,      1,   GPS,    ALT,  -0.1,   0.8,  -3.9, 3DDiff, 3704,      ,     14,  21.0,     18
2018-08-27, 17:06:41,  -04:00,    GON,   41.3029251,  -72.0697403,  7001.2, 30.02,  7371.3,  17.2, 143.69, 162.16,   -8.80,   0.77,  -0.08,   0.00,   0.00,  31.9,  40.0,  27.7,  28.8,   1.8,  27.88,  29.30,    16.12,  189.90,   52.87,  30.50, 2488.3,    0.74,  330.07,  361.86,  359.57,  342.25,  346.34,  343.30, 1460.35, 1518.09, 1484.65, 1468.97, 1463.04, 1459.91, 1541.38, 1538.50,  7268.1, 166,  GPS,   39.6, 110.85, 110.00, 119.450, 121.500, -0.001,       ,  23.70, -58.8,    1.8,   39.9,  -13.9,      1,   GPS,    ALT,  -0.1,   0.8,  -3.9, 3DDiff, 3704,      ,     14,  21.0,     18
2018-08-27, 17:06:42,  -04:00,    GON,   41.3036041,  -72.0693054,  7001.2, 30.02,  7371.3,  17.2, 143.80, 162.17,   -9.26,   0.75,  -0.07,  -0.01,  -0.00,  31.9,  40.0,  27.7,  28.8,   1.8,  27.88,  29.31,    16.21,  189.91,   52.54,  30.51, 2484.3,    0.75,  330.04,  361.87,  359.68,  342.25,  346.37,  343.31, 1460.64, 1518.32, 1485.61, 1469.52, 1463.99, 1459.67, 1541.73, 1539.08,  7268.1, 166,  GPS,   39.6, 110.85, 110.00, 119.450, 121.500, -0.001,       ,  23.71, -58.8,    1.8,   39.9,  -13.9,      1,   GPS,    ALT,  -0.1,   0.8,   3.9, 3DDiff, 3704,      ,     14,  21.0,     18
2018-08-27, 17:06:43,  -04:00,    GON,   41.3042793,  -72.0688629,  7001.2, 30.02,  7371.3,  17.2, 143.87, 162.19,   -6.62,   0.73,  -0.02,  -0.00,  -0.01,  31.9,  40.0,  27.7,  28.8,   1.8,  27.87,  29.32,    16.16,  189.91,   52.59,  30.50, 2485.7,    0.75,  330.06,  361.86,  359.78,  342.25,  346.38,  343.32, 1462.19, 1520.07, 1486.95, 1470.10, 1464.79, 1460.41, 1542.88, 1540.43,  7268.0, 166,  GPS,   39.6, 110.85, 110.00, 119.450, 121.500, -0.001,       ,  23.72, -58.9,    1.7,   39.9,  -13.9,      1,   GPS,    ALT,  -0.1,   0.7,   3.9, 3DDiff, 3704,      ,     14,  21.0,     18
2018-08-27, 17:06:44,  -04:00,    GON,   41.3049469,  -72.0684204,  7001.2, 30.02,  7371.3,  17.2, 143.89, 162.21,    3.79,   0.68,  -0.02,   0.00,  -0.00,  31.9,  40.0,  27.7,  28.8,   1.8,  27.86,  29.33,    16.20,  189.92,   52.54,  30.51, 2487.0,    0.75,  330.04,  361.87,  359.91,  342.25,  346.40,  343.30, 1461.84, 1518.24, 1485.87, 1469.49, 1465.70, 1460.64, 1541.77, 1539.67,  7268.1, 166,  GPS,   39.6, 110.85, 110.00, 119.450, 121.500, -0.001,       ,  23.73, -58.9,    1.7,   39.9,  -13.9,      1,   GPS,    ALT,  -0.1,   0.7,   3.9, 3DDiff, 3704,      ,     14,  21.5,     18
2018-08-27, 17:06:45,  -04:00,    GON,   41.3056259,  -72.0679855,  7001.2, 30.02,  7372.0,  17.2, 143.94, 162.21,   -5.77,   0.70,  -0.04,  -0.00,   0.00,  32.0,  40.0,  27.7,  28.8,   1.8,  27.85,  29.35,    16.21,  189.91,   52.62,  30.49, 2488.0,    0.75,  330.04,  361.87,  360.03,  342.25,  346.43,  343.30, 1461.63, 1517.55, 1485.84, 1468.29, 1465.86, 1459.96, 1541.48, 1539.65,  7268.7, 166,  GPS,   39.6, 110.85, 110.00, 119.450, 121.500, -0.001,       ,  23.74, -58.9,    1.7,   39.9,  -13.9,      1,   GPS,    ALT,  -0.1,   0.7,   0.0, 3DDiff, 3704,      ,     14,  22.0,     18
2018-08-27, 17:06:46,  -04:00,    GON,   41.3063011,  -72.0675430,  7000.2, 30.02,  7372.5,  17.2, 143.97, 162.23,  -14.42,   0.73,  -0.10,  -0.00,  -0.00,  32.0,  40.0,  27.7,  28.8,   1.8,  27.84,  29.36,    16.18,  189.88,   52.71,  30.51, 2487.3,    0.75,  330.04,  361.89,  360.17,  342.25,  346.43,  343.30, 1461.78, 1518.41, 1486.62, 1469.27, 1466.24, 1461.50, 1542.82, 1539.83,  7269.3, 166,  GPS,   39.6, 110.85, 110.00, 119.450, 121.500, -0.001,       ,  23.74, -58.9,    1.6,   39.9,  -13.9,      1,   GPS,    ALT,  -0.1,   0.7,   0.0, 3DDiff, 3704,      ,     14,  21.0,     18
2018-08-27, 17:06:47,  -04:00,    GON,   41.3069763,  -72.0671082,  7000.2, 30.02,  7373.0,  17.2, 144.10, 162.23,  -13.09,   0.74,  -0.11,   0.00,  -0.00,  32.0,  40.0,  27.7,  28.8,   1.8,  27.82,  29.38,    16.17,  189.88,   52.65,  30.49, 2486.3,    0.75,  330.04,  361.91,  360.33,  342.25,  346.41,  343.31, 1461.22, 1518.56, 1486.43, 1470.36, 1466.12, 1461.41, 1543.18, 1539.53,  7269.7, 166,  GPS,   39.6, 110.85, 110.00, 119.450, 121.500, -0.001,       ,  23.74, -58.9,    1.6,   39.9,  -13.9,      1,   GPS,    ALT,  -0.1,   0.7,   3.9, 3DDiff, 3704,      ,     14,  21.0,     18
2018-08-27, 17:06:48,  -04:00,    GON,   41.3076477,  -72.0666656,  7000.2, 30.02,  7373.4,  17.2, 144.05, 162.23,  -28.03,   0.74,  -0.11,   0.00,   0.01,  32.0,  40.0,  27.7,  28.8,   1.8,  27.80,  29.40,    16.16,  189.87,   52.83,  30.47, 2486.6,    0.75,  330.04,  361.90,  360.45,  342.25,  346.40,  343.29, 1461.41, 1519.08, 1485.82, 1469.05, 1465.80, 1461.19, 1542.61, 1539.45,  7270.1, 166,  GPS,   39.6, 110.85, 110.00, 119.450, 121.500, -0.001,       ,  23.74, -58.9,    1.5,   39.9,  -13.9,      1,   GPS,    ALT,  -0.1,   0.7,  11.8, 3DDiff, 3704,      ,     14,  21.0,     18
2018-08-27, 17:06:49,  -04:00,    GON,   41.3083229,  -72.0662308,  7001.2, 30.02,  7373.8,  17.2, 144.18, 162.21,   -4.62,   0.74,  -0.07,  -0.00,  -0.00,  32.0,  40.1,  27.7,  28.8,   1.8,  27.79,  29.42,    16.16,  189.84,   52.82,  30.46, 2486.7,    0.75,  330.04,  361.90,  360.60,  342.25,  346.37,  343.26, 1462.29, 1518.36, 1487.00, 1469.40, 1465.68, 1460.73, 1542.53, 1539.99,  7270.5, 167,  GPS,   39.6, 110.85, 110.00, 119.450, 121.500, -0.001,       ,  23.73, -58.9,    1.5,   39.9,  -13.9,      1,   GPS,    ALT,  -0.1,   0.7,  15.7, 3DDiff, 3704,      ,     14,  21.0,     18
2018-08-27, 17:06:50,  -04:00,    GON,   41.3089981,  -72.0657806,  7001.2, 30.02,  7374.3,  17.2, 144.21, 162.17,    6.75,   0.70,  -0.09,  -0.00,  -0.01,  32.1,  40.1,  27.7,  28.8,   1.8,  27.78,  29.43,    16.16,  189.85,   52.67,  30.47, 2485.8,    0.75,  330.04,  361.91,  360.73,  342.23,  346.37,  343.27, 1461.44, 1517.45, 1487.13, 1469.05, 1465.44, 1460.38, 1542.21, 1539.22,  7271.1, 167,  GPS,   39.6, 110.85, 110.00, 119.450, 121.500, -0.001,       ,  23.73, -58.9,    1.4,   39.9,  -13.9,      1,   GPS,    ALT,  -0.1,   0.7,  23.6, 3DDiff, 3704,      ,     14,  21.5,     18
2018-08-27, 17:06:51,  -04:00,    GON,   41.3096695,  -72.0653534,  7001.2, 30.02,  7374.1,  17.2, 144.23, 162.19,    7.40,   0.66,  -0.10,   0.00,  -0.00,  32.1,  40.1,  27.7,  28.8,   1.8,  27.76,  29.44,    16.19,  189.85,   52.32,  30.50, 2486.8,    0.75,  330.02,  361.91,  360.86,  342.25,  346.34,  343.29, 1461.31, 1517.32, 1487.33, 1469.40, 1465.60, 1460.63, 1542.41, 1539.18,  7270.8, 167,  GPS,   39.6, 110.85, 110.00, 119.450, 121.500, -0.001,       ,  23.72, -58.8,    1.4,   39.9,  -13.9,      1,   GPS,    ALT,  -0.1,   0.7,  15.7, 3DDiff, 3704,      ,     14,  22.0,     18
2018-08-27, 17:06:52,  -04:00,    GON,   41.3103447,  -72.0649109,  7002.2, 30.02,  7373.8,  17.2, 144.28, 162.17,    6.48,   0.65,  -0.14,   0.00,   0.00,  32.1,  40.1,  27.7,  28.8,   1.8,  27.75,  29.44,    16.17,  189.85,   52.42,  30.47, 2488.3,    0.75,  330.01,  361.91,  361.00,  342.25,  346.28,  343.29, 1461.39, 1518.70, 1487.76, 1468.90, 1466.54, 1460.86, 1542.78, 1540.22,  7270.5, 167,  GPS,   39.6, 110.85, 110.00, 119.450, 121.500, -0.001,       ,  23.71, -58.8,    1.3,   39.9,  -13.9,      1,   GPS,    ALT,  -0.1,   0.7,   7.9, 3DDiff, 3704,      ,     14,  21.0,     18
2018-08-27, 17:06:53,  -04:00,    GON,   41.3110123,  -72.0644760,  7001.2, 30.02,  7373.3,  17.2, 144.24, 162.19,   -5.14,   0.63,  -0.16,  -0.00,   0.00,  32.1,  40.1,  27.7,  28.8,   1.8,  27.73,  29.46,    16.16,  189.85,   52.62,  30.47, 2488.2,    0.75,  330.01,  361.93,  361.15,  342.25,  346.26,  343.29, 1460.32, 1517.93, 1487.68, 1467.55, 1465.77, 1461.52, 1542.43, 1540.24,  7270.1, 167,  GPS,   39.6, 110.85, 110.00, 119.450, 121.500, -0.001,       ,  23.70, -58.7,    1.3,   39.9,  -13.9,      1,   GPS,    ALT,  -0.1,   0.6,   7.9, 3DDiff, 3704,      ,     14,  21.0,     18
2018-08-27, 17:06:54,  -04:00,    GON,   41.3116913,  -72.0640259,  7002.2, 30.02,  7373.4,  17.2, 144.36, 162.19,   -2.20,   0.60,  -0.18,   0.00,  -0.00,  32.1,  40.1,  27.7,  28.8,   1.8,  27.71,  29.47,    16.16,  189.85,   52.68,  30.46, 2487.6,    0.75,  330.01,  361.93,  361.27,  342.26,  346.22,  343.32, 1459.94, 1516.80, 1486.82, 1468.88, 1465.10, 1460.70, 1542.13, 1539.29,  7270.1, 167,  GPS,   39.6, 110.85, 110.00, 119.450, 121.500, -0.001,       ,  23.70, -58.7,    1.2,   39.8,  -13.9,      1,   GPS,    ALT,  -0.1,   0.6,  11.8, 3DDiff, 3704,      ,     14,  21.0,     18
2018-08-27, 17:06:55,  -04:00,    GON,   41.3123665,  -72.0635910,  7002.2, 30.02,  7373.6,  17.2, 144.39, 162.19,   -3.05,   0.59,  -0.18,   0.00,   0.00,  32.1,  40.1,  27.7,  28.8,   1.8,  27.70,  29.47,    16.14,  189.85,   52.86,  30.48, 2487.3,    0.75,  330.03,  361.93,  361.38,  342.28,  346.16,  343.34, 1460.58, 1517.10, 1486.79, 1468.64, 1465.29, 1460.68, 1541.95, 1539.75,  7270.3, 167,  GPS,   39.6, 110.85, 110.00, 119.450, 121.500, -0.001,       ,  23.69, -58.6,    1.2,   39.8,  -13.9,      1,   GPS,    ALT,  -0.1,   0.6,  15.7, 3DDiff, 3704,      ,     14,  21.0,     18
2018-08-27, 17:06:56,  -04:00,    GON,   41.3130379,  -72.0631561,  7003.2, 30.02,  7373.7,  17.2, 144.50, 162.19,   24.30,   0.53,  -0.18,  -0.00,  -0.01,  32.1,  40.1,  27.7,  28.8,   1.8,  27.69,  29.48,    16.17,  189.85,   52.53,  30.44, 2485.9,    0.75,  330.01,  361.95,  361.50,  342.28,  346.13,  343.37, 1460.67, 1517.54, 1486.74, 1468.10, 1464.50, 1460.71, 1541.62, 1539.60,  7270.4, 167,  GPS,   39.6, 110.85, 110.00, 119.450, 121.500, -0.001,       ,  23.67, -58.5,    1.2,   39.8,  -13.9,      1,   GPS,    ALT,  -0.1,   0.6,  11.8, 3DDiff, 3704,      ,     14,  21.5,     18
2018-08-27, 17:06:57,  -04:00,    GON,   41.3137093,  -72.0627136,  7002.2, 30.02,  7374.9,  17.2, 144.44, 162.21,   17.18,   0.46,  -0.16,  -0.00,  -0.01,  32.1,  40.1,  27.7,  28.8,   1.8,  27.68,  29.49,    16.17,  189.85,   52.48,  30.49, 2488.5,    0.75,  330.01,  361.96,  361.64,  342.28,  346.07,  343.38, 1460.88, 1518.55, 1487.37, 1468.15, 1464.70, 1461.11, 1542.21, 1540.06,  7271.6, 167,  GPS,   39.6, 110.85, 110.00, 119.450, 121.500, -0.002,       ,  23.66, -58.5,    1.1,   39.8,  -13.9,      1,   GPS,    ALT,  -0.1,   0.5,   0.0, 3DDiff, 3704,      ,     14,  22.0,     18
2018-08-27, 17:06:58,  -04:00,    GON,   41.3143883,  -72.0622711,  7002.2, 30.02,  7375.2,  17.2, 144.49, 162.27,    0.45,   0.46,  -0.16,   0.01,  -0.00,  32.1,  40.1,  27.7,  28.8,   1.8,  27.66,  29.49,    16.20,  189.83,   52.46,  30.46, 2488.0,    0.75,  330.01,  361.95,  361.74,  342.28,  346.01,  343.38, 1460.60, 1518.05, 1487.62, 1468.23, 1463.81, 1461.42, 1542.04, 1539.70,  7271.9, 167,  GPS,   39.6, 110.85, 110.00, 119.450, 121.500, -0.002,       ,  23.65, -58.4,    1.1,   39.8,  -13.9,      1,   GPS,    ALT,  -0.1,   0.5, -15.7, 3DDiff, 3704,      ,     14,  21.0,     18
2018-08-27, 17:06:59,  -04:00,    GON,   41.3150635,  -72.0618286,  7002.2, 30.02,  7375.3,  17.2, 144.45, 162.33,  -18.52,   0.48,  -0.19,   0.00,   0.00,  32.0,  40.1,  27.7,  28.8,   1.8,  27.66,  29.49,    16.21,  189.85,   52.39,  30.51, 2484.9,    0.75,  330.01,  361.96,  361.81,  342.31,  345.95,  343.38, 1460.23, 1518.85, 1487.86, 1468.23, 1463.81, 1462.09, 1542.59, 1539.44,  7272.1, 167,  GPS,   39.6, 110.85, 110.00, 119.450, 121.500, -0.002,       ,  23.64, -58.3,    1.0,   39.8,  -13.9,      1,   GPS,    ALT,  -0.1,   0.5, -15.7, 3DDiff, 3704,      ,     14,  21.0,     18
2018-08-27, 17:07:00,  -04:00,    GON,   41.3157387,  -72.0613937,  7001.2, 30.02,  7375.3,  17.2, 144.57, 162.37,  -28.59,   0.52,  -0.16,  -0.01,   0.00,  32.1,  40.1,  27.7,  28.8,   1.8,  27.65,  29.48,    16.08,  189.83,   52.36,  30.45, 2485.4,    0.74,  329.99,  361.98,  361.95,  342.29,  345.89,  343.39, 1460.51, 1518.75, 1488.18, 1468.79, 1464.76, 1461.75, 1543.02, 1539.69,  7272.0, 167,  GPS,   39.6, 110.85, 110.00, 119.450, 121.500, -0.002,       ,  23.63, -58.2,    1.0,   39.8,  -13.9,      1,   GPS,    ALT,  -0.2,   0.5, -15.7, 3DDiff, 3704,      ,     14,  21.0,     18
2018-08-27, 17:07:01,  -04:00,    GON,   41.3164177,  -72.0609512,  7001.2, 30.02,  7375.4,  17.2, 144.51, 162.41,  -21.05,   0.54,  -0.16,   0.00,  -0.00,  32.1,  40.1,  27.7,  28.8,   1.8,  27.65,  29.48,    16.16,  189.82,   52.54,  30.46, 2485.1,    0.75,  330.03,  362.00,  362.05,  342.28,  345.83,  343.41, 1459.79, 1519.13, 1487.71, 1468.66, 1464.21, 1460.58, 1542.58, 1538.95,  7272.1, 167,  GPS,   39.6, 110.85, 110.00, 119.450, 121.500, -0.002,       ,  23.62, -58.1,    0.9,   39.8,  -13.9,      1,   GPS,    ALT,  -0.2,   0.5,  -7.9, 3DDiff, 3704,      ,     14,  21.0,     18
2018-08-27, 17:07:02,  -04:00,    GON,   41.3170929,  -72.0605087,  7002.2, 30.02,  7375.4,  17.2, 144.47, 162.43,  -15.51,   0.55,  -0.16,   0.00,   0.00,  32.0,  40.1,  27.7,  28.8,   1.8,  27.66,  29.47,    16.19,  189.82,   52.51,  30.51, 2485.9,    0.75,  329.99,  361.99,  362.17,  342.31,  345.79,  343.41, 1460.57, 1519.65, 1488.46, 1468.69, 1464.97, 1460.83, 1542.57, 1540.05,  7272.1, 167,  GPS,   39.6, 110.85, 110.00, 119.450, 121.500, -0.002,       ,  23.62, -58.0,    0.9,   39.7,  -13.9,      1,   GPS,    ALT,  -0.2,   0.5,  -7.9, 3DDiff, 3704,      ,     14,  21.5,     18
2018-08-27, 17:07:03,  -04:00,    GON,   41.3177605,  -72.0600739,  7001.2, 30.02,  7373.9,  17.2, 144.46, 162.47,  -16.71,   0.56,  -0.15,  -0.00,  -0.00,  32.0,  40.1,  27.7,  28.8,   1.8,  27.66,  29.46,    16.11,  189.81,   52.63,  30.45, 2484.8,    0.74,  330.00,  361.99,  362.24,  342.29,  345.72,  343.44, 1460.47, 1518.72, 1488.39, 1469.34, 1466.32, 1460.67, 1542.58, 1539.99,  7270.7, 167,  GPS,   39.6, 110.85, 110.00, 119.450, 121.500, -0.002,       ,  23.61, -57.9,    0.8,   39.7,  -13.9,      1,   GPS,    ALT,  -0.2,   0.5,  -7.9, 3DDiff, 3704,      ,     14,  22.0,     18
2018-08-27, 17:07:04,  -04:00,    GON,   41.3184395,  -72.0596313,  7001.2, 30.02,  7373.3,  17.2, 144.49, 162.49,  -13.20,   0.56,  -0.20,   0.00,  -0.00,  32.0,  40.1,  27.7,  28.8,   1.8,  27.67,  29.45,    16.08,  189.79,   52.36,  30.41, 2483.3,    0.74,  329.98,  362.02,  362.36,  342.29,  345.65,  343.44, 1460.21, 1518.43, 1487.07, 1468.92, 1466.76, 1460.12, 1542.24, 1539.79,  7270.0, 167,  GPS,   39.6, 110.85, 110.00, 119.450, 121.500, -0.002,       ,  23.60, -57.8,    0.8,   39.7,  -13.9,      1,   GPS,    ALT,  -0.2,   0.6,  -7.9, 3DDiff, 3704,      ,     14,  21.0,     18
2018-08-27, 17:07:05,  -04:00,    GON,   41.3191147,  -72.0591965,  7002.2, 30.02,  7372.9,  17.2, 144.54, 162.49,    0.35,   0.56,  -0.19,   0.00,  -0.00,  32.0,  40.1,  27.7,  28.8,   1.8,  27.67,  29.44,    16.12,  189.81,   52.58,  30.45, 2486.0,    0.74,  330.00,  362.02,  362.45,  342.31,  345.61,  343.44, 1461.07, 1518.93, 1486.59, 1469.10, 1466.07, 1460.25, 1543.04, 1540.19,  7269.7, 167,  GPS,   39.6, 110.85, 110.00, 119.450, 121.500, -0.002,       ,  23.60, -57.7,    0.8,   39.7,  -13.9,      1,   GPS,    ALT,  -0.2,   0.6,  -7.9, 3DDiff, 3704,      ,     14,  21.0,     18
2018-08-27, 17:07:06,  -04:00,    GON,   41.3197899,  -72.0587463,  7003.2, 30.02,  7372.6,  17.2, 144.67, 162.51,   21.74,   0.51,  -0.18,   0.00,  -0.01,  32.0,  40.1,  27.7,  28.8,   1.8,  27.67,  29.44,    16.11,  189.81,   52.74,  30.47, 2486.0,    0.74,  330.01,  362.02,  362.56,  342.31,  345.57,  343.46, 1460.07, 1518.29, 1486.28, 1468.72, 1466.51, 1460.16, 1542.46, 1539.46,  7269.4, 167,  GPS,   39.6, 110.85, 110.00, 119.450, 121.500, -0.002,       ,  23.60, -57.7,    0.7,   39.6,  -13.9,      1,   GPS,    ALT,  -0.2,   0.5, -11.8, 3DDiff, 3704,      ,     14,  21.0,     18
2018-08-27, 17:07:07,  -04:00,    GON,   41.3204613,  -72.0583115,  7001.2, 30.02,  7372.1,  17.2, 144.58, 162.51,   -5.03,   0.48,  -0.16,   0.00,  -0.00,  32.0,  40.2,  27.7,  28.8,   1.8,  27.67,  29.43,    16.13,  189.79,   52.58,  30.46, 2484.5,    0.74,  330.03,  362.01,  362.66,  342.32,  345.52,  343.45, 1460.09, 1518.69, 1486.37, 1467.78, 1465.84, 1460.54, 1542.27, 1539.82,  7268.9, 167,  GPS,   39.6, 110.85, 110.00, 119.450, 121.500, -0.002,       ,  23.60, -57.6,    0.7,   39.6,  -14.0,      1,   GPS,    ALT,  -0.2,   0.5, -23.6, 3DDiff, 3704,      ,     14,  21.0,     18
2018-08-27, 17:07:08,  -04:00,    GON,   41.3211403,  -72.0578690,  7000.2, 30.02,  7371.6,  17.2, 144.59, 162.52,  -39.93,   0.55,  -0.15,   0.00,   0.00,  32.0,  40.2,  27.7,  28.8,   1.8,  27.68,  29.41,    16.12,  189.78,   52.64,  30.46, 2486.1,    0.74,  329.98,  362.00,  362.73,  342.32,  345.46,  343.48, 1460.45, 1518.91, 1487.17, 1468.86, 1465.04, 1461.64, 1542.43, 1539.89,  7268.4, 167,  GPS,   39.6, 110.85, 110.00, 119.450, 121.500, -0.002,       ,  23.60, -57.5,    0.6,   39.6,  -14.0,      1,   GPS,    ALT,  -0.2,   0.5, -27.6, 3DDiff, 3704,      ,     14,  21.5,     18
2018-08-27, 17:07:09,  -04:00,    GON,   41.3218155,  -72.0574265,  7001.2, 30.02,  7372.6,  17.2, 144.80, 162.52,  -36.37,   0.63,  -0.19,   0.00,   0.01,  32.0,  40.2,  27.7,  28.8,   1.8,  27.68,  29.41,    16.06,  189.78,   52.62,  30.49, 2485.2,    0.74,  330.00,  362.00,  362.84,  342.34,  345.43,  343.48, 1459.26, 1519.56, 1487.03, 1467.91, 1465.38, 1461.79, 1542.62, 1539.36,  7269.4, 167,  GPS,   39.6, 110.85, 110.00, 119.450, 121.500, -0.002,       ,  23.60, -57.5,    0.6,   39.5,  -14.0,      1,   GPS,    ALT,  -0.2,   0.6, -15.7, 3DDiff, 3704,      ,     14,  22.0,     18
2018-08-27, 17:07:10,  -04:00,    GON,   41.3224907,  -72.0569839,  7000.2, 30.02,  7373.2,  17.2, 144.64, 162.52,  -37.09,   0.66,  -0.18,  -0.00,   0.00,  32.0,  40.2,  27.7,  28.8,   1.8,  27.67,  29.41,    16.09,  189.75,   52.63,  30.49, 2486.4,    0.74,  329.99,  362.01,  362.91,  342.32,  345.37,  343.53, 1460.64, 1519.65, 1486.83, 1467.48, 1465.44, 1462.10, 1542.69, 1540.28,  7269.9, 167,  GPS,   39.6, 110.85, 110.00, 119.450, 121.500, -0.002,       ,  23.60, -57.4,    0.5,   39.5,  -14.0,      1,   GPS,    ALT,  -0.2,   0.6,   0.0, 3DDiff, 3704,      ,     14,  21.0,     18
2018-08-27, 17:07:11,  -04:00,    GON,   41.3231659,  -72.0565491,  7000.2, 30.02,  7373.2,  17.2, 144.63, 162.51,  -21.58,   0.68,  -0.18,  -0.00,  -0.00,  31.9,  40.2,  27.7,  28.8,   1.8,  27.67,  29.41,    16.13,  189.74,   52.69,  30.49, 2482.3,    0.74,  330.00,  361.99,  363.01,  342.34,  345.34,  343.53, 1461.12, 1519.77, 1486.93, 1468.06, 1466.28, 1461.90, 1543.05, 1541.04,  7270.0, 167,  GPS,   39.6, 110.85, 110.00, 119.450, 121.500, -0.002,       ,  23.61, -57.3,    0.5,   39.4,  -14.0,      1,   GPS,    ALT,  -0.2,   0.7,   3.9, 3DDiff, 3704,      ,     14,  21.0,     18
2018-08-27, 17:07:12,  -04:00,    GON,   41.3238411,  -72.0561066,  7001.2, 30.02,  7373.5,  17.2, 144.64, 162.47,    3.38,   0.69,  -0.20,   0.00,  -0.01,  31.9,  40.1,  27.7,  28.8,   1.8,  27.66,  29.41,    16.08,  189.75,   52.75,  30.49, 2486.7,    0.74,  329.98,  361.97,  363.09,  342.34,  345.27,  343.56, 1461.93, 1519.28, 1487.10, 1468.65, 1466.62, 1461.77, 1543.26, 1541.10,  7270.2, 167,  GPS,   39.6, 110.85, 110.00, 119.450, 121.500, -0.002,       ,  23.62, -57.3,    0.4,   39.3,  -14.0,      1,   GPS,    ALT,  -0.2,   0.7,   3.9, 3DDiff, 3704,      ,     14,  21.0,     18
2018-08-27, 17:07:13,  -04:00,    GON,   41.3245163,  -72.0556717,  7001.2, 30.02,  7373.7,  17.2, 144.53, 162.45,    8.20,   0.65,  -0.16,   0.01,   0.00,  31.9,  40.1,  27.7,  28.8,   1.8,  27.66,  29.40,    16.09,  189.73,   52.70,  30.47, 2486.8,    0.74,  329.98,  361.96,  363.18,  342.35,  345.22,  343.57, 1462.42, 1519.21, 1488.58, 1468.59, 1466.40, 1460.36, 1542.94, 1541.96,  7270.4, 167,  GPS,   39.6, 110.85, 110.00, 119.450, 121.500, -0.002,       ,  23.62, -57.2,    0.4,   39.3,  -14.0,      1,   GPS,    ALT,  -0.2,   0.7,   3.9, 3DDiff, 3704,      ,     14,  21.0,     18
2018-08-27, 17:07:14,  -04:00,    GON,   41.3251915,  -72.0552216,  7001.2, 30.02,  7373.7,  17.2, 144.50, 162.43,    7.21,   0.65,  -0.14,  -0.01,   0.00,  31.8,  40.1,  27.7,  28.8,   1.8,  27.66,  29.40,    16.17,  189.75,   52.46,  30.47, 2486.9,    0.75,  329.98,  361.98,  363.25,  342.35,  345.18,  343.57, 1462.55, 1520.00, 1487.48, 1469.04, 1465.63, 1460.50, 1543.24, 1540.83,  7270.4, 167,  GPS,   39.6, 110.85, 110.00, 119.450, 121.500, -0.003,       ,  23.63, -57.2,    0.3,   39.1,  -14.0,      1,   GPS,    ALT,  -0.1,   0.6,  -7.9, 3DDiff, 3704,      ,     14,  21.5,     18
2018-08-27, 17:07:15,  -04:00,    GON,   41.3258705,  -72.0547943,  7001.2, 30.02,  7372.3,  17.2, 144.48, 162.41,  -10.80,   0.65,  -0.64,  -0.00,  -0.01,  31.8,  40.1,  27.7,  28.8,   1.8,  27.66,  29.40,    16.05,  189.74,   52.54,  30.49, 2488.0,    0.74,  330.00,  361.93,  363.36,  342.35,  345.12,  343.62, 1462.85, 1520.43, 1487.78, 1469.07, 1466.61, 1461.14, 1543.41, 1540.82,  7269.0, 167,  GPS,   39.6, 110.85, 110.00, 119.450, 121.500, -0.002,       ,  23.64, -57.2,    0.3,   39.1,  -14.0,      1,   GPS,    ALT,  -0.8,   0.6, -11.8, 3DDiff, 3704,      ,     14,  22.0,     18
2018-08-27, 17:07:16,  -04:00,    GON,   41.3265419,  -72.0543518,  7001.2, 30.02,  7371.6,  17.2, 144.35, 162.39,   -5.88,   0.65,  -2.11,   0.01,   0.00,  31.7,  40.1,  27.7,  28.8,   1.8,  27.66,  29.39,    16.17,  189.76,   52.41,  30.46, 2488.6,    0.75,  330.01,  361.96,  363.42,  342.37,  345.06,  343.62, 1462.24, 1519.66, 1487.74, 1468.25, 1466.17, 1460.49, 1542.56, 1540.77,  7268.3, 167,  GPS,   39.6, 110.85, 110.00, 119.450, 121.500, -0.003,       ,  23.65, -57.1,    0.3,   38.8,  -14.0,      1,   GPS,    ALT,  -2.8,   0.7, -11.8, 3DDiff, 3704,      ,     14,  21.0,     18
2018-08-27, 17:07:17,  -04:00,    GON,   41.3272209,  -72.0539169,  7000.2, 30.02,  7371.5,  17.2, 144.29, 162.33,  -18.44,   0.67,  -4.23,   0.00,  -0.00,  31.4,  39.7,  27.7,  28.8,   1.8,  27.65,  29.41,    16.13,  189.76,   52.73,  30.49, 2487.4,    0.74,  329.98,  361.94,  363.51,  342.40,  345.01,  343.66, 1461.41, 1518.85, 1487.94, 1468.71, 1467.08, 1460.69, 1542.51, 1540.57,  7268.3, 167,  GPS,   39.6, 110.85, 110.00, 119.450, 121.500, -0.002,       ,  23.66, -57.1,    0.2,   38.7,  -14.0,      1,   GPS,    ALT,  -5.6,   0.7,  -3.9, 3DDiff, 3704,      ,     14,  21.0,     18
2018-08-27, 17:07:18,  -04:00,    GON,   41.3278961,  -72.0534897,  7000.2, 30.02,  7371.3,  17.2, 144.33, 162.19,  -33.20,   0.75,  -7.21,   0.00,   0.01,  30.8,  39.3,  27.7,  28.8,   1.8,  27.61,  29.45,    16.18,  189.77,   52.49,  30.47, 2484.1,    0.75,  329.98,  361.93,  363.57,  342.38,  344.98,  343.68, 1461.31, 1520.08, 1487.74, 1468.12, 1467.16, 1460.51, 1543.05, 1540.57,  7268.1, 167,  GPS,   23.9, 110.85, 110.00, 119.450, 121.500, -0.002,       ,  23.68, -57.1,    0.2,   38.4,  -14.0,      1,   GPS,    ALT,  -8.7,   0.7,  -7.9, 3DDiff, 3704,      ,     14,  21.0,     18
2018-08-27, 17:07:19,  -04:00,    GON,   41.3285789,  -72.0530777,  7001.2, 30.02,  7371.3,  17.2, 144.19, 161.92,  -13.10,   0.75, -10.44,   0.01,   0.00,  29.8,  38.6,  27.7,  28.8,   1.8,  27.55,  29.50,    16.15,  189.78,   52.59,  30.48, 2483.6,    0.75,  329.98,  361.93,  363.67,  342.40,  344.94,  343.72, 1461.34, 1520.41, 1487.17, 1469.06, 1466.58, 1461.76, 1543.64, 1540.21,  7268.0, 167,  GPS,   23.9, 110.85, 110.00, 119.450, 121.500, -0.003,       ,  23.69, -57.1,    0.1,   38.5,  -14.0,      1,   GPS,    ALT, -11.7,   0.8,   0.0, 3DDiff, 3704,      ,     14,  21.5,     18
2018-08-27, 17:07:20,  -04:00,    GON,   41.3292656,  -72.0526810,  7001.2, 30.02,  7371.2,  17.2, 144.17, 161.57,   11.30,   0.67, -13.25,   0.00,   0.02,  28.4,  37.4,  27.7,  28.8,   1.8,  27.47,  29.55,    16.17,  189.78,   52.69,  30.46, 2482.6,    0.75,  329.98,  361.93,  363.71,  342.43,  344.88,  343.72, 1460.64, 1519.75, 1486.50, 1469.61, 1466.95, 1461.49, 1543.77, 1538.90,  7268.0, 167,  GPS,   23.9, 110.85, 110.00, 119.450, 121.500, -0.003,       ,  23.72, -57.1,    0.1,   39.4,  -14.0,      1,   GPS,    ALT, -13.9,   0.7,  -3.9, 3DDiff, 3704,      ,     14,  21.5,     18
2018-08-27, 17:07:21,  -04:00,    GON,   41.3299561,  -72.0523148,  7001.2, 30.02,  7371.7,  17.2, 144.24, 161.11,   15.84,   0.53, -15.29,   0.00,   0.02,  26.7,  35.8,  27.7,  28.8,   1.8,  27.40,  29.59,    16.14,  189.77,   52.85,  30.45, 2486.9,    0.75,  329.96,  361.94,  363.79,  342.43,  344.82,  343.73, 1461.18, 1519.04, 1486.84, 1468.65, 1466.95, 1461.14, 1543.39, 1539.05,  7268.7, 167,  GPS,   23.9, 110.85, 110.00, 119.450, 121.500, -0.004,       ,  23.76, -57.1,    0.0,   43.9,  -14.0,      1,   GPS,    ALT, -15.3,   0.7, -23.6, 3DDiff, 3704,      ,     14,  22.0,     18
2018-08-27, 17:07:22,  -04:00,    ORW,   41.3306618,  -72.0519714,  7000.2, 30.02,  7371.3,  17.2, 144.25, 160.58,   -9.23,   0.47, -16.45,   0.00,   0.03,  24.8,  34.1,  27.7,  28.8,   1.8,  27.36,  29.61,    16.10,  189.77,   52.71,  30.43, 2488.1,    0.74,  329.97,  361.94,  363.88,  342.46,  344.79,  343.75, 1461.33, 1519.93, 1487.44, 1467.91, 1466.64, 1461.69, 1543.64, 1539.62,  7268.3, 167,  GPS,   23.9, 110.85, 110.00, 119.450, 121.500, -0.005,       ,  23.80, -57.2,   13.7,   23.9,  -14.0,      1,   GPS,    ALT, -15.9,   0.6, -51.2, 3DDiff, 3704,      ,     14,  21.5,     18
2018-08-27, 17:07:23,  -04:00,    ORW,   41.3313637,  -72.0516739,  7000.2, 30.02,  7370.1,  17.2, 144.35, 160.04,  -40.15,   0.52, -16.73,   0.00,   0.06,  22.7,  32.0,  27.7,  28.8,   1.8,  27.35,  29.62,    16.03,  189.77,   52.71,  30.45, 2486.3,    0.74,  329.97,  361.94,  363.92,  342.47,  344.72,  343.78, 1459.81, 1520.10, 1486.70, 1467.80, 1465.61, 1460.79, 1543.02, 1538.35,  7267.1, 167,  GPS,   23.9, 110.85, 110.00, 119.450, 121.500, -0.005,       ,  23.87, -57.2,   13.7,   23.9,  -14.0,      1,   GPS,    ALT, -16.1,   0.6, -63.0, 3DDiff, 3704,      ,     14,  21.0,     18
2018-08-27, 17:07:24,  -04:00,    ORW,   41.3320694,  -72.0513992,  6999.2, 30.02,  7369.7,  17.2, 144.45, 159.45,  -30.42,   0.49, -16.26,  -0.00,   0.05,  20.7,  30.0,  27.7,  28.8,   1.8,  27.37,  29.60,    16.15,  189.76,   52.68,  30.44, 2487.4,    0.75,  329.98,  361.93,  364.00,  342.47,  344.69,  343.78, 1459.57, 1519.82, 1486.34, 1468.97, 1466.00, 1460.86, 1543.20, 1538.76,  7266.7, 167,  GPS,   23.9, 110.85, 110.00, 119.450, 121.500, -0.006,       ,  23.95, -57.3,   13.7,   23.8,  -14.0,      1,   GPS,    ALT, -15.7,   0.6, -39.4, 3DDiff, 3704,      ,     14,  22.0,     18
2018-08-27, 17:07:25,  -04:00,    ORW,   41.3327866,  -72.0511703,  6999.2, 30.02,  7369.4,  17.2, 144.50, 158.87,  -35.26,   0.53, -14.51,  -0.01,   0.05,  18.9,  27.9,  27.7,  28.8,   1.8,  27.41,  29.56,    16.20,  189.77,   52.78,  30.50, 2485.6,    0.75,  329.97,  361.93,  364.04,  342.47,  344.63,  343.81, 1460.03, 1519.16, 1487.00, 1469.58, 1465.91, 1460.83, 1542.84, 1539.38,  7266.3, 167,  GPS,   23.9, 110.85, 110.00, 119.450, 121.500, -0.006,       ,  24.05, -57.5,   13.6,   23.8,  -14.0,      1,   GPS,    ALT, -13.9,   0.5, -27.6, 3DDiff, 3704,      ,     14,  22.0,     18
2018-08-27, 17:07:26,  -04:00,    ORW,   41.3334999,  -72.0509644,  6999.2, 30.02,  7369.5,  17.2, 144.39, 158.33,  -25.69,   0.47, -12.01,  -0.00,   0.03,  17.3,  26.2,  27.7,  28.8,   1.8,  27.48,  29.48,    16.25,  189.76,   52.63,  30.48, 2486.5,    0.75,  329.97,  361.95,  364.09,  342.50,  344.57,  343.81, 1459.91, 1519.14, 1487.47, 1468.78, 1465.85, 1460.68, 1542.42, 1540.21,  7266.4, 167,  GPS,   23.9, 110.85, 110.00, 119.450, 121.500, -0.007,       ,  24.16, -57.7,   13.6,   23.8,  -14.0,      1,   GPS,    ALT, -11.2,   0.5,  -3.9, 3DDiff, 3704,      ,     14,  22.5,     18
2018-08-27, 17:07:27,  -04:00,    ORW,   41.3342171,  -72.0507889,  7000.2, 30.02,  7368.5,  17.2, 144.67, 157.84,   -4.24,   0.51,  -9.01,  -0.00,   0.03,  16.1,  24.6,  27.7,  28.8,   1.8,  27.55,  29.38,    16.16,  189.77,   52.69,  30.45, 2486.6,    0.75,  329.95,  361.93,  364.16,  342.50,  344.52,  343.81, 1459.98, 1518.62, 1487.30, 1468.39, 1464.99, 1460.76, 1542.39, 1539.58,  7265.5, 167,  GPS,   23.9, 110.85, 110.00, 119.450, 121.500, -0.007,       ,  24.27, -57.8,   13.5,   23.8,  -14.0,      1,   GPS,    ALT,  -8.2,   0.5,   7.9, 3DDiff, 3704,      ,     14,  23.0,     18
2018-08-27, 17:07:28,  -04:00,    ORW,   41.3349342,  -72.0506287,  6999.2, 30.02,  7368.7,  17.2, 144.51, 157.49,  -12.09,   0.51,  -5.93,  -0.01,   0.01,  15.3,  23.5,  27.7,  28.8,   1.8,  27.67,  29.26,    16.15,  189.78,   52.75,  30.46, 2485.7,    0.75,  329.96,  361.91,  364.22,  342.53,  344.51,  343.81, 1460.06, 1518.51, 1486.82, 1468.16, 1465.17, 1460.70, 1542.16, 1539.85,  7265.6, 167,  GPS,   23.9, 110.85, 110.00, 119.450, 121.500, -0.007,       ,  24.39, -58.1,   13.5,   23.8,  -14.0,      1,   GPS,    ALT,  -5.1,   0.4,  27.6, 3DDiff, 3704,      ,     14,  22.0,     18
2018-08-27, 17:07:29,  -04:00,    ORW,   41.3356514,  -72.0504837,  7000.2, 30.02,  7369.2,  17.2, 144.70, 157.22,    6.09,   0.48,  -3.16,  -0.01,  -0.01,  14.9,  22.6,  27.7,  28.8,   1.8,  27.78,  29.14,    16.18,  189.80,   52.66,  30.44, 2488.5,    0.75,  329.98,  361.91,  364.23,  342.53,  344.48,  343.81, 1460.07, 1518.49, 1486.40, 1468.13, 1465.07, 1460.09, 1542.19, 1539.28,  7266.2, 167,  GPS,   23.9, 110.85, 110.00, 119.450, 121.500, -0.006,       ,  24.49, -58.3,   13.4,   23.8,  -14.0,      1,   GPS,    ALT,  -2.6,   0.4,  35.4, 3DDiff, 3704,      ,     14,  22.0,     18
2018-08-27, 17:07:30,  -04:00,    ORW,   41.3363724,  -72.0503387,  6999.2, 30.02,  7369.7,  17.2, 144.42, 157.06,   -5.77,   0.45,  -1.31,   0.00,  -0.00,  14.7,  22.2,  27.7,  28.8,   1.8,  27.87,  29.04,    16.13,  189.80,   52.61,  30.47, 2485.1,    0.74,  329.98,  361.92,  364.29,  342.55,  344.42,  343.81, 1460.45, 1517.52, 1486.89, 1468.82, 1464.95, 1460.03, 1541.91, 1539.22,  7266.7, 167,  GPS,   23.9, 110.85, 110.00, 119.450, 121.500, -0.006,       ,  24.59, -58.5,   13.4,   23.8,  -14.0,      1,   GPS,    ALT,  -0.9,   0.4,  39.4, 3DDiff, 3704,      ,     14,  22.0,     18
2018-08-27, 17:07:31,  -04:00,    ORW,   41.3370934,  -72.0502090,  6999.2, 30.02,  7370.2,  17.2, 144.56, 156.97,  -21.82,   0.47,  -0.11,  -0.00,   0.01,  14.7,  22.1,  27.7,  28.8,   1.8,  27.93,  28.95,    16.13,  189.81,   52.80,  30.47, 2485.1,    0.74,  329.98,  361.93,  364.35,  342.53,  344.37,  343.81, 1459.90, 1518.44, 1486.94, 1469.15, 1465.28, 1460.03, 1542.57, 1538.81,  7267.2, 167,  GPS,   23.9, 110.85, 110.00, 119.450, 121.500, -0.005,       ,  24.67, -58.7,   13.4,   23.8,  -14.0,      1,   GPS,    ALT,   0.1,   0.5,  35.4, 3DDiff, 3704,      ,     14,  22.0,     18
2018-08-27, 17:07:32,  -04:00,    ORW,   41.3378143,  -72.0500717,  6999.2, 30.02,  7371.1,  17.2, 144.46, 156.95,  -22.71,   0.54,   0.47,  -0.00,   0.01,  14.8,  22.0,  27.7,  28.8,   1.8,  27.95,  28.90,    16.12,  189.80,   52.70,  30.44, 2486.3,    0.74,  329.98,  361.92,  364.44,  342.54,  344.33,  343.83, 1460.18, 1517.72, 1486.93, 1467.75, 1465.70, 1460.24, 1541.90, 1539.64,  7268.0, 167,  GPS,   23.9, 110.85, 110.00, 119.450, 121.500, -0.004,       ,  24.73, -58.9,   13.3,   23.8,  -14.0,      1,   GPS,    ALT,   0.5,   0.5,  51.2, 3DDiff, 3704,      ,     14,  22.5,     18
2018-08-27, 17:07:33,  -04:00,    ORW,   41.3385353,  -72.0499344,  6999.2, 30.02,  7373.3,  17.2, 144.49, 156.91,  -10.19,   0.54,   0.79,   0.01,   0.00,  14.9,  22.1,  27.7,  28.8,   1.8,  27.93,  28.89,    16.06,  189.80,   52.61,  30.48, 2486.6,    0.74,  329.99,  361.93,  364.47,  342.56,  344.28,  343.86, 1459.68, 1517.42, 1486.28, 1468.55, 1465.94, 1460.55, 1542.14, 1539.44,  7270.2, 167,  GPS,   23.9, 110.85, 110.00, 119.450, 121.500, -0.004,       ,  24.77, -59.1,   13.3,   23.8,  -14.0,      1,   GPS,    ALT,   0.7,   0.5,  63.0, 3DDiff, 3704,      ,     14,  23.0,     18
2018-08-27, 17:07:34,  -04:00,    ORW,   41.3392563,  -72.0498047,  7001.2, 30.02,  7375.0,  17.2, 144.67, 156.91,   22.81,   0.49,   0.85,   0.01,  -0.00,  15.1,  22.2,  27.7,  28.8,   1.8,  27.89,  28.92,    16.16,  189.78,   52.68,  30.48, 2487.3,    0.75,  330.00,  361.95,  364.50,  342.56,  344.27,  343.86, 1459.20, 1518.27, 1486.58, 1469.54, 1465.09, 1461.14, 1542.97, 1539.53,  7272.0, 167,  GPS,   23.9, 110.85, 110.00, 119.450, 121.500, -0.003,       ,  24.79, -59.3,   13.2,   23.9,  -14.0,      1,   GPS,    ALT,   0.8,   0.5,  70.9, 3DDiff, 3704,      ,     14,  22.0,     18
2018-08-27, 17:07:35,  -04:00,    ORW,   41.3399734,  -72.0496597,  7003.2, 30.02,  7375.9,  17.2, 144.61, 156.89,   51.25,   0.42,   0.90,   0.00,  -0.01,  15.2,  22.3,  27.7,  28.8,   1.8,  27.85,  28.96,    16.15,  189.78,   52.51,  30.46, 2484.8,    0.75,  330.01,  361.93,  364.51,  342.54,  344.21,  343.84, 1460.61, 1518.78, 1486.70, 1470.21, 1465.24, 1460.61, 1543.69, 1540.65,  7272.9, 167,  GPS,   23.9, 110.85, 110.00, 119.450, 121.500, -0.002,       ,  24.79, -59.4,   13.2,   23.9,  -14.0,      1,   GPS,    ALT,   0.9,   0.4,  63.0, 3DDiff, 3704,      ,     14,  22.0,     18
2018-08-27, 17:07:36,  -04:00,    ORW,   41.3406906,  -72.0495148,  7003.2, 30.02,  7376.6,  17.2, 144.65, 156.93,   54.55,   0.36,   0.79,   0.00,  -0.02,  15.2,  22.4,  27.7,  28.8,   1.8,  27.79,  29.01,    16.14,  189.78,   52.63,  30.44, 2485.0,    0.75,  330.01,  361.93,  364.56,  342.56,  344.15,  343.84, 1459.31, 1518.89, 1486.11, 1471.40, 1465.66, 1462.58, 1543.98, 1539.82,  7273.6, 167,  GPS,   23.9, 110.85, 110.00, 119.450, 121.500, -0.002,       ,  24.77, -59.5,   13.1,   23.9,  -14.0,      1,   GPS,    ALT,   0.8,   0.4,  39.4, 3DDiff, 3704,      ,     14,  22.0,     18
2018-08-27, 17:07:37,  -04:00,    ORW,   41.3414116,  -72.0493698,  7003.2, 30.02,  7376.9,  17.2, 144.55, 156.98,   23.66,   0.35,   0.73,   0.01,  -0.01,  15.3,  22.5,  27.7,  28.8,   1.8,  27.72,  29.07,    16.04,  189.76,   52.44,  30.48, 2486.4,    0.74,  330.01,  361.94,  364.59,  342.56,  344.12,  343.82, 1459.16, 1518.98, 1486.17, 1470.64, 1464.43, 1462.48, 1544.08, 1539.63,  7273.9, 167,  GPS,   23.9, 110.85, 110.00, 119.450, 121.500, -0.001,       ,  24.73, -59.6,   13.1,   23.9,  -14.0,      1,   GPS,    ALT,   0.8,   0.4,  11.8, 3DDiff, 3704,      ,     14,  22.0,     18
2018-08-27, 17:07:38,  -04:00,    ORW,   41.3421326,  -72.0492249,  7003.2, 30.02,  7376.9,  17.2, 144.59, 157.04,   15.32,   0.37,   0.64,   0.00,  -0.01,  15.4,  22.7,  27.7,  28.8,   1.8,  27.64,  29.11,    16.10,  189.77,   52.47,  30.47, 2486.1,    0.74,  330.03,  361.93,  364.59,  342.56,  344.06,  343.81, 1459.64, 1519.46, 1486.42, 1470.77, 1463.54, 1462.56, 1544.05, 1539.68,  7273.9, 167,  GPS,   23.9, 110.85, 110.00, 119.450, 121.500, -0.001,       ,  24.68, -59.7,   13.0,   23.9,  -14.0,      1,   GPS,    ALT,   0.8,   0.4,   0.0, 3DDiff, 3704,      ,     14,  22.5,     18
2018-08-27, 17:07:39,  -04:00,    ORW,   41.3428497,  -72.0490875,  7003.2, 30.02,  7375.8,  17.2, 144.64, 157.10,    5.57,   0.36,   0.62,   0.01,  -0.00,  15.4,  22.7,  27.7,  28.8,   1.8,  27.60,  29.14,    16.08,  189.74,   52.57,  30.47, 2486.1,    0.74,  330.01,  361.93,  364.61,  342.56,  344.03,  343.81, 1460.38, 1518.32, 1486.34, 1470.12, 1463.48, 1461.61, 1542.81, 1540.15,  7272.8, 167,  GPS,   23.9, 110.85, 110.00, 119.450, 121.500, -0.000,       ,  24.62, -59.8,   13.0,   23.9,  -14.0,      1,   GPS,    ALT,   0.7,   0.4,   0.0, 3DDiff, 3704,      ,     14,  23.0,     18
2018-08-27, 17:07:40,  -04:00,    ORW,   41.3435669,  -72.0489273,  7003.2, 30.02,  7375.1,  17.2, 144.65, 157.16,    2.26,   0.32,   0.57,   0.01,  -0.01,  15.4,  22.8,  27.7,  28.8,   1.8,  27.56,  29.15,    16.10,  189.72,   52.72,  30.45, 2485.9,    0.74,  330.04,  361.94,  364.62,  342.59,  343.97,  343.81, 1461.06, 1517.74, 1486.79, 1469.83, 1464.94, 1460.94, 1542.07, 1540.65,  7272.1, 167,  GPS,   23.9, 110.85, 110.00, 119.450, 121.500,  0.000,       ,  24.56, -59.8,   13.0,   23.9,  -14.0,      1,   GPS,    ALT,   0.7,   0.3,  -7.9, 3DDiff, 3704,      ,     14,  22.0,     18
2018-08-27, 17:07:41,  -04:00,    ORW,   41.3442879,  -72.0487823,  7004.2, 30.02,  7374.6,  17.2, 144.80, 157.22,   10.66,   0.32,   0.55,   0.00,  -0.01,  15.4,  22.9,  27.7,  28.8,   1.8,  27.54,  29.15,    16.13,  189.72,   52.46,  30.50, 2486.0,    0.74,  330.04,  361.96,  364.62,  342.59,  343.99,  343.81, 1460.41, 1518.11, 1487.12, 1469.76, 1467.27, 1461.08, 1542.84, 1541.14,  7271.6, 167,  GPS,   23.9, 110.85, 110.00, 119.450, 121.500,  0.001,       ,  24.49, -59.9,   12.9,   23.9,  -14.0,      1,   GPS,    ALT,   0.6,   0.3, -23.6, 3DDiff, 3704,      ,     14,  22.0,     18
2018-08-27, 17:07:42,  -04:00,    ORW,   41.3450089,  -72.0486374,  7004.2, 30.02,  7374.0,  17.2, 144.89, 157.30,    1.75,   0.29,   0.53,   0.00,  -0.01,  15.5,  23.0,  27.7,  28.8,   1.8,  27.53,  29.15,    16.07,  189.69,   52.54,  30.45, 2486.3,    0.74,  330.04,  361.93,  364.63,  342.62,  343.97,  343.81, 1459.80, 1517.41, 1487.29, 1469.07, 1467.30, 1460.77, 1542.46, 1540.24,  7271.0, 167,  GPS,   23.9, 110.85, 110.00, 119.450, 121.500,  0.001,       ,  24.41, -59.9,   12.9,   23.9,  -14.0,      1,   GPS,    ALT,   0.6,   0.3, -27.6, 3DDiff, 3704,      ,     14,  22.0,     18
2018-08-27, 17:07:43,  -04:00,    ORW,   41.3457260,  -72.0484848,  7003.2, 30.02,  7373.3,  17.2, 144.92, 157.37,  -12.62,   0.26,   0.53,   0.00,  -0.00,  15.5,  23.0,  27.7,  28.8,   1.8,  27.53,  29.12,    16.10,  189.69,   52.66,  30.47, 2485.0,    0.74,  330.05,  361.93,  364.65,  342.60,  343.96,  343.79, 1460.29, 1519.32, 1486.87, 1468.88, 1466.97, 1460.68, 1543.25, 1540.58,  7270.3, 167,  GPS,   23.9, 110.85, 110.00, 119.450, 121.500,  0.001,       ,  24.34, -59.9,   12.8,   23.9,  -14.0,      1,   GPS,    ALT,   0.6,   0.3, -35.4, 3DDiff, 3704,      ,     14,  22.0,     18
2018-08-27, 17:07:44,  -04:00,    ORW,   41.3464432,  -72.0483246,  7002.2, 30.02,  7372.6,  17.2, 145.01, 157.45,  -39.73,   0.30,   0.46,  -0.00,   0.00,  15.6,  23.1,  27.7,  28.8,   1.8,  27.54,  29.10,    16.16,  189.67,   52.75,  30.47, 2485.2,    0.75,  330.04,  361.96,  364.65,  342.62,  343.96,  343.81, 1459.38, 1519.41, 1486.92, 1469.21, 1465.82, 1460.66, 1543.30, 1540.02,  7269.5, 167,  GPS,   23.9, 110.85, 110.00, 119.450, 121.500,  0.002,       ,  24.27, -59.9,   12.8,   23.9,  -14.0,      1,   GPS,    ALT,   0.6,   0.3, -43.3, 3DDiff, 3704,      ,     14,  22.5,     19
2018-08-27, 17:07:45,  -04:00,    ORW,   41.3471642,  -72.0481720,  7003.2, 30.02,  7373.2,  17.2, 145.14, 157.55,  -27.73,   0.32,   0.54,   0.00,  -0.01,  15.7,  23.1,  27.7,  28.8,   1.8,  27.56,  29.07,    16.11,  189.67,   52.78,  30.51, 2485.7,    0.74,  330.07,  361.96,  364.68,  342.62,  343.99,  343.80, 1459.55, 1519.06, 1487.77, 1469.48, 1465.16, 1460.90, 1543.80, 1540.04,  7270.2, 168,  GPS,   23.9, 110.85, 110.00, 119.450, 121.500,  0.002,       ,  24.19, -59.9,   12.7,   23.9,  -14.0,      1,   GPS,    ALT,   0.5,   0.3, -31.5, 3DDiff, 3704,      ,     14,  23.0,     18
2018-08-27, 17:07:46,  -04:00,    ORW,   41.3478851,  -72.0480194,  7002.2, 30.02,  7373.4,  17.2, 145.05, 157.65,  -11.71,   0.23,   0.53,   0.00,  -0.01,  15.7,  23.2,  27.7,  28.8,   1.8,  27.59,  29.03,    16.14,  189.64,   52.57,  30.47, 2486.6,    0.74,  330.06,  361.96,  364.68,  342.62,  344.02,  343.81, 1459.71, 1519.09, 1488.20, 1468.55, 1465.69, 1459.79, 1543.26, 1539.97,  7270.4, 168,  GPS,   23.9, 110.85, 110.00, 119.450, 121.500,  0.002,       ,  24.12, -59.9,   12.7,   23.9,  -14.0,      1,   GPS,    ALT,   0.5,   0.3, -27.6, 3DDiff, 3704,      ,     14,  22.0,     18
2018-08-27, 17:07:47,  -04:00,    ORW,   41.3486061,  -72.0478592,  7002.2, 30.02,  7372.5,  17.2, 145.14, 157.72,  -33.55,   0.31,   0.53,   0.01,   0.01,  15.8,  23.2,  27.7,  28.8,   1.8,  27.62,  29.01,    16.15,  189.64,   52.51,  30.46, 2487.2,    0.75,  330.08,  361.97,  364.69,  342.65,  344.08,  343.81, 1459.60, 1519.92, 1488.13, 1469.90, 1464.58, 1459.41, 1543.48, 1539.93,  7269.5, 168,  GPS,   23.9, 110.85, 110.00, 119.450, 121.500,  0.002,       ,  24.05, -59.9,   12.7,   23.9,  -14.0,      1,   GPS,    ALT,   0.5,   0.3, -43.3, 3DDiff, 3704,      ,     14,  22.0,     18
2018-08-27, 17:07:48,  -04:00,    ORW,   41.3493309,  -72.0477066,  7001.2, 30.02,  7372.1,  17.2, 145.11, 157.82,  -48.94,   0.35,   0.51,  -0.01,   0.00,  15.8,  23.3,  27.7,  28.8,   1.8,  27.63,  28.99,    16.19,  189.64,   52.84,  30.50, 2486.6,    0.75,  330.08,  361.97,  364.71,  342.65,  344.17,  343.81, 1459.28, 1520.23, 1487.16, 1469.66, 1464.25, 1460.28, 1543.44, 1539.38,  7269.0, 168,  GPS,   23.9, 110.85, 110.00, 119.450, 121.500,  0.003,       ,  23.98, -59.9,   12.6,   23.9,  -14.0,      1,   GPS,    ALT,   0.5,   0.3, -35.4, 3DDiff, 3704,      ,     14,  22.0,     18
2018-08-27, 17:07:49,  -04:00,    ORW,   41.3500519,  -72.0475464,  7000.2, 30.02,  7371.8,  17.2, 145.36, 157.90,  -41.96,   0.42,   0.51,   0.00,  -0.00,  15.9,  23.5,  27.7,  28.8,   1.8,  27.64,  28.97,    16.18,  189.63,   52.88,  30.45, 2487.5,    0.75,  330.09,  361.99,  364.72,  342.65,  344.29,  343.81, 1459.10, 1520.28, 1487.81, 1469.02, 1463.49, 1460.07, 1543.00, 1539.41,  7268.7, 168,  GPS,   23.9, 110.85, 110.00, 119.450, 121.500,  0.003,       ,  23.92, -59.9,   12.6,   23.9,  -14.0,      1,   GPS,    ALT,   0.5,   0.4, -23.6, 3DDiff, 3704,      ,     14,  22.0,     18
2018-08-27, 17:07:50,  -04:00,    ORW,   41.3507729,  -72.0473862,  7000.2, 30.02,  7371.6,  17.2, 145.22, 157.96,  -45.20,   0.46,   0.46,   0.00,   0.01,  16.0,  23.4,  27.7,  28.8,   1.8,  27.66,  28.95,    16.15,  189.61,   52.88,  30.48, 2487.6,    0.75,  330.09,  361.99,  364.74,  342.67,  344.42,  343.81, 1459.68, 1519.80, 1487.62, 1470.00, 1463.14, 1459.88, 1543.63, 1539.92,  7268.5, 168,  GPS,   23.9, 110.85, 110.00, 119.450, 121.500,  0.003,       ,  23.85, -59.9,   12.5,   23.9,  -14.0,      1,   GPS,    ALT,   0.4,   0.4, -15.7, 3DDiff, 3704,      ,     14,  22.5,     19
2018-08-27, 17:07:51,  -04:00,    ORW,   41.3514938,  -72.0472336,  7000.2, 30.02,  7370.1,  17.2, 145.34, 157.98,  -29.06,   0.49,   0.37,  -0.00,  -0.00,  16.0,  23.5,  27.7,  28.8,   1.8,  27.66,  28.93,    16.15,  189.61,   52.59,  30.48, 2486.9,    0.75,  330.10,  362.01,  364.75,  342.65,  344.59,  343.83, 1459.68, 1518.82, 1487.21, 1469.30, 1463.74, 1461.05, 1543.12, 1539.50,  7267.1, 168,  GPS,   23.9, 110.85, 110.00, 119.450, 121.500,  0.003,       ,  23.79, -59.9,   12.5,   23.9,  -14.0,      1,   GPS,    ALT,   0.4,   0.5, -15.7, 3DDiff, 3704,      ,     14,  23.0,     18
2018-08-27, 17:07:52,  -04:00,    ORW,   41.3522148,  -72.0470734,  6999.2, 30.02,  7369.6,  17.2, 145.37, 158.00,  -28.64,   0.54,   0.34,  -0.00,  -0.00,  16.0,  23.5,  27.7,  28.8,   1.8,  27.66,  28.92,    16.19,  189.61,   52.71,  30.49, 2487.4,    0.75,  330.10,  362.02,  364.75,  342.65,  344.80,  343.84, 1459.18, 1519.00, 1486.80, 1469.53, 1464.12, 1461.46, 1543.64, 1539.72,  7266.6, 168,  GPS,   23.9, 110.85, 110.00, 119.450, 121.500,  0.003,       ,  23.74, -59.9,   12.4,   23.9,  -14.0,      1,   GPS,    ALT,   0.4,   0.5, -11.8, 3DDiff, 3704,      ,     14,  22.0,     18
2018-08-27, 17:07:53,  -04:00,    ORW,   41.3529320,  -72.0469055,  6999.2, 30.02,  7369.4,  17.2, 145.41, 158.02,  -29.61,   0.58,   0.31,   0.01,   0.00,  16.1,  23.7,  27.7,  28.8,   1.8,  27.65,  28.92,    16.20,  189.60,   52.57,  30.48, 2488.2,    0.75,  330.13,  362.04,  364.77,  342.66,  345.00,  343.84, 1458.21, 1518.76, 1487.45, 1469.87, 1464.33, 1461.21, 1543.19, 1539.82,  7266.4, 168,  GPS,   23.9, 110.85, 110.00, 119.450, 121.500,  0.003,       ,  23.68, -59.8,   12.4,   23.9,  -14.0,      1,   GPS,    ALT,   0.4,   0.5,  -7.9, 3DDiff, 3704,      ,     14,  21.5,     18
2018-08-27, 17:07:54,  -04:00,    ORW,   41.3536530,  -72.0467453,  6999.2, 30.02,  7369.4,  17.2, 145.47, 158.02,  -32.03,   0.64,   0.35,   0.00,   0.01,  16.1,  23.6,  27.7,  28.8,   1.8,  27.66,  28.91,    16.15,  189.61,   52.67,  30.51, 2486.7,    0.75,  330.13,  362.02,  364.80,  342.65,  345.15,  343.87, 1458.47, 1518.74, 1487.51, 1470.23, 1465.35, 1461.11, 1543.39, 1539.67,  7266.4, 168,  GPS,   23.9, 110.85, 110.00, 119.450, 121.500,  0.004,       ,  23.64, -59.8,   12.3,   23.9,  -14.0,      1,   GPS,    ALT,   0.3,   0.6,   0.0, 3DDiff, 3704,      ,     14,  22.0,     18
2018-08-27, 17:07:55,  -04:00,    ORW,   41.3543777,  -72.0465851,  7000.2, 30.02,  7369.5,  17.2, 145.54, 158.00,  -12.69,   0.65,   0.31,   0.00,  -0.00,  16.1,  23.6,  27.7,  28.8,   1.8,  27.66,  28.90,    16.26,  189.61,   52.64,  30.49, 2488.6,    0.75,  330.13,  362.02,  364.81,  342.67,  345.36,  343.85, 1458.85, 1518.86, 1487.95, 1470.08, 1465.23, 1461.74, 1543.28, 1540.08,  7266.5, 168,  GPS,   23.9, 110.85, 110.00, 119.450, 121.500,  0.004,       ,  23.59, -59.8,   12.3,   23.9,  -14.0,      1,   GPS,    ALT,   0.3,   0.7,  11.8, 3DDiff, 3704,      ,     14,  22.0,     18
2018-08-27, 17:07:56,  -04:00,    ORW,   41.3550987,  -72.0464172,  7000.2, 30.02,  7369.7,  17.2, 145.56, 157.98,    4.50,   0.63,   0.27,   0.00,  -0.01,  16.2,  23.7,  27.7,  28.8,   1.8,  27.65,  28.89,    16.26,  189.61,   52.84,  30.51, 2485.7,    0.75,  330.14,  362.02,  364.82,  342.65,  345.54,  343.87, 1459.20, 1519.19, 1488.53, 1470.39, 1465.83, 1461.05, 1543.75, 1540.56,  7266.7, 168,  GPS,   23.9, 110.85, 110.00, 119.450, 121.500,  0.004,       ,  23.55, -59.7,   12.3,   23.9,  -14.0,      1,   GPS,    ALT,   0.3,   0.6,  15.7, 3DDiff, 3704,      ,     14,  22.0,     19
2018-08-27, 17:07:57,  -04:00,    ORW,   41.3558197,  -72.0462494,  7000.2, 30.02,  7370.5,  17.2, 145.52, 157.94,    9.29,   0.62,   0.26,   0.01,   0.01,  16.2,  23.7,  27.7,  28.8,   1.8,  27.65,  28.88,    16.21,  189.61,   52.65,  30.50, 2485.7,    0.75,  330.14,  362.04,  364.84,  342.63,  345.67,  343.87, 1459.88, 1518.93, 1488.78, 1470.98, 1465.65, 1460.92, 1544.36, 1540.36,  7267.5, 168,  GPS,   23.9, 110.85, 110.00, 119.450, 121.500,  0.004,       ,  23.51, -59.7,   12.2,   23.9,  -14.0,      1,   GPS,    ALT,   0.3,   0.6,  11.8, 3DDiff, 3704,      ,     14,  23.0,     18
2018-08-27, 17:07:58,  -04:00,    ORW,   41.3565445,  -72.0460892,  7000.2, 30.02,  7371.0,  17.2, 145.47, 157.92,   12.01,   0.58,   0.25,  -0.00,  -0.00,  16.2,  23.9,  27.7,  28.8,   1.8,  27.65,  28.88,    16.17,  189.60,   52.57,  30.49, 2484.7,    0.75,  330.16,  362.05,  364.84,  342.63,  345.81,  343.89, 1459.54, 1518.77, 1487.71, 1470.44, 1464.22, 1461.54, 1544.12, 1539.74,  7267.9, 168,  GPS,   23.9, 110.85, 110.00, 119.450, 121.500,  0.004,       ,  23.48, -59.7,   12.2,   23.9,  -14.0,      1,   GPS,    ALT,   0.3,   0.6,   3.9, 3DDiff, 3704,      ,     14,  22.0,     18
2018-08-27, 17:07:59,  -04:00,    ORW,   41.3572655,  -72.0459213,  7000.2, 30.02,  7370.8,  17.2, 145.53, 157.90,    1.56,   0.58,   0.21,  -0.00,   0.00,  16.2,  23.8,  27.7,  28.8,   1.8,  27.64,  28.88,    16.16,  189.61,   52.69,  30.48, 2485.9,    0.75,  330.18,  362.05,  364.84,  342.65,  345.91,  343.88, 1459.40, 1518.77, 1487.73, 1470.37, 1463.30, 1461.82, 1543.75, 1539.60,  7267.8, 168,  GPS,   23.9, 110.85, 110.00, 119.450, 121.500,  0.004,       ,  23.46, -59.6,   12.1,   23.9,  -14.0,      1,   GPS,    ALT,   0.2,   0.6,   0.0, 3DDiff, 3704,      ,     14,  21.5,     18
2018-08-27, 17:08:00,  -04:00,    ORW,   41.3579826,  -72.0457611,  7000.2, 30.02,  7370.9,  17.2, 145.50, 157.90,  -11.47,   0.60,   0.19,   0.01,  -0.00,  16.2,  23.8,  27.7,  28.8,   1.8,  27.64,  28.87,    16.22,  189.61,   52.78,  30.46, 2486.2,    0.75,  330.19,  362.05,  364.84,  342.64,  346.00,  343.90, 1458.05, 1518.51, 1487.20, 1470.23, 1463.20, 1460.65, 1543.60, 1538.79,  7267.9, 168,  GPS,   23.9, 110.85, 110.00, 119.450, 121.500,  0.004,       ,  23.43, -59.6,   12.1,   23.9,  -14.0,      1,   GPS,    ALT,   0.2,   0.6,   0.0, 3DDiff, 3704,      ,     14,  22.0,     18
2018-08-27, 17:08:01,  -04:00,    ORW,   41.3587036,  -72.0455933,  6999.2, 30.02,  7371.0,  17.2, 145.51, 157.90,  -23.65,   0.64,   0.19,   0.00,   0.01,  16.3,  23.8,  27.7,  28.8,   1.8,  27.64,  28.87,    16.17,  189.61,   52.59,  30.49, 2485.0,    0.75,  330.21,  362.05,  364.84,  342.65,  346.10,  343.91, 1458.08, 1517.90, 1486.94, 1472.11, 1463.42, 1460.34, 1544.08, 1538.76,  7268.0, 168,  GPS,   23.9, 110.85, 110.00, 119.450, 121.500,  0.004,       ,  23.42, -59.5,   12.0,   23.9,  -14.0,      1,   GPS,    ALT,   0.2,   0.6,   3.9, 3DDiff, 3704,      ,     14,  22.0,     18
2018-08-27, 17:08:02,  -04:00,    ORW,   41.3594208,  -72.0454254,  7001.2, 30.02,  7371.2,  17.2, 145.71, 157.88,    8.48,   0.63,   0.18,  -0.00,  -0.00,  16.3,  23.9,  27.7,  28.8,   1.8,  27.63,  28.87,    16.17,  189.61,   52.67,  30.51, 2486.6,    0.75,  330.22,  362.05,  364.84,  342.63,  346.16,  343.93, 1458.78, 1517.71, 1487.77, 1470.67, 1463.38, 1461.26, 1543.61, 1539.55,  7268.2, 168,  GPS,   23.9, 110.85, 110.00, 119.450, 121.500,  0.004,       ,  23.40, -59.5,   12.0,   23.9,  -14.0,      1,   GPS,    ALT,   0.2,   0.6,  11.8, 3DDiff, 3704,      ,     14,  22.0,     19
2018-08-27, 17:08:03,  -04:00,    ORW,   41.3601418,  -72.0452576,  7000.2, 30.02,  7370.6,  17.2, 145.67, 157.84,    7.57,   0.62,   0.16,  -0.00,  -0.01,  16.4,  23.9,  27.7,  28.8,   1.8,  27.63,  28.87,    16.15,  189.61,   52.74,  30.47, 2485.7,    0.75,  330.23,  362.02,  364.84,  342.62,  346.25,  343.96, 1459.58, 1517.14, 1488.44, 1470.56, 1463.27, 1461.56, 1542.91, 1540.11,  7267.6, 168,  GPS,   23.9, 110.85, 110.00, 119.450, 121.500,  0.004,       ,  23.40, -59.4,   12.0,   23.9,  -14.0,      1,   GPS,    ALT,   0.2,   0.6,   7.9, 3DDiff, 3704,      ,     14,  23.0,     18
2018-08-27, 17:08:04,  -04:00,    ORW,   41.3608589,  -72.0450897,  7001.2, 30.02,  7370.4,  17.2, 145.71, 157.82,   -2.78,   0.63,   0.13,   0.01,   0.00,  16.4,  23.9,  27.7,  28.8,   1.8,  27.62,  28.86,    16.19,  189.61,   52.69,  30.47, 2485.1,    0.75,  330.25,  362.04,  364.81,  342.63,  346.28,  343.96, 1459.18, 1517.99, 1488.83, 1469.26, 1463.60, 1461.97, 1542.86, 1539.75,  7267.4, 168,  GPS,   23.9, 110.85, 110.00, 119.450, 121.500,  0.004,       ,  23.39, -59.4,   11.9,   23.9,  -14.0,      1,   GPS,    ALT,   0.2,   0.6,   0.0, 3DDiff, 3704,      ,     14,  22.0,     18
2018-08-27, 17:08:05,  -04:00,    ORW,   41.3615799,  -72.0449219,  7001.2, 30.02,  7370.0,  17.2, 145.66, 157.78,   -6.02,   0.63,   0.13,  -0.00,  -0.00,  16.4,  24.0,  27.7,  28.8,   1.8,  27.62,  28.85,    16.16,  189.59,   52.78,  30.44, 2484.3,    0.75,  330.25,  362.05,  364.81,  342.64,  346.31,  343.96, 1458.72, 1518.11, 1488.54, 1467.94, 1463.53, 1461.47, 1543.00, 1538.72,  7267.0, 168,  GPS,   23.9, 110.85, 110.00, 119.450, 121.500,  0.004,       ,  23.39, -59.3,   11.9,   23.9,  -14.0,      1,   GPS,    ALT,   0.2,   0.6,  -3.9, 3DDiff, 3704,      ,     14,  21.5,     18
2018-08-27, 17:08:06,  -04:00,    ORW,   41.3622971,  -72.0447617,  7001.2, 30.02,  7369.7,  17.2, 145.61, 157.78,   -0.42,   0.64,   0.10,  -0.00,  -0.00,  16.4,  24.0,  27.7,  28.8,   1.8,  27.62,  28.84,    16.10,  189.57,   52.72,  30.46, 2487.5,    0.74,  330.28,  362.05,  364.78,  342.65,  346.37,  343.96, 1458.63, 1518.10, 1487.46, 1468.20, 1463.35, 1461.29, 1542.61, 1538.66,  7266.7, 168,  GPS,   23.9, 110.85, 110.00, 119.450, 121.500,  0.004,       ,  23.40, -59.3,   11.8,   23.9,  -14.0,      1,   GPS,    ALT,   0.1,   0.6,  -7.9, 3DDiff, 3704,      ,     14,  22.0,     18
2018-08-27, 17:08:07,  -04:00,    ORW,   41.3630180,  -72.0445938,  7000.2, 30.02,  7369.5,  17.2, 145.58, 157.74,   -6.17,   0.64,   0.09,   0.00,  -0.01,  16.4,  24.0,  27.7,  28.8,   1.8,  27.62,  28.83,    16.12,  189.58,   52.70,  30.42, 2488.7,    0.74,  330.30,  362.05,  364.78,  342.67,  346.38,  343.97, 1458.18, 1517.07, 1487.47, 1467.31, 1463.38, 1460.42, 1541.65, 1538.50,  7266.5, 168,  GPS,   23.9, 110.85, 110.00, 119.450, 121.500,  0.004,       ,  23.40, -59.2,   11.8,   23.9,  -14.0,      1,   GPS,    ALT,   0.1,   0.6,  -7.9, 3DDiff, 3704,      ,     14,  22.0,     18
2018-08-27, 17:08:08,  -04:00,    ORW,   41.3637390,  -72.0444183,  7001.2, 30.02,  7369.2,  17.2, 145.59, 157.72,   -4.37,   0.65,   0.02,   0.00,   0.00,  16.5,  24.0,  27.7,  28.8,   1.8,  27.62,  28.82,    16.08,  189.57,   52.51,  30.48, 2485.5,    0.74,  330.28,  362.05,  364.75,  342.65,  346.42,  343.98, 1459.46, 1517.18, 1486.98, 1467.62, 1463.32, 1461.49, 1541.82, 1538.96,  7266.2, 168,  GPS,   23.9, 110.85, 110.00, 119.450, 121.500,  0.004,       ,  23.41, -59.1,   11.7,   23.9,  -14.0,      1,   GPS,    ALT,   0.1,   0.7, -11.8, 3DDiff, 3704,      ,     14,  22.0,     19
2018-08-27, 17:08:09,  -04:00,    ORW,   41.3644562,  -72.0442505,  7000.2, 30.02,  7370.2,  17.2, 145.55, 157.70,  -15.38,   0.68,   0.04,  -0.01,   0.00,  16.5,  24.0,  27.7,  28.8,   1.8,  27.64,  28.80,    16.00,  189.56,   52.59,  30.46, 2486.5,    0.74,  330.29,  362.05,  364.73,  342.65,  346.41,  343.97, 1459.16, 1517.00, 1486.73, 1467.89, 1463.67, 1460.82, 1541.26, 1539.00,  7267.2, 168,  GPS,   23.9, 110.85, 110.00, 119.450, 121.500,  0.004,       ,  23.42, -59.1,   11.7,   23.9,  -14.0,      1,   GPS,    ALT,   0.1,   0.7, -11.8, 3DDiff, 3704,      ,     14,  23.0,     18
2018-08-27, 17:08:10,  -04:00,    ORW,   41.3651733,  -72.0440750,  7000.2, 30.02,  7370.1,  17.2, 145.53, 157.65,  -18.11,   0.69,   0.03,  -0.00,  -0.01,  16.5,  24.1,  27.7,  28.8,   1.8,  27.65,  28.78,    16.07,  189.56,   52.56,  30.46, 2485.3,    0.74,  330.31,  362.06,  364.72,  342.65,  346.43,  343.96, 1459.83, 1518.01, 1486.66, 1468.40, 1464.39, 1461.07, 1541.91, 1539.83,  7267.1, 168,  GPS,   23.9, 110.85, 110.00, 119.450, 121.500,  0.004,       ,  23.43, -59.0,   11.6,   23.9,  -14.0,      1,   GPS,    ALT,   0.1,   0.7, -11.8, 3DDiff, 3704,      ,     14,  22.0,     18
2018-08-27, 17:08:11,  -04:00,    ORW,   41.3658943,  -72.0439072,  6999.2, 30.02,  7370.5,  17.2, 145.45, 157.61,  -31.68,   0.74,   0.07,   0.00,   0.00,  16.6,  24.1,  27.7,  28.8,   1.8,  27.66,  28.76,    16.07,  189.55,   52.57,  30.45, 2484.5,    0.74,  330.33,  362.05,  364.69,  342.65,  346.41,  343.96, 1459.64, 1517.67, 1486.26, 1468.56, 1465.32, 1460.81, 1542.23, 1539.42,  7267.4, 168,  GPS,   23.9, 110.85, 110.00, 119.450, 121.500,  0.004,       ,  23.44, -58.9,   11.6,   23.9,  -14.0,      1,   GPS,    ALT,   0.1,   0.7,  -7.9, 3DDiff, 3704,      ,     14,  21.5,     18
2018-08-27, 17:08:12,  -04:00,    ORW,   41.3666153,  -72.0437469,  7000.2, 30.02,  7370.6,  17.2, 145.40, 157.57,  -21.48,   0.78,   0.07,   0.00,   0.01,  16.6,  24.1,  27.7,  28.8,   1.8,  27.67,  28.75,    16.13,  189.56,   52.44,  30.46, 2487.2,    0.74,  330.34,  362.05,  364.69,  342.65,  346.40,  343.96, 1460.62, 1517.47, 1486.20, 1469.04, 1464.94, 1460.73, 1542.22, 1539.31,  7267.6, 168,  GPS,   23.9, 110.85, 110.00, 119.450, 121.500,  0.004,       ,  23.46, -58.9,   11.6,   23.9,  -14.0,      1,   GPS,    ALT,   0.1,   0.8,   0.0, 3DDiff, 3704,      ,     14,  22.0,     18
2018-08-27, 17:08:13,  -04:00,    ORW,   41.3673363,  -72.0435715,  7000.2, 30.02,  7371.0,  17.2, 145.28, 157.51,    7.59,   0.74,   0.03,  -0.00,  -0.01,  16.6,  24.1,  27.7,  28.8,   1.8,  27.68,  28.74,    16.14,  189.59,   52.44,  30.47, 2483.7,    0.74,  330.34,  362.05,  364.68,  342.65,  346.40,  343.96, 1461.25, 1517.60, 1487.18, 1468.09, 1463.90, 1462.68, 1542.58, 1539.13,  7268.0, 168,  GPS,   23.9, 110.85, 110.00, 119.450, 121.500,  0.004,       ,  23.47, -58.8,   11.5,   23.9,  -14.0,      1,   GPS,    ALT,   0.0,   0.8,   7.9, 3DDiff, 3704,      ,     14,  22.0,     18
2018-08-27, 17:08:14,  -04:00,    ORW,   41.3680496,  -72.0433960,  7000.2, 30.02,  7371.2,  17.2, 145.17, 157.45,   -2.98,   0.73,   0.03,   0.00,  -0.01,  16.6,  24.1,  27.7,  28.8,   1.8,  27.68,  28.73,    16.11,  189.59,   52.52,  30.45, 2487.1,    0.74,  330.34,  362.05,  364.68,  342.65,  346.38,  343.95, 1460.34, 1517.69, 1487.50, 1468.54, 1464.35, 1462.48, 1542.94, 1539.15,  7268.2, 168,  GPS,   23.9, 110.85, 110.00, 119.450, 121.500,  0.003,       ,  23.48, -58.7,   11.5,   23.9,  -14.0,      1,   GPS,    ALT,   0.0,   0.7,   3.9, 3DDiff, 3704,      ,     14,  22.0,     19
2018-08-27, 17:08:15,  -04:00,    ORW,   41.3687706,  -72.0432281,  7000.2, 30.02,  7370.5,  17.2, 145.11, 157.41,   -3.44,   0.71,  -0.01,   0.00,   0.00,  16.6,  24.1,  27.7,  28.8,   1.8,  27.68,  28.72,    16.18,  189.59,   52.87,  30.45, 2486.6,    0.75,  330.37,  362.05,  364.68,  342.65,  346.34,  343.94, 1459.57, 1517.17, 1486.68, 1469.38, 1464.00, 1462.73, 1543.27, 1538.79,  7267.5, 168,  GPS,   23.9, 110.85, 110.00, 119.450, 121.500,  0.004,       ,  23.49, -58.6,   11.4,   23.9,  -14.0,      1,   GPS,    ALT,   0.0,   0.7,  -3.9, 3DDiff, 3704,      ,     14,  23.0,     18
2018-08-27, 17:08:16,  -04:00,    ORW,   41.3694878,  -72.0430603,  7000.2, 30.02,  7370.3,  17.2, 145.06, 157.37,    0.46,   0.69,   0.01,  -0.00,   0.00,  16.7,  24.1,  27.7,  28.8,   1.8,  27.68,  28.71,    16.06,  189.61,   52.52,  30.46, 2486.6,    0.74,  330.37,  362.07,  364.66,  342.63,  346.29,  343.95, 1459.94, 1518.06, 1486.95, 1468.87, 1463.77, 1463.06, 1543.07, 1539.06,  7267.3, 168,  GPS,   23.9, 110.85, 110.00, 119.450, 121.500,  0.003,       ,  23.50, -58.6,   11.4,   23.9,  -14.0,      1,   GPS,    ALT,   0.0,   0.7,  -3.9, 3DDiff, 3704,      ,     14,  22.0,     18
2018-08-27, 17:08:17,  -04:00,    ORW,   41.3702011,  -72.0428925,  7001.2, 30.02,  7370.0,  17.2, 145.07, 157.35,    1.27,   0.70,  -0.02,  -0.00,  -0.00,  16.7,  24.2,  27.7,  28.8,   1.8,  27.70,  28.71,    16.11,  189.62,   52.65,  30.46, 2487.0,    0.74,  330.38,  362.05,  364.65,  342.63,  346.26,  343.93, 1459.65, 1518.36, 1487.28, 1468.69, 1464.78, 1462.24, 1542.69, 1539.70,  7266.9, 168,  GPS,   23.9, 110.85, 110.00, 119.450, 121.500,  0.003,       ,  23.50, -58.5,   11.3,   23.9,  -14.0,      1,   GPS,    ALT,   0.0,   0.7,   0.0, 3DDiff, 3704,      ,     14,  21.5,     18
2018-08-27, 17:08:18,  -04:00,    ORW,   41.3709183,  -72.0427170,  7000.2, 30.02,  7370.0,  17.2, 144.93, 157.33,    1.52,   0.63,  -0.02,   0.00,  -0.01,  16.7,  24.2,  27.7,  28.8,   1.8,  27.70,  28.71,    16.15,  189.63,   52.70,  30.48, 2483.9,    0.75,  330.40,  362.05,  364.65,  342.63,  346.25,  343.92, 1459.97, 1518.54, 1486.51, 1467.90, 1465.36, 1462.28, 1542.18, 1539.93,  7267.0, 167,  GPS,   23.9, 110.85, 110.00, 119.450, 121.500,  0.003,       ,  23.51, -58.4,   11.3,   23.9,  -14.0,      1,   GPS,    ALT,   0.0,   0.7,   3.9, 3DDiff, 3704,      ,     14,  22.0,     18
2018-08-27, 17:08:19,  -04:00,    ORW,   41.3716393,  -72.0425491,  6999.2, 30.02,  7369.9,  17.2, 144.78, 157.32,  -27.51,   0.66,  -0.02,   0.00,   0.01,  16.7,  24.2,  27.7,  28.8,   1.8,  27.69,  28.70,    16.19,  189.61,   52.67,  30.46, 2485.3,    0.75,  330.40,  362.05,  364.62,  342.64,  346.22,  343.87, 1459.83, 1519.53, 1485.93, 1467.20, 1465.42, 1462.02, 1542.51, 1539.49,  7266.9, 167,  GPS,   23.9, 110.85, 110.00, 119.450, 121.500,  0.003,       ,  23.51, -58.4,   11.2,   23.9,  -14.0,      1,   GPS,    ALT,  -0.0,   0.7,  -3.9, 3DDiff, 3704,      ,     14,  22.0,     18
2018-08-27, 17:08:20,  -04:00,    ORW,   41.3723526,  -72.0423737,  7000.2, 30.02,  7370.0,  17.2, 144.78, 157.30,  -19.45,   0.71,  -0.03,  -0.00,   0.00,  16.7,  24.2,  27.7,  28.8,   1.8,  27.68,  28.71,    16.12,  189.61,   52.71,  30.42, 2486.0,    0.74,  330.43,  362.05,  364.63,  342.65,  346.19,  343.87, 1459.23, 1517.97, 1485.21, 1466.24, 1465.46, 1461.96, 1541.64, 1539.20,  7267.0, 167,  GPS,   23.9, 110.85, 110.00, 119.450, 121.500,  0.003,       ,  23.51, -58.3,   11.2,   23.9,  -14.0,      1,   GPS,    ALT,  -0.0,   0.7,   3.9, 3DDiff, 3704,      ,     14,  22.0,     19
2018-08-27, 17:08:21,  -04:00,    ORW,   41.3730698,  -72.0422058,  7001.2, 30.02,  7370.3,  17.5, 144.70, 157.30,   -5.87,   0.69,  -0.04,   0.00,  -0.01,  16.7,  24.2,  27.7,  28.8,   1.8,  27.67,  28.72,    16.07,  189.61,   52.65,  30.45, 2486.3,    0.74,  330.43,  362.05,  364.65,  342.64,  346.11,  343.85, 1459.14, 1518.08, 1485.35, 1466.26, 1465.57, 1462.36, 1542.11, 1538.81,  7267.6, 167,  GPS,   23.9, 113.60, 110.00, 119.450, 121.500,  0.003,       ,  23.51, -58.3,   11.2,   23.9,  -14.0,      1,   GPS,    ALT,  -0.0,   0.7,  15.7, 3DDiff, 3704,      ,     14,  23.0,     18
2018-08-27, 17:08:22,  -04:00,    ORW,   41.3737907,  -72.0420380,  7000.2, 30.02,  7370.9,  17.5, 144.62, 157.28,   -2.37,   0.68,  -0.01,   0.00,   0.01,  16.8,  24.2,  27.7,  28.8,   1.8,  27.67,  28.72,    16.10,  189.61,   52.70,  30.45, 2487.3,    0.74,  330.46,  362.05,  364.63,  342.64,  346.10,  343.84, 1459.60, 1518.38, 1485.11, 1466.78, 1465.26, 1462.67, 1542.84, 1538.91,  7268.2, 167,  GPS,   23.9, 113.60, 110.60, 119.450, 121.500,  0.003,       ,  23.51, -58.2,   11.1,   23.9,  -14.0,      1,   GPS,    ALT,  -0.0,   0.7,   7.9, 3DDiff, 3704,      ,     14,  22.0,     18
2018-08-27, 17:08:23,  -04:00,    ORW,   41.3745041,  -72.0418625,  7000.2, 30.02,  7370.8,  17.5, 144.70, 157.26,   12.26,   0.66,  -0.05,  -0.00,  -0.00,  16.8,  24.2,  27.7,  28.8,   1.7,  27.66,  28.72,    16.13,  189.60,   52.60,  30.45, 2485.2,    0.74,  330.46,  362.05,  364.63,  342.63,  346.03,  343.81, 1459.52, 1518.38, 1485.25, 1466.15, 1464.69, 1462.20, 1542.52, 1538.85,  7268.1, 167,  GPS,   23.9, 113.60, 110.60, 119.450, 121.500,  0.003,       ,  23.51, -58.2,   11.1,   23.9,  -14.0,      1,   GPS,    ALT,  -0.1,   0.7,   0.0, 3DDiff, 3704,      ,     14,  21.5,     18
2018-08-27, 17:08:24,  -04:00,    ORW,   41.3752174,  -72.0416946,  7000.2, 30.02,  7370.9,  17.5, 144.64, 157.26,   -8.53,   0.67,  -0.09,  -0.00,  -0.01,  16.8,  24.2,  27.7,  28.8,   1.8,  27.65,  28.72,    16.16,  189.60,   52.76,  30.45, 2485.7,    0.75,  330.46,  362.05,  364.62,  342.62,  345.98,  343.81, 1459.64, 1519.32, 1485.77, 1465.49, 1464.30, 1462.67, 1542.07, 1539.10,  7268.2, 167,  GPS,   23.9, 113.60, 110.60, 119.450, 121.500,  0.003,       ,  23.50, -58.2,   11.0,   23.9,  -14.0,      1,   GPS,    ALT,  -0.1,   0.7,  -3.9, 3DDiff, 3704,      ,     14,  21.5,     18
2018-08-27, 17:08:25,  -04:00,    ORW,   41.3759346,  -72.0415192,  7000.2, 30.02,  7371.0,  17.5, 144.56, 157.30,  -16.35,   0.76,  -0.09,   0.01,  -0.00,  16.8,  24.2,  27.7,  28.8,   1.8,  27.64,  28.72,    16.05,  189.60,   52.69,  30.46, 2483.3,    0.74,  330.46,  362.06,  364.60,  342.63,  345.92,  343.81, 1458.75, 1518.61, 1485.25, 1466.44, 1463.62, 1462.42, 1541.70, 1538.28,  7268.3, 167,  GPS,   23.9, 113.60, 110.60, 119.450, 121.500,  0.002,       ,  23.49, -58.2,   11.0,   23.9,  -14.0,      1,   GPS,    ALT,  -0.1,   0.7,   0.0, 3DDiff, 3704,      ,     14,  22.0,     18
2018-08-27, 17:08:26,  -04:00,    ORW,   41.3766556,  -72.0413437,  7000.2, 30.02,  7371.5,  17.5, 144.45, 157.24,  -15.73,   0.76,  -0.07,   0.00,   0.00,  16.8,  24.2,  27.7,  28.8,   1.8,  27.64,  28.73,    16.14,  189.58,   52.60,  30.46, 2485.1,    0.74,  330.48,  362.05,  364.62,  342.62,  345.88,  343.79, 1459.25, 1518.29, 1485.24, 1466.13, 1464.00, 1462.15, 1541.34, 1539.13,  7268.7, 167,  GPS,   23.9, 113.60, 110.60, 119.450, 121.500,  0.002,       ,  23.48, -58.1,   10.9,   23.9,  -14.0,      1,   GPS,    ALT,  -0.1,   0.7,  19.7, 3DDiff, 3704,      ,     14,  22.0,     19
2018-08-27, 17:08:27,  -04:00,    ORW,   41.3773689,  -72.0411835,  7001.2, 30.02,  7371.1,  17.5, 144.43, 157.20,    0.49,   0.76,  -0.05,  -0.01,  -0.01,  16.8,  24.2,  27.7,  28.8,   1.8,  27.63,  28.74,    16.18,  189.59,   52.82,  30.45, 2485.5,    0.75,  330.49,  362.05,  364.61,  342.62,  345.83,  343.78, 1459.28, 1518.16, 1485.51, 1466.94, 1463.88, 1461.49, 1541.52, 1539.00,  7268.4, 167,  GPS,   23.9, 113.60, 110.60, 119.450, 121.500,  0.002,       ,  23.46, -58.1,   10.9,   23.9,  -14.0,      1,   GPS,    ALT,  -0.1,   0.7,  19.7, 3DDiff, 3704,      ,     14,  23.0,     18
2018-08-27, 17:08:28,  -04:00,    ORW,   41.3780861,  -72.0410080,  7001.2, 30.02,  7371.0,  17.5, 144.29, 157.16,   -1.63,   0.78,  -0.07,   0.00,  -0.01,  16.8,  24.2,  27.7,  28.8,   1.8,  27.62,  28.74,    16.10,  189.59,   52.70,  30.42, 2485.5,    0.74,  330.49,  362.05,  364.59,  342.62,  345.79,  343.77, 1459.37, 1518.34, 1485.01, 1467.77, 1464.96, 1460.25, 1541.93, 1538.66,  7268.3, 167,  GPS,   23.9, 113.60, 110.60, 119.450, 121.500,  0.002,       ,  23.44, -58.1,   10.9,   23.9,  -14.0,      1,   GPS,    ALT,  -0.1,   0.8,   7.9, 3DDiff, 3704,      ,     14,  22.0,     18
2018-08-27, 17:08:29,  -04:00,    ORW,   41.3787994,  -72.0408325,  7001.2, 30.02,  7370.9,  17.5, 144.25, 157.16,   -2.48,   0.81,  -0.12,   0.00,   0.00,  16.8,  24.2,  27.7,  28.8,   1.8,  27.61,  28.74,    16.08,  189.59,   52.69,  30.46, 2486.8,    0.74,  330.49,  362.02,  364.57,  342.61,  345.73,  343.75, 1460.61, 1518.41, 1485.72, 1467.45, 1464.87, 1459.00, 1541.46, 1539.79,  7268.2, 167,  GPS,   23.9, 113.60, 110.60, 119.450, 121.500,  0.002,       ,  23.42, -58.1,   10.8,   23.9,  -14.0,      1,   GPS,    ALT,  -0.1,   0.8,   7.9, 3DDiff, 3704,      ,     14,  21.5,     18
2018-08-27, 17:08:30,  -04:00,    ORW,   41.3795166,  -72.0406647,  7001.2, 30.02,  7371.0,  17.5, 144.21, 157.12,   -6.91,   0.82,  -0.13,  -0.00,   0.00,  16.8,  24.2,  27.7,  28.8,   1.8,  27.61,  28.74,    16.15,  189.59,   52.58,  30.45, 2485.3,    0.75,  330.49,  362.05,  364.57,  342.59,  345.67,  343.73, 1459.86, 1518.95, 1486.34, 1468.41, 1463.93, 1457.49, 1541.84, 1539.59,  7268.3, 167,  GPS,   23.9, 113.60, 110.60, 119.450, 121.500,  0.002,       ,  23.40, -58.1,   10.8,   23.9,  -14.0,      1,   GPS,    ALT,  -0.1,   0.8,   7.9, 3DDiff, 3704,      ,     14,  21.5,     18
2018-08-27, 17:08:31,  -04:00,    ORW,   41.3802299,  -72.0404892,  7002.2, 30.02,  7371.1,  17.5, 144.25, 157.08,   23.23,   0.76,  -0.10,  -0.00,  -0.01,  16.8,  24.2,  27.7,  28.8,   1.7,  27.61,  28.74,    16.07,  189.59,   52.38,  30.45, 2483.2,    0.74,  330.49,  362.02,  364.55,  342.59,  345.61,  343.75, 1459.21, 1518.69, 1486.28, 1466.76, 1463.93, 1457.05, 1540.59, 1539.14,  7268.4, 167,  GPS,   23.9, 113.60, 110.60, 119.450, 121.500,  0.002,       ,  23.38, -58.1,   10.7,   23.9,  -14.0,      1,   GPS,    ALT,  -0.1,   0.8,  11.8, 3DDiff, 3704,      ,     14,  22.0,     18
2018-08-27, 17:08:32,  -04:00,    ORW,   41.3809471,  -72.0403214,  7001.2, 30.02,  7370.9,  17.5, 144.15, 157.06,    8.38,   0.73,  -0.10,   0.01,  -0.00,  16.7,  24.2,  27.7,  28.8,   1.8,  27.62,  28.74,    16.12,  189.61,   52.48,  30.42, 2485.9,    0.74,  330.52,  362.03,  364.56,  342.56,  345.56,  343.77, 1459.01, 1519.78, 1486.43, 1466.33, 1462.21, 1456.76, 1540.50, 1538.95,  7268.2, 167,  GPS,   23.9, 113.60, 110.60, 119.450, 121.500,  0.002,       ,  23.35, -58.1,   10.7,   23.9,  -14.0,      1,   GPS,    ALT,  -0.1,   0.7,  -3.9, 3DDiff, 3704,      ,     14,  22.0,     19
2018-08-27, 17:08:33,  -04:00,    ORW,   41.3816605,  -72.0401535,  7001.2, 30.02,  7371.8,  17.5, 144.16, 157.02,   -3.19,   0.71,  -0.15,   0.00,  -0.01,  16.7,  24.2,  27.7,  28.8,   1.7,  27.62,  28.73,    16.07,  189.62,   52.67,  30.45, 2485.6,    0.74,  330.52,  362.02,  364.56,  342.57,  345.50,  343.78, 1460.17, 1519.21, 1485.93, 1465.68, 1462.47, 1455.64, 1539.61, 1539.08,  7269.1, 167,  GPS,   23.9, 113.60, 110.60, 119.450, 121.500,  0.002,       ,  23.33, -58.2,   10.6,   23.9,  -14.0,      1,   GPS,    ALT,  -0.1,   0.7, -15.7, 3DDiff, 3704,      ,     14,  22.5,     18
2018-08-27, 17:08:34,  -04:00,    ORW,   41.3823776,  -72.0399704,  7002.2, 30.02,  7371.6,  17.5, 144.21, 157.02,   17.99,   0.67,  -0.14,  -0.00,  -0.01,  16.7,  24.2,  27.7,  28.8,   1.7,  27.62,  28.72,    16.07,  189.64,   52.41,  30.47, 2485.2,    0.74,  330.52,  362.02,  364.56,  342.56,  345.43,  343.80, 1459.54, 1519.84, 1485.88, 1464.44, 1462.02, 1456.53, 1539.97, 1538.77,  7268.8, 167,  GPS,   23.9, 113.60, 110.60, 119.450, 121.500,  0.001,       ,  23.31, -58.2,   10.6,   23.9,  -14.0,      1,   GPS,    ALT,  -0.1,   0.7, -23.6, 3DDiff, 3704,      ,     14,  22.0,     18
2018-08-27, 17:08:35,  -04:00,    ORW,   41.3830948,  -72.0398102,  7001.2, 30.02,  7371.3,  17.5, 144.14, 157.04,   -7.20,   0.64,  -0.13,   0.00,  -0.01,  16.7,  24.2,  27.7,  28.8,   1.7,  27.63,  28.71,    16.09,  189.67,   52.37,  30.43, 2486.2,    0.74,  330.52,  362.02,  364.53,  342.56,  345.40,  343.78, 1459.55, 1520.60, 1485.33, 1464.70, 1461.60, 1456.18, 1540.42, 1538.09,  7268.6, 167,  GPS,   23.9, 113.60, 110.60, 119.450, 121.500,  0.001,       ,  23.28, -58.2,   10.6,   23.9,  -14.0,      1,   GPS,    ALT,  -0.1,   0.7, -27.6, 3DDiff, 3704,      ,     14,  21.5,     18
2018-08-27, 17:08:36,  -04:00,    ORW,   41.3838081,  -72.0396347,  7001.2, 30.02,  7370.8,  17.5, 144.24, 157.06,  -30.49,   0.66,  -0.12,   0.00,   0.01,  16.7,  24.2,  27.7,  28.8,   1.7,  27.63,  28.69,    16.08,  189.66,   52.57,  30.44, 2484.2,    0.74,  330.50,  362.02,  364.53,  342.56,  345.36,  343.78, 1459.46, 1520.67, 1485.19, 1465.82, 1461.36, 1456.25, 1541.62, 1537.65,  7268.1, 167,  GPS,   23.9, 113.60, 110.60, 119.450, 121.500,  0.001,       ,  23.26, -58.3,   10.5,   23.9,  -14.0,      1,   GPS,    ALT,  -0.1,   0.7, -35.4, 3DDiff, 3704,      ,     14,  21.5,     18
2018-08-27, 17:08:37,  -04:00,    ORW,   41.3845253,  -72.0394669,  7000.2, 30.02,  7370.4,  17.5, 144.15, 157.06,  -35.42,   0.68,  -0.15,  -0.01,   0.00,  16.7,  24.2,  27.7,  28.8,   1.7,  27.65,  28.67,    16.09,  189.67,   52.41,  30.44, 2485.4,    0.74,  330.50,  361.99,  364.53,  342.58,  345.31,  343.80, 1458.81, 1520.13, 1484.90, 1466.03, 1461.46, 1456.05, 1541.36, 1537.15,  7267.7, 167,  GPS,   23.9, 113.60, 110.60, 119.450, 121.500,  0.001,       ,  23.25, -58.3,   10.5,   23.9,  -14.0,      1,   GPS,    ALT,  -0.1,   0.7, -31.5, 3DDiff, 3704,      ,     14,  22.0,     18
2018-08-27, 17:08:38,  -04:00,    ORW,   41.3852386,  -72.0392914,  7000.2, 30.02,  7370.3,  17.5, 144.21, 157.06,  -32.64,   0.75,  -0.15,   0.00,   0.00,  16.7,  24.2,  27.7,  28.8,   1.8,  27.66,  28.66,    16.06,  189.69,   52.77,  30.46, 2485.5,    0.74,  330.52,  361.99,  364.50,  342.56,  345.27,  343.81, 1459.56, 1519.87, 1485.36, 1465.23, 1460.00, 1455.57, 1540.67, 1537.75,  7267.6, 167,  GPS,   23.9, 113.60, 110.60, 119.450, 121.500,  0.001,       ,  23.23, -58.4,   10.4,   23.9,  -14.0,      1,   GPS,    ALT,  -0.1,   0.7, -15.7, 3DDiff, 3704,      ,     14,  22.0,     19
2018-08-27, 17:08:39,  -04:00,    ORW,   41.3859558,  -72.0391159,  7000.2, 30.02,  7368.8,  17.5, 144.23, 157.06,  -17.93,   0.73,  -0.18,   0.00,   0.00,  16.7,  24.2,  27.7,  28.8,   1.8,  27.68,  28.64,    16.05,  189.68,   52.70,  30.44, 2486.0,    0.74,  330.52,  361.99,  364.49,  342.56,  345.21,  343.80, 1459.24, 1518.48, 1484.77, 1465.72, 1460.31, 1456.02, 1540.65, 1537.69,  7266.1, 167,  GPS,   23.9, 113.60, 110.60, 119.450, 121.500,  0.001,       ,  23.22, -58.4,   10.4,   23.9,  -14.0,      1,   GPS,    ALT,  -0.1,   0.7,  -3.9, 3DDiff, 3704,      ,     14,  22.5,     18
2018-08-27, 17:08:40,  -04:00,    ORW,   41.3866730,  -72.0389481,  7000.2, 30.02,  7368.7,  17.5, 144.17, 157.06,  -16.52,   0.74,  -0.14,   0.00,   0.00,  16.7,  24.2,  27.7,  28.8,   1.8,  27.69,  28.63,    16.12,  189.68,   52.71,  30.44, 2485.6,    0.74,  330.52,  361.99,  364.47,  342.56,  345.17,  343.81, 1458.58, 1517.68, 1484.08, 1465.88, 1460.17, 1455.82, 1540.50, 1537.14,  7266.0, 167,  GPS,   23.9, 113.60, 110.60, 119.450, 121.500,  0.001,       ,  23.20, -58.5,   10.3,   23.9,  -14.0,      1,   GPS,    ALT,  -0.1,   0.7,   0.0, 3DDiff, 3704,      ,     14,  22.0,     18
2018-08-27, 17:08:41,  -04:00,    ORW,   41.3873901,  -72.0387802,  7000.2, 30.02,  7368.5,  17.5, 144.27, 157.02,  -17.71,   0.74,  -0.12,  -0.00,   0.00,  16.7,  24.2,  27.7,  28.8,   1.8,  27.70,  28.62,    16.13,  189.68,   52.52,  30.49, 2485.4,    0.74,  330.50,  361.99,  364.49,  342.58,  345.15,  343.82, 1459.03, 1518.80, 1484.16, 1465.53, 1460.42, 1455.71, 1540.55, 1537.34,  7265.8, 167,  GPS,   23.9, 113.60, 110.60, 119.450, 121.500,  0.001,       ,  23.19, -58.5,   10.3,   23.9,  -14.0,      1,   GPS,    ALT,  -0.1,   0.7,  -3.9, 3DDiff, 3704,      ,     14,  21.5,     18
2018-08-27, 17:08:42,  -04:00,    ORW,   41.3881035,  -72.0386047,  6999.2, 30.02,  7368.5,  17.5, 144.19, 157.00,  -27.62,   0.75,  -0.14,   0.00,  -0.00,  16.6,  24.2,  27.7,  28.8,   1.8,  27.71,  28.61,    16.11,  189.70,   52.53,  30.47, 2487.0,    0.74,  330.52,  361.96,  364.47,  342.59,  345.11,  343.86, 1459.08, 1518.41, 1484.33, 1466.49, 1460.36, 1457.76, 1541.52, 1537.65,  7265.7, 167,  GPS,   23.9, 113.60, 110.60, 119.450, 121.500,  0.001,       ,  23.18, -58.6,   10.2,   23.9,  -14.0,      1,   GPS,    ALT,  -0.1,   0.7,   3.9, 3DDiff, 3704,      ,     14,  21.5,     18
2018-08-27, 17:08:43,  -04:00,    ORW,   41.3888206,  -72.0384369,  7000.2, 30.02,  7368.6,  17.5, 144.34, 156.97,   -6.69,   0.76,  -0.16,   0.00,   0.00,  16.6,  24.2,  27.7,  28.8,   1.8,  27.72,  28.60,    16.13,  189.67,   52.55,  30.47, 2485.4,    0.74,  330.52,  361.98,  364.47,  342.59,  345.06,  343.85, 1458.30, 1519.16, 1484.69, 1466.97, 1459.63, 1459.33, 1542.38, 1537.10,  7265.9, 167,  GPS,   23.9, 113.60, 110.60, 119.450, 121.500,  0.000,       ,  23.18, -58.6,   10.2,   23.9,  -14.0,      1,   GPS,    ALT,  -0.1,   0.8,  11.8, 3DDiff, 3704,      ,     14,  22.0,     18
2018-08-27, 17:08:44,  -04:00,    ORW,   41.3895340,  -72.0382690,  7001.2, 30.02,  7368.8,  17.5, 144.46, 156.93,   15.20,   0.74,  -0.19,  -0.00,  -0.00,  16.6,  24.2,  27.7,  28.8,   1.8,  27.72,  28.59,    16.14,  189.68,   52.60,  30.47, 2484.0,    0.74,  330.50,  361.93,  364.45,  342.59,  345.04,  343.89, 1458.67, 1517.84, 1484.94, 1467.44, 1459.99, 1460.19, 1542.14, 1537.68,  7266.1, 167,  GPS,   23.9, 113.60, 110.60, 119.450, 121.500,  0.000,       ,  23.17, -58.7,   10.2,   23.9,  -14.0,      1,   GPS,    ALT,  -0.1,   0.7,  15.7, 3DDiff, 3704,      ,     14,  22.0,     19
2018-08-27, 17:08:45,  -04:00,    ORW,   41.3902512,  -72.0380936,  7001.2, 30.02,  7370.5,  17.5, 144.55, 156.87,   13.68,   0.68,  -0.18,   0.00,  -0.01,  16.6,  24.2,  27.7,  28.8,   1.8,  27.73,  28.57,    16.08,  189.69,   52.65,  30.49, 2485.9,    0.74,  330.49,  361.93,  364.44,  342.59,  345.00,  343.89, 1458.52, 1517.93, 1485.73, 1467.02, 1460.94, 1459.72, 1542.04, 1537.79,  7267.8, 167,  GPS,   23.9, 113.60, 110.60, 119.450, 121.500,  0.000,       ,  23.17, -58.7,   10.1,   23.9,  -14.0,      1,   GPS,    ALT,  -0.1,   0.7,   7.9, 3DDiff, 3704,      ,     14,  22.5,     18
2018-08-27, 17:08:46,  -04:00,    ORW,   41.3909645,  -72.0379257,  7001.2, 30.02,  7371.0,  17.5, 144.48, 156.87,    4.86,   0.69,  -0.14,   0.00,   0.01,  16.6,  24.0,  27.7,  28.8,   1.8,  27.74,  28.56,    16.10,  189.70,   52.55,  30.47, 2486.9,    0.74,  330.49,  361.93,  364.44,  342.59,  344.95,  343.87, 1458.55, 1517.87, 1484.98, 1468.10, 1460.81, 1460.50, 1542.62, 1537.61,  7268.3, 167,  GPS,   23.9, 113.60, 110.60, 119.450, 121.500,  0.000,       ,  23.17, -58.7,   10.1,   23.9,  -14.0,      1,   GPS,    ALT,  -0.1,   0.7,   7.9, 3DDiff, 3704,      ,     14,  21.5,     18
2018-08-27, 17:08:47,  -04:00,    ORW,   41.3916817,  -72.0377579,  7000.2, 30.02,  7371.0,  17.5, 144.40, 156.83,  -14.04,   0.68,  -0.11,  -0.01,   0.00,  16.6,  24.1,  27.7,  28.8,   1.7,  27.74,  28.54,    16.14,  189.70,   52.66,  30.50, 2482.9,    0.74,  330.49,  361.93,  364.45,  342.60,  344.92,  343.87, 1458.45, 1518.60, 1485.06, 1467.89, 1461.69, 1461.75, 1542.90, 1538.03,  7268.3, 167,  GPS,   23.9, 113.60, 110.60, 119.450, 121.500,  0.000,       ,  23.18, -58.8,   10.0,   23.9,  -14.0,      1,   GPS,    ALT,  -0.1,   0.7,   3.9, 3DDiff, 3704,      ,     14,  21.5,     18
2018-08-27, 17:08:48,  -04:00,    ORW,   41.3923950,  -72.0375900,  7001.2, 30.02,  7371.4,  17.5, 144.47, 156.81,   -7.53,   0.69,  -0.12,  -0.01,  -0.00,  16.6,  24.1,  27.7,  28.8,   1.8,  27.75,  28.53,    16.13,  189.70,   52.69,  30.48, 2486.9,    0.74,  330.49,  361.94,  364.46,  342.62,  344.86,  343.87, 1459.25, 1519.39, 1484.73, 1468.05, 1461.60, 1463.34, 1542.79, 1538.45,  7268.7, 167,  GPS,   23.9, 113.60, 110.60, 119.450, 121.500,  0.000,       ,  23.18, -58.8,   10.0,   23.9,  -14.0,      1,   GPS,    ALT,  -0.1,   0.7,  11.8, 3DDiff, 3704,      ,     14,  21.5,     18
2018-08-27, 17:08:49,  -04:00,    ORW,   41.3931122,  -72.0374222,  7001.2, 30.02,  7371.7,  17.5, 144.49, 156.79,    5.70,   0.65,  -0.11,   0.00,  -0.01,  16.5,  24.1,  27.7,  28.8,   1.8,  27.75,  28.53,    16.14,  189.69,   52.78,  30.50, 2486.1,    0.75,  330.49,  361.92,  364.46,  342.62,  344.83,  343.87, 1458.89, 1519.11, 1484.96, 1469.40, 1461.95, 1463.18, 1543.30, 1537.94,  7269.0, 167,  GPS,   23.9, 113.60, 110.60, 119.450, 121.500, -0.000,       ,  23.19, -58.8,    9.9,   23.9,  -14.0,      1,   GPS,    ALT,  -0.1,   0.7,  15.7, 3DDiff, 3704,      ,     14,  22.0,     18
2018-08-27, 17:08:50,  -04:00,    ORW,   41.3938293,  -72.0372467,  7001.2, 30.02,  7372.0,  17.5, 144.38, 156.75,   -4.29,   0.64,  -0.13,   0.00,   0.00,  16.5,  24.1,  27.7,  28.8,   1.8,  27.75,  28.52,    16.17,  189.68,   52.91,  30.48, 2486.2,    0.75,  330.49,  361.93,  364.47,  342.62,  344.78,  343.87, 1459.02, 1518.39, 1485.37, 1469.91, 1462.73, 1463.61, 1543.36, 1538.98,  7269.3, 167,  GPS,   23.9, 113.60, 110.60, 119.450, 121.500, -0.000,       ,  23.20, -58.8,    9.9,   23.9,  -14.0,      1,   GPS,    ALT,  -0.1,   0.6,   7.9, 3DDiff, 3704,      ,     14,  22.0,     19
2018-08-27, 17:08:51,  -04:00,    ORW,   41.3945389,  -72.0370789,  7001.2, 30.02,  7370.6,  17.5, 144.35, 156.75,  -12.26,   0.67,  -0.12,  -0.00,   0.00,  16.4,  24.1,  27.7,  28.8,   1.8,  27.75,  28.52,    16.15,  189.66,   52.60,  30.50, 2484.4,    0.75,  330.49,  361.93,  364.50,  342.62,  344.72,  343.87, 1459.39, 1518.44, 1485.12, 1469.32, 1463.65, 1463.86, 1543.23, 1539.16,  7267.9, 167,  GPS,   23.9, 113.60, 110.60, 119.450, 121.500, -0.000,       ,  23.21, -58.8,    9.9,   23.9,  -14.0,      1,   GPS,    ALT,  -0.1,   0.6,   3.9, 3DDiff, 3704,      ,     14,  22.5,     18
2018-08-27, 17:08:52,  -04:00,    ORW,   41.3952484,  -72.0369034,  7001.2, 30.02,  7370.3,  17.5, 144.45, 156.73,   -3.15,   0.67,  -0.11,   0.00,  -0.01,  16.5,  24.1,  27.7,  28.8,   1.8,  27.75,  28.51,    16.17,  189.69,   52.64,  30.45, 2486.3,    0.75,  330.47,  361.93,  364.52,  342.62,  344.66,  343.87, 1458.98, 1518.64, 1484.48, 1468.47, 1464.01, 1462.94, 1542.73, 1539.05,  7267.6, 167,  GPS,   23.9, 113.60, 110.60, 119.450, 121.500, -0.000,       ,  23.23, -58.8,    9.8,   23.9,  -14.0,      1,   GPS,    ALT,  -0.1,   0.7,   7.9, 3DDiff, 3704,      ,     14,  21.5,     18
2018-08-27, 17:08:53,  -04:00,    ORW,   41.3959656,  -72.0367432,  7002.2, 30.02,  7370.5,  17.5, 144.51, 156.71,   14.75,   0.64,  -0.15,   0.00,  -0.00,  16.4,  24.1,  27.7,  28.8,   1.8,  27.75,  28.50,    16.12,  189.66,   52.72,  30.50, 2485.1,    0.74,  330.49,  361.91,  364.50,  342.62,  344.62,  343.86, 1459.78, 1520.15, 1485.14, 1469.27, 1463.20, 1462.41, 1544.00, 1538.81,  7267.8, 167,  GPS,   23.9, 113.60, 110.60, 119.450, 121.500, -0.000,       ,  23.24, -58.8,    9.8,   23.9,  -14.0,      1,   GPS,    ALT,  -0.1,   0.7,   7.9, 3DDiff, 3704,      ,     14,  21.5,     18
2018-08-27, 17:08:54,  -04:00,    ORW,   41.3966789,  -72.0365753,  7003.2, 30.02,  7370.4,  17.5, 144.56, 156.69,   25.70,   0.59,  -0.14,  -0.00,  -0.00,  16.4,  24.1,  27.7,  28.8,   1.8,  27.76,  28.49,    16.16,  189.68,   52.76,  30.52, 2487.1,    0.75,  330.49,  361.94,  364.53,  342.62,  344.57,  343.84, 1459.87, 1519.10, 1485.81, 1469.55, 1463.45, 1462.38, 1543.41, 1539.11,  7267.7, 167,  GPS,   23.9, 113.60, 110.60, 119.450, 121.500, -0.000,       ,  23.26, -58.8,    9.7,   23.9,  -14.0,      1,   GPS,    ALT,  -0.1,   0.6,   3.9, 3DDiff, 3704,      ,     14,  22.0,     18
2018-08-27, 17:08:55,  -04:00,    ORW,   41.3973961,  -72.0363998,  7002.2, 30.02,  7370.2,  17.5, 144.48, 156.65,    8.18,   0.52,  -0.12,  -0.00,  -0.01,  16.5,  24.1,  27.7,  28.8,   1.7,  27.77,  28.47,    16.19,  189.67,   52.72,  30.52, 2486.1,    0.75,  330.46,  361.93,  364.50,  342.64,  344.51,  343.84, 1460.34, 1518.58, 1485.90, 1469.34, 1464.04, 1462.00, 1542.57, 1539.62,  7267.4, 167,  GPS,   23.9, 113.60, 110.60, 119.450, 121.500, -0.001,       ,  23.28, -58.8,    9.7,   23.9,  -14.0,      1,   GPS,    ALT,  -0.1,   0.6,  -7.9, 3DDiff, 3704,      ,     14,  22.0,     18
2018-08-27, 17:08:56,  -04:00,    ORW,   41.3981094,  -72.0362320,  7002.2, 30.02,  7369.9,  17.5, 144.59, 156.67,    0.96,   0.54,  -0.18,   0.01,  -0.00,  16.5,  24.1,  27.7,  28.8,   1.7,  27.79,  28.45,    16.24,  189.69,   52.55,  30.49, 2487.1,    0.75,  330.46,  361.93,  364.53,  342.62,  344.45,  343.84, 1460.10, 1518.33, 1485.70, 1469.56, 1464.17, 1461.94, 1542.54, 1539.96,  7267.2, 167,  GPS,   23.9, 113.60, 110.60, 119.450, 121.500, -0.001,       ,  23.31, -58.8,    9.6,   23.9,  -14.0,      1,   GPS,    ALT,  -0.1,   0.5, -15.7, 3DDiff, 3704,      ,     14,  22.5,     19
2018-08-27, 17:08:57,  -04:00,    ORW,   41.3988228,  -72.0360641,  7003.2, 30.02,  7371.3,  17.5, 144.68, 156.69,    3.78,   0.51,  -0.15,   0.00,   0.00,  16.5,  24.1,  27.7,  28.8,   1.8,  27.80,  28.43,    16.21,  189.68,   52.44,  30.52, 2485.7,    0.75,  330.47,  361.93,  364.53,  342.62,  344.40,  343.84, 1459.95, 1518.84, 1486.35, 1469.67, 1464.82, 1460.75, 1543.17, 1539.57,  7268.6, 167,  GPS,   23.9, 113.60, 110.60, 119.450, 121.500, -0.001,       ,  23.33, -58.8,    9.6,   23.9,  -14.0,      1,   GPS,    ALT,  -0.1,   0.5,  -7.9, 3DDiff, 3704,      ,     14,  23.0,     18
2018-08-27, 17:08:58,  -04:00,    ORW,   41.3995399,  -72.0358963,  7001.2, 30.02,  7371.7,  17.5, 144.53, 156.71,  -27.84,   0.48,  -0.13,  -0.00,   0.00,  16.5,  24.1,  27.7,  28.8,   1.8,  27.81,  28.41,    16.22,  189.69,   52.70,  30.49, 2486.1,    0.75,  330.44,  361.96,  364.53,  342.62,  344.36,  343.86, 1459.89, 1518.58, 1486.74, 1468.63, 1465.18, 1461.51, 1543.01, 1539.62,  7269.0, 167,  GPS,   23.9, 113.60, 110.60, 119.450, 121.500, -0.001,       ,  23.36, -58.8,    9.5,   23.9,  -14.0,      1,   GPS,    ALT,  -0.1,   0.5,  -7.9, 3DDiff, 3704,      ,     14,  22.0,     18
2018-08-27, 17:08:59,  -04:00,    ORW,   41.4002571,  -72.0357285,  7001.2, 30.02,  7371.6,  17.5, 144.61, 156.73,  -30.70,   0.53,  -0.13,   0.00,  -0.00,  16.5,  24.1,  27.7,  28.8,   1.8,  27.81,  28.40,    16.07,  189.69,   52.54,  30.53, 2483.7,    0.74,  330.46,  361.96,  364.53,  342.62,  344.33,  343.84, 1459.76, 1518.67, 1486.89, 1469.23, 1464.84, 1461.37, 1543.26, 1539.43,  7268.9, 167,  GPS,   23.9, 113.60, 110.60, 119.450, 121.500, -0.001,       ,  23.38, -58.7,    9.5,   23.9,  -14.0,      1,   GPS,    ALT,  -0.1,   0.5, -11.8, 3DDiff, 3704,      ,     14,  22.0,     18
2018-08-27, 17:09:00,  -04:00,    ORW,   41.4009705,  -72.0355606,  7002.2, 30.02,  7371.9,  17.5, 144.66, 156.75,  -10.00,   0.52,  -0.13,   0.00,  -0.00,  16.5,  24.0,  27.7,  28.8,   1.8,  27.81,  28.39,    16.06,  189.70,   52.57,  30.48, 2485.6,    0.74,  330.46,  361.98,  364.54,  342.62,  344.30,  343.87, 1459.16, 1518.46, 1486.59, 1469.15, 1465.15, 1461.62, 1542.54, 1539.18,  7269.2, 167,  GPS,   23.9, 113.60, 110.60, 119.450, 121.500, -0.001,       ,  23.41, -58.7,    9.5,   23.9,  -14.0,      1,   GPS,    ALT,  -0.1,   0.5,   3.9, 3DDiff, 3704,      ,     14,  22.0,     18
2018-08-27, 17:09:01,  -04:00,    ORW,   41.4016838,  -72.0353928,  7002.2, 30.02,  7372.1,  17.5, 144.70, 156.75,  -12.05,   0.51,  -0.12,   0.00,   0.01,  16.5,  24.0,  27.7,  28.8,   1.8,  27.82,  28.38,    16.15,  189.70,   52.65,  30.50, 2485.4,    0.75,  330.46,  361.96,  364.53,  342.62,  344.28,  343.84, 1459.18, 1518.16, 1486.36, 1468.41, 1465.81, 1461.19, 1542.18, 1538.88,  7269.4, 167,  GPS,   23.9, 113.60, 110.60, 119.450, 121.500, -0.001,       ,  23.44, -58.7,    9.4,   23.9,  -14.0,      1,   GPS,    ALT,  -0.1,   0.5,   3.9, 3DDiff, 3704,      ,     14,  22.0,     18
2018-08-27, 17:09:02,  -04:00,    ORW,   41.4024010,  -72.0352249,  7003.2, 30.02,  7372.4,  17.5, 144.87, 156.79,   16.82,   0.45,  -0.10,  -0.00,  -0.01,  16.4,  24.0,  27.7,  28.8,   1.8,  27.82,  28.38,    16.12,  189.71,   52.71,  30.50, 2487.8,    0.74,  330.48,  361.99,  364.56,  342.61,  344.26,  343.87, 1458.99, 1517.63, 1486.46, 1469.44, 1465.66, 1460.91, 1542.22, 1539.13,  7269.7, 167,  GPS,   23.9, 113.60, 110.60, 119.450, 121.500, -0.001,       ,  23.46, -58.7,    9.4,   23.9,  -14.0,      1,   GPS,    ALT,  -0.1,   0.5,   7.9, 3DDiff, 3704,      ,     14,  22.5,     18
2018-08-27, 17:09:03,  -04:00,    ORW,   41.4031181,  -72.0350571,  7002.2, 30.02,  7371.3,  17.5, 144.82, 156.81,    8.01,   0.36,  -0.10,  -0.00,  -0.01,  16.5,  24.0,  27.7,  28.8,   1.8,  27.82,  28.37,    16.15,  189.69,   52.60,  30.48, 2486.8,    0.75,  330.44,  361.99,  364.56,  342.59,  344.24,  343.87, 1458.30, 1517.52, 1485.71, 1469.36, 1465.50, 1461.69, 1542.19, 1538.35,  7268.6, 167,  GPS,   23.9, 113.60, 110.60, 119.450, 121.500, -0.001,       ,  23.48, -58.6,    9.3,   23.9,  -14.0,      1,   GPS,    ALT,  -0.1,   0.4,   0.0, 3DDiff, 3704,      ,     14,  23.0,     18
2018-08-27, 17:09:04,  -04:00,    ORW,   41.4038277,  -72.0348816,  7002.2, 30.02,  7370.6,  17.5, 144.85, 156.85,   -9.11,   0.36,  -0.07,   0.00,   0.01,  16.5,  24.0,  27.7,  28.8,   1.8,  27.82,  28.36,    16.16,  189.70,   52.63,  30.47, 2487.4,    0.75,  330.44,  361.99,  364.56,  342.59,  344.27,  343.89, 1458.39, 1517.28, 1486.19, 1468.85, 1465.44, 1461.32, 1541.84, 1539.40,  7267.9, 167,  GPS,   23.9, 113.60, 110.60, 119.450, 121.500, -0.001,       ,  23.51, -58.6,    9.3,   23.9,  -14.0,      1,   GPS,    ALT,  -0.1,   0.4, -15.7, 3DDiff, 3704,      ,     14,  22.0,     18
2018-08-27, 17:09:05,  -04:00,    ORW,   41.4045410,  -72.0347214,  7002.2, 30.02,  7370.0,  17.5, 144.95, 156.91,  -18.19,   0.35,  -0.09,  -0.00,   0.00,  16.4,  24.0,  27.7,  28.8,   1.8,  27.82,  28.36,    16.08,  189.69,   52.59,  30.48, 2486.2,    0.74,  330.46,  361.98,  364.56,  342.56,  344.29,  343.86, 1460.21, 1516.72, 1486.44, 1468.39, 1464.88, 1460.77, 1542.13, 1539.88,  7267.3, 167,  GPS,   23.9, 113.60, 110.60, 119.450, 121.500, -0.001,       ,  23.53, -58.5,    9.2,   23.9,  -14.0,      1,   GPS,    ALT,  -0.1,   0.4,  -7.9, 3DDiff, 3704,      ,     14,  22.0,     18
2018-08-27, 17:09:06,  -04:00,    ORW,   41.4052582,  -72.0345535,  7001.2, 30.02,  7370.0,  17.5, 144.97, 156.97,  -36.26,   0.36,  -0.08,  -0.00,   0.00,  16.5,  24.0,  27.7,  28.8,   1.8,  27.82,  28.35,    16.10,  189.67,   52.69,  30.49, 2485.5,    0.74,  330.46,  361.99,  364.53,  342.55,  344.35,  343.86, 1459.15, 1516.25, 1485.99, 1469.70, 1465.14, 1462.37, 1542.88, 1538.87,  7267.3, 167,  GPS,   23.9, 113.60, 110.60, 119.450, 121.500, -0.001,       ,  23.55, -58.5,    9.2,   23.9,  -14.0,      1,   GPS,    ALT,  -0.1,   0.3,   3.9, 3DDiff, 3704,      ,     14,  22.0,     18
2018-08-27, 17:09:07,  -04:00,    ORW,   41.4059715,  -72.0343857,  7001.2, 30.02,  7370.1,  17.2, 145.03, 157.02,  -26.19,   0.33,  -0.09,   0.00,   0.01,  16.5,  24.0,  27.7,  28.8,   1.8,  27.80,  28.35,    16.12,  189.67,   52.65,  30.47, 2487.6,    0.74,  330.46,  362.00,  364.49,  342.56,  344.38,  343.84, 1459.15, 1516.59, 1485.34, 1469.94, 1463.65, 1461.24, 1542.96, 1538.92,  7267.4, 168,  GPS,   23.9, 113.60, 110.60, 119.450, 121.500, -0.001,       ,  23.57, -58.4,    9.2,   23.9,  -14.0,      1,   GPS,    ALT,  -0.1,   0.3,  11.8, 3DDiff, 3704,      ,     14,  22.0,     18
2018-08-27, 17:09:08,  -04:00,    ORW,   41.4066887,  -72.0342178,  7002.2, 30.02,  7370.5,  17.2, 145.14, 157.08,    8.80,   0.26,  -0.08,   0.00,  -0.01,  16.5,  24.0,  27.7,  28.8,   1.8,  27.80,  28.35,    16.10,  189.66,   52.66,  30.46, 2487.6,    0.74,  330.46,  361.99,  364.47,  342.54,  344.45,  343.85, 1458.12, 1516.89, 1485.56, 1470.42, 1463.56, 1460.85, 1542.87, 1538.43,  7267.8, 168,  GPS,   23.9, 113.60, 110.60, 119.450, 121.500, -0.001,       ,  23.59, -58.4,    9.1,   23.9,  -14.0,      1,   GPS,    ALT,  -0.1,   0.3,  23.6, 3DDiff, 3704,      ,     14,  22.5,     18
2018-08-27, 17:09:09,  -04:00,    ORW,   41.4074097,  -72.0340500,  7002.2, 30.02,  7371.9,  17.2, 145.23, 157.16,   18.45,   0.18,  -0.10,  -0.00,  -0.01,  16.5,  24.0,  27.7,  28.8,   1.8,  27.79,  28.35,    16.07,  189.67,   52.70,  30.48, 2487.0,    0.74,  330.46,  362.03,  364.41,  342.55,  344.57,  343.87, 1457.15, 1516.96, 1485.18, 1470.11, 1463.30, 1458.89, 1542.13, 1537.27,  7269.2, 168,  GPS,   23.9, 113.60, 110.60, 119.450, 121.500, -0.001,       ,  23.60, -58.3,    9.1,   23.9,  -14.0,      1,   GPS,    ALT,  -0.1,   0.2,  15.7, 3DDiff, 3704,      ,     14,  23.0,     18
2018-08-27, 17:09:10,  -04:00,    ORW,   41.4081230,  -72.0338821,  7002.2, 30.02,  7372.4,  17.2, 145.27, 157.24,   -3.14,   0.15,  -0.11,   0.00,  -0.00,  16.5,  24.0,  27.7,  28.8,   1.8,  27.77,  28.36,    16.07,  189.66,   52.53,  30.48, 2486.0,    0.74,  330.47,  362.05,  364.35,  342.53,  344.72,  343.89, 1457.33, 1517.10, 1485.07, 1470.18, 1463.93, 1458.53, 1541.78, 1537.89,  7269.6, 168,  GPS,   23.9, 113.60, 110.60, 119.450, 121.500, -0.001,       ,  23.61, -58.3,    9.0,   23.9,  -14.0,      1,   GPS,    ALT,  -0.1,   0.2,   0.0, 3DDiff, 3704,      ,     14,  22.0,     20
2018-08-27, 17:09:11,  -04:00,    ORW,   41.4088440,  -72.0337143,  7001.2, 30.02,  7372.8,  17.2, 145.23, 157.33,  -19.96,   0.14,  -0.08,   0.00,   0.01,  16.5,  24.0,  27.7,  28.8,   1.8,  27.75,  28.36,    16.14,  189.67,   52.68,  30.46, 2486.1,    0.75,  330.47,  362.05,  364.27,  342.50,  344.87,  343.91, 1457.86, 1516.57, 1484.59, 1469.90, 1463.77, 1459.54, 1541.98, 1537.75,  7270.1, 168,  GPS,   23.9, 113.60, 110.60, 119.450, 121.500, -0.001,       ,  23.63, -58.2,    9.0,   23.9,  -14.0,      1,   GPS,    ALT,  -0.1,   0.2,   0.0, 3DDiff, 3704,      ,     14,  21.5,     20
2018-08-27, 17:09:12,  -04:00,    ORW,   41.4095650,  -72.0335464,  7002.2, 30.02,  7373.1,  17.2, 145.39, 157.41,   -6.75,   0.15,  -0.09,   0.00,  -0.00,  16.5,  24.0,  27.7,  28.8,   1.8,  27.74,  28.37,    16.14,  189.64,   52.49,  30.46, 2485.4,    0.75,  330.46,  362.05,  364.20,  342.52,  345.02,  343.92, 1458.12, 1516.61, 1484.68, 1468.95, 1463.37, 1459.74, 1541.53, 1537.99,  7270.4, 168,  GPS,   23.9, 113.60, 110.60, 119.450, 121.500, -0.001,       ,  23.64, -58.1,    8.9,   23.9,  -14.0,      1,   GPS,    ALT,  -0.1,   0.1,   3.9, 3DDiff, 3704,      ,     14,  21.5,     20
2018-08-27, 17:09:13,  -04:00,    ORW,   41.4102821,  -72.0333786,  7002.2, 30.02,  7373.3,  17.2, 145.41, 157.49,  -10.04,   0.13,  -0.07,  -0.00,  -0.01,  16.5,  24.0,  27.7,  28.8,   1.8,  27.73,  28.37,    16.10,  189.62,   52.64,  30.52, 2484.7,    0.74,  330.46,  362.03,  364.13,  342.48,  345.18,  343.93, 1458.91, 1516.88, 1484.69, 1468.72, 1462.47, 1460.57, 1541.88, 1537.42,  7270.5, 168,  GPS,   23.9, 113.60, 110.60, 119.450, 121.500, -0.001,       ,  23.65, -58.1,    8.9,   23.9,  -14.0,      1,   GPS,    ALT,  -0.1,   0.1,   3.9, 3DDiff, 3704,      ,     14,  22.0,     20
2018-08-27, 17:09:14,  -04:00,    ORW,   41.4109993,  -72.0332108,  7003.2, 30.02,  7373.4,  17.2, 145.55, 157.57,    5.19,   0.14,  -0.09,   0.00,  -0.00,  16.4,  24.0,  27.7,  28.8,   1.8,  27.71,  28.38,    16.19,  189.58,   52.60,  30.49, 2486.4,    0.75,  330.46,  362.05,  364.04,  342.48,  345.33,  343.96, 1459.23, 1518.68, 1484.89, 1468.35, 1462.08, 1461.29, 1542.62, 1537.62,  7270.7, 168,  GPS,   23.9, 113.60, 110.60, 119.450, 121.500, -0.001,       ,  23.66, -58.0,    8.9,   23.9,  -14.0,      1,   GPS,    ALT,  -0.1,   0.1,   3.9, 3DDiff, 3704,      ,     14,  22.0,     20
2018-08-27, 17:09:15,  -04:00,    ORW,   41.4117165,  -72.0330505,  7002.2, 30.02,  7372.0,  17.2, 145.54, 157.65,    2.26,   0.09,  -0.13,   0.00,  -0.01,  16.4,  23.9,  27.7,  28.8,   1.8,  27.70,  28.39,    16.19,  189.58,   52.70,  30.49, 2486.5,    0.75,  330.47,  362.05,  363.93,  342.50,  345.48,  343.96, 1459.37, 1518.27, 1485.20, 1469.12, 1461.28, 1461.79, 1542.33, 1537.62,  7269.3, 168,  GPS,   23.9, 113.60, 110.60, 119.450, 121.500, -0.001,       ,  23.66, -58.0,    8.8,   23.9,  -14.0,      1,   GPS,    ALT,  -0.1,   0.1,   0.0, 3DDiff, 3704,      ,     14,  22.5,     20
2018-08-27, 17:09:16,  -04:00,    ORW,   41.4124374,  -72.0328751,  7003.2, 30.02,  7371.5,  17.2, 145.64, 157.74,    5.99,   0.09,  -0.12,  -0.00,  -0.01,  16.4,  23.9,  27.7,  28.8,   1.8,  27.70,  28.38,    16.13,  189.56,   52.65,  30.45, 2487.1,    0.74,  330.49,  362.05,  363.83,  342.50,  345.60,  343.98, 1458.82, 1517.74, 1485.63, 1468.75, 1460.91, 1461.92, 1541.73, 1537.71,  7268.7, 168,  GPS,   23.9, 113.60, 110.60, 119.450, 121.500, -0.001,       ,  23.67, -57.9,    8.8,   23.9,  -14.0,      1,   GPS,    ALT,  -0.1,   0.1, -15.7, 3DDiff, 3704,      ,     14,  22.0,     20
2018-08-27, 17:09:17,  -04:00,    ORW,   41.4131584,  -72.0327148,  7002.2, 30.02,  7370.4,  17.2, 145.65, 157.84,  -13.35,   0.11,  -0.09,   0.00,  -0.01,  16.4,  23.9,  27.7,  28.8,   1.8,  27.69,  28.38,    16.11,  189.59,   52.80,  30.47, 2487.3,    0.74,  330.47,  362.05,  363.71,  342.50,  345.69,  343.96, 1459.39, 1517.45, 1485.99, 1468.51, 1461.74, 1461.01, 1541.31, 1537.67,  7267.7, 168,  GPS,   23.9, 113.60, 110.60, 119.450, 121.500, -0.001,       ,  23.68, -57.9,    8.7,   23.9,  -14.0,      1,   GPS,    ALT,  -0.0,   0.1, -19.7, 3DDiff, 3704,      ,     14,  21.5,     20
2018-08-27, 17:09:18,  -04:00,    ORW,   41.4138794,  -72.0325394,  7001.2, 30.02,  7369.8,  17.2, 145.78, 157.92,  -38.52,   0.16,  -0.07,   0.00,   0.01,  16.4,  23.9,  27.7,  28.8,   1.8,  27.69,  28.37,    16.15,  189.57,   52.90,  30.50, 2486.4,    0.75,  330.47,  362.07,  363.59,  342.47,  345.81,  343.96, 1459.65, 1517.84, 1486.50, 1468.28, 1461.76, 1461.41, 1541.86, 1538.48,  7267.1, 168,  GPS,   23.9, 113.60, 110.60, 119.450, 121.500, -0.001,       ,  23.69, -57.8,    8.7,   23.9,  -14.0,      1,   GPS,    ALT,  -0.0,   0.1, -23.6, 3DDiff, 3704,      ,     14,  21.5,     20
2018-08-27, 17:09:19,  -04:00,    ORW,   41.4145966,  -72.0323792,  7001.2, 30.02,  7369.6,  17.2, 145.90, 158.00,  -39.46,   0.22,  -0.04,   0.00,   0.00,  16.4,  23.9,  27.7,  28.8,   1.8,  27.70,  28.36,    16.11,  189.56,   52.93,  30.48, 2488.5,    0.74,  330.49,  362.06,  363.43,  342.47,  345.91,  343.97, 1460.82, 1517.25, 1486.12, 1467.99, 1462.36, 1461.68, 1541.44, 1539.02,  7266.9, 168,  GPS,   23.9, 113.60, 110.60, 119.450, 121.500, -0.001,       ,  23.69, -57.8,    8.6,   23.9,  -14.0,      1,   GPS,    ALT,  -0.0,   0.2,  -7.9, 3DDiff, 3704,      ,     14,  22.0,     20
2018-08-27, 17:09:20,  -04:00,    ORW,   41.4153175,  -72.0322113,  7001.2, 30.02,  7369.6,  17.2, 145.88, 158.03,  -30.87,   0.21,  -0.07,  -0.00,  -0.00,  16.4,  23.9,  27.7,  28.8,   1.8,  27.70,  28.34,    16.18,  189.55,   52.88,  30.49, 2486.8,    0.75,  330.47,  362.05,  363.32,  342.47,  346.00,  343.99, 1460.07, 1517.93, 1486.21, 1467.47, 1463.23, 1462.27, 1541.34, 1539.09,  7266.9, 168,  GPS,   23.9, 113.60, 110.60, 119.450, 121.500, -0.001,       ,  23.70, -57.8,    8.6,   23.9,  -14.0,      1,   GPS,    ALT,  -0.0,   0.2,   3.9, 3DDiff, 3704,      ,     14,  22.0,     20
2018-08-27, 17:09:21,  -04:00,    ORW,   41.4160385,  -72.0320435,  7001.2, 30.02,  7370.7,  17.2, 145.93, 158.07,  -17.53,   0.25,  -0.09,   0.00,  -0.00,  16.4,  23.9,  27.7,  28.8,   1.8,  27.70,  28.33,    16.20,  189.56,   52.79,  30.50, 2487.6,    0.75,  330.50,  362.05,  363.17,  342.48,  346.07,  343.99, 1461.14, 1518.07, 1486.12, 1466.77, 1463.13, 1461.39, 1541.34, 1539.01,  7268.3, 169,  GPS,   23.9, 113.60, 110.60, 119.450, 121.500, -0.001,       ,  23.71, -57.7,    8.5,   23.9,  -14.0,      1,   GPS,    ALT,  -0.0,   0.2,   0.0, 3DDiff, 3704,      ,     14,  22.5,     20
2018-08-27, 17:09:22,  -04:00,    ORW,   41.4167633,  -72.0318756,  7000.2, 30.02,  7371.3,  17.2, 145.98, 158.11,  -23.66,   0.26,  -0.04,   0.00,   0.01,  16.4,  23.9,  27.7,  28.8,   1.8,  27.71,  28.32,    16.10,  189.56,   52.61,  30.47, 2487.4,    0.74,  330.47,  362.07,  363.03,  342.45,  346.13,  344.01, 1459.58, 1518.35, 1486.26, 1465.97, 1462.75, 1461.19, 1540.91, 1538.66,  7268.9, 169,  GPS,   23.9, 113.60, 110.60, 119.450, 121.500, -0.001,       ,  23.72, -57.7,    8.5,   23.9,  -14.0,      1,   GPS,    ALT,  -0.0,   0.2,   3.9, 3DDiff, 3704,      ,     14,  22.0,     20
2018-08-27, 17:09:23,  -04:00,    ORW,   41.4174843,  -72.0317001,  7002.2, 30.02,  7371.9,  17.2, 146.14, 158.11,    6.61,   0.25,  -0.05,  -0.01,  -0.00,  16.4,  23.9,  27.7,  28.8,   1.8,  27.71,  28.30,    16.09,  189.55,   52.65,  30.46, 2485.6,    0.74,  330.49,  362.05,  362.88,  342.45,  346.18,  343.99, 1459.89, 1517.92, 1485.44, 1465.50, 1462.71, 1461.76, 1540.67, 1539.05,  7269.5, 169,  GPS,   23.9, 113.60, 110.60, 119.450, 121.500, -0.001,       ,  23.72, -57.7,    8.5,   23.9,  -14.0,      1,   GPS,    ALT,  -0.0,   0.2,   3.9, 3DDiff, 3704,      ,     14,  21.5,     20
2018-08-27, 17:09:24,  -04:00,    ORW,   41.4182053,  -72.0315399,  7002.2, 30.02,  7372.2,  17.2, 146.08, 158.13,   10.66,   0.21,  -0.02,  -0.00,  -0.01,  16.4,  23.9,  27.7,  28.8,   1.8,  27.72,  28.29,    16.18,  189.56,   52.76,  30.45, 2486.9,    0.75,  330.49,  362.06,  362.74,  342.44,  346.22,  344.00, 1458.72, 1518.43, 1485.22, 1465.80, 1462.86, 1460.44, 1540.88, 1538.24,  7269.8, 169,  GPS,   23.9, 113.60, 110.60, 119.450, 121.500, -0.001,       ,  23.73, -57.7,    8.4,   23.9,  -14.0,      1,   GPS,    ALT,  -0.0,   0.2,   3.9, 3DDiff, 3704,      ,     14,  21.5,     20
2018-08-27, 17:09:25,  -04:00,    ORW,   41.4189262,  -72.0313721,  7001.2, 30.02,  7372.2,  17.2, 146.01, 158.23,   -6.92,   0.22,   0.00,   0.00,   0.01,  16.5,  23.9,  27.7,  28.8,   1.8,  27.71,  28.28,    16.21,  189.56,   52.85,  30.47, 2487.8,    0.75,  330.52,  362.05,  362.63,  342.44,  346.25,  343.99, 1458.95, 1518.56, 1485.49, 1466.43, 1463.81, 1460.78, 1541.04, 1538.31,  7269.7, 169,  GPS,   23.9, 113.60, 110.60, 119.450, 121.500, -0.001,       ,  23.73, -57.7,    8.4,   23.9,  -14.0,      1,   GPS,    ALT,  -0.0,   0.2, -11.8, 3DDiff, 3704,      ,     14,  22.0,     20
2018-08-27, 17:09:26,  -04:00,    ORW,   41.4196510,  -72.0312119,  7001.2, 30.02,  7372.2,  17.2, 146.04, 158.21,  -10.26,   0.26,  -0.02,   0.01,   0.00,  16.5,  23.9,  27.7,  28.8,   1.8,  27.70,  28.28,    16.18,  189.54,   52.66,  30.51, 2485.6,    0.75,  330.49,  362.05,  362.45,  342.44,  346.25,  343.99, 1458.54, 1518.49, 1486.33, 1466.94, 1463.67, 1460.87, 1541.72, 1538.55,  7269.7, 169,  GPS,   23.9, 113.60, 110.60, 119.450, 121.500, -0.001,       ,  23.74, -57.6,    8.3,   23.9,  -14.0,      1,   GPS,    ALT,  -0.0,   0.2, -11.8, 3DDiff, 3704,      ,     14,  22.0,     20
2018-08-27, 17:09:27,  -04:00,    ORW,   41.4203720,  -72.0310364,  7002.2, 30.02,  7370.7,  17.2, 146.12, 158.25,   -6.51,   0.30,  -0.03,  -0.00,  -0.00,  16.5,  23.9,  27.7,  28.8,   1.8,  27.69,  28.28,    16.22,  189.54,   52.54,  30.49, 2487.2,    0.75,  330.52,  362.05,  362.33,  342.44,  346.28,  343.97, 1457.77, 1518.02, 1485.83, 1467.23, 1464.07, 1461.64, 1541.94, 1537.82,  7268.3, 169,  GPS,   23.9, 113.60, 110.60, 119.450, 121.500, -0.001,       ,  23.74, -57.6,    8.3,   23.9,  -14.0,      1,   GPS,    ALT,  -0.0,   0.3,  -7.9, 3DDiff, 3704,      ,     14,  22.5,     20
2018-08-27, 17:09:28,  -04:00,    ORW,   41.4210930,  -72.0308685,  7001.2, 30.02,  7370.3,  17.2, 146.15, 158.23,   -8.42,   0.33,  -0.04,   0.01,  -0.01,  16.5,  23.9,  27.7,  28.8,   1.8,  27.68,  28.29,    16.22,  189.52,   52.44,  30.49, 2486.3,    0.75,  330.52,  362.03,  362.21,  342.42,  346.27,  343.96, 1458.54, 1518.14, 1486.12, 1467.91, 1464.49, 1461.60, 1542.04, 1538.58,  7267.8, 169,  GPS,   23.9, 113.60, 110.60, 119.450, 121.500, -0.001,       ,  23.74, -57.6,    8.2,   23.9,  -14.0,      1,   GPS,    ALT,  -0.0,   0.3, -11.8, 3DDiff, 3704,      ,     14,  22.0,     20
2018-08-27, 17:09:29,  -04:00,    ORW,   41.4218140,  -72.0307083,  7001.2, 30.02,  7369.3,  17.2, 146.20, 158.25,  -10.18,   0.35,  -0.04,   0.00,   0.00,  16.5,  23.9,  27.7,  28.8,   1.8,  27.67,  28.29,    16.25,  189.53,   52.37,  30.49, 2485.0,    0.75,  330.53,  362.02,  362.06,  342.41,  346.28,  343.99, 1459.14, 1518.00, 1486.23, 1467.94, 1464.53, 1462.30, 1541.87, 1538.56,  7266.9, 169,  GPS,   23.9, 113.60, 110.60, 119.450, 121.500, -0.001,       ,  23.74, -57.6,    8.2,   23.9,  -14.0,      1,   GPS,    ALT,  -0.0,   0.3, -15.7, 3DDiff, 3704,      ,     14,  21.5,     20
2018-08-27, 17:09:30,  -04:00,    ORW,   41.4225349,  -72.0305328,  7001.2, 30.02,  7368.9,  17.2, 146.21, 158.25,  -13.54,   0.34,  -0.07,  -0.00,  -0.00,  16.5,  23.9,  27.7,  28.8,   1.8,  27.67,  28.29,    16.17,  189.51,   52.43,  30.52, 2485.4,    0.75,  330.52,  362.02,  361.94,  342.38,  346.23,  343.96, 1458.44, 1518.15, 1486.10, 1468.96, 1464.12, 1462.28, 1542.43, 1538.48,  7266.5, 169,  GPS,   23.9, 113.60, 110.60, 119.450, 121.500, -0.001,       ,  23.74, -57.6,    8.1,   23.9,  -14.0,      1,   GPS,    ALT,  -0.0,   0.3, -15.7, 3DDiff, 3704,      ,     14,  21.5,     20
2018-08-27, 17:09:31,  -04:00,    ORW,   41.4232559,  -72.0303726,  7001.2, 30.02,  7368.6,  17.2, 146.31, 158.25,   -6.33,   0.33,  -0.03,  -0.00,  -0.01,  16.5,  23.9,  27.7,  28.8,   1.8,  27.66,  28.28,    16.14,  189.48,   52.46,  30.53, 2486.3,    0.75,  330.52,  362.02,  361.82,  342.41,  346.22,  343.99, 1458.94, 1519.49, 1486.14, 1468.99, 1463.14, 1461.68, 1542.36, 1538.72,  7266.1, 169,  GPS,   23.9, 113.60, 110.60, 119.450, 121.500, -0.001,       ,  23.73, -57.6,    8.1,   23.9,  -14.0,      1,   GPS,    ALT,  -0.0,   0.3, -15.7, 3DDiff, 3704,      ,     14,  22.0,     20
2018-08-27, 17:09:32,  -04:00,    ORW,   41.4239731,  -72.0301971,  7000.2, 30.02,  7368.3,  17.2, 146.34, 158.25,  -25.91,   0.36,  -0.01,   0.00,   0.01,  16.5,  23.9,  27.7,  28.8,   1.8,  27.66,  28.28,    16.13,  189.46,   52.51,  30.49, 2487.8,    0.74,  330.53,  362.02,  361.69,  342.38,  346.19,  343.99, 1458.16, 1520.89, 1485.90, 1468.66, 1462.70, 1460.48, 1542.73, 1538.53,  7265.9, 169,  GPS,   23.9, 113.60, 110.60, 119.450, 121.500, -0.001,       ,  23.73, -57.5,    8.1,   23.9,  -14.0,      1,   GPS,    ALT,  -0.0,   0.4, -15.7, 3DDiff, 3704,      ,     14,  22.0,     20
2018-08-27, 17:09:33,  -04:00,    ORW,   41.4247017,  -72.0300369,  7001.2, 30.02,  7370.0,  17.2, 146.37, 158.25,  -17.34,   0.41,  -0.02,   0.00,   0.01,  16.5,  23.9,  27.7,  28.8,   1.8,  27.66,  28.28,    16.12,  189.46,   52.36,  30.51, 2485.6,    0.74,  330.53,  361.98,  361.57,  342.37,  346.16,  343.99, 1458.20, 1519.53, 1486.20, 1469.28, 1463.11, 1460.16, 1542.34, 1538.82,  7267.6, 169,  GPS,   23.9, 113.60, 110.60, 119.450, 121.500, -0.001,       ,  23.72, -57.5,    8.0,   23.9,  -14.0,      1,   GPS,    ALT,  -0.0,   0.4,  -3.9, 3DDiff, 3704,      ,     14,  22.5,     20
2018-08-27, 17:09:34,  -04:00,    ORW,   41.4254265,  -72.0298615,  7000.2, 30.02,  7370.5,  17.2, 146.27, 158.25,  -12.07,   0.37,   0.00,  -0.00,  -0.01,  16.5,  23.9,  27.7,  28.8,   1.8,  27.65,  28.28,    16.15,  189.43,   52.39,  30.53, 2489.4,    0.75,  330.53,  361.97,  361.44,  342.34,  346.13,  344.01, 1458.78, 1519.31, 1485.92, 1469.92, 1463.44, 1460.63, 1543.04, 1539.41,  7268.0, 169,  GPS,   23.9, 113.60, 110.60, 119.450, 121.500, -0.001,       ,  23.72, -57.5,    8.0,   23.9,  -14.0,      1,   GPS,    ALT,  -0.0,   0.4,   0.0, 3DDiff, 3704,      ,     14,  22.0,     20
2018-08-27, 17:09:35,  -04:00,    ORW,   41.4261475,  -72.0296936,  7000.2, 30.02,  7370.5,  17.2, 146.31, 158.23,   -9.92,   0.37,  -0.04,   0.00,  -0.01,  16.5,  24.1,  27.7,  28.8,   1.8,  27.64,  28.28,    16.17,  189.43,   52.49,  30.50, 2487.1,    0.75,  330.53,  361.96,  361.33,  342.34,  346.10,  343.99, 1458.49, 1518.79, 1484.40, 1468.65, 1463.31, 1460.72, 1542.49, 1538.01,  7268.1, 169,  GPS,   23.9, 113.60, 110.60, 119.450, 121.500, -0.001,       ,  23.71, -57.5,    7.9,   23.9,  -14.0,      1,   GPS,    ALT,  -0.0,   0.4,  -3.9, 3DDiff, 3704,      ,     14,  21.5,     20
2018-08-27, 17:09:36,  -04:00,    ORW,   41.4268684,  -72.0295334,  6999.2, 30.02,  7370.6,  17.2, 146.18, 158.23,  -33.25,   0.41,  -0.05,   0.00,   0.01,  16.5,  24.0,  27.7,  28.8,   1.8,  27.63,  28.28,    16.14,  189.41,   52.66,  30.50, 2486.0,    0.74,  330.53,  361.96,  361.23,  342.31,  346.07,  343.99, 1458.85, 1519.33, 1484.35, 1468.71, 1463.99, 1462.21, 1543.27, 1538.34,  7268.2, 169,  GPS,   23.9, 113.60, 110.60, 119.450, 121.500, -0.001,       ,  23.71, -57.4,    7.9,   23.9,  -14.0,      1,   GPS,    ALT,  -0.0,   0.4,  -7.9, 3DDiff, 3704,      ,     14,  21.5,     20
2018-08-27, 17:09:37,  -04:00,    ORW,   41.4275856,  -72.0293579,  7000.2, 30.02,  7370.9,  17.2, 146.19, 158.21,   -9.05,   0.44,  -0.08,  -0.00,  -0.00,  16.5,  24.0,  27.7,  28.8,   1.8,  27.63,  28.27,    16.16,  189.42,   52.69,  30.56, 2486.9,    0.75,  330.52,  361.93,  361.11,  342.28,  346.01,  343.99, 1458.98, 1519.40, 1485.35, 1467.91, 1464.44, 1462.81, 1543.21, 1538.55,  7268.5, 169,  GPS,   23.9, 113.60, 110.60, 119.450, 121.500, -0.001,       ,  23.70, -57.4,    7.8,   23.9,  -14.0,      1,   GPS,    ALT,  -0.0,   0.4,   3.9, 3DDiff, 3704,      ,     14,  22.0,     20
2018-08-27, 17:09:38,  -04:00,    ORW,   41.4283066,  -72.0291901,  7001.2, 30.02,  7371.2,  17.2, 146.24, 158.21,   17.60,   0.38,  -0.09,  -0.00,  -0.02,  16.5,  24.0,  27.7,  28.8,   1.8,  27.63,  28.26,    16.11,  189.42,   52.53,  30.52, 2487.4,    0.74,  330.53,  361.93,  361.01,  342.25,  345.98,  343.99, 1459.36, 1519.44, 1484.75, 1466.56, 1464.06, 1461.34, 1542.31, 1538.65,  7268.8, 169,  GPS,   23.9, 113.60, 110.60, 119.450, 121.500, -0.001,       ,  23.70, -57.4,    7.8,   23.9,  -14.0,      1,   GPS,    ALT,  -0.1,   0.4,  11.8, 3DDiff, 3704,      ,     14,  22.0,     20
2018-08-27, 17:09:39,  -04:00,    ORW,   41.4290276,  -72.0290146,  7000.2, 30.02,  7369.2,  17.2, 146.11, 158.21,   -7.33,   0.38,  -0.09,   0.00,  -0.01,  16.4,  24.0,  27.7,  28.8,   1.8,  27.64,  28.26,    16.18,  189.41,   52.73,  30.53, 2486.2,    0.75,  330.53,  361.93,  360.93,  342.25,  345.92,  343.99, 1460.02, 1518.83, 1485.27, 1466.95, 1464.60, 1461.80, 1542.20, 1538.95,  7266.8, 169,  GPS,   23.9, 113.60, 110.60, 119.450, 121.500, -0.001,       ,  23.70, -57.4,    7.8,   23.9,  -14.0,      1,   GPS,    ALT,  -0.1,   0.4,   0.0, 3DDiff, 3704,      ,     14,  22.5,     20
2018-08-27, 17:09:40,  -04:00,    ORW,   41.4297485,  -72.0288544,  7001.2, 30.02,  7368.7,  17.2, 146.10, 158.21,  -12.03,   0.44,  -0.13,  -0.00,   0.01,  16.4,  24.0,  27.7,  28.8,   1.8,  27.64,  28.25,    16.18,  189.41,   52.63,  30.49, 2485.5,    0.75,  330.53,  361.90,  360.83,  342.22,  345.88,  344.02, 1459.72, 1518.73, 1485.65, 1466.76, 1464.00, 1461.70, 1541.57, 1538.50,  7266.3, 169,  GPS,   23.9, 113.60, 110.60, 119.450, 121.500, -0.001,       ,  23.70, -57.4,    7.7,   23.9,  -14.0,      1,   GPS,    ALT,  -0.1,   0.4,  -7.9, 3DDiff, 3704,      ,     14,  21.5,     20
2018-08-27, 17:09:41,  -04:00,    ORW,   41.4304733,  -72.0286865,  7000.2, 30.02,  7368.6,  17.2, 146.04, 158.21,   -6.41,   0.43,  -0.09,  -0.00,  -0.00,  16.4,  23.8,  27.7,  28.8,   1.8,  27.64,  28.24,    16.17,  189.39,   52.71,  30.50, 2486.7,    0.75,  330.52,  361.90,  360.74,  342.22,  345.83,  344.02, 1458.74, 1518.33, 1485.47, 1467.56, 1463.26, 1462.14, 1541.52, 1537.68,  7266.1, 169,  GPS,   23.9, 113.60, 110.60, 119.450, 121.500, -0.001,       ,  23.70, -57.3,    7.7,   23.9,  -14.0,      1,   GPS,    ALT,  -0.1,   0.4,   0.0, 3DDiff, 3704,      ,     14,  21.5,     20
2018-08-27, 17:09:42,  -04:00,    ORW,   41.4311943,  -72.0285187,  7000.2, 30.02,  7368.5,  17.2, 146.03, 158.19,   -7.53,   0.44,  -0.07,   0.00,  -0.01,  16.4,  23.9,  27.7,  28.8,   1.8,  27.65,  28.22,    16.13,  189.39,   52.54,  30.49, 2485.4,    0.74,  330.55,  361.90,  360.64,  342.20,  345.77,  343.99, 1459.02, 1518.54, 1485.90, 1467.51, 1463.73, 1461.24, 1541.68, 1538.27,  7266.1, 169,  GPS,   23.9, 113.60, 110.60, 119.450, 121.500, -0.001,       ,  23.71, -57.3,    7.6,   23.9,  -14.0,      1,   GPS,    ALT,  -0.1,   0.4,   0.0, 3DDiff, 3704,      ,     14,  22.0,     20
2018-08-27, 17:09:43,  -04:00,    ORW,   41.4319153,  -72.0283508,  7000.2, 30.02,  7368.4,  17.2, 145.94, 158.19,  -16.04,   0.46,  -0.03,   0.00,   0.00,  16.4,  23.9,  27.7,  28.8,   1.8,  27.65,  28.22,    16.10,  189.37,   52.44,  30.46, 2486.1,    0.74,  330.50,  361.90,  360.55,  342.17,  345.70,  343.99, 1457.63, 1518.06, 1484.76, 1467.15, 1462.57, 1461.27, 1541.96, 1537.43,  7266.0, 169,  GPS,   23.9, 113.60, 110.60, 119.450, 121.500, -0.001,       ,  23.71, -57.3,    7.6,   23.9,  -14.0,      1,   GPS,    ALT,  -0.0,   0.4,   3.9, 3DDiff, 3704,      ,     14,  22.0,     20
2018-08-27, 17:09:44,  -04:00,    ORW,   41.4326363,  -72.0281754,  7001.2, 30.02,  7368.5,  17.2, 145.96, 158.15,    0.77,   0.48,  -0.05,  -0.00,  -0.00,  16.4,  23.9,  27.7,  28.8,   1.8,  27.65,  28.21,    16.20,  189.38,   52.46,  30.50, 2486.2,    0.75,  330.52,  361.88,  360.45,  342.18,  345.66,  343.97, 1457.71, 1517.78, 1485.32, 1467.87, 1462.87, 1461.81, 1542.24, 1538.33,  7266.0, 169,  GPS,   23.9, 113.60, 110.60, 119.450, 121.500, -0.001,       ,  23.72, -57.4,    7.5,   23.9,  -14.0,      1,   GPS,    ALT,  -0.0,   0.5,   3.9, 3DDiff, 3704,      ,     14,  22.0,     20
2018-08-27, 17:09:45,  -04:00,    ORW,   41.4333572,  -72.0280151,  7001.2, 30.02,  7370.3,  17.2, 145.92, 158.15,   -3.12,   0.43,  -0.01,  -0.01,  -0.01,  16.4,  24.0,  27.7,  28.8,   1.8,  27.66,  28.20,    16.14,  189.38,   52.62,  30.55, 2487.7,    0.75,  330.52,  361.88,  360.38,  342.14,  345.59,  343.96, 1459.39, 1517.70, 1486.52, 1468.65, 1463.57, 1460.50, 1542.13, 1538.88,  7267.9, 169,  GPS,   23.9, 113.60, 110.60, 119.450, 121.500, -0.001,       ,  23.72, -57.4,    7.5,   23.9,  -14.0,      1,   GPS,    ALT,  -0.0,   0.4,   3.9, 3DDiff, 3704,      ,     14,  23.0,     20
2018-08-27, 17:09:46,  -04:00,    ORW,   41.4340820,  -72.0278397,  7000.2, 30.02,  7370.6,  17.2, 145.96, 158.13,  -12.51,   0.46,  -0.03,   0.00,  -0.01,  16.3,  24.0,  27.7,  28.8,   1.8,  27.66,  28.20,    16.12,  189.38,   52.57,  30.52, 2485.2,    0.74,  330.50,  361.88,  360.30,  342.14,  345.55,  343.93, 1460.27, 1518.56, 1486.05, 1468.46, 1464.08, 1460.78, 1542.35, 1539.48,  7268.2, 169,  GPS,   23.9, 113.60, 110.60, 119.450, 121.500, -0.001,       ,  23.73, -57.4,    7.4,   23.9,  -14.0,      1,   GPS,    ALT,  -0.0,   0.5,  -3.9, 3DDiff, 3704,      ,     14,  22.0,     20
2018-08-27, 17:09:47,  -04:00,    ORW,   41.4348030,  -72.0276718,  7001.2, 30.02,  7371.0,  17.2, 146.00, 158.11,    4.92,   0.46,  -0.10,   0.00,  -0.00,  16.3,  24.0,  27.7,  28.8,   1.8,  27.66,  28.19,    16.09,  189.37,   52.58,  30.49, 2486.9,    0.74,  330.50,  361.87,  360.23,  342.11,  345.49,  343.93, 1460.80, 1518.66, 1485.74, 1468.12, 1463.58, 1463.18, 1542.98, 1538.93,  7268.6, 169,  GPS,   23.9, 113.60, 110.60, 119.450, 121.500, -0.001,       ,  23.73, -57.4,    7.4,   23.9,  -14.0,      1,   GPS,    ALT,  -0.1,   0.5,   0.0, 3DDiff, 3704,      ,     14,  21.5,     20
2018-08-27, 17:09:48,  -04:00,    ORW,   41.4355202,  -72.0275116,  7002.2, 30.02,  7371.2,  17.2, 146.03, 158.09,   12.20,   0.45,  -0.11,   0.00,  -0.00,  16.3,  24.0,  27.7,  28.8,   1.8,  27.65,  28.19,    16.13,  189.37,   52.64,  30.52, 2484.2,    0.74,  330.50,  361.87,  360.16,  342.10,  345.46,  343.91, 1459.66, 1517.88, 1485.90, 1468.32, 1463.87, 1463.19, 1543.03, 1538.77,  7268.8, 169,  GPS,   23.9, 113.60, 110.60, 119.450, 121.500, -0.001,       ,  23.74, -57.4,    7.4,   23.9,  -14.0,      1,   GPS,    ALT,  -0.1,   0.5,   0.0, 3DDiff, 3704,      ,     14,  22.0,     20
2018-08-27, 17:09:49,  -04:00,    ORW,   41.4362411,  -72.0273361,  7001.2, 30.02,  7371.3,  17.2, 145.98, 158.09,   -0.27,   0.41,  -0.11,  -0.00,  -0.01,  16.3,  24.0,  27.7,  28.8,   1.8,  27.65,  28.18,    16.13,  189.37,   52.76,  30.49, 2486.7,    0.74,  330.49,  361.87,  360.12,  342.08,  345.43,  343.90, 1459.22, 1517.86, 1486.53, 1467.93, 1462.42, 1461.89, 1543.05, 1538.71,  7268.8, 169,  GPS,   23.9, 113.60, 110.60, 119.450, 121.500, -0.001,       ,  23.76, -57.5,    7.3,   23.9,  -14.0,      1,   GPS,    ALT,  -0.1,   0.4,  -3.9, 3DDiff, 3704,      ,     14,  22.0,     20
2018-08-27, 17:09:50,  -04:00,    ORW,   41.4369659,  -72.0271683,  7001.2, 30.02,  7371.2,  17.2, 145.99, 158.09,   -6.78,   0.46,  -0.07,   0.00,   0.01,  16.2,  24.0,  27.7,  28.8,   1.8,  27.65,  28.18,    16.18,  189.37,   52.64,  30.50, 2484.4,    0.75,  330.49,  361.87,  360.06,  342.06,  345.34,  343.90, 1459.98, 1517.91, 1486.65, 1467.75, 1462.01, 1461.28, 1542.72, 1539.37,  7268.8, 169,  GPS,   23.9, 113.60, 110.60, 119.450, 121.500, -0.001,       ,  23.77, -57.5,    7.3,   23.9,  -14.0,      1,   GPS,    ALT,  -0.1,   0.4, -11.8, 3DDiff, 3704,      ,     14,  22.5,     20
2018-08-27, 17:09:51,  -04:00,    ORW,   41.4376831,  -72.0270004,  7000.2, 30.02,  7369.4,  17.2, 145.77, 158.07,  -22.43,   0.47,  -0.07,  -0.00,   0.00,  16.2,  24.0,  27.7,  28.8,   1.8,  27.66,  28.17,    16.10,  189.36,   52.72,  30.51, 2486.2,    0.74,  330.49,  361.87,  360.05,  342.05,  345.33,  343.90, 1459.23, 1519.53, 1486.66, 1468.63, 1461.19, 1461.72, 1543.45, 1538.72,  7267.0, 168,  GPS,   23.9, 113.60, 110.60, 119.450, 121.500, -0.001,       ,  23.79, -57.5,    7.2,   23.9,  -14.0,      1,   GPS,    ALT,  -0.1,   0.5, -11.8, 3DDiff, 3704,      ,     14,  23.0,     20
2018-08-27, 17:09:52,  -04:00,    ORW,   41.4384041,  -72.0268326,  7001.2, 30.02,  7369.1,  17.2, 145.80, 158.09,   -2.14,   0.47,  -0.09,  -0.00,  -0.00,  16.2,  24.0,  27.7,  28.8,   1.8,  27.66,  28.17,    16.08,  189.36,   52.81,  30.50, 2485.2,    0.74,  330.49,  361.87,  360.03,  342.04,  345.30,  343.93, 1458.05, 1519.09, 1486.86, 1469.20, 1461.87, 1461.94, 1543.40, 1538.35,  7266.6, 168,  GPS,   23.9, 113.60, 110.60, 119.450, 121.500, -0.001,       ,  23.81, -57.6,    7.2,   23.9,  -14.0,      1,   GPS,    ALT,  -0.1,   0.5,  -3.9, 3DDiff, 3704,      ,     14,  22.0,     20
2018-08-27, 17:09:53,  -04:00,    ORW,   41.4391251,  -72.0266647,  7001.2, 30.02,  7368.2,  17.2, 145.71, 158.07,   -4.82,   0.46,  -0.07,   0.00,  -0.01,  16.2,  24.0,  27.7,  28.8,   1.8,  27.66,  28.16,    16.12,  189.37,   52.78,  30.50, 2485.5,    0.74,  330.49,  361.84,  360.05,  342.02,  345.27,  343.92, 1458.22, 1519.44, 1487.33, 1469.32, 1462.29, 1462.18, 1543.53, 1538.70,  7265.8, 168,  GPS,   23.9, 113.60, 110.60, 119.450, 121.500, -0.001,       ,  23.83, -57.6,    7.1,   23.9,  -14.0,      1,   GPS,    ALT,  -0.1,   0.5,  -3.9, 3DDiff, 3704,      ,     14,  21.5,     20
2018-08-27, 17:09:54,  -04:00,    ORW,   41.4398422,  -72.0264969,  7001.2, 30.02,  7368.0,  17.2, 145.69, 158.07,   -8.47,   0.44,  -0.09,   0.00,   0.01,  16.2,  24.0,  27.7,  28.8,   1.8,  27.66,  28.15,    16.20,  189.37,   52.58,  30.50, 2485.4,    0.75,  330.47,  361.86,  360.06,  341.98,  345.24,  343.90, 1459.10, 1519.18, 1486.91, 1468.49, 1462.09, 1462.59, 1542.89, 1539.43,  7265.5, 168,  GPS,   23.9, 113.60, 110.60, 119.450, 121.500, -0.001,       ,  23.85, -57.7,    7.1,   23.9,  -14.0,      1,   GPS,    ALT,  -0.1,   0.5,  -3.9, 3DDiff, 3704,      ,     14,  22.0,     20
2018-08-27, 17:09:55,  -04:00,    ORW,   41.4405670,  -72.0263290,  7001.2, 30.02,  7367.6,  17.2, 145.69, 158.07,   -4.24,   0.42,  -0.10,  -0.00,  -0.00,  16.2,  24.0,  27.7,  28.8,   1.8,  27.67,  28.15,    16.20,  189.37,   52.70,  30.52, 2484.8,    0.75,  330.46,  361.83,  360.09,  341.98,  345.21,  343.91, 1459.16, 1519.93, 1487.33, 1468.59, 1462.37, 1462.34, 1543.39, 1539.19,  7265.2, 168,  GPS,   23.9, 113.60, 110.60, 119.450, 121.500, -0.001,       ,  23.88, -57.7,    7.1,   23.9,  -14.0,      1,   GPS,    ALT,  -0.1,   0.4,  -7.9, 3DDiff, 3704,      ,     14,  22.0,     20
2018-08-27, 17:09:56,  -04:00,    ORW,   41.4412842,  -72.0261536,  7001.2, 30.02,  7367.3,  17.2, 145.74, 158.09,    1.75,   0.42,  -0.13,   0.00,  -0.01,  16.2,  24.0,  27.7,  28.8,   1.8,  27.67,  28.14,    16.15,  189.37,   52.77,  30.51, 2489.9,    0.75,  330.46,  361.81,  360.15,  341.98,  345.18,  343.93, 1459.33, 1518.88, 1487.00, 1468.00, 1462.93, 1462.22, 1542.58, 1539.40,  7264.9, 168,  GPS,   23.9, 113.60, 110.60, 119.450, 121.500, -0.001,       ,  23.90, -57.8,    7.0,   23.9,  -14.0,      1,   GPS,    ALT,  -0.1,   0.4,  -7.9, 3DDiff, 3704,      ,     14,  22.0,     20
2018-08-27, 17:09:57,  -04:00,    ORW,   41.4420128,  -72.0259933,  7000.2, 30.02,  7369.1,  17.2, 145.76, 158.11,   -9.53,   0.40,  -0.12,   0.00,  -0.00,  16.2,  23.9,  27.7,  28.8,   1.8,  27.69,  28.14,    16.09,  189.37,   52.62,  30.50, 2486.0,    0.74,  330.44,  361.80,  360.20,  341.95,  345.12,  343.90, 1458.32, 1518.97, 1486.61, 1467.66, 1462.55, 1462.54, 1543.10, 1538.32,  7266.7, 168,  GPS,   23.9, 113.60, 110.60, 119.450, 121.500, -0.001,       ,  23.93, -57.9,    7.0,   23.9,  -14.0,      1,   GPS,    ALT,  -0.1,   0.4,  -7.9, 3DDiff, 3704,      ,     14,  22.5,     20
2018-08-27, 17:09:58,  -04:00,    ORW,   41.4427299,  -72.0258255,  7001.2, 30.02,  7369.3,  17.2, 145.86, 158.13,   -3.75,   0.41,  -0.04,  -0.00,   0.00,  16.2,  23.9,  27.7,  28.8,   1.8,  27.69,  28.14,    16.11,  189.37,   52.62,  30.54, 2485.2,    0.74,  330.43,  361.81,  360.22,  341.92,  345.09,  343.93, 1457.67, 1519.59, 1486.39, 1467.62, 1462.77, 1464.00, 1543.61, 1538.57,  7266.9, 168,  GPS,   23.9, 113.60, 110.60, 119.450, 121.500, -0.001,       ,  23.95, -58.0,    6.9,   23.9,  -14.0,      1,   GPS,    ALT,  -0.0,   0.4, -11.8, 3DDiff, 3704,      ,     14,  22.0,     20
2018-08-27, 17:09:59,  -04:00,    ORW,   41.4434509,  -72.0256577,  7001.2, 30.02,  7369.5,  17.2, 146.01, 158.13,    0.60,   0.40,   0.01,  -0.01,  -0.00,  16.2,  23.9,  27.7,  28.8,   1.8,  27.69,  28.14,    16.14,  189.39,   52.59,  30.51, 2487.4,    0.75,  330.41,  361.78,  360.30,  341.92,  345.06,  343.90, 1457.67, 1519.31, 1485.80, 1468.90, 1462.87, 1463.72, 1543.35, 1538.66,  7267.1, 169,  GPS,   23.9, 113.60, 110.60, 119.450, 121.500, -0.001,       ,  23.98, -58.0,    6.9,   23.9,  -14.0,      1,   GPS,    ALT,  -0.0,   0.4,  -7.9, 3DDiff, 3704,      ,     14,  21.5,     20
2018-08-27, 17:10:00,  -04:00,    ORW,   41.4441795,  -72.0254898,  7001.2, 30.02,  7369.4,  17.2, 146.08, 158.13,   -6.53,   0.43,   0.00,   0.00,  -0.01,  16.2,  23.9,  27.7,  28.8,   1.8,  27.68,  28.14,    16.16,  189.39,   52.69,  30.53, 2487.1,    0.75,  330.43,  361.75,  360.36,  341.92,  345.01,  343.91, 1458.47, 1518.68, 1486.35, 1468.60, 1463.63, 1463.40, 1543.18, 1539.19,  7266.9, 169,  GPS,   23.9, 113.60, 110.60, 119.450, 121.500, -0.001,       ,  24.00, -58.1,    6.8,   23.9,  -14.0,      1,   GPS,    ALT,  -0.0,   0.4, -15.7, 3DDiff, 3704,      ,     14,  21.5,     20
2018-08-27, 17:10:01,  -04:00,    ORW,   41.4448967,  -72.0253143,  7001.2, 30.02,  7369.2,  17.2, 146.08, 158.15,   -4.11,   0.41,   0.01,   0.00,   0.00,  16.3,  24.0,  27.7,  28.8,   1.8,  27.68,  28.15,    16.17,  189.38,   52.40,  30.54, 2485.1,    0.75,  330.43,  361.75,  360.40,  341.87,  344.97,  343.90, 1458.51, 1518.01, 1486.38, 1470.06, 1463.86, 1463.79, 1543.85, 1538.75,  7266.8, 169,  GPS,   23.9, 113.60, 110.60, 119.450, 121.500, -0.001,       ,  24.02, -58.2,    6.8,   23.9,  -14.0,      1,   GPS,    ALT,  -0.0,   0.4, -15.7, 3DDiff, 3704,      ,     14,  22.0,     20
2018-08-27, 17:10:02,  -04:00,    ORW,   41.4456139,  -72.0251541,  7000.2, 30.02,  7368.9,  17.2, 146.04, 158.15,  -30.27,   0.44,  -0.07,  -0.00,   0.01,  16.3,  24.0,  27.7,  28.8,   1.7,  27.67,  28.15,    16.14,  189.37,   52.38,  30.54, 2486.1,    0.75,  330.40,  361.75,  360.45,  341.88,  344.94,  343.87, 1459.30, 1518.28, 1486.58, 1470.28, 1464.78, 1464.13, 1544.13, 1539.97,  7266.5, 169,  GPS,   23.9, 113.60, 110.60, 119.450, 121.500, -0.001,       ,  24.04, -58.2,    6.7,   23.9,  -14.0,      1,   GPS,    ALT,  -0.0,   0.4, -23.6, 3DDiff, 3704,      ,     14,  22.0,     20
2018-08-27, 17:10:03,  -04:00,    ORW,   41.4463348,  -72.0249786,  7001.2, 30.02,  7367.1,  17.2, 146.32, 158.17,  -13.70,   0.45,  -0.11,  -0.00,  -0.00,  16.3,  24.0,  27.7,  28.8,   1.7,  27.66,  28.17,    16.16,  189.36,   52.67,  30.50, 2485.8,    0.75,  330.41,  361.72,  360.50,  341.89,  344.88,  343.87, 1458.25, 1517.97, 1485.69, 1469.86, 1464.15, 1464.32, 1542.97, 1538.65,  7264.7, 169,  GPS,   23.9, 113.60, 110.60, 119.450, 121.500, -0.001,       ,  24.06, -58.3,    6.7,   23.9,  -14.0,      1,   GPS,    ALT,  -0.1,   0.4,  -7.9, 3DDiff, 3704,      ,     14,  22.5,     20
2018-08-27, 17:10:04,  -04:00,    ORW,   41.4470558,  -72.0248184,  7000.2, 30.02,  7366.7,  17.2, 146.24, 158.15,  -14.41,   0.42,  -0.14,   0.00,  -0.01,  16.3,  24.0,  27.7,  28.8,   1.8,  27.65,  28.17,    16.13,  189.35,   52.65,  30.51, 2485.1,    0.74,  330.41,  361.72,  360.55,  341.89,  344.83,  343.84, 1457.62, 1517.06, 1485.67, 1470.10, 1463.91, 1465.07, 1542.94, 1539.00,  7264.3, 169,  GPS,   23.9, 113.60, 110.60, 119.450, 121.500, -0.001,       ,  24.09, -58.3,    6.7,   23.9,  -14.0,      1,   GPS,    ALT,  -0.1,   0.4,  -3.9, 3DDiff, 3704,      ,     14,  22.0,     20
2018-08-27, 17:10:05,  -04:00,    ORW,   41.4477730,  -72.0246429,  7000.2, 30.02,  7366.1,  17.2, 146.28, 158.11,  -15.47,   0.45,  -0.15,   0.00,   0.01,  16.3,  24.0,  27.7,  28.8,   1.8,  27.64,  28.19,    16.15,  189.31,   52.87,  30.49, 2486.7,    0.75,  330.41,  361.71,  360.58,  341.88,  344.79,  343.84, 1457.79, 1517.86, 1486.36, 1470.54, 1463.67, 1464.67, 1543.81, 1538.28,  7263.7, 169,  GPS,   23.9, 113.60, 110.60, 119.450, 121.500, -0.001,       ,  24.11, -58.3,    6.6,   23.9,  -14.0,      1,   GPS,    ALT,  -0.1,   0.4,  -7.9, 3DDiff, 3704,      ,     14,  21.5,     20
2018-08-27, 17:10:06,  -04:00,    ORW,   41.4484940,  -72.0244751,  7000.2, 30.02,  7366.0,  17.2, 146.20, 158.09,  -25.38,   0.45,  -0.10,  -0.00,   0.00,  16.2,  24.0,  27.7,  28.8,   1.7,  27.63,  28.21,    16.07,  189.31,   52.71,  30.52, 2486.5,    0.74,  330.41,  361.69,  360.64,  341.86,  344.73,  343.84, 1457.05, 1518.25, 1486.18, 1469.74, 1464.24, 1464.66, 1543.88, 1538.43,  7263.5, 169,  GPS,   23.9, 113.60, 110.60, 119.450, 121.500, -0.001,       ,  24.13, -58.4,    6.6,   23.9,  -14.0,      1,   GPS,    ALT,  -0.1,   0.4,   0.0, 3DDiff, 3704,      ,     14,  21.5,     20
2018-08-27, 17:10:07,  -04:00,    ORW,   41.4492149,  -72.0243149,  7000.2, 30.02,  7366.0,  17.2, 146.29, 158.05,  -15.92,   0.45,  -0.14,  -0.00,  -0.01,  16.2,  24.0,  27.7,  28.8,   1.8,  27.63,  28.21,    16.13,  189.30,   52.56,  30.50, 2486.9,    0.74,  330.42,  361.66,  360.67,  341.86,  344.70,  343.82, 1456.71, 1517.76, 1487.16, 1469.35, 1463.82, 1464.46, 1543.26, 1538.87,  7263.6, 169,  GPS,   23.9, 113.60, 110.60, 119.450, 121.500, -0.001,       ,  24.15, -58.4,    6.5,   23.9,  -14.0,      1,   GPS,    ALT,  -0.1,   0.4,  11.8, 3DDiff, 3704,      ,     14,  21.5,     20
2018-08-27, 17:10:08,  -04:00,    ORW,   41.4499397,  -72.0241394,  7001.2, 30.02,  7366.3,  17.2, 146.28, 158.03,    0.29,   0.40,  -0.11,   0.00,  -0.00,  16.2,  24.0,  27.7,  28.8,   1.8,  27.64,  28.21,    16.18,  189.30,   52.69,  30.49, 2485.9,    0.75,  330.43,  361.69,  360.74,  341.85,  344.66,  343.81, 1457.46, 1518.18, 1487.31, 1468.80, 1463.73, 1464.14, 1542.91, 1539.45,  7263.8, 169,  GPS,   23.9, 113.60, 110.60, 119.450, 121.500, -0.001,       ,  24.18, -58.4,    6.5,   23.9,  -14.0,      1,   GPS,    ALT,  -0.1,   0.4,  19.7, 3DDiff, 3704,      ,     14,  22.0,     20
2018-08-27, 17:10:09,  -04:00,    ORW,   41.4506607,  -72.0239716,  7001.2, 30.02,  7368.6,  17.2, 146.32, 158.02,    4.99,   0.35,  -0.11,  -0.00,   0.00,  16.2,  23.9,  27.7,  28.8,   1.8,  27.65,  28.20,    16.13,  189.28,   52.88,  30.49, 2483.7,    0.74,  330.40,  361.71,  360.79,  341.83,  344.61,  343.84, 1457.25, 1516.61, 1488.11, 1467.93, 1464.69, 1463.39, 1541.94, 1538.74,  7266.1, 169,  GPS,   23.9, 113.60, 110.60, 119.450, 121.500, -0.001,       ,  24.20, -58.4,    6.4,   23.9,  -14.0,      1,   GPS,    ALT,  -0.1,   0.4,  11.8, 3DDiff, 3704,      ,     14,  22.5,     20
2018-08-27, 17:10:10,  -04:00,    ORW,   41.4513855,  -72.0238037,  7002.2, 30.02,  7369.1,  17.2, 146.41, 158.00,   19.42,   0.31,  -0.08,  -0.00,  -0.01,  16.2,  23.9,  27.7,  28.8,   1.7,  27.65,  28.19,    16.15,  189.28,   52.90,  30.51, 2487.4,    0.75,  330.43,  361.68,  360.83,  341.83,  344.54,  343.80, 1458.12, 1517.03, 1488.66, 1466.94, 1464.46, 1463.97, 1541.52, 1539.51,  7266.6, 169,  GPS,   23.9, 113.60, 110.60, 119.450, 121.500, -0.001,       ,  24.23, -58.4,    6.4,   23.9,  -14.0,      1,   GPS,    ALT,  -0.1,   0.3,   3.9, 3DDiff, 3704,      ,     14,  21.5,     20
2018-08-27, 17:10:11,  -04:00,    ORW,   41.4521027,  -72.0236359,  7000.2, 30.02,  7369.5,  17.2, 146.24, 158.02,  -14.84,   0.26,  -0.05,   0.00,  -0.00,  16.3,  23.9,  27.7,  28.8,   1.7,  27.66,  28.19,    16.16,  189.28,   52.74,  30.47, 2485.7,    0.75,  330.43,  361.68,  360.83,  341.80,  344.53,  343.79, 1458.50, 1517.11, 1487.68, 1467.02, 1464.83, 1463.92, 1541.54, 1539.37,  7267.1, 169,  GPS,   23.9, 113.60, 110.60, 119.450, 121.500, -0.001,       ,  24.25, -58.4,    6.3,   23.9,  -14.0,      1,   GPS,    ALT,  -0.0,   0.3,   0.0, 3DDiff, 3704,      ,     14,  21.5,     20
2018-08-27, 17:10:12,  -04:00,    ORW,   41.4528236,  -72.0234680,  7001.2, 30.02,  7369.8,  17.2, 146.37, 158.02,   -3.46,   0.32,  -0.09,   0.00,   0.01,  16.3,  23.9,  27.7,  28.8,   1.8,  27.67,  28.18,    16.21,  189.29,   52.84,  30.47, 2487.8,    0.75,  330.43,  361.69,  360.88,  341.80,  344.48,  343.78, 1457.48, 1517.21, 1486.79, 1467.19, 1465.06, 1464.85, 1542.49, 1539.10,  7267.3, 169,  GPS,   23.9, 113.60, 110.60, 119.450, 121.500, -0.001,       ,  24.27, -58.4,    6.3,   23.9,  -14.0,      1,   GPS,    ALT,  -0.0,   0.3,  -3.9, 3DDiff, 3704,      ,     14,  21.5,     20
2018-08-27, 17:10:13,  -04:00,    ORW,   41.4535484,  -72.0233002,  7001.2, 30.02,  7370.1,  17.2, 146.42, 158.03,   -1.81,   0.26,  -0.02,  -0.00,  -0.00,  16.3,  23.9,  27.7,  28.8,   1.7,  27.68,  28.17,    16.18,  189.28,   52.75,  30.52, 2485.2,    0.75,  330.46,  361.66,  360.91,  341.80,  344.42,  343.75, 1457.42, 1517.11, 1486.91, 1467.47, 1466.15, 1464.37, 1542.74, 1539.17,  7267.7, 169,  GPS,   23.9, 113.60, 110.60, 119.450, 121.500, -0.001,       ,  24.29, -58.3,    6.3,   23.9,  -14.0,      1,   GPS,    ALT,  -0.0,   0.3,   3.9, 3DDiff, 3704,      ,     14,  21.5,     20
2018-08-27, 17:10:14,  -04:00,    ORW,   41.4542694,  -72.0231400,  7001.2, 30.02,  7370.4,  17.2, 146.34, 158.05,   -8.29,   0.24,  -0.02,   0.00,  -0.01,  16.3,  23.9,  27.7,  28.8,   1.7,  27.68,  28.17,    16.19,  189.26,   52.76,  30.51, 2487.6,    0.75,  330.43,  361.69,  360.95,  341.80,  344.39,  343.75, 1457.93, 1517.48, 1487.10, 1468.19, 1466.13, 1463.61, 1543.03, 1539.08,  7267.9, 169,  GPS,   23.9, 113.60, 110.60, 119.450, 121.500, -0.001,       ,  24.31, -58.3,    6.2,   23.9,  -14.0,      1,   GPS,    ALT,  -0.0,   0.3,   3.9, 3DDiff, 3704,      ,     14,  22.0,     20
2018-08-27, 17:10:15,  -04:00,    ORW,   41.4549904,  -72.0229645,  7002.2, 30.02,  7368.7,  17.2, 146.50, 158.07,    9.37,   0.24,   0.00,   0.00,  -0.00,  16.3,  23.9,  27.7,  28.8,   1.7,  27.69,  28.16,    16.20,  189.26,   52.78,  30.50, 2485.5,    0.75,  330.46,  361.68,  360.95,  341.80,  344.31,  343.72, 1457.96, 1517.84, 1486.67, 1468.48, 1466.32, 1463.46, 1542.58, 1539.15,  7266.3, 169,  GPS,   23.9, 113.60, 110.60, 119.450, 121.500, -0.001,       ,  24.32, -58.3,    6.2,   23.9,  -14.0,      1,   GPS,    ALT,  -0.0,   0.2,  -3.9, 3DDiff, 3704,      ,     14,  22.5,     20
2018-08-27, 17:10:16,  -04:00,    ORW,   41.4557114,  -72.0227966,  7001.2, 30.02,  7368.4,  17.2, 146.34, 158.13,  -11.11,   0.21,  -0.04,   0.00,   0.00,  16.4,  23.9,  27.7,  28.8,   1.8,  27.69,  28.15,    16.20,  189.27,   52.73,  30.49, 2487.9,    0.75,  330.46,  361.71,  360.98,  341.79,  344.30,  343.69, 1457.87, 1518.63, 1487.17, 1468.03, 1466.68, 1463.65, 1542.92, 1539.64,  7266.0, 169,  GPS,   23.9, 113.60, 110.60, 119.450, 121.500, -0.001,       ,  24.33, -58.2,    6.1,   23.9,  -14.0,      1,   GPS,    ALT,  -0.0,   0.2,  -3.9, 3DDiff, 3704,      ,     14,  21.5,     20
2018-08-27, 17:10:17,  -04:00,    ORW,   41.4564323,  -72.0226288,  7001.2, 30.02,  7367.7,  17.2, 146.38, 158.17,  -24.40,   0.24,  -0.04,   0.00,   0.00,  16.4,  23.9,  27.7,  28.8,   1.8,  27.69,  28.15,    16.17,  189.24,   52.63,  30.49, 2486.7,    0.75,  330.46,  361.69,  361.01,  341.79,  344.25,  343.66, 1459.11, 1519.00, 1486.82, 1469.20, 1467.01, 1463.69, 1543.16, 1539.62,  7265.3, 169,  GPS,   23.9, 113.60, 110.60, 119.450, 121.500, -0.001,       ,  24.34, -58.2,    6.1,   23.9,  -14.0,      1,   GPS,    ALT,  -0.0,   0.2,  -7.9, 3DDiff, 3704,      ,     14,  21.5,     20
2018-08-27, 17:10:18,  -04:00,    ORW,   41.4571304,  -72.0224686,  7000.2, 30.02,  7367.5,  17.2, 146.37, 158.23,  -27.06,   0.27,   0.01,   0.00,  -0.01,  16.4,  23.9,  27.7,  28.8,   1.8,  27.69,  28.15,    16.23,  189.24,   52.39,  30.51, 2487.0,    0.75,  330.46,  361.69,  361.02,  341.80,  344.21,  343.66, 1458.79, 1518.86, 1486.07, 1469.70, 1466.88, 1463.21, 1542.79, 1539.29,  7265.1, 169,  GPS,   23.9, 113.60, 110.60, 119.450, 121.500, -0.001,       ,  24.35, -58.1,    6.0,   23.9,  -14.0,      1,   GPS,    ALT,  -0.0,   0.3,  -7.9, 3DDiff, 3704,      ,     14,  21.5,     20
2018-08-27, 17:10:19,  -04:00,    ORW,   41.4578514,  -72.0222931,  7001.2, 30.02,  7367.4,  17.2, 146.56, 158.25,  -17.56,   0.35,   0.01,   0.01,   0.01,  16.5,  24.0,  27.7,  28.8,   1.8,  27.69,  28.15,    16.27,  189.24,   52.60,  30.50, 2488.1,    0.75,  330.49,  361.71,  361.04,  341.79,  344.18,  343.64, 1459.10, 1518.33, 1486.68, 1469.40, 1466.50, 1462.96, 1542.59, 1539.67,  7264.9, 169,  GPS,   23.9, 113.60, 110.60, 119.450, 121.500, -0.001,       ,  24.35, -58.1,    6.0,   23.9,  -14.0,      1,   GPS,    ALT,  -0.0,   0.3,   0.0, 3DDiff, 3704,      ,     14,  21.5,     20
2018-08-27, 17:10:20,  -04:00,    ORW,   41.4585762,  -72.0221329,  7001.2, 30.02,  7367.4,  17.2, 146.65, 158.25,   -8.35,   0.34,  -0.07,  -0.00,  -0.01,  16.4,  24.0,  27.7,  28.8,   1.8,  27.68,  28.16,    16.14,  189.25,   52.36,  30.49, 2486.7,    0.75,  330.49,  361.69,  361.05,  341.80,  344.11,  343.62, 1457.77, 1518.69, 1486.32, 1468.83, 1466.53, 1462.27, 1543.03, 1538.94,  7265.0, 169,  GPS,   23.9, 113.60, 110.60, 119.450, 121.500, -0.001,       ,  24.34, -58.0,    6.0,   23.9,  -14.0,      1,   GPS,    ALT,  -0.0,   0.3,   3.9, 3DDiff, 3704,      ,     14,  22.0,     20
2018-08-27, 17:10:21,  -04:00,    ORW,   41.4592972,  -72.0219574,  6999.2, 30.02,  7368.6,  17.2, 146.57, 158.23,  -32.02,   0.38,  -0.13,  -0.00,  -0.00,  16.4,  24.0,  27.7,  28.8,   1.8,  27.66,  28.17,    16.07,  189.25,   52.47,  30.52, 2485.5,    0.74,  330.50,  361.69,  361.07,  341.77,  344.08,  343.60, 1457.72, 1518.96, 1486.18, 1468.97, 1466.17, 1461.56, 1543.59, 1538.17,  7266.4, 169,  GPS,   23.9, 113.60, 110.60, 119.450, 121.500, -0.001,       ,  24.34, -57.9,    5.9,   23.9,  -14.0,      1,   GPS,    ALT,  -0.0,   0.3,   0.0, 3DDiff, 3704,      ,     14,  22.5,     20
2018-08-27, 17:10:22,  -04:00,    ORW,   41.4600220,  -72.0217896,  7000.2, 30.02,  7369.0,  17.2, 146.67, 158.21,  -24.56,   0.46,  -0.11,   0.00,   0.00,  16.4,  24.0,  27.7,  28.8,   1.7,  27.65,  28.18,    16.14,  189.24,   52.54,  30.50, 2487.8,    0.75,  330.49,  361.71,  361.08,  341.74,  344.03,  343.60, 1457.30, 1519.58, 1486.46, 1468.03, 1465.41, 1462.94, 1543.83, 1538.98,  7266.8, 169,  GPS,   23.9, 113.60, 110.60, 119.450, 121.500, -0.001,       ,  24.33, -57.9,    5.9,   23.9,  -14.0,      1,   GPS,    ALT,  -0.1,   0.4,   0.0, 3DDiff, 3704,      ,     14,  21.5,     20
2018-08-27, 17:10:23,  -04:00,    ORW,   41.4607430,  -72.0216217,  7000.2, 30.02,  7369.5,  17.2, 146.71, 158.17,  -16.41,   0.46,  -0.12,   0.00,  -0.01,  16.4,  24.0,  27.7,  28.8,   1.7,  27.63,  28.19,    16.12,  189.22,   52.81,  30.50, 2486.5,    0.74,  330.50,  361.69,  361.10,  341.74,  343.99,  343.59, 1458.02, 1519.95, 1486.62, 1468.21, 1466.09, 1463.09, 1543.98, 1539.70,  7267.3, 169,  GPS,   23.9, 113.60, 110.60, 119.450, 121.500, -0.001,       ,  24.33, -57.8,    5.8,   23.9,  -14.0,      1,   GPS,    ALT,  -0.1,   0.5,  15.7, 3DDiff, 3704,      ,     14,  21.5,     20
2018-08-27, 17:10:24,  -04:00,    ORW,   41.4614639,  -72.0214462,  7000.2, 30.02,  7369.8,  17.2, 146.63, 158.13,   -4.39,   0.47,  -0.22,  -0.00,  -0.00,  16.4,  24.0,  27.7,  28.8,   1.7,  27.63,  28.19,    16.23,  189.21,   52.47,  30.54, 2489.3,    0.75,  330.53,  361.69,  361.13,  341.74,  343.96,  343.56, 1458.37, 1519.08, 1487.29, 1468.27, 1466.35, 1464.34, 1543.70, 1540.72,  7267.7, 169,  GPS,   23.9, 113.60, 110.60, 119.450, 121.500, -0.001,       ,  24.33, -57.7,    5.8,   23.9,  -14.0,      1,   GPS,    ALT,  -0.1,   0.5,  11.8, 3DDiff, 3704,      ,     14,  21.5,     20
2018-08-27, 17:10:25,  -04:00,    ORW,   41.4621849,  -72.0212860,  7000.2, 30.02,  7370.1,  17.2, 146.67, 158.15,    1.64,   0.44,  -0.15,  -0.00,  -0.01,  16.3,  23.9,  27.7,  28.8,   1.7,  27.62,  28.19,    16.19,  189.20,   52.58,  30.51, 2487.8,    0.75,  330.52,  361.68,  361.13,  341.74,  343.98,  343.53, 1458.41, 1518.91, 1487.46, 1468.15, 1466.38, 1464.67, 1543.55, 1540.25,  7268.0, 169,  GPS,   23.9, 113.60, 110.60, 119.450, 121.500, -0.001,       ,  24.32, -57.6,    5.7,   23.9,  -14.0,      1,   GPS,    ALT,  -0.1,   0.5,  11.8, 3DDiff, 3704,      ,     14,  21.5,     20
2018-08-27, 17:10:26,  -04:00,    ORW,   41.4629059,  -72.0211182,  7001.2, 30.02,  7370.5,  17.2, 146.81, 158.03,    6.88,   0.47,  -0.09,   0.00,   0.00,  16.4,  23.9,  27.7,  28.8,   1.7,  27.63,  28.17,    16.13,  189.20,   52.60,  30.50, 2486.7,    0.74,  330.53,  361.69,  361.14,  341.73,  343.99,  343.50, 1458.47, 1519.17, 1487.11, 1467.74, 1466.20, 1465.10, 1543.30, 1539.85,  7268.3, 170,  GPS,   23.9, 113.60, 110.60, 119.450, 121.500, -0.001,       ,  24.32, -57.6,    5.7,   23.9,  -14.0,      1,   GPS,    ALT,  -0.1,   0.5,   7.9, 3DDiff, 3704,      ,     14,  22.0,     20
2018-08-27, 17:10:27,  -04:00,    ORW,   41.4636230,  -72.0209503,  7001.2, 30.02,  7370.2,  17.2, 146.80, 157.98,   11.06,   0.45,  -0.02,  -0.00,  -0.00,  16.4,  23.9,  27.7,  28.8,   1.8,  27.65,  28.15,    16.10,  189.22,   52.71,  30.49, 2484.3,    0.74,  330.55,  361.66,  361.14,  341.74,  343.99,  343.47, 1457.92, 1518.70, 1486.38, 1467.27, 1466.60, 1464.92, 1543.24, 1539.70,  7268.1, 169,  GPS,   23.9, 113.60, 110.60, 119.450, 121.500, -0.001,       ,  24.32, -57.5,    5.6,   23.9,  -14.0,      1,   GPS,    ALT,  -0.0,   0.5,   3.9, 3DDiff, 3704,      ,     14,  22.5,     20
2018-08-27, 17:10:28,  -04:00,    ORW,   41.4643440,  -72.0207825,  7001.2, 30.02,  7370.5,  17.2, 146.81, 157.90,   11.45,   0.44,   0.00,  -0.00,  -0.01,  16.4,  23.9,  27.7,  28.8,   1.8,  27.66,  28.13,    16.13,  189.21,   52.70,  30.48, 2487.0,    0.74,  330.56,  361.66,  361.16,  341.71,  344.02,  343.47, 1457.61, 1517.98, 1486.15, 1467.43, 1465.84, 1465.07, 1543.05, 1539.35,  7268.4, 170,  GPS,   23.9, 113.60, 110.60, 119.450, 121.500, -0.001,       ,  24.33, -57.4,    5.6,   23.9,  -14.0,      1,   GPS,    ALT,  -0.0,   0.4,  -3.9, 3DDiff, 3704,      ,     14,  21.5,     20
2018-08-27, 17:10:29,  -04:00,    ORW,   41.4650650,  -72.0206146,  7001.2, 30.02,  7370.0,  17.2, 146.85, 157.86,   -1.06,   0.45,  -0.07,   0.01,  -0.01,  16.4,  23.9,  27.7,  28.8,   1.8,  27.66,  28.12,    16.17,  189.21,   52.58,  30.50, 2487.3,    0.75,  330.56,  361.65,  361.19,  341.70,  344.11,  343.44, 1457.63, 1518.42, 1486.44, 1468.20, 1465.38, 1465.35, 1543.96, 1539.37,  7267.8, 170,  GPS,   23.9, 113.60, 110.60, 119.450, 121.500, -0.001,       ,  24.33, -57.3,    5.6,   23.9,  -14.0,      1,   GPS,    ALT,  -0.0,   0.4,  -7.9, 3DDiff, 3704,      ,     14,  21.5,     20
2018-08-27, 17:10:30,  -04:00,    ORW,   41.4657860,  -72.0204468,  7001.2, 30.02,  7369.9,  17.2, 146.86, 157.82,    9.67,   0.41,  -0.03,   0.00,  -0.01,  16.4,  23.9,  27.7,  28.8,   1.8,  27.67,  28.11,    16.13,  189.20,   52.49,  30.47, 2487.2,    0.74,  330.58,  361.63,  361.20,  341.70,  344.18,  343.44, 1457.12, 1518.54, 1485.48, 1467.79, 1464.24, 1464.97, 1543.54, 1538.51,  7267.8, 170,  GPS,   23.9, 113.60, 110.60, 119.450, 121.500, -0.001,       ,  24.33, -57.2,    5.5,   23.9,  -14.0,      1,   GPS,    ALT,  -0.0,   0.4,  -7.9, 3DDiff, 3704,      ,     14,  21.5,     20
2018-08-27, 17:10:31,  -04:00,    ORW,   41.4665070,  -72.0202713,  7000.2, 30.02,  7369.7,  17.2, 146.80, 157.76,  -27.60,   0.46,  -0.07,  -0.00,   0.00,  16.4,  23.9,  27.7,  28.8,   1.8,  27.66,  28.10,    16.19,  189.20,   52.49,  30.53, 2486.2,    0.75,  330.56,  361.63,  361.20,  341.70,  344.30,  343.41, 1457.18, 1517.99, 1485.18, 1469.44, 1465.00, 1465.55, 1543.88, 1539.06,  7267.6, 169,  GPS,   23.9, 113.60, 110.60, 119.450, 121.500, -0.001,       ,  24.33, -57.2,    5.5,   23.9,  -14.0,      1,   GPS,    ALT,  -0.0,   0.4, -15.7, 3DDiff, 3704,      ,     14,  21.5,     20
2018-08-27, 17:10:32,  -04:00,    ORW,   41.4672241,  -72.0201111,  7000.2, 30.02,  7369.9,  17.2, 146.75, 157.72,  -30.31,   0.51,  -0.12,   0.00,  -0.01,  16.4,  23.9,  27.7,  28.8,   1.8,  27.67,  28.10,    16.17,  189.19,   52.70,  30.47, 2488.2,    0.75,  330.56,  361.65,  361.25,  341.67,  344.45,  343.39, 1457.21, 1517.60, 1485.44, 1468.87, 1465.50, 1465.48, 1543.36, 1539.23,  7267.7, 169,  GPS,   23.9, 113.60, 110.60, 119.450, 121.500, -0.001,       ,  24.33, -57.0,    5.4,   23.9,  -14.0,      1,   GPS,    ALT,  -0.0,   0.5,  -3.9, 3DDiff, 3704,      ,     14,  22.0,     20
2018-08-27, 17:10:33,  -04:00,    ORW,   41.4679413,  -72.0199432,  7001.2, 30.02,  7369.7,  17.2, 146.87, 157.67,  -11.32,   0.54,  -0.02,   0.00,   0.01,  16.4,  23.9,  27.7,  28.8,   1.8,  27.67,  28.09,    16.11,  189.20,   52.72,  30.52, 2485.3,    0.74,  330.58,  361.62,  361.26,  341.67,  344.60,  343.38, 1456.84, 1517.97, 1486.51, 1468.02, 1465.65, 1465.49, 1543.31, 1539.26,  7267.5, 170,  GPS,   23.9, 113.60, 110.60, 119.450, 121.500, -0.001,       ,  24.33, -56.9,    5.4,   23.9,  -14.0,      1,   GPS,    ALT,  -0.0,   0.5,   3.9, 3DDiff, 3704,      ,     14,  22.5,     20
2018-08-27, 17:10:34,  -04:00,    ORW,   41.4686623,  -72.0197754,  7001.2, 30.02,  7369.1,  17.2, 146.81, 157.61,    2.51,   0.52,   0.01,   0.00,  -0.00,  16.4,  23.9,  27.7,  28.8,   1.7,  27.68,  28.09,    16.12,  189.18,   52.81,  30.50, 2487.7,    0.74,  330.59,  361.62,  361.26,  341.64,  344.77,  343.38, 1457.80, 1518.84, 1486.19, 1468.60, 1465.31, 1465.26, 1543.59, 1539.22,  7267.0, 170,  GPS,   23.9, 113.60, 110.60, 119.450, 121.500, -0.001,       ,  24.33, -56.8,    5.3,   23.9,  -14.0,      1,   GPS,    ALT,  -0.0,   0.5,   3.9, 3DDiff, 3704,      ,     14,  21.5,     20
2018-08-27, 17:10:35,  -04:00,    ORW,   41.4693794,  -72.0196075,  7001.2, 30.02,  7369.2,  17.2, 146.76, 157.53,    1.29,   0.49,   0.00,  -0.00,  -0.01,  16.4,  24.0,  27.7,  28.8,   1.8,  27.68,  28.09,    16.15,  189.17,   52.67,  30.49, 2485.6,    0.75,  330.61,  361.60,  361.26,  341.62,  344.93,  343.36, 1457.69, 1519.18, 1486.16, 1468.98, 1465.27, 1465.48, 1543.38, 1539.58,  7267.1, 169,  GPS,   23.9, 113.60, 110.60, 119.450, 121.500, -0.001,       ,  24.33, -56.7,    5.3,   23.9,  -14.0,      1,   GPS,    ALT,  -0.0,   0.5,  -3.9, 3DDiff, 3704,      ,     14,  21.5,     20
2018-08-27, 17:10:36,  -04:00,    ORW,   41.4701004,  -72.0194397,  7002.2, 30.02,  7369.1,  17.2, 146.80, 157.47,   11.52,   0.51,  -0.04,   0.01,  -0.01,  16.4,  24.0,  27.7,  28.8,   1.8,  27.68,  28.07,    16.14,  189.18,   52.55,  30.48, 2487.4,    0.75,  330.61,  361.62,  361.29,  341.61,  345.08,  343.35, 1457.05, 1519.26, 1485.85, 1468.91, 1465.36, 1464.51, 1543.16, 1538.88,  7266.9, 170,  GPS,   23.9, 113.60, 110.60, 119.450, 121.500, -0.001,       ,  24.34, -56.6,    5.3,   23.9,  -14.0,      1,   GPS,    ALT,  -0.0,   0.5, -11.8, 3DDiff, 3704,      ,     14,  21.5,     20
2018-08-27, 17:10:37,  -04:00,    ORW,   41.4708176,  -72.0192719,  7001.2, 30.02,  7368.7,  17.2, 146.73, 157.41,    1.29,   0.48,  -0.09,   0.00,   0.00,  16.3,  24.0,  27.7,  28.8,   1.8,  27.69,  28.07,    16.16,  189.16,   52.61,  30.49, 2483.5,    0.75,  330.62,  361.60,  361.28,  341.59,  345.20,  343.33, 1457.75, 1519.21, 1486.01, 1468.47, 1465.03, 1465.01, 1543.33, 1539.01,  7266.5, 169,  GPS,   23.9, 113.60, 110.60, 119.450, 121.500, -0.001,       ,  24.35, -56.5,    5.2,   23.9,  -14.0,      1,   GPS,    ALT,  -0.1,   0.5, -15.7, 3DDiff, 3704,      ,     14,  21.5,     20
2018-08-27, 17:10:38,  -04:00,    ORW,   41.4715347,  -72.0191040,  7001.2, 30.02,  7368.1,  17.2, 146.67, 157.35,   -8.07,   0.51,  -0.12,  -0.00,   0.00,  16.4,  24.0,  27.7,  28.8,   1.8,  27.69,  28.05,    16.15,  189.16,   52.78,  30.50, 2485.1,    0.75,  330.62,  361.62,  361.26,  341.58,  345.30,  343.32, 1458.44, 1518.24, 1486.10, 1468.16, 1464.23, 1464.50, 1542.61, 1539.42,  7266.0, 169,  GPS,   23.9, 113.60, 110.60, 119.450, 121.500, -0.001,       ,  24.36, -56.4,    5.2,   23.9,  -14.0,      1,   GPS,    ALT,  -0.1,   0.5, -27.6, 3DDiff, 3704,      ,     14,  22.0,     20
2018-08-27, 17:10:39,  -04:00,    ORW,   41.4722519,  -72.0189362,  7000.2, 30.02,  7368.0,  17.2, 146.61, 157.30,  -30.73,   0.54,  -0.08,  -0.00,  -0.00,  16.4,  24.0,  27.7,  28.8,   1.7,  27.70,  28.03,    16.12,  189.16,   52.79,  30.46, 2487.1,    0.74,  330.59,  361.59,  361.28,  341.58,  345.39,  343.30, 1458.18, 1518.58, 1485.54, 1467.79, 1464.05, 1464.93, 1542.89, 1538.75,  7265.9, 169,  GPS,   23.9, 113.60, 110.60, 119.450, 121.500, -0.001,       ,  24.37, -56.3,    5.1,   23.9,  -14.0,      1,   GPS,    ALT,  -0.1,   0.5, -23.6, 3DDiff, 3704,      ,     14,  22.5,     20
2018-08-27, 17:10:40,  -04:00,    ORW,   41.4729691,  -72.0187759,  7000.2, 30.02,  7368.5,  17.2, 146.60, 157.22,  -17.42,   0.57,  -0.09,   0.00,   0.00,  16.4,  24.0,  27.7,  28.8,   1.8,  27.72,  28.01,    16.12,  189.15,   52.66,  30.44, 2484.4,    0.74,  330.62,  361.60,  361.26,  341.58,  345.49,  343.27, 1458.26, 1518.32, 1485.27, 1466.07, 1463.11, 1462.31, 1541.53, 1538.30,  7266.4, 169,  GPS,   23.9, 113.60, 110.60, 119.450, 121.500, -0.001,       ,  24.39, -56.2,    5.1,   23.9,  -14.0,      1,   GPS,    ALT,  -0.1,   0.6, -15.7, 3DDiff, 3704,      ,     14,  21.5,     20
2018-08-27, 17:10:41,  -04:00,    ORW,   41.4736862,  -72.0186005,  7000.2, 30.02,  7368.0,  17.2, 146.37, 157.14,  -33.60,   0.64,  -0.14,   0.00,   0.00,  16.4,  23.9,  27.7,  28.8,   1.8,  27.73,  28.00,    16.13,  189.14,   52.72,  30.48, 2486.9,    0.74,  330.64,  361.59,  361.26,  341.55,  345.58,  343.26, 1458.89, 1517.72, 1485.58, 1466.18, 1462.53, 1462.66, 1541.54, 1538.52,  7265.8, 169,  GPS,   23.9, 113.60, 110.60, 119.450, 121.500, -0.001,       ,  24.40, -56.1,    5.0,   23.9,  -14.0,      1,   GPS,    ALT,  -0.1,   0.6,  -7.9, 3DDiff, 3704,      ,     14,  21.5,     20
2018-08-27, 17:10:42,  -04:00,    ORW,   41.4744034,  -72.0184402,  7001.2, 30.02,  7368.0,  17.2, 146.23, 157.04,  -11.14,   0.65,  -0.09,  -0.00,  -0.00,  16.4,  23.9,  27.7,  28.8,   1.8,  27.74,  27.99,    16.17,  189.15,   52.67,  30.47, 2486.1,    0.75,  330.62,  361.59,  361.28,  341.55,  345.66,  343.28, 1458.29, 1518.17, 1485.23, 1466.38, 1462.66, 1463.06, 1541.66, 1538.19,  7265.9, 169,  GPS,   23.9, 113.60, 110.60, 119.450, 121.500, -0.001,       ,  24.42, -56.0,    5.0,   23.9,  -14.0,      1,   GPS,    ALT,  -0.1,   0.6,   0.0, 3DDiff, 3704,      ,     14,  21.5,     20
2018-08-27, 17:10:43,  -04:00,    ORW,   41.4751205,  -72.0182648,  7001.2, 30.02,  7368.0,  17.2, 146.17, 156.97,    0.96,   0.62,  -0.05,   0.00,  -0.01,  16.4,  23.9,  27.7,  28.8,   1.8,  27.76,  27.98,    16.16,  189.15,   52.68,  30.44, 2487.9,    0.75,  330.62,  361.59,  361.29,  341.55,  345.69,  343.26, 1457.39, 1517.27, 1485.51, 1466.24, 1463.18, 1462.53, 1541.52, 1538.41,  7265.9, 169,  GPS,   23.9, 113.60, 110.60, 119.450, 121.500, -0.001,       ,  24.44, -55.9,    4.9,   23.9,  -14.0,      1,   GPS,    ALT,  -0.0,   0.6,   3.9, 3DDiff, 3704,      ,     14,  21.5,     20
2018-08-27, 17:10:44,  -04:00,    ORW,   41.4758339,  -72.0181046,  7000.2, 30.02,  7367.9,  17.2, 146.06, 156.89,   -7.05,   0.62,  -0.13,  -0.01,  -0.00,  16.4,  23.9,  27.7,  28.8,   1.8,  27.76,  27.97,    16.15,  189.15,   52.85,  30.44, 2485.4,    0.75,  330.64,  361.59,  361.27,  341.55,  345.73,  343.26, 1457.27, 1517.00, 1485.31, 1466.88, 1463.88, 1464.38, 1541.93, 1538.49,  7265.7, 169,  GPS,   23.9, 113.60, 110.60, 119.450, 121.500, -0.001,       ,  24.45, -55.8,    4.9,   23.9,  -14.0,      1,   GPS,    ALT,  -0.0,   0.6,  -7.9, 3DDiff, 3704,      ,     14,  22.0,     20
2018-08-27, 17:10:45,  -04:00,    ORW,   41.4765511,  -72.0179367,  7000.2, 30.02,  7368.0,  17.2, 146.05, 156.83,   -5.29,   0.67,  -0.01,  -0.00,   0.00,  16.4,  23.9,  27.7,  28.8,   1.8,  27.77,  27.96,    16.13,  189.15,   52.75,  30.50, 2485.9,    0.74,  330.62,  361.59,  361.28,  341.55,  345.76,  343.26, 1458.02, 1516.16, 1486.31, 1467.57, 1464.15, 1464.01, 1542.13, 1539.03,  7265.9, 169,  GPS,   23.9, 113.60, 110.60, 119.450, 121.500, -0.001,       ,  24.46, -55.7,    4.9,   23.9,  -14.0,      1,   GPS,    ALT,  -0.0,   0.6, -11.8, 3DDiff, 3704,      ,     14,  22.5,     20
2018-08-27, 17:10:46,  -04:00,    ORW,   41.4772644,  -72.0177689,  7000.2, 30.02,  7367.5,  17.2, 145.90, 156.77,   -4.75,   0.64,   0.03,  -0.00,   0.00,  16.4,  23.9,  27.7,  28.8,   1.8,  27.76,  27.96,    16.12,  189.15,   52.82,  30.49, 2485.9,    0.74,  330.62,  361.57,  361.25,  341.52,  345.79,  343.23, 1457.99, 1516.65, 1486.46, 1466.90, 1463.95, 1463.51, 1542.03, 1539.34,  7265.3, 169,  GPS,   23.9, 113.60, 110.60, 119.450, 121.500, -0.001,       ,  24.47, -55.6,    4.8,   23.9,  -14.0,      1,   GPS,    ALT,  -0.0,   0.7,  -3.9, 3DDiff, 3704,      ,     14,  22.0,     20
2018-08-27, 17:10:47,  -04:00,    ORW,   41.4779739,  -72.0176010,  7000.2, 30.02,  7367.3,  17.2, 145.80, 156.69,  -23.37,   0.73,  -0.05,  -0.00,   0.02,  16.4,  24.0,  27.7,  28.8,   1.8,  27.76,  27.96,    16.06,  189.16,   52.67,  30.44, 2484.9,    0.74,  330.62,  361.57,  361.23,  341.52,  345.79,  343.23, 1458.63, 1516.61, 1485.98, 1465.36, 1462.94, 1461.97, 1540.48, 1539.70,  7265.2, 168,  GPS,   23.9, 113.60, 110.60, 119.450, 121.500, -0.001,       ,  24.48, -55.6,    4.8,   23.9,  -14.0,      1,   GPS,    ALT,  -0.0,   0.7,  -7.9, 3DDiff, 3704,      ,     14,  21.5,     20
2018-08-27, 17:10:48,  -04:00,    ORW,   41.4786911,  -72.0174332,  6999.2, 30.02,  7367.5,  17.2, 145.47, 156.62,  -24.83,   0.68,  -0.08,  -0.00,  -0.01,  16.4,  24.0,  27.7,  28.8,   1.8,  27.76,  27.96,    16.08,  189.17,   52.76,  30.43, 2486.3,    0.74,  330.64,  361.56,  361.23,  341.54,  345.77,  343.22, 1458.59, 1516.48, 1485.88, 1465.60, 1461.94, 1461.32, 1540.46, 1539.05,  7265.3, 168,  GPS,   23.9, 113.60, 110.60, 119.450, 121.500, -0.001,       ,  24.48, -55.5,    4.7,   23.9,  -14.0,      1,   GPS,    ALT,  -0.0,   0.7,   3.9, 3DDiff, 3704,      ,     14,  21.5,     20
2018-08-27, 17:10:49,  -04:00,    ORW,   41.4794044,  -72.0172729,  7000.2, 30.02,  7367.4,  17.2, 145.50, 156.54,    0.11,   0.70,  -0.07,   0.00,  -0.00,  16.4,  24.0,  27.7,  28.8,   1.8,  27.76,  27.96,    16.24,  189.19,   52.68,  30.46, 2486.3,    0.75,  330.62,  361.56,  361.23,  341.52,  345.79,  343.22, 1458.40, 1518.10, 1486.07, 1466.13, 1461.96, 1459.40, 1540.83, 1538.71,  7265.3, 168,  GPS,   23.9, 113.60, 110.60, 119.450, 121.500, -0.001,       ,  24.48, -55.4,    4.7,   23.9,  -14.0,      1,   GPS,    ALT,  -0.1,   0.7,   0.0, 3DDiff, 3704,      ,     14,  22.0,     20
2018-08-27, 17:10:50,  -04:00,    ORW,   41.4801178,  -72.0170975,  7000.2, 30.02,  7367.5,  17.2, 145.56, 156.46,   -0.72,   0.68,   0.01,   0.00,  -0.00,  16.4,  24.0,  27.7,  28.8,   1.8,  27.76,  27.95,    16.17,  189.21,   52.48,  30.44, 2483.8,    0.75,  330.62,  361.54,  361.22,  341.52,  345.76,  343.25, 1459.09, 1517.86, 1485.48, 1466.91, 1461.22, 1459.84, 1540.52, 1538.53,  7265.3, 168,  GPS,   23.9, 113.60, 110.60, 119.450, 121.500, -0.001,       ,  24.48, -55.4,    4.6,   23.9,  -14.0,      1,   GPS,    ALT,  -0.1,   0.7,   7.9, 3DDiff, 3704,      ,     14,  22.0,     20
2018-08-27, 17:10:51,  -04:00,    ORW,   41.4808273,  -72.0169373,  7000.2, 30.02,  7367.3,  17.2, 145.31, 156.40,   -5.88,   0.69,  -0.07,  -0.00,  -0.01,  16.4,  24.0,  27.7,  28.8,   1.8,  27.76,  27.95,    16.12,  189.22,   52.58,  30.44, 2484.8,    0.74,  330.64,  361.56,  361.22,  341.52,  345.79,  343.26, 1458.66, 1517.86, 1486.15, 1467.55, 1462.86, 1459.76, 1540.55, 1539.05,  7265.2, 168,  GPS,   23.9, 113.60, 110.60, 119.450, 121.500, -0.001,       ,  24.48, -55.3,    4.6,   23.9,  -14.0,      1,   GPS,    ALT,  -0.1,   0.7,   3.9, 3DDiff, 3704,      ,     14,  22.5,     20
2018-08-27, 17:10:52,  -04:00,    ORW,   41.4815407,  -72.0167618,  7001.2, 30.02,  7368.2,  17.2, 145.32, 156.34,    5.19,   0.68,  -0.07,   0.00,  -0.01,  16.4,  24.0,  27.7,  28.8,   1.8,  27.76,  27.96,    16.17,  189.22,   52.79,  30.48, 2486.9,    0.75,  330.62,  361.54,  361.20,  341.52,  345.79,  343.26, 1460.00, 1518.16, 1486.51, 1467.80, 1463.24, 1459.95, 1541.37, 1540.15,  7266.1, 168,  GPS,   23.9, 113.60, 110.60, 119.450, 121.500, -0.001,       ,  24.48, -55.3,    4.6,   23.9,  -14.0,      1,   GPS,    ALT,  -0.1,   0.7,   3.9, 3DDiff, 3704,      ,     14,  21.5,     20
2018-08-27, 17:10:53,  -04:00,    ORW,   41.4822578,  -72.0166016,  7000.2, 30.02,  7368.2,  17.2, 145.19, 156.27,   -3.94,   0.67,  -0.12,   0.00,   0.00,  16.4,  24.0,  27.7,  28.8,   1.8,  27.76,  27.97,    16.18,  189.22,   52.65,  30.50, 2485.5,    0.75,  330.64,  361.53,  361.20,  341.54,  345.74,  343.24, 1460.64, 1517.88, 1486.38, 1467.77, 1463.19, 1461.54, 1541.67, 1540.01,  7266.0, 168,  GPS,   23.9, 113.60, 110.60, 119.450, 121.500, -0.001,       ,  24.47, -55.3,    4.5,   23.9,  -14.0,      1,   GPS,    ALT,  -0.1,   0.7,   0.0, 3DDiff, 3704,      ,     14,  21.5,     20
2018-08-27, 17:10:54,  -04:00,    ORW,   41.4829712,  -72.0164337,  7000.2, 30.02,  7368.1,  17.2, 145.14, 156.21,   -8.69,   0.71,  -0.11,  -0.00,   0.00,  16.4,  24.0,  27.7,  28.8,   1.8,  27.75,  27.96,    16.12,  189.21,   52.65,  30.48, 2486.4,    0.74,  330.62,  361.53,  361.19,  341.54,  345.73,  343.24, 1460.28, 1518.30, 1486.33, 1468.41, 1463.38, 1462.84, 1542.64, 1540.15,  7266.0, 168,  GPS,   23.9, 113.60, 110.60, 119.450, 121.500, -0.001,       ,  24.47, -55.2,    4.5,   23.9,  -14.0,      1,   GPS,    ALT,  -0.1,   0.7,  -3.9, 3DDiff, 3704,      ,     14,  22.5,     20
2018-08-27, 17:10:55,  -04:00,    ORW,   41.4836807,  -72.0162735,  7000.2, 30.02,  7368.2,  17.2, 145.10, 156.15,   -2.73,   0.70,  -0.07,   0.00,  -0.01,  16.3,  24.0,  27.7,  28.8,   1.8,  27.75,  27.96,    16.08,  189.22,   52.58,  30.46, 2483.1,    0.74,  330.62,  361.53,  361.17,  341.55,  345.73,  343.22, 1460.21, 1518.40, 1485.63, 1467.90, 1462.69, 1462.86, 1542.38, 1539.35,  7266.0, 168,  GPS,   23.9, 113.60, 110.60, 119.450, 121.500, -0.001,       ,  24.46, -55.2,    4.4,   23.9,  -14.0,      1,   GPS,    ALT,  -0.1,   0.7,   0.0, 3DDiff, 3704,      ,     14,  22.5,     20
2018-08-27, 17:10:56,  -04:00,    ORW,   41.4843941,  -72.0160980,  6999.2, 30.02,  7368.4,  17.5, 144.98, 156.09,  -26.82,   0.75,  -0.09,   0.00,   0.01,  16.3,  24.0,  27.7,  28.8,   1.8,  27.74,  27.97,    16.08,  189.22,   52.58,  30.49, 2484.3,    0.74,  330.64,  361.53,  361.16,  341.55,  345.70,  343.21, 1460.59, 1518.34, 1485.05, 1467.76, 1462.53, 1463.20, 1542.26, 1539.47,  7266.3, 167,  GPS,   23.9, 113.60, 110.60, 119.450, 121.500, -0.001,       ,  24.46, -55.2,    4.4,   23.9,  -14.0,      1,   GPS,    ALT,  -0.1,   0.7,   3.9, 3DDiff, 3704,      ,     14,  22.5,     20
2018-08-27, 17:10:57,  -04:00,    ORW,   41.4851036,  -72.0159378,  7000.2, 30.02,  7368.7,  17.5, 144.89, 156.01,  -13.16,   0.76,  -0.14,   0.00,  -0.00,  16.3,  24.0,  27.7,  28.8,   1.8,  27.73,  27.97,    16.17,  189.23,   52.60,  30.45, 2487.6,    0.75,  330.62,  361.50,  361.16,  341.53,  345.68,  343.18, 1460.65, 1517.91, 1484.95, 1468.52, 1463.75, 1462.08, 1542.03, 1538.83,  7266.5, 167,  GPS,   23.9, 113.60, 110.60, 119.450, 121.500, -0.001,       ,  24.45, -55.2,    4.3,   23.9,  -14.0,      1,   GPS,    ALT,  -0.1,   0.7,   7.9, 3DDiff, 3704,      ,     14,  23.5,     20
2018-08-27, 17:10:58,  -04:00,    ORW,   41.4858131,  -72.0157700,  7001.2, 30.02,  7368.3,  17.5, 144.86, 155.94,   17.91,   0.74,  -0.12,  -0.00,  -0.01,  16.3,  24.0,  27.7,  28.8,   1.8,  27.74,  27.97,    16.12,  189.23,   52.76,  30.44, 2487.7,    0.74,  330.62,  361.50,  361.17,  341.55,  345.64,  343.15, 1460.79, 1518.29, 1484.79, 1467.89, 1463.79, 1462.09, 1542.27, 1539.93,  7266.1, 167,  GPS,   23.9, 113.60, 110.60, 119.450, 121.500, -0.001,       ,  24.45, -55.2,    4.3,   23.9,  -14.0,      1,   GPS,    ALT,  -0.1,   0.7,   7.9, 3DDiff, 3704,      ,     14,  22.5,     20
2018-08-27, 17:10:59,  -04:00,    ORW,   41.4865265,  -72.0156021,  7001.2, 30.02,  7368.0,  17.5, 144.84, 155.88,   10.00,   0.69,  -0.15,   0.00,  -0.01,  16.3,  23.8,  27.7,  28.8,   1.8,  27.73,  27.97,    16.10,  189.23,   52.83,  30.45, 2484.4,    0.74,  330.62,  361.50,  361.17,  341.55,  345.64,  343.14, 1460.72, 1518.68, 1484.70, 1466.92, 1463.74, 1461.04, 1541.97, 1539.42,  7265.8, 167,  GPS,   23.9, 113.60, 110.60, 119.450, 121.500, -0.001,       ,  24.44, -55.2,    4.3,   23.9,  -14.0,      1,   GPS,    ALT,  -0.1,   0.7,  -3.9, 3DDiff, 3704,      ,     14,  22.0,     20
2018-08-27, 17:11:00,  -04:00,    ORW,   41.4872360,  -72.0154419,  7001.2, 30.02,  7367.7,  17.5, 144.74, 155.82,   -7.38,   0.74,  -0.12,   0.00,   0.01,  16.3,  23.9,  27.7,  28.8,   1.8,  27.73,  27.96,    16.11,  189.22,   52.97,  30.47, 2487.9,    0.74,  330.61,  361.50,  361.17,  341.55,  345.58,  343.11, 1460.95, 1518.58, 1485.29, 1467.52, 1464.10, 1462.56, 1542.67, 1540.26,  7265.6, 167,  GPS,   23.9, 113.60, 110.60, 119.450, 121.500, -0.001,       ,  24.44, -55.3,    4.2,   23.9,  -14.0,      1,   GPS,    ALT,  -0.1,   0.7, -11.8, 3DDiff, 3704,      ,     14,  22.0,     20
2018-08-27, 17:11:01,  -04:00,    ORW,   41.4879494,  -72.0152740,  7001.2, 30.02,  7367.5,  17.5, 144.74, 155.80,   13.76,   0.70,  -0.09,  -0.00,  -0.00,  16.3,  23.9,  27.7,  28.8,   1.8,  27.74,  27.96,    16.09,  189.23,   52.71,  30.46, 2486.3,    0.74,  330.62,  361.47,  361.17,  341.53,  345.55,  343.09, 1460.93, 1518.14, 1486.12, 1467.25, 1464.95, 1461.32, 1542.48, 1540.03,  7265.4, 167,  GPS,   23.9, 113.60, 110.60, 119.450, 121.500, -0.001,       ,  24.43, -55.3,    4.2,   23.9,  -14.0,      1,   GPS,    ALT,  -0.0,   0.7,  -7.9, 3DDiff, 3704,      ,     14,  22.5,     20
2018-08-27, 17:11:02,  -04:00,    ORW,   41.4886589,  -72.0151062,  7001.2, 30.02,  7367.2,  17.5, 144.69, 155.76,    0.43,   0.71,  -0.08,  -0.00,  -0.00,  16.3,  23.9,  27.7,  28.8,   1.8,  27.74,  27.96,    16.08,  189.22,   52.76,  30.43, 2483.3,    0.74,  330.59,  361.47,  361.17,  341.55,  345.54,  343.11, 1459.91, 1517.75, 1485.71, 1466.76, 1464.05, 1460.62, 1541.54, 1539.46,  7265.1, 167,  GPS,   23.9, 113.60, 110.60, 119.450, 121.500, -0.001,       ,  24.43, -55.3,    4.1,   23.9,  -14.0,      1,   GPS,    ALT,  -0.0,   0.7, -11.8, 3DDiff, 3704,      ,     14,  22.5,     20
2018-08-27, 17:11:03,  -04:00,    ORW,   41.4893646,  -72.0149460,  7001.2, 30.02,  7366.8,  17.5, 144.66, 155.72,    0.01,   0.69,  -0.02,   0.00,   0.00,  16.3,  23.9,  27.7,  28.8,   1.8,  27.74,  27.96,    16.19,  189.24,   52.73,  30.48, 2485.5,    0.75,  330.61,  361.44,  361.17,  341.55,  345.49,  343.10, 1460.91, 1518.66, 1485.75, 1468.25, 1464.19, 1461.95, 1542.89, 1540.17,  7264.6, 167,  GPS,   23.9, 113.60, 110.60, 119.450, 121.500, -0.001,       ,  24.42, -55.3,    4.1,   23.9,  -14.0,      1,   GPS,    ALT,  -0.0,   0.7, -15.7, 3DDiff, 3704,      ,     14,  23.5,     20
2018-08-27, 17:11:04,  -04:00,    ORW,   41.4900780,  -72.0147858,  7000.2, 30.02,  7367.1,  17.5, 144.50, 155.68,  -19.61,   0.63,  -0.01,   0.00,  -0.00,  16.3,  23.9,  27.7,  28.8,   1.8,  27.74,  27.96,    16.14,  189.24,   52.72,  30.45, 2484.6,    0.74,  330.59,  361.46,  361.19,  341.56,  345.44,  343.11, 1460.30, 1517.82, 1486.13, 1468.20, 1463.57, 1462.41, 1542.49, 1539.56,  7265.0, 167,  GPS,   23.9, 113.60, 110.60, 119.450, 121.500, -0.001,       ,  24.41, -55.4,    4.0,   23.9,  -14.0,      1,   GPS,    ALT,  -0.0,   0.7, -15.7, 3DDiff, 3704,      ,     14,  22.5,     20
2018-08-27, 17:11:05,  -04:00,    ORW,   41.4907875,  -72.0146103,  7001.2, 30.02,  7366.6,  17.5, 144.59, 155.68,  -22.64,   0.70,  -0.05,  -0.00,  -0.00,  16.3,  23.9,  27.7,  28.8,   1.8,  27.73,  27.97,    16.10,  189.28,   52.48,  30.46, 2484.5,    0.74,  330.59,  361.42,  361.16,  341.57,  345.42,  343.11, 1460.24, 1516.75, 1486.38, 1468.14, 1463.90, 1463.01, 1542.66, 1539.24,  7264.5, 167,  GPS,   23.9, 113.60, 110.60, 119.450, 121.500, -0.001,       ,  24.40, -55.4,    4.0,   23.9,  -14.0,      1,   GPS,    ALT,  -0.0,   0.7, -15.7, 3DDiff, 3704,      ,     14,  22.0,     20
2018-08-27, 17:11:06,  -04:00,    ORW,   41.4914970,  -72.0144501,  7000.2, 30.02,  7366.6,  17.5, 144.40, 155.66,  -29.28,   0.71,  -0.02,   0.00,   0.00,  16.3,  23.9,  27.7,  28.8,   1.8,  27.73,  27.97,    16.11,  189.26,   52.48,  30.52, 2485.4,    0.74,  330.59,  361.44,  361.14,  341.58,  345.39,  343.11, 1460.83, 1518.50, 1486.55, 1469.85, 1465.07, 1463.64, 1544.17, 1540.10,  7264.5, 167,  GPS,   23.9, 113.60, 110.60, 119.450, 121.500, -0.001,       ,  24.39, -55.4,    4.0,   23.9,  -14.0,      1,   GPS,    ALT,  -0.0,   0.7,   0.0, 3DDiff, 3704,      ,     14,  22.0,     20
2018-08-27, 17:11:07,  -04:00,    ORW,   41.4922028,  -72.0142822,  7000.2, 30.02,  7366.6,  17.5, 144.55, 155.62,  -11.25,   0.71,  -0.09,   0.00,   0.00,  16.4,  23.9,  27.7,  28.8,   1.8,  27.73,  27.98,    16.15,  189.26,   52.47,  30.49, 2486.8,    0.75,  330.59,  361.44,  361.13,  341.58,  345.37,  343.13, 1461.11, 1518.75, 1487.26, 1469.04, 1464.97, 1464.74, 1544.21, 1540.09,  7264.5, 167,  GPS,   23.9, 113.60, 110.60, 119.450, 121.500, -0.001,       ,  24.38, -55.4,    3.9,   23.9,  -14.0,      1,   GPS,    ALT,  -0.0,   0.7,   3.9, 3DDiff, 3704,      ,     14,  22.5,     20
2018-08-27, 17:11:08,  -04:00,    ORW,   41.4929199,  -72.0141220,  6999.2, 30.02,  7366.9,  17.5, 144.40, 155.60,  -36.66,   0.76,  -0.08,  -0.00,   0.01,  16.4,  23.9,  27.7,  28.8,   1.8,  27.72,  27.98,    16.19,  189.26,   52.50,  30.51, 2484.0,    0.75,  330.56,  361.44,  361.10,  341.60,  345.31,  343.11, 1460.99, 1518.34, 1486.94, 1468.95, 1465.49, 1464.72, 1544.23, 1540.29,  7264.7, 167,  GPS,   23.9, 113.60, 110.60, 119.450, 121.500, -0.001,       ,  24.37, -55.5,    3.9,   23.9,  -14.0,      1,   GPS,    ALT,  -0.0,   0.7,   7.9, 3DDiff, 3704,      ,     14,  22.5,     20
2018-08-27, 17:11:09,  -04:00,    ORW,   41.4936295,  -72.0139542,  7000.2, 30.02,  7368.1,  17.5, 144.48, 155.57,   -6.32,   0.76,  -0.08,  -0.00,  -0.01,  16.4,  23.9,  27.7,  28.8,   1.8,  27.72,  27.98,    16.14,  189.26,   52.79,  30.47, 2484.7,    0.75,  330.58,  361.44,  361.07,  341.59,  345.28,  343.08, 1460.98, 1517.78, 1487.35, 1469.88, 1465.74, 1463.64, 1544.30, 1539.97,  7265.9, 167,  GPS,   23.9, 113.60, 110.60, 119.450, 121.500, -0.001,       ,  24.36, -55.5,    3.8,   23.9,  -14.0,      1,   GPS,    ALT,  -0.0,   0.8,  19.7, 3DDiff, 3704,      ,     14,  23.0,     20
2018-08-27, 17:11:10,  -04:00,    ORW,   41.4943390,  -72.0137863,  7001.2, 30.02,  7368.1,  17.5, 144.41, 155.53,   11.91,   0.71,  -0.05,   0.00,  -0.00,  16.4,  23.9,  27.7,  28.8,   1.8,  27.72,  27.98,    16.07,  189.26,   52.77,  30.52, 2484.4,    0.74,  330.58,  361.44,  361.02,  341.61,  345.25,  343.11, 1461.43, 1518.15, 1486.36, 1471.31, 1464.68, 1464.69, 1544.82, 1540.32,  7265.9, 167,  GPS,   23.9, 113.60, 110.60, 119.450, 121.500, -0.001,       ,  24.34, -55.5,    3.8,   23.9,  -14.0,      1,   GPS,    ALT,  -0.0,   0.7,  27.6, 3DDiff, 3704,      ,     14,  22.5,     20
2018-08-27, 17:11:11,  -04:00,    ORW,   41.4950447,  -72.0136185,  7001.2, 30.02,  7368.5,  17.5, 144.34, 155.49,   18.15,   0.66,  -0.02,  -0.00,  -0.01,  16.3,  23.9,  27.7,  28.8,   1.8,  27.72,  27.98,    16.16,  189.26,   52.35,  30.46, 2484.2,    0.75,  330.58,  361.44,  361.01,  341.64,  345.22,  343.11, 1461.75, 1519.34, 1486.17, 1471.75, 1464.83, 1465.35, 1544.82, 1540.71,  7266.4, 167,  GPS,   23.9, 113.60, 110.60, 119.450, 121.500, -0.001,       ,  24.33, -55.6,    3.7,   23.9,  -14.0,      1,   GPS,    ALT,  -0.0,   0.7,  15.7, 3DDiff, 3704,      ,     14,  22.0,     20
2018-08-27, 17:11:12,  -04:00,    ORW,   41.4957542,  -72.0134583,  7001.2, 30.02,  7368.7,  17.5, 144.34, 155.51,    4.61,   0.64,  -0.05,  -0.00,  -0.01,  16.3,  23.9,  27.7,  28.8,   1.7,  27.71,  27.98,    16.09,  189.29,   52.61,  30.46, 2485.4,    0.74,  330.56,  361.45,  360.96,  341.65,  345.18,  343.11, 1459.96, 1520.30, 1486.71, 1471.84, 1465.48, 1463.76, 1544.51, 1540.22,  7266.6, 167,  GPS,   23.9, 113.60, 110.60, 119.450, 121.500, -0.001,       ,  24.31, -55.6,    3.7,   23.9,  -14.0,      1,   GPS,    ALT,  -0.0,   0.7,   7.9, 3DDiff, 3704,      ,     14,  22.0,     20
2018-08-27, 17:11:13,  -04:00,    ORW,   41.4964638,  -72.0132980,  7001.2, 30.02,  7368.9,  17.5, 144.33, 155.51,    2.39,   0.63,  -0.05,   0.01,  -0.01,  16.3,  23.9,  27.7,  28.8,   1.8,  27.71,  27.98,    16.10,  189.31,   52.73,  30.48, 2486.8,    0.74,  330.56,  361.47,  360.92,  341.67,  345.15,  343.13, 1460.12, 1519.85, 1486.38, 1471.12, 1466.41, 1464.58, 1544.88, 1539.77,  7266.8, 167,  GPS,   23.9, 113.60, 110.60, 119.450, 121.500, -0.001,       ,  24.30, -55.6,    3.6,   23.9,  -14.0,      1,   GPS,    ALT,  -0.0,   0.6,   7.9, 3DDiff, 3704,      ,     14,  22.5,     20
2018-08-27, 17:11:14,  -04:00,    ORW,   41.4971733,  -72.0131302,  7001.2, 30.02,  7369.1,  17.2, 144.41, 155.51,    1.31,   0.60,  -0.05,   0.00,   0.01,  16.3,  23.9,  27.7,  28.8,   1.8,  27.71,  27.97,    16.11,  189.33,   52.81,  30.44, 2484.7,    0.74,  330.56,  361.44,  360.91,  341.67,  345.12,  343.14, 1460.48, 1519.73, 1486.11, 1469.42, 1465.14, 1464.27, 1544.36, 1540.04,  7267.0, 167,  GPS,   23.9, 113.60, 110.60, 119.450, 121.500, -0.001,       ,  24.28, -55.7,    3.6,   23.9,  -14.0,      1,   GPS,    ALT,  -0.0,   0.6,   7.9, 3DDiff, 3704,      ,     14,  22.5,     20
2018-08-27, 17:11:15,  -04:00,    ORW,   41.4978828,  -72.0129700,  7001.2, 30.02,  7369.7,  17.2, 144.37, 155.53,    0.22,   0.56,  -0.02,  -0.00,  -0.00,  16.3,  23.9,  27.7,  28.8,   1.8,  27.71,  27.96,    16.06,  189.32,   52.90,  30.43, 2487.9,    0.74,  330.56,  361.46,  360.88,  341.67,  345.09,  343.13, 1459.13, 1519.36, 1486.30, 1469.03, 1464.08, 1464.92, 1543.77, 1539.70,  7267.6, 167,  GPS,   23.9, 113.60, 110.60, 119.450, 121.500, -0.001,       ,  24.27, -55.7,    3.6,   23.9,  -14.0,      1,   GPS,    ALT,  -0.0,   0.6,   7.9, 3DDiff, 3704,      ,     14,  23.0,     20
2018-08-27, 17:11:16,  -04:00,    ORW,   41.4985924,  -72.0128021,  7002.2, 30.02,  7370.6,  17.2, 144.41, 155.55,    3.15,   0.52,  -0.01,   0.00,  -0.02,  16.3,  23.9,  27.7,  28.8,   1.8,  27.71,  27.96,    16.04,  189.31,   52.59,  30.45, 2486.0,    0.74,  330.55,  361.44,  360.83,  341.70,  345.03,  343.13, 1460.03, 1518.11, 1486.87, 1469.16, 1465.06, 1464.67, 1542.98, 1540.47,  7268.5, 167,  GPS,   23.9, 113.60, 110.60, 119.450, 121.500, -0.001,       ,  24.25, -55.7,    3.5,   23.9,  -14.0,      1,   GPS,    ALT,  -0.0,   0.6,   3.9, 3DDiff, 3704,      ,     14,  22.0,     20
2018-08-27, 17:11:17,  -04:00,    ORW,   41.4993057,  -72.0126419,  7001.2, 30.02,  7370.6,  17.2, 144.33, 155.60,   -3.81,   0.51,  -0.05,   0.00,   0.00,  16.3,  23.9,  27.7,  28.8,   1.8,  27.71,  27.95,    16.12,  189.32,   52.58,  30.47, 2485.3,    0.74,  330.56,  361.44,  360.79,  341.68,  345.01,  343.14, 1459.53, 1517.40, 1487.39, 1470.02, 1465.63, 1464.06, 1543.30, 1539.56,  7268.4, 167,  GPS,   23.9, 113.60, 110.60, 119.450, 121.500, -0.001,       ,  24.24, -55.8,    3.5,   23.9,  -14.0,      1,   GPS,    ALT,  -0.0,   0.5,  -3.9, 3DDiff, 3704,      ,     14,  22.0,     20
2018-08-27, 17:11:18,  -04:00,    ORW,   41.5000153,  -72.0124741,  7000.2, 30.02,  7370.5,  17.2, 144.38, 155.66,  -32.08,   0.53,  -0.04,  -0.00,   0.00,  16.3,  23.9,  27.7,  28.8,   1.8,  27.72,  27.94,    16.12,  189.31,   52.76,  30.44, 2485.1,    0.74,  330.58,  361.44,  360.74,  341.73,  344.97,  343.12, 1459.33, 1518.27, 1486.83, 1470.80, 1464.93, 1463.42, 1544.01, 1539.31,  7268.4, 167,  GPS,   23.9, 113.60, 110.60, 119.450, 121.500, -0.001,       ,  24.22, -55.8,    3.4,   23.9,  -14.0,      1,   GPS,    ALT,  -0.0,   0.5,  -7.9, 3DDiff, 3704,      ,     14,  22.0,     20
2018-08-27, 17:11:19,  -04:00,    ORW,   41.5007248,  -72.0123138,  7001.2, 30.02,  7370.7,  17.2, 144.53, 155.70,  -21.56,   0.57,  -0.07,  -0.00,  -0.00,  16.3,  23.9,  27.7,  28.8,   1.8,  27.73,  27.92,    16.10,  189.31,   52.74,  30.46, 2486.0,    0.74,  330.58,  361.43,  360.70,  341.74,  344.94,  343.09, 1459.49, 1519.33, 1486.61, 1469.62, 1464.62, 1464.71, 1544.16, 1539.09,  7268.6, 167,  GPS,   23.9, 113.60, 110.60, 119.450, 121.500, -0.001,       ,  24.21, -55.8,    3.4,   23.9,  -14.0,      1,   GPS,    ALT,  -0.0,   0.6,   0.0, 3DDiff, 3704,      ,     14,  22.5,     20
2018-08-27, 17:11:20,  -04:00,    ORW,   41.5014305,  -72.0121460,  7001.2, 30.02,  7371.2,  17.2, 144.60, 155.74,  -12.42,   0.53,  -0.09,   0.01,  -0.01,  16.3,  23.9,  27.7,  28.8,   1.8,  27.74,  27.91,    16.08,  189.31,   52.82,  30.47, 2484.3,    0.74,  330.56,  361.40,  360.65,  341.76,  344.91,  343.08, 1459.59, 1519.74, 1486.80, 1470.45, 1464.70, 1465.36, 1544.72, 1539.63,  7269.0, 167,  GPS,   23.9, 113.60, 110.60, 119.450, 121.500, -0.001,       ,  24.20, -55.8,    3.3,   23.9,  -14.0,      1,   GPS,    ALT,  -0.0,   0.6,  11.8, 3DDiff, 3704,      ,     14,  22.5,     20
2018-08-27, 17:11:21,  -04:00,    ORW,   41.5021439,  -72.0119858,  7001.2, 30.02,  7369.7,  17.2, 144.70, 155.76,  -11.79,   0.55,  -0.02,  -0.00,   0.00,  16.3,  23.9,  27.7,  28.8,   1.8,  27.74,  27.90,    16.10,  189.30,   52.69,  30.45, 2486.0,    0.74,  330.55,  361.41,  360.61,  341.76,  344.88,  343.08, 1460.60, 1519.71, 1486.82, 1469.85, 1464.57, 1463.85, 1544.12, 1539.65,  7267.9, 167,  GPS,   23.9, 113.60, 110.60, 119.450, 121.500, -0.001,       ,  24.19, -55.9,    3.3,   23.9,  -14.0,      1,   GPS,    ALT,  -0.0,   0.5,   7.9, 3DDiff, 3704,      ,     14,  23.0,     20
2018-08-27, 17:11:22,  -04:00,    ORW,   41.5028572,  -72.0118103,  7003.2, 30.02,  7369.0,  17.2, 144.83, 155.80,   17.74,   0.53,  -0.02,  -0.00,  -0.01,  16.3,  23.9,  27.7,  28.8,   1.8,  27.75,  27.88,    16.15,  189.29,   52.58,  30.41, 2484.5,    0.75,  330.56,  361.41,  360.59,  341.79,  344.85,  343.07, 1460.63, 1520.08, 1486.38, 1469.75, 1464.01, 1462.97, 1543.76, 1538.98,  7267.2, 167,  GPS,   23.9, 113.60, 110.60, 119.450, 121.500, -0.001,       ,  24.19, -55.9,    3.3,   23.9,  -14.0,      1,   GPS,    ALT,  -0.0,   0.5,   3.9, 3DDiff, 3704,      ,     14,  22.0,     20
2018-08-27, 17:11:23,  -04:00,    ORW,   41.5035667,  -72.0116501,  7002.2, 30.02,  7368.5,  17.2, 144.78, 155.84,   11.71,   0.47,   0.00,  -0.00,  -0.02,  16.3,  23.9,  27.7,  28.8,   1.8,  27.76,  27.87,    16.20,  189.31,   52.57,  30.46, 2485.1,    0.75,  330.53,  361.38,  360.55,  341.82,  344.82,  343.05, 1460.12, 1519.83, 1486.42, 1470.67, 1465.06, 1463.65, 1544.27, 1538.84,  7266.7, 167,  GPS,   23.9, 113.60, 110.60, 119.450, 121.500, -0.001,       ,  24.18, -55.9,    3.2,   23.9,  -14.0,      1,   GPS,    ALT,  -0.0,   0.5,  -7.9, 3DDiff, 3704,      ,     14,  22.0,     20
2018-08-27, 17:11:24,  -04:00,    ORW,   41.5042763,  -72.0114822,  7002.2, 30.02,  7368.0,  17.2, 144.83, 155.90,  -11.61,   0.53,  -0.02,   0.00,   0.01,  16.3,  23.9,  27.7,  28.8,   1.8,  27.77,  27.86,    16.19,  189.29,   52.52,  30.45, 2484.6,    0.75,  330.55,  361.40,  360.52,  341.83,  344.78,  343.05, 1460.78, 1519.57, 1486.50, 1470.69, 1466.60, 1464.44, 1543.96, 1539.38,  7266.2, 167,  GPS,   23.9, 113.60, 110.60, 119.450, 121.500, -0.001,       ,  24.18, -55.9,    3.2,   23.9,  -14.0,      1,   GPS,    ALT,  -0.0,   0.5, -23.6, 3DDiff, 3704,      ,     14,  22.0,     20
2018-08-27, 17:11:25,  -04:00,    ORW,   41.5049858,  -72.0113220,  7001.2, 30.02,  7367.6,  17.2, 144.83, 156.01,  -17.96,   0.53,  -0.05,  -0.00,  -0.00,  16.3,  23.9,  27.7,  28.8,   1.8,  27.77,  27.85,    16.09,  189.29,   52.62,  30.47, 2484.0,    0.74,  330.55,  361.38,  360.49,  341.86,  344.75,  343.05, 1460.44, 1519.77, 1487.32, 1469.72, 1465.75, 1464.86, 1544.14, 1538.91,  7265.8, 167,  GPS,   23.9, 113.60, 110.60, 119.450, 121.500, -0.001,       ,  24.18, -56.0,    3.1,   23.9,  -14.0,      1,   GPS,    ALT,  -0.0,   0.5, -15.7, 3DDiff, 3704,      ,     14,  22.5,     20
2018-08-27, 17:11:26,  -04:00,    ORW,   41.5056992,  -72.0111465,  7001.2, 30.02,  7367.2,  17.2, 144.84, 155.97,  -19.90,   0.52,  -0.07,   0.00,  -0.01,  16.3,  23.9,  27.7,  28.8,   1.8,  27.78,  27.84,    16.11,  189.30,   52.76,  30.45, 2486.0,    0.74,  330.53,  361.38,  360.47,  341.86,  344.72,  343.04, 1461.08, 1519.60, 1486.99, 1470.36, 1465.48, 1464.69, 1543.94, 1539.06,  7265.4, 167,  GPS,   23.9, 113.60, 110.60, 119.450, 121.500, -0.001,       ,  24.18, -56.0,    3.1,   23.9,  -14.0,      1,   GPS,    ALT,  -0.0,   0.5, -15.7, 3DDiff, 3704,      ,     14,  22.5,     20
2018-08-27, 17:11:27,  -04:00,    ORW,   41.5064125,  -72.0109863,  7000.2, 30.02,  7368.4,  17.2, 144.75, 156.01,  -40.48,   0.62,   0.00,   0.01,   0.01,  16.3,  23.9,  27.7,  28.8,   1.8,  27.79,  27.84,    16.10,  189.31,   52.78,  30.43, 2485.9,    0.74,  330.55,  361.38,  360.45,  341.89,  344.67,  343.02, 1460.51, 1519.54, 1486.49, 1469.48, 1464.69, 1464.27, 1543.72, 1538.65,  7266.6, 167,  GPS,   23.9, 113.60, 110.60, 119.450, 121.500, -0.001,       ,  24.18, -56.0,    3.0,   23.9,  -14.0,      1,   GPS,    ALT,  -0.0,   0.6, -15.7, 3DDiff, 3704,      ,     14,  23.0,     20
2018-08-27, 17:11:28,  -04:00,    ORW,   41.5071220,  -72.0108185,  7000.2, 30.02,  7369.3,  17.2, 144.92, 156.03,  -27.09,   0.65,  -0.01,  -0.00,   0.01,  16.3,  23.9,  27.7,  28.8,   1.8,  27.79,  27.83,    16.14,  189.33,   52.72,  30.45, 2485.3,    0.74,  330.55,  361.38,  360.43,  341.89,  344.64,  342.99, 1460.46, 1520.07, 1486.46, 1469.52, 1464.67, 1463.78, 1544.33, 1539.31,  7267.5, 167,  GPS,   23.9, 113.60, 110.60, 119.450, 121.500, -0.001,       ,  24.18, -56.0,    3.0,   23.9,  -14.0,      1,   GPS,    ALT,  -0.0,   0.6,  -3.9, 3DDiff, 3704,      ,     14,  22.0,     20
2018-08-27, 17:11:29,  -04:00,    ORW,   41.5078316,  -72.0106583,  7000.2, 30.02,  7369.3,  17.2, 144.82, 156.03,  -24.97,   0.65,  -0.02,  -0.01,   0.00,  16.3,  24.0,  27.7,  28.8,   1.8,  27.79,  27.82,    16.12,  189.32,   52.70,  30.47, 2487.1,    0.74,  330.55,  361.38,  360.41,  341.92,  344.58,  343.01, 1461.75, 1520.66, 1486.51, 1468.27, 1464.75, 1463.28, 1544.18, 1540.36,  7267.4, 167,  GPS,   23.9, 113.60, 110.60, 119.450, 121.500, -0.001,       ,  24.18, -56.0,    3.0,   23.9,  -14.0,      1,   GPS,    ALT,  -0.0,   0.6,   3.9, 3DDiff, 3704,      ,     14,  22.0,     20
2018-08-27, 17:11:30,  -04:00,    ORW,   41.5085487,  -72.0104904,  7000.2, 30.02,  7369.6,  17.2, 144.89, 156.03,  -18.05,   0.66,  -0.04,   0.01,  -0.01,  16.3,  24.0,  27.7,  28.8,   1.8,  27.80,  27.82,    16.15,  189.31,   52.48,  30.50, 2484.8,    0.75,  330.55,  361.39,  360.40,  341.92,  344.55,  343.02, 1462.97, 1521.04, 1486.51, 1468.93, 1465.41, 1463.36, 1544.15, 1541.14,  7267.7, 167,  GPS,   23.9, 113.60, 110.60, 119.450, 121.500, -0.001,       ,  24.18, -56.0,    2.9,   23.9,  -14.0,      1,   GPS,    ALT,  -0.0,   0.7,   3.9, 3DDiff, 3704,      ,     14,  22.0,     20
2018-08-27, 17:11:31,  -04:00,    ORW,   41.5092583,  -72.0103226,  7000.2, 30.02,  7369.9,  17.2, 144.88, 156.01,  -11.17,   0.69,  -0.05,   0.00,   0.00,  16.4,  24.0,  27.7,  28.8,   1.8,  27.80,  27.81,    16.19,  189.31,   52.63,  30.46, 2486.5,    0.75,  330.55,  361.41,  360.39,  341.95,  344.51,  343.02, 1462.35, 1520.32, 1486.39, 1468.89, 1465.33, 1464.29, 1543.95, 1540.96,  7268.0, 167,  GPS,   23.9, 113.60, 110.60, 119.450, 121.500, -0.001,       ,  24.18, -56.0,    2.9,   23.9,  -14.0,      1,   GPS,    ALT,  -0.0,   0.7,   7.9, 3DDiff, 3704,      ,     14,  22.5,     20
2018-08-27, 17:11:32,  -04:00,    ORW,   41.5099716,  -72.0101547,  7001.2, 30.02,  7370.1,  17.2, 144.85, 155.99,   13.50,   0.66,  -0.09,  -0.00,  -0.00,  16.4,  24.0,  27.7,  28.8,   1.8,  27.81,  27.80,    16.13,  189.32,   52.70,  30.41, 2484.6,    0.74,  330.56,  361.40,  360.37,  341.95,  344.44,  343.02, 1461.77, 1520.30, 1485.75, 1467.77, 1464.91, 1463.65, 1543.28, 1540.33,  7268.3, 167,  GPS,   23.9, 113.60, 110.60, 119.450, 121.500, -0.001,       ,  24.18, -56.1,    2.8,   23.9,  -14.0,      1,   GPS,    ALT,  -0.0,   0.7,   7.9, 3DDiff, 3704,      ,     14,  22.5,     20
2018-08-27, 17:11:33,  -04:00,    ORW,   41.5106812,  -72.0099869,  7000.2, 30.02,  7368.9,  17.2, 144.71, 155.99,  -12.59,   0.66,  -0.10,  -0.00,  -0.01,  16.4,  24.0,  27.7,  28.8,   1.8,  27.81,  27.79,    16.09,  189.31,   52.68,  30.47, 2486.9,    0.74,  330.55,  361.42,  360.36,  341.97,  344.42,  343.04, 1462.28, 1520.40, 1486.38, 1467.34, 1466.21, 1464.09, 1543.39, 1541.11,  7267.0, 167,  GPS,   23.9, 113.60, 110.60, 119.450, 121.500, -0.001,       ,  24.19, -56.1,    2.8,   23.9,  -14.0,      1,   GPS,    ALT,  -0.1,   0.7,   0.0, 3DDiff, 3704,      ,     14,  23.0,     20
2018-08-27, 17:11:34,  -04:00,    ORW,   41.5113945,  -72.0098190,  7000.2, 30.02,  7368.1,  17.2, 144.64, 156.01,  -12.19,   0.69,  -0.10,   0.01,   0.00,  16.4,  24.0,  27.7,  28.8,   1.8,  27.82,  27.78,    16.13,  189.33,   52.68,  30.46, 2483.6,    0.74,  330.56,  361.43,  360.37,  341.97,  344.36,  343.05, 1462.69, 1520.39, 1486.37, 1468.47, 1465.56, 1465.32, 1544.39, 1540.84,  7266.3, 167,  GPS,   23.9, 113.60, 110.60, 119.450, 121.500, -0.001,       ,  24.19, -56.1,    2.7,   23.9,  -14.0,      1,   GPS,    ALT,  -0.1,   0.7,   0.0, 3DDiff, 3704,      ,     14,  22.0,     20
2018-08-27, 17:11:35,  -04:00,    ORW,   41.5121040,  -72.0096512,  7001.2, 30.02,  7368.1,  17.2, 144.53, 155.97,    5.26,   0.68,  -0.03,   0.00,   0.00,  16.4,  24.0,  27.7,  28.8,   1.8,  27.82,  27.78,    16.13,  189.32,   52.63,  30.44, 2484.5,    0.74,  330.56,  361.44,  360.34,  342.01,  344.30,  343.06, 1462.12, 1520.03, 1486.26, 1468.74, 1465.89, 1464.02, 1544.00, 1540.14,  7266.2, 167,  GPS,   23.9, 113.60, 110.60, 119.450, 121.500, -0.001,       ,  24.19, -56.1,    2.7,   23.9,  -14.0,      1,   GPS,    ALT,  -0.1,   0.7,  -3.9, 3DDiff, 3704,      ,     14,  22.0,     20
2018-08-27, 17:11:36,  -04:00,    ORW,   41.5128136,  -72.0094910,  7001.2, 30.02,  7368.0,  17.2, 144.69, 155.97,   -2.63,   0.67,  -0.02,  -0.00,  -0.00,  16.4,  24.0,  27.7,  28.8,   1.8,  27.82,  27.77,    16.08,  189.31,   52.60,  30.43, 2484.7,    0.74,  330.56,  361.45,  360.34,  342.01,  344.27,  343.05, 1462.38, 1520.26, 1486.58, 1467.61, 1466.08, 1464.56, 1543.58, 1540.55,  7266.1, 167,  GPS,   23.9, 113.60, 110.60, 119.450, 121.500, -0.001,       ,  24.19, -56.1,    2.7,   23.9,  -14.0,      1,   GPS,    ALT,  -0.1,   0.7,  -3.9, 3DDiff, 3704,      ,     14,  22.0,     20
2018-08-27, 17:11:37,  -04:00,    ORW,   41.5135231,  -72.0093155,  7000.2, 30.02,  7367.7,  17.5, 144.53, 155.94,  -11.27,   0.66,  -0.10,   0.01,  -0.00,  16.5,  24.0,  27.7,  28.8,   1.8,  27.82,  27.77,    16.02,  189.32,   52.66,  30.44, 2484.5,    0.74,  330.58,  361.48,  360.34,  342.04,  344.21,  343.08, 1460.77, 1520.23, 1486.30, 1467.49, 1465.58, 1463.00, 1543.14, 1539.62,  7265.8, 167,  GPS,   23.9, 113.60, 110.60, 119.450, 121.500, -0.001,       ,  24.20, -56.1,    2.6,   23.9,  -14.0,      1,   GPS,    ALT,  -0.1,   0.7,  -7.9, 3DDiff, 3704,      ,     14,  22.0,     20
2018-08-27, 17:11:38,  -04:00,    ORW,   41.5142365,  -72.0091553,  7001.2, 30.02,  7367.4,  17.5, 144.76, 155.94,   -7.04,   0.67,  -0.14,   0.00,   0.00,  16.4,  24.0,  27.7,  28.8,   1.8,  27.80,  27.76,    16.12,  189.32,   52.66,  30.44, 2486.2,    0.74,  330.56,  361.47,  360.36,  342.07,  344.18,  343.10, 1460.79, 1520.93, 1485.23, 1468.66, 1465.02, 1463.13, 1544.02, 1539.12,  7265.5, 167,  GPS,   23.9, 113.60, 110.60, 119.450, 121.500, -0.001,       ,  24.20, -56.2,    2.6,   23.9,  -14.0,      1,   GPS,    ALT,  -0.1,   0.7,  -7.9, 3DDiff, 3704,      ,     14,  22.5,     20
2018-08-27, 17:11:39,  -04:00,    ORW,   41.5149498,  -72.0089951,  7000.2, 30.02,  7368.2,  17.2, 144.80, 155.90,  -13.22,   0.70,  -0.07,  -0.00,   0.00,  16.5,  24.0,  27.7,  28.8,   1.8,  27.79,  27.76,    16.15,  189.31,   52.53,  30.44, 2486.5,    0.75,  330.56,  361.48,  360.34,  342.07,  344.09,  343.08, 1460.78, 1521.27, 1485.50, 1469.55, 1465.40, 1462.55, 1544.06, 1538.97,  7266.4, 167,  GPS,   23.9, 113.60, 110.60, 119.450, 121.500, -0.001,       ,  24.19, -56.2,    2.5,   23.9,  -14.0,      1,   GPS,    ALT,  -0.1,   0.7,  -3.9, 3DDiff, 3704,      ,     14,  23.0,     20
2018-08-27, 17:11:40,  -04:00,    ORW,   41.5156555,  -72.0088196,  7000.2, 30.02,  7368.9,  17.2, 144.72, 155.88,   -9.45,   0.67,  -0.08,  -0.00,  -0.02,  16.5,  24.0,  27.7,  28.8,   1.8,  27.79,  27.76,    16.09,  189.30,   52.55,  30.48, 2487.2,    0.74,  330.58,  361.50,  360.37,  342.09,  344.06,  343.08, 1460.90, 1521.13, 1486.28, 1470.06, 1464.86, 1462.54, 1544.04, 1539.31,  7267.1, 167,  GPS,   23.9, 113.60, 110.60, 119.450, 121.500, -0.001,       ,  24.19, -56.2,    2.5,   23.9,  -14.0,      1,   GPS,    ALT,  -0.1,   0.7,  -3.9, 3DDiff, 3704,      ,     14,  22.0,     20
2018-08-27, 17:11:41,  -04:00,    ORW,   41.5163689,  -72.0086517,  7000.2, 30.02,  7368.3,  17.2, 144.80, 155.86,  -16.20,   0.73,  -0.04,   0.00,   0.00,  16.5,  24.0,  27.7,  28.8,   1.8,  27.79,  27.76,    16.09,  189.31,   52.56,  30.47, 2486.9,    0.74,  330.59,  361.50,  360.36,  342.08,  344.05,  343.08, 1461.27, 1520.87, 1486.09, 1470.48, 1463.73, 1461.92, 1544.38, 1539.09,  7266.4, 167,  GPS,   23.9, 113.60, 110.60, 119.450, 121.500, -0.001,       ,  24.19, -56.2,    2.4,   23.9,  -14.0,      1,   GPS,    ALT,  -0.1,   0.7,  -3.9, 3DDiff, 3704,      ,     14,  22.0,     20
2018-08-27, 17:11:42,  -04:00,    ORW,   41.5170784,  -72.0084839,  7001.2, 30.02,  7368.3,  17.2, 144.85, 155.82,   -9.78,   0.75,  -0.05,   0.00,   0.00,  16.5,  24.0,  27.7,  28.8,   1.8,  27.78,  27.76,    16.14,  189.30,   52.73,  30.45, 2485.6,    0.74,  330.59,  361.53,  360.37,  342.10,  344.01,  343.10, 1460.84, 1519.80, 1485.67, 1469.24, 1464.60, 1461.68, 1543.36, 1539.79,  7266.5, 167,  GPS,   23.9, 113.60, 110.60, 119.450, 121.500, -0.001,       ,  24.18, -56.2,    2.4,   23.9,  -14.0,      1,   GPS,    ALT,  -0.1,   0.7,   0.0, 3DDiff, 3704,      ,     14,  22.5,     20
2018-08-27, 17:11:43,  -04:00,    ORW,   41.5177879,  -72.0083160,  7001.2, 30.02,  7368.4,  17.2, 144.78, 155.76,   -9.15,   0.75,  -0.08,  -0.00,  -0.00,  16.5,  24.0,  27.7,  28.8,   1.8,  27.77,  27.76,    16.09,  189.29,   52.63,  30.47, 2485.6,    0.74,  330.59,  361.53,  360.38,  342.13,  343.99,  343.08, 1460.75, 1519.66, 1486.09, 1469.68, 1465.53, 1462.24, 1544.09, 1540.87,  7266.6, 167,  GPS,   23.9, 113.60, 110.60, 119.450, 121.500, -0.001,       ,  24.18, -56.2,    2.4,   23.9,  -14.0,      1,   GPS,    ALT,  -0.1,   0.7,   3.9, 3DDiff, 3704,      ,     14,  22.0,     20
2018-08-27, 17:11:44,  -04:00,    ORW,   41.5185013,  -72.0081482,  7000.2, 30.02,  7368.6,  17.2, 144.71, 155.72,    4.29,   0.71,  -0.09,   0.00,  -0.02,  16.5,  24.0,  27.7,  28.8,   1.8,  27.76,  27.76,    16.11,  189.28,   52.68,  30.46, 2484.9,    0.74,  330.59,  361.53,  360.40,  342.13,  343.97,  343.08, 1460.74, 1519.79, 1486.16, 1469.15, 1464.90, 1463.17, 1544.31, 1540.46,  7266.7, 167,  GPS,   23.9, 113.60, 110.60, 119.450, 121.500, -0.001,       ,  24.17, -56.2,    2.3,   23.9,  -14.0,      1,   GPS,    ALT,  -0.1,   0.7,   3.9, 3DDiff, 3704,      ,     14,  22.5,     20
2018-08-27, 17:11:45,  -04:00,    ORW,   41.5192108,  -72.0079880,  7000.2, 30.02,  7368.5,  17.2, 144.67, 155.68,  -14.13,   0.78,  -0.09,   0.00,   0.01,  16.6,  24.0,  27.7,  28.8,   1.8,  27.75,  27.78,    16.16,  189.27,   53.00,  30.48, 2486.4,    0.75,  330.62,  361.56,  360.42,  342.16,  343.96,  343.08, 1461.73, 1520.48, 1487.13, 1469.52, 1464.63, 1462.93, 1544.59, 1540.73,  7266.6, 167,  GPS,   23.9, 113.60, 110.60, 119.450, 121.500, -0.001,       ,  24.17, -56.1,    2.3,   23.9,  -14.0,      1,   GPS,    ALT,  -0.1,   0.8,  -3.9, 3DDiff, 3704,      ,     14,  23.0,     20
2018-08-27, 17:11:46,  -04:00,    ORW,   41.5199203,  -72.0078201,  7000.2, 30.02,  7367.9,  17.2, 144.67, 155.64,  -14.00,   0.81,  -0.07,   0.00,   0.00,  16.6,  24.0,  27.7,  28.8,   1.8,  27.73,  27.78,    16.05,  189.27,   52.79,  30.45, 2486.0,    0.74,  330.62,  361.54,  360.43,  342.16,  343.97,  343.11, 1461.80, 1520.32, 1485.99, 1469.88, 1464.27, 1463.59, 1544.73, 1539.77,  7266.1, 167,  GPS,   23.9, 113.60, 110.60, 119.450, 121.500, -0.001,       ,  24.16, -56.1,    2.2,   23.9,  -14.0,      1,   GPS,    ALT,  -0.1,   0.8,   3.9, 3DDiff, 3704,      ,     14,  22.0,     20
2018-08-27, 17:11:47,  -04:00,    ORW,   41.5206299,  -72.0076523,  7000.2, 30.02,  7368.8,  17.5, 144.67, 155.59,  -11.14,   0.82,  -0.03,   0.00,  -0.01,  16.6,  24.2,  27.7,  28.8,   1.8,  27.72,  27.80,    16.12,  189.29,   52.79,  30.45, 2487.4,    0.74,  330.62,  361.57,  360.46,  342.19,  343.99,  343.08, 1460.85, 1519.65, 1485.76, 1470.08, 1464.26, 1464.27, 1544.76, 1539.61,  7266.9, 167,  GPS,   23.9, 113.60, 110.60, 119.450, 121.500, -0.001,       ,  24.15, -56.1,    2.2,   23.9,  -14.0,      1,   GPS,    ALT,  -0.1,   0.8,   3.9, 3DDiff, 3704,      ,     14,  22.0,     20
2018-08-27, 17:11:48,  -04:00,    ORW,   41.5213394,  -72.0074844,  7001.2, 30.02,  7369.0,  17.5, 144.74, 155.55,   12.19,   0.83,  -0.08,   0.01,   0.00,  16.6,  24.1,  27.7,  28.8,   1.8,  27.70,  27.81,    16.40,  189.29,   52.61,  30.57, 2485.3,    0.76,  330.62,  361.57,  360.46,  342.19,  344.02,  343.10, 1462.66, 1520.98, 1488.53, 1470.58, 1465.58, 1465.91, 1546.43, 1542.75,  7267.2, 167,  GPS,   23.9, 113.60, 110.60, 119.450, 121.500, -0.001,       ,  24.14, -56.1,    2.1,   23.9,  -14.0,      1,   GPS,    ALT,  -0.1,   0.8,   7.9, 3DDiff, 3704,      ,     14,  22.0,     20
2018-08-27, 17:11:49,  -04:00,    ORW,   41.5220451,  -72.0073166,  7001.2, 30.02,  7369.1,  17.5, 144.69, 155.53,    5.73,   0.79,  -0.12,   0.00,  -0.00,  16.6,  24.2,  27.7,  28.8,   1.8,  27.69,  27.81,    16.48,  189.32,   52.64,  30.65, 2485.9,    0.76,  330.62,  361.62,  360.51,  342.19,  344.11,  343.10, 1465.40, 1523.94, 1491.90, 1473.78, 1469.20, 1468.20, 1549.38, 1546.31,  7267.3, 167,  GPS,   23.9, 113.60, 110.60, 119.450, 121.500, -0.001,       ,  24.13, -56.0,    2.1,   23.9,  -14.0,      1,   GPS,    ALT,  -0.1,   0.8,   3.9, 3DDiff, 3704,      ,     14,  22.0,     20
2018-08-27, 17:11:50,  -04:00,    ORW,   41.5227547,  -72.0071487,  7001.2, 30.02,  7368.9,  17.5, 144.63, 155.53,   -6.05,   0.79,  -0.15,  -0.00,  -0.00,  16.6,  24.0,  27.7,  28.8,   1.8,  27.69,  27.82,    16.43,  189.31,   52.86,  30.57, 2487.9,    0.76,  330.64,  361.62,  360.52,  342.19,  344.23,  343.13, 1466.43, 1525.05, 1493.70, 1475.28, 1470.23, 1469.14, 1550.22, 1548.07,  7267.1, 167,  GPS,   23.9, 113.60, 110.60, 119.450, 121.500, -0.001,       ,  24.12, -56.0,    2.0,   23.9,  -14.0,      1,   GPS,    ALT,  -0.1,   0.8,  -7.9, 3DDiff, 3704,      ,     14,  22.5,     20
2018-08-27, 17:11:51,  -04:00,    ORW,   41.5234642,  -72.0069809,  7002.2, 30.02,  7368.7,  17.5, 144.61, 155.51,   -2.59,   0.81,  -0.18,   0.00,  -0.01,  16.6,  24.0,  27.7,  28.8,   1.8,  27.68,  27.82,    16.42,  189.30,   52.83,  30.56, 2486.5,    0.76,  330.65,  361.62,  360.58,  342.22,  344.35,  343.14, 1467.30, 1525.65, 1495.35, 1475.65, 1470.82, 1469.89, 1550.63, 1549.14,  7266.9, 167,  GPS,   23.9, 113.60, 110.60, 119.450, 121.500, -0.001,       ,  24.11, -55.9,    2.0,   23.9,  -14.0,      1,   GPS,    ALT,  -0.1,   0.8, -11.8, 3DDiff, 3704,      ,     14,  23.0,     20
2018-08-27, 17:11:52,  -04:00,    ORW,   41.5241776,  -72.0068130,  7000.2, 30.02,  7369.3,  17.5, 144.63, 155.51,   -4.96,   0.77,  -0.11,   0.00,  -0.00,  16.6,  24.0,  27.7,  28.8,   1.8,  27.68,  27.82,    16.47,  189.28,   52.72,  30.58, 2486.1,    0.76,  330.65,  361.65,  360.59,  342.24,  344.50,  343.17, 1468.59, 1526.81, 1495.14, 1476.29, 1471.77, 1471.14, 1551.82, 1549.39,  7267.5, 167,  GPS,   23.9, 113.60, 110.60, 119.450, 121.500, -0.001,       ,  24.10, -55.9,    2.0,   23.9,  -14.0,      1,   GPS,    ALT,  -0.1,   0.8, -11.8, 3DDiff, 3704,      ,     14,  22.0,     20
2018-08-27, 17:11:53,  -04:00,    ORW,   41.5248795,  -72.0066452,  7001.2, 30.02,  7367.4,  17.5, 144.75, 155.47,   -8.77,   0.82,  -0.05,  -0.00,  -0.00,  16.5,  24.0,  27.7,  28.8,   1.8,  27.67,  27.82,    16.44,  189.27,   52.60,  30.50, 2486.7,    0.76,  330.67,  361.68,  360.64,  342.28,  344.69,  343.20, 1469.05, 1527.21, 1495.16, 1476.33, 1471.63, 1471.53, 1552.66, 1549.23,  7265.6, 167,  GPS,   23.9, 113.60, 110.60, 119.450, 121.500, -0.001,       ,  24.09, -55.8,    1.9,   23.9,  -14.0,      1,   GPS,    ALT,  -0.1,   0.8, -19.7, 3DDiff, 3704,      ,     14,  22.0,     20
2018-08-27, 17:11:54,  -04:00,    ORW,   41.5255852,  -72.0064850,  7002.2, 30.02,  7367.1,  17.5, 144.75, 155.45,   -1.65,   0.85,  -0.04,  -0.00,  -0.01,  16.5,  24.0,  27.7,  28.8,   1.8,  27.66,  27.83,    16.43,  189.24,   52.68,  30.52, 2487.2,    0.76,  330.67,  361.72,  360.67,  342.28,  344.89,  343.23, 1469.54, 1527.07, 1495.66, 1477.02, 1472.36, 1472.35, 1552.81, 1550.02,  7265.3, 167,  GPS,   23.9, 113.60, 110.60, 119.450, 121.500, -0.001,       ,  24.08, -55.8,    1.9,   23.9,  -14.0,      1,   GPS,    ALT,  -0.1,   0.8, -11.8, 3DDiff, 3704,      ,     14,  22.0,     20
2018-08-27, 17:11:55,  -04:00,    ORW,   41.5263023,  -72.0063171,  7002.2, 30.02,  7366.7,  17.5, 144.72, 155.45,   16.65,   0.82,  -0.11,   0.01,  -0.01,  16.5,  24.0,  27.7,  28.8,   1.8,  27.66,  27.83,    16.45,  189.27,   52.53,  30.55, 2486.0,    0.76,  330.68,  361.75,  360.71,  342.31,  345.11,  343.28, 1470.28, 1528.02, 1496.32, 1478.07, 1473.73, 1472.10, 1553.61, 1551.03,  7264.9, 167,  GPS,   23.9, 113.60, 110.60, 119.450, 121.500, -0.002,       ,  24.07, -55.7,    1.8,   23.9,  -14.0,      1,   GPS,    ALT,  -0.1,   0.8, -19.7, 3DDiff, 3704,      ,     14,  22.0,     20
2018-08-27, 17:11:56,  -04:00,    ORW,   41.5270081,  -72.0061493,  7001.2, 30.02,  7366.1,  17.5, 144.66, 155.43,  -23.28,   0.86,  -0.15,   0.00,   0.01,  16.5,  24.0,  27.7,  28.8,   1.8,  27.65,  27.83,    16.45,  189.26,   52.67,  30.53, 2487.1,    0.76,  330.68,  361.80,  360.73,  342.37,  345.30,  343.32, 1470.36, 1529.06, 1497.31, 1478.42, 1474.83, 1472.12, 1554.18, 1551.66,  7264.2, 167,  GPS,   23.9, 113.60, 110.60, 123.675, 121.500, -0.002,       ,  24.07, -55.6,    1.8,   23.9,  -14.0,      1,   GPS,    ALT,  -0.1,   0.8, -31.5, 3DDiff, 3704,      ,     14,  22.5,     20
2018-08-27, 17:11:57,  -04:00,    ORW,   41.5277176,  -72.0059814,  7000.2, 30.02,  7365.3,  17.5, 144.64, 155.43,  -30.46,   0.85,  -0.15,  -0.00,  -0.00,  16.5,  24.0,  27.7,  28.8,   1.8,  27.65,  27.84,    16.43,  189.27,   52.69,  30.55, 2486.9,    0.76,  330.68,  361.84,  360.73,  342.38,  345.51,  343.35, 1471.22, 1528.43, 1498.08, 1478.51, 1476.17, 1472.19, 1554.05, 1552.19,  7263.5, 167,  GPS,   23.9, 113.60, 110.60, 123.675, 121.500, -0.002,       ,  24.06, -55.6,    1.7,   23.9,  -14.0,      1,   GPS,    ALT,  -0.1,   0.9, -19.7, 3DDiff, 3704,      ,     14,  23.0,     20
2018-08-27, 17:11:58,  -04:00,    ORW,   41.5284233,  -72.0058136,  7000.2, 30.02,  7364.3,  17.5, 144.61, 155.43,  -26.72,   0.85,  -0.09,   0.00,   0.00,  16.4,  24.0,  27.7,  28.8,   1.8,  27.65,  27.83,    16.41,  189.27,   52.72,  30.53, 2485.7,    0.76,  330.68,  361.88,  360.74,  342.44,  345.69,  343.38, 1470.84, 1528.96, 1496.81, 1478.47, 1475.21, 1472.04, 1554.34, 1551.63,  7262.4, 167,  GPS,   23.9, 113.60, 110.60, 123.675, 121.500, -0.002,       ,  24.06, -55.5,    1.7,   23.9,  -14.0,      1,   GPS,    ALT,  -0.1,   0.9, -15.7, 3DDiff, 3704,      ,     14,  22.0,     20
2018-08-27, 17:11:59,  -04:00,    ORW,   41.5291367,  -72.0056458,  7000.2, 30.02,  7365.1,  17.5, 144.58, 155.41,  -21.76,   0.92,  -0.10,   0.00,   0.01,  16.4,  24.0,  27.7,  28.8,   1.8,  27.65,  27.82,    16.44,  189.26,   52.81,  30.52, 2485.2,    0.76,  330.71,  361.87,  360.75,  342.50,  345.87,  343.43, 1469.72, 1528.28, 1496.29, 1477.08, 1473.42, 1470.86, 1553.36, 1550.53,  7263.2, 167,  GPS,   23.9, 113.60, 110.60, 123.675, 121.500, -0.002,       ,  24.06, -55.5,    1.7,   23.9,  -14.0,      1,   GPS,    ALT,  -0.1,   0.9, -11.8, 3DDiff, 3704,      ,     14,  22.0,     20
2018-08-27, 17:12:00,  -04:00,    ORW,   41.5298424,  -72.0054779,  7001.2, 30.02,  7365.3,  17.5, 144.66, 155.37,   -1.37,   0.89,  -0.10,   0.00,  -0.00,  16.4,  24.0,  27.7,  28.8,   1.8,  27.65,  27.81,    16.43,  189.28,   52.70,  30.53, 2486.8,    0.76,  330.71,  361.93,  360.75,  342.53,  346.03,  343.47, 1469.42, 1529.43, 1496.72, 1478.07, 1473.85, 1471.29, 1553.91, 1550.79,  7263.4, 167,  GPS,   23.9, 113.60, 110.60, 123.675, 121.500, -0.002,       ,  24.06, -55.4,    1.6,   23.9,  -14.0,      1,   GPS,    ALT,  -0.1,   0.9,  11.8, 3DDiff, 3704,      ,     14,  22.0,     20
2018-08-27, 17:12:01,  -04:00,    ORW,   41.5305519,  -72.0053177,  7000.2, 30.02,  7365.3,  17.2, 144.52, 155.35,  -15.17,   0.82,  -0.12,  -0.00,  -0.02,  16.3,  24.0,  27.7,  28.8,   1.8,  27.66,  27.80,    16.43,  189.29,   52.64,  30.53, 2486.5,    0.76,  330.71,  361.99,  360.77,  342.59,  346.16,  343.51, 1470.21, 1529.49, 1497.87, 1479.03, 1475.50, 1472.34, 1554.62, 1551.98,  7263.5, 167,  GPS,   23.9, 113.60, 110.60, 123.675, 121.500, -0.002,       ,  24.06, -55.4,    1.6,   23.9,  -14.0,      1,   GPS,    ALT,  -0.1,   0.8,   7.9, 3DDiff, 3704,      ,     14,  22.5,     20
2018-08-27, 17:12:02,  -04:00,    ORW,   41.5312576,  -72.0051422,  7000.2, 30.02,  7365.1,  17.5, 144.49, 155.31,  -18.17,   0.82,  -0.11,   0.00,  -0.00,  16.3,  24.0,  27.7,  28.8,   1.8,  27.66,  27.79,    16.48,  189.30,   52.76,  30.55, 2485.1,    0.76,  330.74,  362.02,  360.77,  342.62,  346.30,  343.56, 1469.52, 1529.94, 1497.84, 1479.09, 1476.23, 1472.45, 1554.69, 1552.35,  7263.3, 167,  GPS,   23.9, 113.60, 110.60, 123.675, 121.500, -0.002,       ,  24.07, -55.4,    1.5,   23.8,  -14.0,      1,   GPS,    ALT,  -0.1,   0.9,  -7.9, 3DDiff, 3704,      ,     14,  22.5,     20
2018-08-27, 17:12:03,  -04:00,    ORW,   41.5319710,  -72.0049820,  7001.2, 30.02,  7366.7,  17.5, 144.65, 155.29,    3.37,   0.79,  -0.12,  -0.00,  -0.00,  16.3,  24.0,  27.7,  28.8,   1.8,  27.66,  27.78,    16.39,  189.32,   52.80,  30.54, 2487.9,    0.76,  330.76,  362.05,  360.77,  342.67,  346.42,  343.63, 1470.38, 1529.73, 1498.97, 1479.04, 1476.12, 1473.14, 1554.86, 1553.01,  7264.9, 167,  GPS,   23.9, 113.60, 110.60, 123.675, 121.500, -0.002,       ,  24.07, -55.3,    1.5,   23.8,  -14.0,      1,   GPS,    ALT,  -0.1,   0.9,  -7.9, 3DDiff, 3704,      ,     14,  23.0,     20
2018-08-27, 17:12:04,  -04:00,    ORW,   41.5326767,  -72.0048218,  7000.2, 30.02,  7367.4,  17.5, 144.58, 155.27,   -6.23,   0.76,  -0.09,  -0.00,  -0.01,  16.2,  24.0,  27.7,  28.8,   1.8,  27.67,  27.77,    16.38,  189.32,   52.73,  30.52, 2487.8,    0.76,  330.77,  362.12,  360.77,  342.68,  346.54,  343.68, 1469.90, 1530.31, 1499.42, 1478.78, 1476.15, 1473.51, 1554.64, 1552.79,  7265.5, 167,  GPS,   23.9, 113.60, 110.60, 123.675, 121.500, -0.002,       ,  24.09, -55.3,    1.4,   23.8,  -14.0,      1,   GPS,    ALT,  -0.1,   0.8, -19.7, 3DDiff, 3704,      ,     14,  22.5,     20
2018-08-27, 17:12:05,  -04:00,    ORW,   41.5333824,  -72.0046539,  7001.2, 30.02,  7366.4,  17.5, 144.66, 155.27,   -0.94,   0.78,  -0.04,  -0.00,  -0.01,  16.2,  24.0,  27.7,  28.8,   1.8,  27.68,  27.75,    16.39,  189.33,   52.39,  30.55, 2485.2,    0.76,  330.78,  362.14,  360.74,  342.75,  346.65,  343.72, 1469.49, 1530.67, 1498.84, 1479.50, 1475.69, 1474.77, 1555.55, 1551.67,  7264.5, 167,  GPS,   23.9, 113.60, 110.60, 123.675, 121.500, -0.002,       ,  24.10, -55.3,    1.4,   23.8,  -14.0,      1,   GPS,    ALT,  -0.1,   0.8, -23.6, 3DDiff, 3704,      ,     14,  22.0,     20
2018-08-27, 17:12:06,  -04:00,    ORW,   41.5340919,  -72.0044861,  7000.2, 30.02,  7366.1,  17.2, 144.49, 155.27,  -21.53,   0.83,  -0.12,   0.00,   0.01,  16.3,  24.0,  27.7,  28.8,   1.8,  27.69,  27.74,    16.46,  189.32,   52.44,  30.55, 2486.4,    0.76,  330.78,  362.17,  360.74,  342.80,  346.73,  343.77, 1470.41, 1530.85, 1498.04, 1480.29, 1475.75, 1474.75, 1556.04, 1552.20,  7264.2, 167,  GPS,   23.9, 113.60, 110.60, 123.675, 121.500, -0.002,       ,  24.12, -55.3,    1.4,   23.8,  -14.0,      1,   GPS,    ALT,  -0.1,   0.8, -27.6, 3DDiff, 3704,      ,     14,  22.0,     20
2018-08-27, 17:12:07,  -04:00,    ORW,   41.5348015,  -72.0043182,  7001.2, 30.02,  7366.1,  17.5, 144.58, 155.27,    0.74,   0.81,  -0.16,  -0.00,  -0.00,  16.2,  24.0,  27.7,  28.8,   1.8,  27.70,  27.72,    16.40,  189.33,   52.65,  30.56, 2487.7,    0.76,  330.82,  362.23,  360.71,  342.86,  346.83,  343.81, 1470.68, 1530.33, 1498.44, 1479.02, 1476.16, 1474.56, 1555.62, 1552.82,  7264.3, 167,  GPS,   23.9, 113.60, 110.60, 123.675, 121.500, -0.002,       ,  24.14, -55.3,    1.3,   23.8,  -14.0,      1,   GPS,    ALT,  -0.1,   0.8,  -7.9, 3DDiff, 3704,      ,     14,  22.5,     20
2018-08-27, 17:12:08,  -04:00,    ORW,   41.5355072,  -72.0041580,  7000.2, 30.02,  7366.2,  17.5, 144.57, 155.25,   -8.57,   0.78,  -0.14,  -0.00,  -0.00,  16.2,  23.9,  27.7,  28.8,   1.8,  27.71,  27.71,    16.39,  189.34,   52.78,  30.54, 2486.6,    0.76,  330.84,  362.27,  360.71,  342.89,  346.88,  343.86, 1469.98, 1530.27, 1497.67, 1478.64, 1475.70, 1473.78, 1554.73, 1552.13,  7264.4, 167,  GPS,   23.9, 113.60, 110.60, 123.675, 121.500, -0.002,       ,  24.17, -55.3,    1.3,   23.8,  -14.0,      1,   GPS,    ALT,  -0.1,   0.8,  -7.9, 3DDiff, 3704,      ,     14,  22.5,     20
2018-08-27, 17:12:09,  -04:00,    ORW,   41.5362129,  -72.0039902,  7000.2, 30.02,  7364.5,  17.5, 144.55, 155.25,  -15.12,   0.76,  -0.07,   0.00,  -0.01,  16.3,  23.9,  27.7,  28.8,   1.8,  27.72,  27.70,    16.34,  189.31,   52.48,  30.54, 2486.7,    0.75,  330.85,  362.32,  360.67,  342.95,  346.93,  343.91, 1468.97, 1530.35, 1497.91, 1479.10, 1474.29, 1473.01, 1555.02, 1550.80,  7262.7, 167,  GPS,   23.9, 113.60, 110.60, 123.675, 121.500, -0.002,       ,  24.20, -55.3,    1.2,   23.8,  -14.0,      1,   GPS,    ALT,  -0.1,   0.8,  -7.9, 3DDiff, 3704,      ,     14,  23.0,     20
2018-08-27, 17:12:10,  -04:00,    ORW,   41.5369263,  -72.0038300,  7000.2, 30.02,  7363.8,  17.5, 144.55, 155.24,  -13.62,   0.69,   0.03,   0.00,  -0.00,  16.3,  23.9,  27.7,  28.8,   1.8,  27.73,  27.69,    16.42,  189.32,   52.53,  30.56, 2484.6,    0.76,  330.87,  362.36,  360.67,  343.01,  346.99,  343.98, 1469.34, 1531.78, 1497.87, 1479.50, 1474.55, 1473.68, 1555.30, 1551.25,  7262.0, 167,  GPS,   23.9, 113.60, 110.60, 123.675, 121.500, -0.002,       ,  24.22, -55.3,    1.2,   23.8,  -14.0,      1,   GPS,    ALT,  -0.0,   0.8,  -7.9, 3DDiff, 3704,      ,     14,  22.0,     20
2018-08-27, 17:12:11,  -04:00,    ORW,   41.5376320,  -72.0036545,  6999.2, 30.02,  7363.5,  17.2, 144.56, 155.25,  -23.96,   0.79,  -0.03,  -0.00,   0.02,  16.3,  23.9,  27.7,  28.8,   1.8,  27.73,  27.68,    16.43,  189.34,   52.38,  30.50, 2485.2,    0.76,  330.89,  362.39,  360.64,  343.05,  347.04,  344.03, 1470.09, 1532.49, 1497.56, 1479.30, 1475.46, 1475.66, 1555.66, 1551.61,  7261.6, 167,  GPS,   23.9, 113.60, 110.60, 123.675, 121.500, -0.002,       ,  24.25, -55.3,    1.1,   23.8,  -14.0,      1,   GPS,    ALT,  -0.0,   0.8, -19.7, 3DDiff, 3704,      ,     14,  22.0,     20
2018-08-27, 17:12:12,  -04:00,    ORW,   41.5383377,  -72.0034943,  7000.2, 30.02,  7363.6,  17.2, 144.65, 155.25,  -20.96,   0.90,  -0.11,   0.00,   0.01,  16.3,  23.9,  27.7,  28.8,   1.8,  27.72,  27.69,    16.44,  189.34,   52.56,  30.54, 2485.7,    0.76,  330.92,  362.42,  360.61,  343.08,  347.08,  344.11, 1469.61, 1532.73, 1498.31, 1479.22, 1476.14, 1475.96, 1555.77, 1552.54,  7261.8, 167,  GPS,   23.9, 113.60, 110.60, 123.675, 121.500, -0.002,       ,  24.27, -55.3,    1.1,   23.8,  -14.0,      1,   GPS,    ALT,  -0.0,   0.8,   7.9, 3DDiff, 3704,      ,     14,  22.0,     20
2018-08-27, 17:12:13,  -04:00,    ORW,   41.5390511,  -72.0033264,  6999.2, 30.02,  7364.3,  17.2, 144.58, 155.24,  -24.63,   0.89,  -0.12,   0.01,   0.00,  16.3,  23.9,  27.7,  28.8,   1.8,  27.71,  27.69,    16.42,  189.35,   52.79,  30.55, 2488.2,    0.76,  330.95,  362.46,  360.58,  343.14,  347.10,  344.14, 1469.72, 1530.87, 1498.38, 1477.87, 1475.00, 1475.27, 1555.21, 1552.20,  7262.4, 167,  GPS,   23.9, 113.60, 110.60, 123.675, 121.500, -0.002,       ,  24.29, -55.3,    1.1,   23.8,  -14.0,      1,   GPS,    ALT,  -0.0,   0.8,  47.2, 3DDiff, 3704,      ,     14,  22.5,     20
2018-08-27, 17:12:14,  -04:00,    ORW,   41.5397568,  -72.0031662,  7001.2, 30.02,  7365.1,  17.2, 144.73, 155.22,   11.10,   0.80,  -0.05,   0.00,  -0.01,  16.4,  23.9,  27.7,  28.8,   1.8,  27.71,  27.69,    16.35,  189.35,   52.71,  30.52, 2485.4,    0.76,  330.96,  362.51,  360.56,  343.20,  347.14,  344.21, 1469.93, 1531.49, 1498.74, 1477.98, 1474.60, 1475.77, 1555.61, 1551.80,  7263.3, 167,  GPS,   23.9, 113.60, 110.60, 123.675, 121.500, -0.002,       ,  24.31, -55.3,    1.0,   23.8,  -14.0,      1,   GPS,    ALT,  -0.0,   0.8,  63.0, 3DDiff, 3704,      ,     14,  22.5,     20
2018-08-27, 17:12:15,  -04:00,    ORW,   41.5404663,  -72.0029984,  7001.2, 30.02,  7367.8,  17.2, 144.68, 155.20,   25.46,   0.71,   0.00,  -0.00,  -0.01,  16.4,  23.9,  27.7,  28.8,   1.8,  27.71,  27.69,    16.43,  189.34,   52.72,  30.52, 2487.8,    0.76,  330.98,  362.54,  360.55,  343.25,  347.17,  344.27, 1469.55, 1532.43, 1498.26, 1477.99, 1474.22, 1475.39, 1555.98, 1551.39,  7265.9, 167,  GPS,   23.9, 113.60, 110.60, 123.675, 121.500, -0.002,       ,  24.33, -55.3,    1.0,   23.8,  -14.0,      1,   GPS,    ALT,  -0.0,   0.7,  51.2, 3DDiff, 3704,      ,     14,  23.0,     20
2018-08-27, 17:12:16,  -04:00,    ORW,   41.5411720,  -72.0028381,  7002.2, 30.02,  7369.0,  17.2, 144.72, 155.16,   16.44,   0.73,  -0.01,   0.01,   0.00,  16.4,  24.1,  27.7,  28.8,   1.8,  27.69,  27.70,    16.38,  189.36,   52.35,  30.54, 2484.7,    0.76,  330.99,  362.57,  360.52,  343.29,  347.19,  344.30, 1470.25, 1532.46, 1497.96, 1478.12, 1474.15, 1473.98, 1555.24, 1551.46,  7267.2, 167,  GPS,   23.9, 113.60, 110.60, 123.675, 121.500, -0.002,       ,  24.34, -55.3,    0.9,   23.8,  -14.0,      1,   GPS,    ALT,  -0.0,   0.7,  35.4, 3DDiff, 3704,      ,     14,  22.0,     20
2018-08-27, 17:12:17,  -04:00,    ORW,   41.5418816,  -72.0026703,  7003.2, 30.02,  7370.0,  17.2, 144.84, 155.16,   52.03,   0.64,  -0.04,   0.00,  -0.00,  16.5,  24.0,  27.7,  28.8,   1.8,  27.68,  27.69,    16.43,  189.35,   52.51,  30.51, 2485.2,    0.76,  331.04,  362.63,  360.52,  343.35,  347.20,  344.35, 1468.97, 1531.96, 1497.85, 1478.14, 1472.99, 1472.15, 1554.77, 1550.62,  7268.2, 167,  GPS,   23.9, 113.60, 110.60, 123.675, 121.500, -0.002,       ,  24.36, -55.3,    0.9,   23.8,  -14.0,      1,   GPS,    ALT,  -0.0,   0.7,  39.4, 3DDiff, 3704,      ,     14,  22.0,     20
2018-08-27, 17:12:18,  -04:00,    ORW,   41.5425873,  -72.0025024,  7002.2, 30.02,  7370.5,  17.2, 144.81, 155.16,   26.37,   0.57,  -0.05,  -0.00,  -0.01,  16.5,  24.0,  27.7,  28.8,   1.8,  27.67,  27.69,    16.45,  189.35,   52.52,  30.52, 2486.9,    0.76,  331.05,  362.69,  360.49,  343.40,  347.23,  344.42, 1468.87, 1532.51, 1497.70, 1479.64, 1472.53, 1470.40, 1555.12, 1550.60,  7268.6, 167,  GPS,   23.9, 113.60, 110.60, 123.675, 121.500, -0.002,       ,  24.37, -55.2,    0.8,   23.7,  -14.0,      1,   GPS,    ALT,  -0.1,   0.6,  19.7, 3DDiff, 3704,      ,     14,  22.0,     20
2018-08-27, 17:12:19,  -04:00,    ORW,   41.5432930,  -72.0023422,  7003.2, 30.02,  7370.8,  17.2, 145.06, 155.18,   10.92,   0.60,  -0.14,   0.00,   0.00,  16.5,  24.0,  27.7,  28.8,   1.7,  27.65,  27.71,    16.44,  189.35,   52.61,  30.53, 2486.9,    0.76,  331.10,  362.72,  360.49,  343.44,  347.25,  344.48, 1468.78, 1532.98, 1497.97, 1480.00, 1472.47, 1469.30, 1555.41, 1551.12,  7268.9, 168,  GPS,   23.9, 113.60, 110.60, 123.675, 121.500, -0.002,       ,  24.38, -55.2,    0.8,   23.7,  -14.0,      1,   GPS,    ALT,  -0.1,   0.6,   3.9, 3DDiff, 3704,      ,     14,  22.5,     20
2018-08-27, 17:12:20,  -04:00,    ORW,   41.5440063,  -72.0021744,  7005.2, 30.02,  7371.2,  17.2, 145.22, 155.20,   31.87,   0.53,  -0.11,   0.00,  -0.01,  16.5,  24.0,  27.7,  28.8,   1.7,  27.63,  27.72,    16.47,  189.34,   52.39,  30.53, 2486.2,    0.76,  331.10,  362.73,  360.49,  343.52,  347.23,  344.54, 1469.72, 1533.02, 1497.62, 1479.84, 1472.87, 1468.40, 1555.15, 1551.45,  7269.4, 168,  GPS,   23.9, 113.60, 110.60, 123.675, 121.500, -0.002,       ,  24.39, -55.2,    0.8,   23.7,  -14.0,      1,   GPS,    ALT,  -0.1,   0.6,  11.8, 3DDiff, 3704,      ,     14,  22.5,     20
2018-08-27, 17:12:21,  -04:00,    ORW,   41.5447121,  -72.0020065,  7005.2, 30.02,  7370.6,  17.2, 145.22, 155.24,   38.12,   0.40,  -0.11,   0.00,  -0.01,  16.5,  24.0,  27.7,  28.8,   1.8,  27.63,  27.72,    16.43,  189.37,   52.61,  30.50, 2486.5,    0.76,  331.16,  362.79,  360.55,  343.56,  347.26,  344.62, 1468.64, 1532.41, 1497.84, 1478.84, 1472.35, 1468.68, 1555.28, 1550.04,  7269.1, 168,  GPS,   23.9, 113.60, 110.60, 123.675, 121.500, -0.002,       ,  24.40, -55.1,    0.7,   23.7,  -14.0,      1,   GPS,    ALT,  -0.1,   0.5,  -3.9, 3DDiff, 3704,      ,     14,  23.5,     20
2018-08-27, 17:12:22,  -04:00,    ORW,   41.5454178,  -72.0018387,  7003.2, 30.02,  7369.4,  17.2, 145.03, 155.29,  -12.98,   0.37,  -0.11,  -0.01,  -0.00,  16.5,  24.0,  27.7,  28.8,   1.8,  27.61,  27.73,    16.36,  189.36,   52.77,  30.53, 2486.2,    0.76,  331.16,  362.85,  360.58,  343.62,  347.26,  344.66, 1468.87, 1533.06, 1496.46, 1478.13, 1472.18, 1468.83, 1555.27, 1550.27,  7267.9, 168,  GPS,   23.9, 113.60, 110.60, 123.675, 121.500, -0.002,       ,  24.41, -55.1,    0.7,   23.7,  -14.0,      1,   GPS,    ALT,  -0.1,   0.4, -27.6, 3DDiff, 3704,      ,     14,  22.5,     20
2018-08-27, 17:12:23,  -04:00,    ORW,   41.5461235,  -72.0016785,  7002.2, 30.02,  7369.1,  17.2, 145.15, 155.33,  -44.96,   0.51,  -0.13,   0.00,   0.01,  16.5,  23.9,  27.7,  28.8,   1.8,  27.60,  27.73,    16.34,  189.34,   52.49,  30.53, 2487.0,    0.75,  331.20,  362.88,  360.70,  343.68,  347.29,  344.72, 1468.16, 1533.18, 1496.57, 1478.82, 1472.40, 1469.44, 1555.76, 1549.63,  7267.6, 168,  GPS,   23.9, 113.60, 110.60, 123.675, 121.500, -0.002,       ,  24.42, -55.0,    0.6,   23.7,  -14.0,      1,   GPS,    ALT,  -0.1,   0.4, -31.5, 3DDiff, 3704,      ,     14,  22.0,     20
2018-08-27, 17:12:24,  -04:00,    ORW,   41.5468369,  -72.0015106,  7002.2, 30.02,  7369.1,  17.2, 145.17, 155.41,  -41.55,   0.51,  -0.16,  -0.00,   0.00,  16.4,  23.9,  27.7,  28.8,   1.8,  27.59,  27.73,    16.46,  189.34,   52.37,  30.54, 2485.5,    0.76,  331.25,  362.93,  360.82,  343.72,  347.29,  344.81, 1469.34, 1533.27, 1496.80, 1479.36, 1473.06, 1469.00, 1555.88, 1550.70,  7267.6, 168,  GPS,   23.9, 113.60, 110.60, 123.675, 121.500, -0.002,       ,  24.43, -55.0,    0.6,   23.7,  -14.0,      1,   GPS,    ALT,  -0.1,   0.5,  -7.9, 3DDiff, 3704,      ,     14,  22.5,     20
2018-08-27, 17:12:25,  -04:00,    ORW,   41.5475426,  -72.0013504,  7003.2, 30.02,  7369.2,  17.2, 145.19, 155.47,  -18.19,   0.46,  -0.10,  -0.00,  -0.00,  16.4,  23.9,  27.7,  28.8,   1.8,  27.59,  27.72,    16.50,  189.34,   52.27,  30.53, 2487.1,    0.76,  331.25,  362.96,  360.97,  343.78,  347.29,  344.85, 1469.30, 1533.70, 1498.27, 1479.91, 1473.11, 1468.94, 1556.32, 1551.00,  7267.7, 168,  GPS,   23.9, 113.60, 110.60, 123.675, 121.500, -0.002,       ,  24.44, -54.9,    0.5,   23.6,  -14.0,      1,   GPS,    ALT,  -0.0,   0.5,   0.0, 3DDiff, 3704,      ,     14,  22.5,     20
2018-08-27, 17:12:26,  -04:00,    ORW,   41.5482559,  -72.0011826,  7003.2, 30.02,  7369.2,  17.2, 145.06, 155.49,   -8.47,   0.42,  -0.04,  -0.00,  -0.01,  16.4,  23.9,  27.7,  28.8,   1.8,  27.61,  27.70,    16.39,  189.36,   52.38,  30.50, 2485.1,    0.76,  331.29,  363.00,  361.12,  343.84,  347.29,  344.91, 1469.22, 1532.49, 1497.57, 1479.02, 1473.30, 1467.68, 1555.02, 1550.36,  7267.6, 168,  GPS,   23.9, 113.60, 110.60, 123.675, 121.500, -0.002,       ,  24.45, -54.8,    0.5,   23.6,  -14.0,      1,   GPS,    ALT,  -0.0,   0.5,  -3.9, 3DDiff, 3704,      ,     14,  22.5,     20
2018-08-27, 17:12:27,  -04:00,    ORW,   41.5489616,  -72.0010147,  7002.2, 30.02,  7368.1,  17.2, 145.12, 155.55,  -14.90,   0.42,  -0.02,   0.00,   0.00,  16.4,  23.9,  27.7,  28.8,   1.8,  27.61,  27.69,    16.32,  189.37,   52.48,  30.49, 2486.3,    0.75,  331.32,  363.05,  361.28,  343.91,  347.29,  345.00, 1468.57, 1532.18, 1496.19, 1478.32, 1473.04, 1468.75, 1554.17, 1549.53,  7266.5, 168,  GPS,   23.9, 113.60, 110.60, 123.675, 121.500, -0.002,       ,  24.46, -54.8,    0.5,   23.5,  -14.0,      1,   GPS,    ALT,  -0.0,   0.4, -11.8, 3DDiff, 3704,      ,     14,  23.5,     20
2018-08-27, 17:12:28,  -04:00,    ORW,   41.5496750,  -72.0008545,  7002.2, 30.02,  7368.6,  17.2, 145.13, 155.60,  -20.28,   0.42,  -0.03,   0.00,  -0.00,  16.4,  23.9,  27.7,  28.8,   1.8,  27.61,  27.67,    16.29,  189.40,   52.72,  30.47, 2486.7,    0.75,  331.38,  363.09,  361.46,  343.96,  347.32,  345.06, 1467.95, 1530.66, 1495.77, 1478.45, 1473.11, 1469.51, 1553.88, 1548.95,  7267.0, 168,  GPS,   23.9, 113.60, 110.60, 123.675, 121.500, -0.002,       ,  24.46, -54.7,    0.4,   23.6,  -14.0,      1,   GPS,    ALT,  -0.0,   0.4, -15.7, 3DDiff, 3704,      ,     14,  22.5,     20
2018-08-27, 17:12:29,  -04:00,    ORW,   41.5503845,  -72.0006866,  7003.2, 30.02,  7367.1,  17.2, 145.20, 155.64,    0.70,   0.43,  -0.04,  -0.00,  -0.01,  16.5,  23.9,  27.7,  28.8,   1.8,  27.62,  27.67,    16.26,  189.40,   52.72,  30.46, 2487.0,    0.75,  331.41,  363.15,  361.64,  343.99,  347.29,  345.12, 1466.43, 1529.37, 1495.16, 1477.81, 1472.22, 1470.19, 1553.29, 1547.74,  7265.6, 168,  GPS,   23.9, 113.60, 110.60, 123.675, 121.500, -0.002,       ,  24.47, -54.6,    0.4,   23.5,  -14.0,      1,   GPS,    ALT,  -0.0,   0.4, -15.7, 3DDiff, 3704,      ,     14,  22.0,     20
2018-08-27, 17:12:30,  -04:00,    ORW,   41.5510941,  -72.0005188,  7001.2, 30.02,  7366.6,  17.2, 145.13, 155.70,  -26.36,   0.44,  -0.05,   0.00,  -0.00,  16.5,  23.9,  27.7,  28.8,   1.8,  27.62,  27.66,    16.38,  189.41,   52.68,  30.51, 2485.4,    0.76,  331.44,  363.15,  361.83,  344.06,  347.31,  345.18, 1466.10, 1529.21, 1496.02, 1478.78, 1472.12, 1471.13, 1553.75, 1548.34,  7265.1, 168,  GPS,   23.9, 113.60, 110.60, 123.675, 121.500, -0.002,       ,  24.47, -54.6,    0.3,   23.4,  -14.0,      1,   GPS,    ALT,  -0.0,   0.4, -19.7, 3DDiff, 3704,      ,     14,  22.5,     20
2018-08-27, 17:12:31,  -04:00,    ORW,   41.5518036,  -72.0003586,  7001.2, 30.02,  7366.2,  17.2, 145.24, 155.76,  -30.30,   0.48,  -0.09,   0.01,   0.01,  16.5,  23.9,  27.7,  28.8,   1.8,  27.61,  27.65,    16.33,  189.40,   52.65,  30.49, 2486.3,    0.75,  331.49,  363.21,  362.04,  344.12,  347.29,  345.21, 1466.58, 1528.34, 1495.47, 1477.23, 1471.63, 1470.65, 1552.93, 1548.54,  7264.7, 168,  GPS,   23.9, 113.60, 110.60, 123.675, 121.500, -0.002,       ,  24.47, -54.5,    0.3,   23.4,  -14.0,      1,   GPS,    ALT,  -0.2,   0.4, -15.7, 3DDiff, 3704,      ,     14,  22.5,     20
2018-08-27, 17:12:32,  -04:00,    ORW,   41.5525131,  -72.0001907,  7001.2, 30.02,  7366.1,  17.2, 145.24, 155.78,  -23.75,   0.48,  -1.15,  -0.00,  -0.00,  16.5,  23.9,  27.7,  28.8,   1.8,  27.61,  27.65,    16.38,  189.40,   52.73,  30.48, 2487.5,    0.76,  331.52,  363.24,  362.20,  344.18,  347.31,  345.24, 1466.30, 1529.01, 1495.63, 1476.94, 1472.27, 1471.43, 1553.11, 1548.84,  7264.5, 168,  GPS,   23.9, 113.60, 110.60, 123.675, 121.500, -0.002,       ,  24.47, -54.5,    0.2,   23.2,  -14.0,      1,   GPS,    ALT,  -1.6,   0.5,  -7.9, 3DDiff, 3704,      ,     14,  23.0,     20
2018-08-27, 17:12:33,  -04:00,    ORW,   41.5532265,  -72.0000305,  7001.2, 30.02,  7367.4,  17.2, 145.24, 155.78,  -21.99,   0.52,  -2.97,   0.00,  -0.00,  16.3,  23.8,  27.7,  28.8,   1.8,  27.60,  27.66,    16.37,  189.41,   52.55,  30.48, 2487.6,    0.76,  331.56,  363.30,  362.41,  344.24,  347.30,  345.27, 1466.75, 1527.95, 1495.71, 1477.35, 1472.77, 1471.66, 1553.07, 1549.11,  7265.9, 168,  GPS,   23.9, 113.60, 110.60, 123.675, 121.500, -0.001,       ,  24.46, -54.4,    0.2,   23.1,  -14.0,      1,   GPS,    ALT,  -4.1,   0.5,  -7.9, 3DDiff, 3704,      ,     14,  23.5,     20
2018-08-27, 17:12:34,  -04:00,    ORW,   41.5539436,  -71.9998703,  6999.2, 30.02,  7366.7,  17.2, 145.11, 155.74,  -54.09,   0.62,  -5.54,   0.01,   0.01,  15.8,  23.5,  27.7,  28.8,   1.8,  27.57,  27.68,    16.26,  189.44,   52.58,  30.51, 2486.2,    0.75,  331.59,  363.33,  362.57,  344.27,  347.32,  345.33, 1467.28, 1527.95, 1494.85, 1477.44, 1472.34, 1471.07, 1552.80, 1549.21,  7265.1, 168,  GPS,   11.5, 113.60, 110.60, 123.675, 121.500, -0.001,       ,  24.46, -54.4,    0.1,   23.0,  -14.0,      1,   GPS,    ALT,  -7.1,   0.6,  -7.9, 3DDiff, 3704,      ,     14,  22.5,     20
2018-08-27, 17:12:35,  -04:00,    ORW,   41.5546494,  -71.9997330,  7001.2, 30.02,  7367.2,  17.2, 145.25, 155.55,  -13.63,   0.65,  -8.50,   0.01,   0.00,  15.0,  22.9,  27.7,  28.8,   1.8,  27.51,  27.72,    16.30,  189.45,   52.49,  30.52, 2485.7,    0.75,  331.64,  363.37,  362.75,  344.36,  347.32,  345.34, 1467.22, 1527.71, 1495.67, 1476.69, 1472.46, 1470.04, 1552.61, 1549.74,  7265.6, 168,  GPS,   11.5, 113.60, 110.60, 123.675, 121.500, -0.001,       ,  24.46, -54.4,    0.1,   23.2,  -14.0,      1,   GPS,    ALT,  -9.8,   0.6,   0.0, 3DDiff, 3704,      ,     14,  22.0,     20
2018-08-27, 17:12:36,  -04:00,    ORW,   41.5553627,  -71.9996033,  7001.2, 30.02,  7367.2,  17.2, 145.14, 155.31,    3.01,   0.59, -11.02,  -0.00,   0.00,  13.8,  21.8,  27.7,  28.8,   1.8,  27.45,  27.76,    16.38,  189.45,   52.55,  30.51, 2485.8,    0.76,  331.68,  363.40,  362.90,  344.39,  347.29,  345.39, 1467.96, 1528.63, 1495.70, 1477.20, 1473.82, 1469.88, 1553.07, 1550.59,  7265.6, 168,  GPS,   11.5, 113.60, 110.60, 123.675, 121.500, -0.002,       ,  24.46, -54.4,    0.1,   24.2,  -14.0,      1,   GPS,    ALT, -11.7,   0.6,   0.0, 3DDiff, 3704,      ,     14,  22.5,     20
2018-08-27, 17:12:37,  -04:00,    ORW,   41.5560722,  -71.9994888,  7000.2, 30.02,  7366.8,  17.2, 145.15, 154.98,   -5.61,   0.58, -12.92,   0.00,   0.01,  12.4,  20.4,  27.7,  28.8,   1.8,  27.39,  27.80,    16.36,  189.47,   52.41,  30.48, 2484.6,    0.76,  331.73,  363.46,  363.09,  344.43,  347.31,  345.43, 1467.21, 1529.58, 1496.22, 1478.37, 1472.83, 1469.75, 1553.87, 1549.35,  7265.2, 168,  GPS,   11.5, 113.60, 110.60, 123.675, 121.500, -0.002,       ,  24.46, -54.4,    0.0,   31.6,  -14.0,      1,   GPS,    ALT, -12.7,   0.6, -23.6, 3DDiff, 3704,      ,     14,  23.0,     20
2018-08-27, 17:12:38,  -04:00,  MOGUL,   41.5567856,  -71.9994049,  7001.2, 30.02,  7366.3,  17.2, 145.25, 154.57,   -7.29,   0.60, -13.77,   0.01,   0.04,  10.8,  18.9,  27.7,  28.8,   1.8,  27.35,  27.81,    16.27,  189.47,   52.52,  30.50, 2487.5,    0.75,  331.74,  363.49,  363.25,  344.48,  347.29,  345.46, 1467.66, 1528.48, 1495.99, 1477.53, 1474.11, 1470.40, 1552.97, 1550.31,  7264.7, 168,  GPS,   11.5, 113.60, 110.60, 123.675, 121.500, -0.003,       ,  24.48, -54.4,   10.0,   11.5,  -14.0,      1,   GPS,    ALT, -13.2,   0.6, -31.5, 3DDiff, 3704,      ,     14,  23.0,     20
2018-08-27, 17:12:39,  -04:00,  MOGUL,   41.5575027,  -71.9993515,  7001.2, 30.02,  7364.9,  17.2, 145.16, 154.19,  -12.56,   0.58, -13.84,  -0.01,   0.03,   9.2,  17.1,  27.7,  28.8,   1.8,  27.35,  27.80,    16.29,  189.47,   52.57,  30.52, 2485.4,    0.75,  331.82,  363.52,  363.40,  344.51,  347.26,  345.46, 1467.52, 1527.72, 1496.44, 1478.79, 1474.71, 1471.13, 1552.99, 1550.50,  7263.3, 168,  GPS,   11.5, 113.60, 110.60, 123.675, 121.500, -0.003,       ,  24.50, -54.4,    9.9,   11.5,  -14.0,      1,   GPS,    ALT, -13.3,   0.6, -27.6, 3DDiff, 3704,      ,     14,  23.5,     20
2018-08-27, 17:12:40,  -04:00,  MOGUL,   41.5582123,  -71.9993362,  7001.2, 30.02,  7365.1,  17.2, 145.27, 153.76,    8.51,   0.54, -12.81,  -0.01,   0.03,   7.6,  15.5,  27.7,  28.8,   1.8,  27.38,  27.77,    16.28,  189.48,   52.74,  30.50, 2486.6,    0.75,  331.84,  363.56,  363.57,  344.57,  347.23,  345.46, 1467.06, 1527.82, 1496.36, 1477.65, 1474.49, 1470.53, 1552.45, 1549.95,  7263.5, 168,  GPS,   11.5, 113.60, 110.60, 123.675, 121.500, -0.004,       ,  24.53, -54.5,    9.9,   11.5,  -14.0,      1,   GPS,    ALT, -12.2,   0.6, -27.6, 3DDiff, 3704,      ,     14,  23.0,     20
2018-08-27, 17:12:41,  -04:00,  MOGUL,   41.5589218,  -71.9993439,  7000.2, 30.02,  7364.6,  17.2, 145.15, 153.37,  -24.36,   0.54, -10.68,   0.00,   0.03,   6.2,  13.7,  27.7,  28.8,   1.8,  27.44,  27.71,    16.34,  189.46,   52.67,  30.52, 2486.4,    0.75,  331.89,  363.61,  363.70,  344.60,  347.21,  345.48, 1466.86, 1527.29, 1497.64, 1476.68, 1474.17, 1470.05, 1551.67, 1550.02,  7263.0, 168,  GPS,   11.5, 110.60, 110.60, 123.675, 121.500, -0.004,       ,  24.57, -54.7,    9.8,   11.5,  -14.0,      1,   GPS,    ALT,  -9.9,   0.5, -27.6, 3DDiff, 3704,      ,     14,  22.5,     20
2018-08-27, 17:12:42,  -04:00,  MOGUL,   41.5596275,  -71.9993668,  7000.2, 30.02,  7364.4,  17.2, 145.19, 153.06,  -19.61,   0.52,  -7.93,  -0.01,   0.02,   5.1,  12.4,  27.7,  28.8,   1.8,  27.54,  27.61,    16.41,  189.47,   52.85,  30.52, 2484.8,    0.76,  331.95,  363.67,  363.88,  344.66,  347.20,  345.49, 1467.35, 1527.82, 1498.08, 1475.40, 1474.17, 1470.32, 1551.02, 1550.26,  7262.8, 168,  GPS,   11.5, 110.60, 110.60, 123.675, 121.500, -0.004,       ,  24.62, -54.8,    9.8,   11.5,  -14.0,      1,   GPS,    ALT,  -6.9,   0.5, -15.7, 3DDiff, 3704,      ,     14,  22.5,     20
2018-08-27, 17:12:43,  -04:00,  MOGUL,   41.5603371,  -71.9994049,  7001.2, 30.02,  7364.3,  17.2, 145.22, 152.79,    9.32,   0.42,  -4.95,  -0.01,  -0.01,   4.4,  11.4,  27.7,  28.8,   1.8,  27.66,  27.49,    16.37,  189.48,   52.69,  30.49, 2486.2,    0.76,  331.98,  363.70,  364.00,  344.70,  347.19,  345.51, 1467.28, 1527.90, 1498.08, 1474.59, 1475.42, 1469.92, 1551.18, 1550.36,  7262.7, 168,  GPS,   11.5, 110.60, 116.50, 123.675, 121.500, -0.004,       ,  24.67, -55.0,    9.8,   11.5,  -14.0,      1,   GPS,    ALT,  -4.0,   0.5,  -3.9, 3DDiff, 3704,      ,     14,  23.0,     20
2018-08-27, 17:12:44,  -04:00,  MOGUL,   41.5610428,  -71.9994659,  7000.2, 30.02,  7364.0,  17.2, 145.12, 152.63,  -15.10,   0.43,  -2.56,  -0.00,  -0.00,   4.1,  10.8,  27.7,  28.8,   1.8,  27.79,  27.37,    16.26,  189.48,   52.69,  30.48, 2487.1,    0.75,  332.02,  363.73,  364.13,  344.75,  347.14,  345.55, 1467.09, 1527.28, 1497.49, 1475.07, 1474.27, 1469.88, 1551.10, 1549.40,  7262.5, 168,  GPS,   11.5, 110.60, 116.50, 123.675, 121.500, -0.004,       ,  24.71, -55.2,    9.7,   11.5,  -14.0,      1,   GPS,    ALT,  -1.9,   0.4, -11.8, 3DDiff, 3704,      ,     14,  23.0,     20
2018-08-27, 17:12:45,  -04:00,  MOGUL,   41.5617447,  -71.9995193,  6999.2, 30.02,  7364.3,  17.2, 145.05, 152.55,  -29.50,   0.45,  -0.96,   0.01,   0.01,   3.9,  10.4,  27.7,  28.8,   1.8,  27.91,  27.27,    16.29,  189.51,   52.73,  30.52, 2484.9,    0.75,  332.05,  363.76,  364.25,  344.81,  347.11,  345.56, 1466.80, 1527.33, 1498.06, 1474.62, 1473.46, 1469.92, 1551.32, 1549.71,  7262.8, 168,  GPS,   11.5, 110.60, 116.50, 123.675, 121.500, -0.003,       ,  24.75, -55.4,    9.7,   11.5,  -14.0,      1,   GPS,    ALT,  -0.6,   0.4, -11.8, 3DDiff, 3704,      ,     14,  23.5,     20
2018-08-27, 17:12:46,  -04:00,  MOGUL,   41.5624504,  -71.9995880,  6999.2, 30.02,  7363.8,  17.2, 145.00, 152.49,  -37.06,   0.48,  -0.08,   0.00,   0.01,   3.9,  10.2,  27.7,  28.8,   1.8,  28.00,  27.19,    16.30,  189.52,   52.73,  30.49, 2487.5,    0.75,  332.11,  363.82,  364.38,  344.85,  347.10,  345.61, 1466.74, 1526.46, 1498.50, 1474.00, 1472.79, 1470.59, 1550.82, 1549.66,  7262.2, 167,  GPS,   11.5, 110.60, 116.50, 123.675, 121.500, -0.003,       ,  24.78, -55.6,    9.6,   11.5,  -14.0,      1,   GPS,    ALT,   0.1,   0.5,   3.9, 3DDiff, 3704,      ,     14,  22.5,     20
2018-08-27, 17:12:47,  -04:00,  MOGUL,   41.5631599,  -71.9996490,  6999.2, 30.02,  7364.0,  17.2, 145.06, 152.49,  -26.84,   0.52,   0.42,  -0.00,   0.00,   4.0,  10.2,  27.7,  28.8,   1.8,  28.04,  27.15,    16.36,  189.52,   52.75,  30.53, 2485.4,    0.76,  332.17,  363.86,  364.52,  344.88,  347.07,  345.62, 1468.89, 1526.10, 1498.35, 1475.05, 1473.93, 1470.66, 1551.18, 1550.89,  7262.5, 168,  GPS,   11.5, 110.60, 116.50, 123.675, 121.500, -0.002,       ,  24.79, -55.8,    9.6,   11.5,  -14.0,      1,   GPS,    ALT,   0.4,   0.5,  19.7, 3DDiff, 3704,      ,     14,  22.5,     20
2018-08-27, 17:12:48,  -04:00,  MOGUL,   41.5638580,  -71.9997101,  7000.2, 30.02,  7364.6,  17.2, 145.01, 152.48,  -10.45,   0.53,   0.62,   0.01,  -0.01,   4.1,  10.2,  27.7,  28.8,   1.8,  28.06,  27.14,    16.30,  189.54,   52.75,  30.50, 2486.4,    0.75,  332.20,  363.89,  364.62,  344.94,  347.04,  345.68, 1468.47, 1527.06, 1498.17, 1475.71, 1473.76, 1470.64, 1551.37, 1550.23,  7263.0, 168,  GPS,   11.5, 110.60, 116.50, 123.675, 121.500, -0.002,       ,  24.79, -56.0,    9.6,   11.5,  -14.0,      1,   GPS,    ALT,   0.5,   0.5,  31.5, 3DDiff, 3704,      ,     14,  22.5,     20
2018-08-27, 17:12:49,  -04:00,  MOGUL,   41.5645599,  -71.9997711,  7000.2, 30.02,  7365.1,  17.2, 144.97, 152.49,   -3.36,   0.53,   0.65,   0.01,   0.00,   4.2,  10.3,  27.7,  28.8,   1.8,  28.05,  27.15,    16.34,  189.56,   52.56,  30.54, 2486.4,    0.75,  332.25,  363.92,  364.74,  344.99,  346.99,  345.72, 1469.32, 1526.67, 1498.22, 1476.22, 1474.07, 1468.46, 1550.78, 1550.70,  7263.5, 167,  GPS,   11.5, 110.60, 116.50, 123.675, 121.500, -0.001,       ,  24.77, -56.1,    9.5,   11.5,  -14.0,      1,   GPS,    ALT,   0.6,   0.5,  35.4, 3DDiff, 3704,      ,     14,  22.5,     20
2018-08-27, 17:12:50,  -04:00,  MOGUL,   41.5652657,  -71.9998245,  7000.2, 30.02,  7365.5,  17.2, 145.04, 152.51,   11.85,   0.54,   0.63,   0.00,  -0.00,   4.3,  10.4,  27.7,  28.8,   1.8,  28.02,  27.17,    16.30,  189.58,   52.56,  30.53, 2484.2,    0.75,  332.29,  363.96,  364.87,  345.06,  346.99,  345.76, 1467.53, 1527.04, 1497.99, 1477.01, 1474.31, 1469.47, 1551.85, 1549.85,  7263.9, 168,  GPS,   11.5, 110.60, 116.50, 123.675, 121.500, -0.001,       ,  24.74, -56.2,    9.5,   11.5,  -14.0,      1,   GPS,    ALT,   0.6,   0.5,  31.5, 3DDiff, 3704,      ,     14,  23.0,     20
2018-08-27, 17:12:51,  -04:00,  MOGUL,   41.5659752,  -71.9998856,  7001.2, 30.02,  7366.1,  17.2, 145.03, 152.55,   23.38,   0.47,   0.57,   0.00,  -0.01,   4.4,  10.5,  27.7,  28.8,   1.8,  27.96,  27.21,    16.34,  189.60,   52.68,  30.50, 2486.3,    0.75,  332.32,  363.98,  364.97,  345.09,  346.95,  345.79, 1467.46, 1527.30, 1496.92, 1476.34, 1473.11, 1470.17, 1552.41, 1549.03,  7264.5, 168,  GPS,   11.5, 110.60, 116.50, 123.675, 121.500, -0.001,       ,  24.70, -56.3,    9.4,   11.5,  -14.0,      1,   GPS,    ALT,   0.6,   0.5,  31.5, 3DDiff, 3704,      ,     14,  23.5,     20
2018-08-27, 17:12:52,  -04:00,  MOGUL,   41.5666809,  -71.9999390,  7001.2, 30.02,  7367.0,  17.2, 144.98, 152.59,   16.34,   0.44,   0.54,   0.01,  -0.00,   4.5,  10.6,  27.7,  28.8,   1.8,  27.90,  27.24,    16.30,  189.58,   52.57,  30.48, 2486.2,    0.75,  332.37,  364.03,  365.10,  345.12,  346.92,  345.84, 1466.52, 1527.47, 1495.83, 1476.40, 1472.30, 1468.86, 1551.83, 1548.62,  7265.4, 167,  GPS,   11.5, 110.60, 116.50, 123.675, 121.500, -0.000,       ,  24.64, -56.4,    9.4,   11.5,  -14.0,      1,   GPS,    ALT,   0.5,   0.5,  19.7, 3DDiff, 3704,      ,     14,  22.5,     20
2018-08-27, 17:12:53,  -04:00,  MOGUL,   41.5673866,  -71.9999924,  7002.2, 30.02,  7367.0,  17.2, 145.09, 152.61,   15.45,   0.43,   0.44,   0.00,  -0.00,   4.5,  10.7,  27.7,  28.8,   1.8,  27.85,  27.28,    16.34,  189.57,   52.60,  30.50, 2486.5,    0.75,  332.40,  364.07,  365.20,  345.18,  346.89,  345.89, 1466.43, 1527.06, 1495.46, 1477.66, 1472.35, 1470.28, 1553.02, 1548.57,  7265.4, 168,  GPS,   11.5, 110.60, 116.50, 123.675, 121.500, -0.000,       ,  24.58, -56.5,    9.3,   11.5,  -14.0,      1,   GPS,    ALT,   0.5,   0.4,  11.8, 3DDiff, 3704,      ,     14,  22.5,     20
2018-08-27, 17:12:54,  -04:00,  MOGUL,   41.5680962,  -72.0000534,  7002.2, 30.02,  7367.0,  17.2, 145.07, 152.65,    5.61,   0.44,   0.34,  -0.00,  -0.01,   4.6,  10.8,  27.7,  28.8,   1.8,  27.81,  27.31,    16.35,  189.57,   52.71,  30.52, 2486.7,    0.76,  332.44,  364.08,  365.30,  345.24,  346.86,  345.92, 1466.49, 1527.70, 1495.47, 1478.24, 1473.34, 1470.33, 1552.97, 1549.15,  7265.5, 168,  GPS,   11.5, 110.60, 116.50, 123.675, 121.500,  0.000,       ,  24.51, -56.5,    9.3,   11.5,  -14.0,      1,   GPS,    ALT,   0.4,   0.4,   3.9, 3DDiff, 3704,      ,     14,  22.5,     20
2018-08-27, 17:12:55,  -04:00,  MOGUL,   41.5687981,  -72.0000992,  7002.2, 30.02,  7367.1,  17.2, 145.18, 152.71,    1.69,   0.45,   0.42,   0.00,  -0.00,   4.6,  10.9,  27.7,  28.8,   1.8,  27.78,  27.33,    16.31,  189.55,   52.70,  30.50, 2488.3,    0.75,  332.50,  364.16,  365.44,  345.27,  346.84,  345.95, 1467.36, 1526.93, 1495.61, 1476.61, 1472.11, 1470.07, 1552.06, 1549.10,  7265.5, 168,  GPS,   11.5, 110.60, 116.50, 123.675, 121.500,  0.000,       ,  24.43, -56.6,    9.3,   11.5,  -14.0,      1,   GPS,    ALT,   0.4,   0.4,   3.9, 3DDiff, 3704,      ,     14,  22.5,     20
2018-08-27, 17:12:56,  -04:00,  MOGUL,   41.5695038,  -72.0001526,  7002.2, 30.02,  7367.2,  17.2, 145.27, 152.75,   17.56,   0.40,   0.34,   0.00,  -0.01,   4.7,  10.9,  27.7,  28.8,   1.8,  27.75,  27.35,    16.25,  189.53,   52.74,  30.52, 2488.3,    0.75,  332.53,  364.16,  365.54,  345.33,  346.82,  346.01, 1468.33, 1526.32, 1496.01, 1475.36, 1471.91, 1470.24, 1551.79, 1549.52,  7265.6, 168,  GPS,   11.5, 110.60, 116.50, 123.675, 121.500,  0.001,       ,  24.35, -56.6,    9.2,   11.5,  -14.0,      1,   GPS,    ALT,   0.4,   0.4,   0.0, 3DDiff, 3704,      ,     14,  23.0,     20
2018-08-27, 17:12:57,  -04:00,  MOGUL,   41.5702095,  -72.0001984,  7001.2, 30.02,  7368.0,  17.2, 145.19, 152.79,   -7.09,   0.37,   0.30,  -0.00,  -0.00,   4.7,  11.0,  27.7,  28.8,   1.8,  27.73,  27.37,    16.28,  189.54,   52.62,  30.47, 2486.0,    0.75,  332.56,  364.19,  365.63,  345.34,  346.79,  346.06, 1466.83, 1525.74, 1496.22, 1474.53, 1471.02, 1470.06, 1551.05, 1548.41,  7266.4, 168,  GPS,   11.5, 110.60, 116.50, 123.675, 121.500,  0.001,       ,  24.27, -56.6,    9.2,   11.5,  -14.0,      1,   GPS,    ALT,   0.3,   0.4, -15.7, 3DDiff, 3704,      ,     14,  23.5,     20
2018-08-27, 17:12:58,  -04:00,  MOGUL,   41.5709152,  -72.0002441,  7001.2, 30.02,  7367.1,  17.2, 145.31, 152.86,  -12.09,   0.44,   0.22,  -0.00,   0.00,   4.7,  11.2,  27.7,  28.8,   1.8,  27.72,  27.37,    16.34,  189.53,   52.57,  30.50, 2486.6,    0.75,  332.60,  364.23,  365.76,  345.40,  346.78,  346.07, 1466.15, 1525.89, 1495.89, 1474.18, 1472.40, 1471.44, 1551.32, 1548.85,  7265.6, 168,  GPS,   11.5, 110.60, 116.50, 123.675, 121.500,  0.001,       ,  24.19, -56.6,    9.1,   11.5,  -14.0,      1,   GPS,    ALT,   0.3,   0.4, -15.7, 3DDiff, 3704,      ,     14,  22.5,     20
2018-08-27, 17:12:59,  -04:00,  MOGUL,   41.5716209,  -72.0002899,  7001.2, 30.02,  7367.1,  17.2, 145.36, 152.90,  -23.56,   0.45,   0.23,   0.00,   0.01,   4.8,  11.1,  27.7,  28.8,   1.8,  27.71,  27.37,    16.39,  189.53,   52.45,  30.53, 2485.5,    0.76,  332.65,  364.25,  365.88,  345.42,  346.77,  346.10, 1466.26, 1526.47, 1495.87, 1474.93, 1472.50, 1472.47, 1551.88, 1548.76,  7265.5, 168,  GPS,   11.5, 110.60, 116.50, 123.675, 121.500,  0.001,       ,  24.12, -56.6,    9.1,   11.5,  -14.0,      1,   GPS,    ALT,   0.3,   0.4,  -7.9, 3DDiff, 3704,      ,     14,  22.0,     20
2018-08-27, 17:13:00,  -04:00,  MOGUL,   41.5723305,  -72.0003433,  7002.2, 30.02,  7367.1,  17.2, 145.34, 152.96,  -19.44,   0.46,   0.25,   0.00,   0.00,   4.8,  11.1,  27.7,  28.8,   1.8,  27.72,  27.36,    16.37,  189.52,   52.70,  30.52, 2488.3,    0.76,  332.69,  364.31,  365.97,  345.45,  346.80,  346.16, 1467.39, 1526.64, 1496.30, 1475.26, 1472.42, 1471.81, 1551.97, 1549.60,  7265.6, 168,  GPS,   11.5, 110.60, 116.50, 123.675, 121.500,  0.001,       ,  23.97, -56.6,    9.0,   11.5,  -14.0,      1,   GPS,    ALT,   0.3,   0.5,  -3.9, 3DDiff, 3704,      ,     14,  22.5,     20
2018-08-27, 17:13:01,  -04:00,  MOGUL,   41.5730362,  -72.0003891,  7002.2, 30.02,  7367.2,  17.2, 145.44, 153.00,    5.93,   0.43,   0.20,  -0.00,  -0.01,   4.8,  11.2,  27.7,  28.8,   1.8,  27.73,  27.35,    16.38,  189.53,   52.64,  30.55, 2485.3,    0.76,  332.71,  364.32,  366.06,  345.49,  346.82,  346.18, 1467.82, 1527.03, 1496.33, 1474.85, 1473.75, 1470.42, 1551.68, 1549.65,  7265.7, 168,  GPS,   11.5, 110.60, 116.50, 123.675, 121.500,  0.001,       ,  23.97, -56.6,    9.0,   11.5,  -14.0,      1,   GPS,    ALT,   0.2,   0.4,   0.0, 3DDiff, 3704,      ,     14,  22.0,     20
2018-08-27, 17:13:02,  -04:00,  MOGUL,   41.5737457,  -72.0004349,  7002.2, 30.02,  7367.0,  17.2, 145.40, 153.04,   -3.43,   0.41,   0.16,   0.00,  -0.01,   4.9,  11.2,  27.7,  28.8,   1.8,  27.74,  27.34,    16.33,  189.53,   52.58,  30.55, 2486.4,    0.75,  332.78,  364.35,  366.17,  345.52,  346.85,  346.19, 1469.01, 1527.86, 1495.52, 1474.54, 1473.57, 1470.90, 1552.13, 1550.01,  7265.4, 168,  GPS,   11.5, 110.60, 116.50, 123.675, 121.500,  0.001,       ,  23.90, -56.6,    9.0,   11.5,  -14.0,      1,   GPS,    ALT,   0.2,   0.4, -11.8, 3DDiff, 3704,      ,     14,  22.0,     20
2018-08-27, 17:13:03,  -04:00,  MOGUL,   41.5744553,  -72.0004807,  7001.2, 30.02,  7365.6,  17.2, 145.41, 153.10,  -15.66,   0.41,   0.16,   0.00,   0.00,   4.9,  11.2,  27.7,  28.8,   1.8,  27.75,  27.32,    16.35,  189.55,   52.72,  30.51, 2486.1,    0.75,  332.81,  364.38,  366.27,  345.53,  346.91,  346.24, 1469.01, 1528.40, 1495.14, 1475.79, 1472.56, 1470.11, 1551.78, 1549.62,  7264.0, 168,  GPS,   11.5, 110.60, 116.50, 123.675, 121.500,  0.002,       ,  23.83, -56.6,    8.9,   11.5,  -14.0,      1,   GPS,    ALT,   0.2,   0.4, -15.7, 3DDiff, 3704,      ,     14,  22.5,     20
2018-08-27, 17:13:04,  -04:00,  MOGUL,   41.5751610,  -72.0005264,  7001.2, 30.02,  7366.1,  17.2, 145.52, 153.14,  -15.32,   0.44,   0.18,  -0.00,  -0.00,   4.9,  11.3,  27.7,  28.8,   1.8,  27.76,  27.30,    16.30,  189.58,   52.77,  30.48, 2486.6,    0.75,  332.86,  364.41,  366.36,  345.56,  347.01,  346.25, 1468.65, 1527.32, 1494.61, 1475.10, 1472.74, 1469.97, 1550.81, 1549.32,  7264.6, 168,  GPS,   11.5, 110.60, 116.50, 123.675, 121.500,  0.002,       ,  23.76, -56.6,    8.9,   11.5,  -14.0,      1,   GPS,    ALT,   0.2,   0.4, -15.7, 3DDiff, 3704,      ,     14,  21.5,     20
2018-08-27, 17:13:05,  -04:00,  MOGUL,   41.5758743,  -72.0005722,  7001.2, 30.02,  7365.4,  17.2, 145.47, 153.17,  -19.41,   0.43,   0.20,  -0.00,  -0.01,   5.0,  11.3,  27.7,  28.8,   1.8,  27.77,  27.29,    16.28,  189.59,   52.62,  30.51, 2482.2,    0.75,  332.90,  364.43,  366.45,  345.57,  347.13,  346.28, 1468.64, 1527.24, 1495.74, 1475.06, 1473.18, 1470.13, 1551.38, 1550.05,  7263.8, 168,  GPS,   11.5, 110.60, 116.50, 123.675, 121.500,  0.002,       ,  23.70, -56.6,    8.8,   11.5,  -14.0,      1,   GPS,    ALT,   0.2,   0.4, -11.8, 3DDiff, 3704,      ,     14,  21.5,     20
2018-08-27, 17:13:06,  -04:00,  MOGUL,   41.5765800,  -72.0006104,  7001.2, 30.02,  7365.1,  17.2, 145.60, 153.21,  -17.58,   0.45,   0.16,   0.00,  -0.00,   5.0,  11.3,  27.7,  28.8,   1.8,  27.77,  27.28,    16.28,  189.59,   52.68,  30.54, 2487.6,    0.75,  332.93,  364.44,  366.54,  345.61,  347.28,  346.30, 1468.92, 1527.44, 1495.56, 1475.62, 1473.62, 1470.33, 1552.25, 1550.19,  7263.6, 168,  GPS,   11.5, 110.60, 116.50, 123.675, 121.500,  0.002,       ,  23.65, -56.5,    8.8,   11.5,  -14.0,      1,   GPS,    ALT,   0.2,   0.4, -11.8, 3DDiff, 3704,      ,     14,  21.5,     20
2018-08-27, 17:13:07,  -04:00,  MOGUL,   41.5772934,  -72.0006561,  7001.2, 30.02,  7364.9,  17.2, 145.59, 153.25,  -17.88,   0.48,   0.15,   0.00,   0.01,   5.0,  11.5,  27.7,  28.8,   1.8,  27.78,  27.27,    16.27,  189.58,   52.33,  30.53, 2486.1,    0.75,  332.98,  364.49,  366.63,  345.63,  347.46,  346.31, 1469.11, 1527.54, 1495.86, 1475.70, 1474.29, 1470.41, 1552.45, 1550.75,  7263.4, 168,  GPS,   11.5, 110.60, 116.50, 123.675, 121.500,  0.002,       ,  23.59, -56.5,    8.7,   11.5,  -14.0,      1,   GPS,    ALT,   0.2,   0.5,  -7.9, 3DDiff, 3704,      ,     14,  22.0,     20
2018-08-27, 17:13:08,  -04:00,  MOGUL,   41.5779991,  -72.0007019,  7001.2, 30.02,  7364.8,  17.2, 145.59, 153.27,   -9.41,   0.49,   0.15,  -0.00,  -0.01,   5.1,  11.4,  27.7,  28.8,   1.8,  27.79,  27.26,    16.36,  189.61,   52.35,  30.49, 2487.2,    0.76,  332.99,  364.50,  366.68,  345.67,  347.65,  346.34, 1468.75, 1528.01, 1495.68, 1476.02, 1474.43, 1469.99, 1551.82, 1550.07,  7263.2, 168,  GPS,   11.5, 110.60, 116.50, 123.675, 121.500,  0.002,       ,  23.55, -56.5,    8.7,   11.5,  -14.0,      1,   GPS,    ALT,   0.1,   0.5,  -3.9, 3DDiff, 3704,      ,     14,  22.0,     20
2018-08-27, 17:13:09,  -04:00,  MOGUL,   41.5787086,  -72.0007401,  7000.2, 30.02,  7365.4,  17.2, 145.59, 153.29,  -12.52,   0.49,   0.15,   0.00,  -0.01,   5.1,  11.4,  27.7,  28.8,   1.8,  27.79,  27.26,    16.33,  189.60,   52.59,  30.54, 2487.1,    0.75,  333.02,  364.55,  366.79,  345.67,  347.83,  346.34, 1467.98, 1528.17, 1496.11, 1475.39, 1474.96, 1469.45, 1551.82, 1549.93,  7263.9, 168,  GPS,   11.5, 110.60, 116.50, 123.675, 121.500,  0.002,       ,  23.50, -56.5,    8.7,   11.5,  -14.0,      1,   GPS,    ALT,   0.1,   0.5,  -7.9, 3DDiff, 3704,      ,     14,  22.5,     20
2018-08-27, 17:13:10,  -04:00,  MOGUL,   41.5794144,  -72.0007858,  7001.2, 30.02,  7364.4,  17.2, 145.66, 153.29,  -16.12,   0.55,   0.12,   0.00,   0.01,   5.1,  11.4,  27.7,  28.8,   1.8,  27.78,  27.26,    16.28,  189.60,   52.57,  30.55, 2486.1,    0.75,  333.06,  364.55,  366.86,  345.68,  347.99,  346.37, 1467.65, 1527.00, 1495.73, 1475.36, 1475.40, 1469.18, 1551.53, 1549.79,  7262.9, 168,  GPS,   11.5, 110.60, 116.50, 123.675, 121.500,  0.002,       ,  23.46, -56.5,    8.6,   11.5,  -14.0,      1,   GPS,    ALT,   0.1,   0.5, -15.7, 3DDiff, 3704,      ,     14,  21.5,     20
2018-08-27, 17:13:11,  -04:00,  MOGUL,   41.5801277,  -72.0008240,  7001.2, 30.02,  7365.3,  17.2, 145.72, 153.31,  -15.30,   0.56,   0.07,   0.00,  -0.01,   5.1,  11.5,  27.7,  28.8,   1.8,  27.77,  27.25,    16.33,  189.61,   52.52,  30.51, 2486.5,    0.75,  333.11,  364.59,  366.91,  345.71,  348.14,  346.37, 1466.53, 1526.17, 1495.54, 1475.10, 1475.94, 1468.46, 1550.82, 1549.33,  7263.7, 168,  GPS,   11.5, 110.60, 116.50, 123.675, 121.500,  0.002,       ,  23.42, -56.4,    8.6,   11.5,  -14.0,      1,   GPS,    ALT,   0.1,   0.6,  -7.9, 3DDiff, 3704,      ,     14,  21.5,     20
2018-08-27, 17:13:12,  -04:00,  MOGUL,   41.5808334,  -72.0008698,  7001.2, 30.02,  7365.2,  17.2, 145.76, 153.29,   -3.53,   0.59,   0.09,  -0.00,  -0.01,   5.1,  11.5,  27.7,  28.8,   1.8,  27.77,  27.25,    16.34,  189.61,   52.51,  30.51, 2486.8,    0.75,  333.14,  364.62,  366.97,  345.74,  348.29,  346.37, 1467.09, 1527.53, 1495.55, 1475.49, 1475.26, 1468.72, 1551.80, 1549.59,  7263.6, 168,  GPS,   11.5, 110.60, 116.50, 123.675, 121.500,  0.002,       ,  23.39, -56.4,    8.5,   11.5,  -14.0,      1,   GPS,    ALT,   0.1,   0.6,  -7.9, 3DDiff, 3704,      ,     14,  21.5,     20
2018-08-27, 17:13:13,  -04:00,  MOGUL,   41.5815430,  -72.0009079,  7001.2, 30.02,  7365.1,  17.2, 145.69, 153.29,   -1.40,   0.57,   0.09,   0.01,  -0.00,   5.2,  11.5,  27.7,  28.8,   1.8,  27.77,  27.25,    16.33,  189.59,   52.81,  30.53, 2487.0,    0.75,  333.16,  364.62,  367.02,  345.76,  348.41,  346.40, 1468.19, 1527.67, 1496.35, 1474.97, 1473.43, 1467.77, 1551.64, 1549.07,  7263.5, 168,  GPS,   11.5, 110.60, 116.50, 123.675, 121.500,  0.002,       ,  23.35, -56.4,    8.5,   11.5,  -14.0,      1,   GPS,    ALT,   0.1,   0.6,  -7.9, 3DDiff, 3704,      ,     14,  21.5,     20
2018-08-27, 17:13:14,  -04:00,  MOGUL,   41.5822487,  -72.0009537,  6999.2, 30.02,  7364.8,  17.2, 145.64, 153.27,  -28.06,   0.58,   0.03,   0.00,   0.01,   5.2,  11.5,  27.7,  28.8,   1.8,  27.75,  27.25,    16.39,  189.59,   52.81,  30.55, 2486.5,    0.76,  333.18,  364.65,  367.10,  345.79,  348.51,  346.40, 1469.19, 1528.42, 1496.48, 1474.73, 1473.21, 1468.11, 1551.92, 1549.28,  7263.2, 168,  GPS,   11.5, 110.60, 116.50, 123.675, 121.500,  0.002,       ,  23.33, -56.3,    8.4,   11.5,  -14.0,      1,   GPS,    ALT,   0.1,   0.6, -19.7, 3DDiff, 3704,      ,     14,  22.0,     20
2018-08-27, 17:13:15,  -04:00,  MOGUL,   41.5829659,  -72.0009842,  6999.2, 30.02,  7364.3,  17.2, 145.75, 153.25,  -35.82,   0.68,   0.03,  -0.01,   0.01,   5.2,  11.5,  27.7,  28.8,   1.8,  27.74,  27.25,    16.33,  189.59,   52.72,  30.52, 2486.2,    0.75,  333.20,  364.66,  367.19,  345.82,  348.62,  346.40, 1469.05, 1529.12, 1496.83, 1474.71, 1473.72, 1468.88, 1552.16, 1549.80,  7262.7, 168,  GPS,   11.5, 110.60, 116.50, 123.675, 121.500,  0.002,       ,  23.30, -56.3,    8.4,   11.5,  -14.0,      1,   GPS,    ALT,   0.1,   0.6, -11.8, 3DDiff, 3704,      ,     14,  22.5,     20
2018-08-27, 17:13:16,  -04:00,  MOGUL,   41.5836754,  -72.0010300,  7000.2, 30.02,  7365.3,  17.2, 145.77, 153.21,  -18.71,   0.73,   0.01,  -0.00,  -0.00,   5.2,  11.6,  27.7,  28.8,   1.8,  27.74,  27.25,    16.27,  189.59,   52.83,  30.49, 2484.7,    0.75,  333.26,  364.69,  367.26,  345.84,  348.70,  346.40, 1468.76, 1528.33, 1496.76, 1473.87, 1472.55, 1468.02, 1551.31, 1549.14,  7263.8, 168,  GPS,   11.5, 110.60, 116.50, 123.675, 121.500,  0.002,       ,  23.28, -56.3,    8.4,   11.5,  -14.0,      1,   GPS,    ALT,   0.0,   0.7,   7.9, 3DDiff, 3704,      ,     14,  21.5,     20
2018-08-27, 17:13:17,  -04:00,  MOGUL,   41.5843811,  -72.0010681,  7000.2, 30.02,  7365.0,  17.2, 145.80, 153.16,    5.37,   0.66,   0.04,   0.00,  -0.01,   5.2,  11.6,  27.7,  28.8,   1.8,  27.73,  27.24,    16.26,  189.62,   52.69,  30.53, 2486.5,    0.75,  333.26,  364.69,  367.29,  345.87,  348.77,  346.40, 1468.61, 1528.47, 1496.69, 1473.77, 1472.34, 1467.59, 1551.14, 1548.86,  7263.4, 168,  GPS,   11.5, 110.60, 116.50, 123.675, 121.500,  0.002,       ,  23.27, -56.2,    8.3,   11.5,  -14.0,      1,   GPS,    ALT,   0.0,   0.7,  11.8, 3DDiff, 3704,      ,     14,  21.5,     20
2018-08-27, 17:13:18,  -04:00,  MOGUL,   41.5850868,  -72.0011063,  7001.2, 30.02,  7365.0,  17.2, 145.75, 153.08,   -1.05,   0.64,  -0.01,  -0.00,  -0.00,   5.3,  11.6,  27.7,  28.8,   1.8,  27.73,  27.24,    16.24,  189.63,   52.53,  30.52, 2486.2,    0.75,  333.30,  364.69,  367.35,  345.91,  348.81,  346.40, 1467.87, 1527.24, 1496.13, 1473.74, 1472.99, 1467.39, 1550.10, 1548.90,  7263.5, 168,  GPS,   11.5, 110.60, 116.50, 123.675, 121.500,  0.002,       ,  23.25, -56.2,    8.3,   11.5,  -14.0,      1,   GPS,    ALT,   0.0,   0.7,   3.9, 3DDiff, 3704,      ,     14,  21.5,     20
2018-08-27, 17:13:19,  -04:00,  MOGUL,   41.5858002,  -72.0011520,  7001.2, 30.02,  7365.1,  17.2, 145.78, 153.04,    9.68,   0.64,  -0.04,  -0.00,   0.00,   5.2,  11.6,  27.7,  28.8,   1.8,  27.72,  27.24,    16.32,  189.63,   52.64,  30.51, 2487.5,    0.75,  333.32,  364.73,  367.41,  345.94,  348.88,  346.40, 1467.07, 1526.59, 1496.67, 1474.56, 1472.34, 1467.81, 1550.01, 1548.97,  7263.5, 168,  GPS,   11.5, 110.60, 116.50, 123.675, 121.500,  0.002,       ,  23.24, -56.2,    8.2,   11.5,  -14.0,      1,   GPS,    ALT,   0.0,   0.6,   0.0, 3DDiff, 3704,      ,     14,  21.5,     20
2018-08-27, 17:13:20,  -04:00,  MOGUL,   41.5865059,  -72.0011902,  7001.2, 30.02,  7365.0,  17.2, 145.86, 153.00,   14.76,   0.60,  -0.02,   0.00,  -0.01,   5.2,  11.6,  27.7,  28.8,   1.8,  27.71,  27.24,    16.34,  189.64,   52.54,  30.53, 2487.5,    0.75,  333.36,  364.77,  367.47,  345.94,  348.94,  346.39, 1468.29, 1527.14, 1496.34, 1475.11, 1472.12, 1466.46, 1550.38, 1549.77,  7263.5, 168,  GPS,   11.5, 110.60, 116.50, 123.675, 121.500,  0.002,       ,  23.24, -56.1,    8.2,   11.5,  -14.0,      1,   GPS,    ALT,  -0.0,   0.6,  -7.9, 3DDiff, 3704,      ,     14,  22.0,     20
2018-08-27, 17:13:21,  -04:00,  MOGUL,   41.5872116,  -72.0012360,  7002.2, 30.02,  7364.9,  17.2, 145.92, 152.96,   -1.22,   0.62,  -0.02,   0.01,   0.01,   5.2,  11.6,  27.7,  28.8,   1.8,  27.71,  27.23,    16.37,  189.65,   52.58,  30.52, 2486.6,    0.76,  333.39,  364.78,  367.53,  345.95,  348.97,  346.40, 1467.90, 1526.61, 1496.30, 1476.55, 1472.94, 1466.69, 1551.68, 1548.80,  7263.6, 169,  GPS,   11.5, 110.60, 116.50, 123.675, 121.500,  0.002,       ,  23.23, -56.1,    8.2,   11.5,  -14.0,      1,   GPS,    ALT,  -0.0,   0.6, -11.8, 3DDiff, 3704,      ,     14,  22.5,     20
2018-08-27, 17:13:22,  -04:00,  MOGUL,   41.5879211,  -72.0012665,  7001.2, 30.02,  7364.3,  17.2, 145.95, 152.94,   11.93,   0.54,  -0.04,  -0.00,  -0.01,   5.2,  11.6,  27.7,  28.8,   1.8,  27.70,  27.23,    16.37,  189.65,   52.58,  30.50, 2487.4,    0.76,  333.41,  364.81,  367.59,  346.00,  349.02,  346.37, 1467.50, 1527.46, 1496.13, 1476.18, 1471.82, 1465.97, 1551.87, 1548.52,  7263.1, 169,  GPS,   11.5, 110.60, 116.50, 123.675, 121.500,  0.002,       ,  23.23, -56.0,    8.1,   11.5,  -14.0,      1,   GPS,    ALT,  -0.0,   0.6,  -7.9, 3DDiff, 3704,      ,     14,  21.5,     20
2018-08-27, 17:13:23,  -04:00,  MOGUL,   41.5886230,  -72.0013046,  7002.2, 30.02,  7363.6,  17.2, 146.13, 152.90,    3.19,   0.54,  -0.03,  -0.00,  -0.00,   5.3,  11.6,  27.7,  28.8,   1.8,  27.70,  27.23,    16.32,  189.66,   52.69,  30.52, 2488.0,    0.75,  333.45,  364.81,  367.63,  346.04,  349.01,  346.37, 1467.15, 1527.24, 1495.76, 1476.65, 1472.24, 1466.45, 1551.65, 1548.08,  7262.4, 169,  GPS,   11.5, 110.60, 116.50, 123.675, 121.500,  0.002,       ,  23.24, -56.0,    8.1,   11.5,  -14.0,      1,   GPS,    ALT,  -0.0,   0.5, -19.7, 3DDiff, 3704,      ,     14,  21.5,     20
2018-08-27, 17:13:24,  -04:00,  MOGUL,   41.5893288,  -72.0013428,  7000.2, 30.02,  7363.1,  17.2, 146.04, 152.88,  -28.51,   0.56,   0.02,   0.00,   0.01,   5.3,  11.6,  27.7,  28.8,   1.8,  27.71,  27.22,    16.34,  189.64,   52.68,  30.54, 2487.0,    0.75,  333.47,  364.86,  367.69,  346.04,  349.06,  346.35, 1467.29, 1527.51, 1495.92, 1477.22, 1473.17, 1466.07, 1551.51, 1547.80,  7261.9, 169,  GPS,   11.5, 110.60, 116.50, 123.675, 121.500,  0.001,       ,  23.25, -55.9,    8.0,   11.5,  -14.0,      1,   GPS,    ALT,  -0.0,   0.5, -23.6, 3DDiff, 3704,      ,     14,  21.5,     20
2018-08-27, 17:13:25,  -04:00,  MOGUL,   41.5900383,  -72.0013809,  7001.2, 30.02,  7362.7,  17.2, 146.17, 152.90,  -25.98,   0.57,   0.03,   0.00,   0.01,   5.3,  11.6,  27.7,  28.8,   1.8,  27.70,  27.22,    16.37,  189.62,   52.52,  30.52, 2487.4,    0.76,  333.51,  364.87,  367.75,  346.07,  349.06,  346.37, 1466.69, 1527.76, 1496.34, 1476.81, 1473.09, 1465.80, 1551.58, 1547.88,  7261.5, 169,  GPS,   11.5, 110.60, 116.50, 123.675, 121.500,  0.001,       ,  23.26, -55.8,    8.0,   11.5,  -14.0,      1,   GPS,    ALT,  -0.0,   0.6, -11.8, 3DDiff, 3704,      ,     14,  21.5,     20
2018-08-27, 17:13:26,  -04:00,  MOGUL,   41.5907478,  -72.0014267,  7001.2, 30.02,  7362.7,  17.2, 146.22, 152.84,    0.80,   0.53,  -0.05,  -0.00,  -0.01,   5.3,  11.6,  27.7,  28.8,   1.8,  27.69,  27.23,    16.34,  189.61,   52.43,  30.56, 2488.3,    0.75,  333.51,  364.87,  367.81,  346.07,  349.06,  346.37, 1467.29, 1528.39, 1496.90, 1476.47, 1472.98, 1467.91, 1551.74, 1548.96,  7261.5, 169,  GPS,   11.5, 110.60, 116.50, 123.675, 121.500,  0.001,       ,  23.27, -55.8,    7.9,   11.5,  -14.0,      1,   GPS,    ALT,  -0.0,   0.6,   0.0, 3DDiff, 3704,      ,     14,  22.0,     20
2018-08-27, 17:13:27,  -04:00,  MOGUL,   41.5914536,  -72.0014572,  7001.2, 30.02,  7362.4,  17.2, 146.20, 152.84,   -5.26,   0.49,  -0.08,   0.00,  -0.01,   5.3,  11.6,  27.7,  28.8,   1.8,  27.68,  27.23,    16.30,  189.59,   52.47,  30.58, 2486.1,    0.75,  333.54,  364.90,  367.86,  346.10,  349.06,  346.40, 1468.71, 1528.05, 1496.81, 1476.23, 1472.57, 1469.35, 1552.06, 1549.51,  7261.1, 169,  GPS,   11.5, 110.60, 116.50, 123.675, 121.500,  0.001,       ,  23.29, -55.7,    7.9,   11.5,  -14.0,      1,   GPS,    ALT,  -0.0,   0.5,  -3.9, 3DDiff, 3704,      ,     14,  22.5,     20
2018-08-27, 17:13:28,  -04:00,  MOGUL,   41.5921593,  -72.0014954,  7001.2, 30.02,  7362.8,  17.2, 146.19, 152.83,   -2.44,   0.51,  -0.07,   0.00,   0.01,   5.3,  11.8,  27.7,  28.8,   1.8,  27.67,  27.23,    16.32,  189.59,   52.53,  30.53, 2486.7,    0.75,  333.57,  364.90,  367.93,  346.12,  349.05,  346.40, 1469.02, 1528.63, 1496.15, 1476.00, 1471.12, 1469.83, 1552.21, 1549.34,  7261.5, 169,  GPS,   11.5, 110.60, 116.50, 123.675, 121.500,  0.001,       ,  23.31, -55.6,    7.9,   11.5,  -14.0,      1,   GPS,    ALT,  -0.0,   0.5, -11.8, 3DDiff, 3704,      ,     14,  21.5,     20
2018-08-27, 17:13:29,  -04:00,  MOGUL,   41.5928688,  -72.0015411,  7000.2, 30.02,  7363.2,  17.2, 146.18, 152.83,  -22.69,   0.54,  -0.09,  -0.00,   0.01,   5.3,  11.6,  27.7,  28.8,   1.8,  27.66,  27.23,    16.39,  189.59,   52.60,  30.51, 2487.4,    0.76,  333.58,  364.94,  367.94,  346.12,  349.06,  346.40, 1468.53, 1528.37, 1496.40, 1474.47, 1470.79, 1469.53, 1551.48, 1548.76,  7262.0, 169,  GPS,   11.5, 110.60, 116.50, 123.675, 121.500,  0.001,       ,  23.33, -55.5,    7.8,   11.5,  -14.0,      1,   GPS,    ALT,  -0.0,   0.5,  -7.9, 3DDiff, 3704,      ,     14,  21.5,     20
2018-08-27, 17:13:30,  -04:00,  MOGUL,   41.5935745,  -72.0015793,  7001.2, 30.02,  7363.4,  17.2, 146.25, 152.83,  -17.01,   0.48,  -0.09,  -0.00,  -0.00,   5.3,  11.6,  27.7,  28.8,   1.8,  27.65,  27.23,    16.34,  189.58,   52.40,  30.53, 2487.5,    0.75,  333.60,  364.95,  368.02,  346.13,  349.06,  346.42, 1469.02, 1528.37, 1496.11, 1474.90, 1470.68, 1470.11, 1551.94, 1549.79,  7262.1, 169,  GPS,   11.5, 110.60, 116.50, 123.675, 121.500,  0.001,       ,  23.35, -55.4,    7.8,   11.5,  -14.0,      1,   GPS,    ALT,  -0.0,   0.5,   3.9, 3DDiff, 3704,      ,     14,  21.5,     20
2018-08-27, 17:13:31,  -04:00,  MOGUL,   41.5942841,  -72.0016174,  7000.2, 30.02,  7363.5,  17.2, 146.10, 152.81,  -31.24,   0.49,  -0.10,   0.00,   0.00,   5.3,  11.6,  27.7,  28.8,   1.8,  27.66,  27.22,    16.42,  189.56,   52.55,  30.51, 2488.0,    0.76,  333.63,  364.98,  368.08,  346.16,  349.03,  346.45, 1468.89, 1527.98, 1495.41, 1475.07, 1470.99, 1469.48, 1551.38, 1549.48,  7262.3, 169,  GPS,   11.5, 110.60, 116.50, 123.675, 121.500,  0.001,       ,  23.38, -55.3,    7.7,   11.5,  -14.0,      1,   GPS,    ALT,  -0.0,   0.5,   3.9, 3DDiff, 3704,      ,     14,  21.5,     20
2018-08-27, 17:13:32,  -04:00,  MOGUL,   41.5949936,  -72.0016556,  7001.2, 30.02,  7363.9,  17.2, 146.16, 152.81,  -12.59,   0.52,  -0.14,   0.00,   0.01,   5.3,  11.6,  27.7,  28.8,   1.8,  27.66,  27.21,    16.42,  189.55,   52.65,  30.54, 2488.3,    0.76,  333.65,  364.99,  368.11,  346.16,  349.03,  346.45, 1468.38, 1529.07, 1496.16, 1475.41, 1472.22, 1468.38, 1551.92, 1549.51,  7262.6, 169,  GPS,   11.5, 110.60, 116.50, 123.675, 121.500,  0.001,       ,  23.41, -55.2,    7.7,   11.5,  -14.0,      1,   GPS,    ALT,  -0.0,   0.5,  11.8, 3DDiff, 3704,      ,     14,  22.0,     20
2018-08-27, 17:13:33,  -04:00,  MOGUL,   41.5956955,  -72.0016937,  7002.2, 30.02,  7364.3,  17.2, 146.27, 152.81,   11.50,   0.46,  -0.09,   0.00,  -0.01,   5.3,  11.6,  27.7,  28.8,   1.8,  27.66,  27.20,    16.41,  189.56,   52.59,  30.51, 2487.4,    0.76,  333.64,  365.02,  368.15,  346.16,  349.03,  346.44, 1468.66, 1528.16, 1496.65, 1475.02, 1472.48, 1468.61, 1551.59, 1549.63,  7263.1, 169,  GPS,   11.5, 110.60, 116.50, 123.675, 121.500,  0.001,       ,  23.44, -55.1,    7.6,   11.5,  -14.0,      1,   GPS,    ALT,  -0.0,   0.5,  15.7, 3DDiff, 3704,      ,     14,  22.5,     20
2018-08-27, 17:13:34,  -04:00,  MOGUL,   41.5964012,  -72.0017319,  7001.2, 30.02,  7363.6,  17.2, 146.08, 152.81,    1.28,   0.41,  -0.03,  -0.00,  -0.01,   5.3,  11.6,  27.7,  28.8,   1.8,  27.67,  27.19,    16.30,  189.57,   52.57,  30.51, 2486.8,    0.75,  333.66,  365.00,  368.18,  346.17,  349.00,  346.46, 1467.71, 1528.53, 1496.70, 1474.93, 1471.96, 1469.36, 1552.16, 1549.00,  7262.4, 169,  GPS,   11.5, 110.60, 116.50, 123.675, 121.500,  0.001,       ,  23.47, -55.0,    7.6,   11.5,  -14.0,      1,   GPS,    ALT,  -0.0,   0.4,   7.9, 3DDiff, 3704,      ,     14,  21.5,     20
2018-08-27, 17:13:35,  -04:00,  MOGUL,   41.5971107,  -72.0017700,  7002.2, 30.02,  7363.2,  17.2, 146.26, 152.81,   11.05,   0.42,  -0.03,   0.01,   0.00,   5.3,  11.6,  27.7,  28.8,   1.8,  27.68,  27.17,    16.18,  189.55,   52.72,  30.52, 2485.4,    0.75,  333.66,  365.02,  368.21,  346.19,  348.97,  346.46, 1467.56, 1527.40, 1495.84, 1474.58, 1471.33, 1469.53, 1552.02, 1548.92,  7262.0, 169,  GPS,   11.5, 110.60, 116.50, 123.675, 121.500,  0.001,       ,  23.50, -54.9,    7.6,   11.5,  -14.0,      1,   GPS,    ALT,  -0.0,   0.4,  -3.9, 3DDiff, 3704,      ,     14,  21.5,     20
2018-08-27, 17:13:36,  -04:00,  MOGUL,   41.5978165,  -72.0018158,  7000.2, 30.02,  7363.1,  17.2, 146.02, 152.81,  -14.04,   0.38,  -0.05,   0.00,  -0.00,   5.3,  11.6,  27.7,  28.8,   1.8,  27.68,  27.16,    16.20,  189.57,   52.49,  30.47, 2485.9,    0.75,  333.67,  365.05,  368.23,  346.22,  348.97,  346.49, 1466.48, 1526.75, 1494.87, 1474.57, 1470.72, 1469.43, 1551.11, 1546.98,  7261.8, 169,  GPS,   11.5, 110.60, 116.50, 123.675, 121.500,  0.001,       ,  23.53, -54.8,    7.5,   11.5,  -14.0,      1,   GPS,    ALT,  -0.0,   0.4,  -7.9, 3DDiff, 3704,      ,     14,  21.5,     20
2018-08-27, 17:13:37,  -04:00,  MOGUL,   41.5985222,  -72.0018463,  7000.2, 30.02,  7362.9,  17.2, 146.06, 152.81,  -23.37,   0.46,  -0.08,   0.00,   0.00,   5.3,  11.6,  27.7,  28.8,   1.8,  27.69,  27.15,    16.20,  189.57,   52.48,  30.49, 2484.4,    0.75,  333.69,  365.05,  368.25,  346.20,  348.92,  346.52, 1466.53, 1526.82, 1495.35, 1474.62, 1469.16, 1469.15, 1551.26, 1546.59,  7261.6, 169,  GPS,   11.5, 110.60, 116.50, 123.675, 121.500,  0.001,       ,  23.56, -54.7,    7.5,   11.5,  -14.0,      1,   GPS,    ALT,  -0.0,   0.4,  -7.9, 3DDiff, 3704,      ,     14,  21.5,     20
2018-08-27, 17:13:38,  -04:00,  MOGUL,   41.5992317,  -72.0018845,  7000.2, 30.02,  7362.9,  17.2, 145.97, 152.79,  -37.64,   0.54,  -0.03,   0.00,   0.00,   5.3,  11.6,  27.7,  28.8,   1.8,  27.69,  27.14,    16.29,  189.56,   52.58,  30.56, 2487.0,    0.75,  333.70,  365.09,  368.27,  346.22,  348.91,  346.53, 1466.23, 1525.61, 1496.20, 1475.93, 1469.58, 1470.45, 1551.88, 1547.16,  7261.6, 169,  GPS,   11.5, 110.60, 116.50, 123.675, 121.500,  0.001,       ,  23.59, -54.6,    7.4,   11.5,  -14.0,      1,   GPS,    ALT,  -0.0,   0.5,   0.0, 3DDiff, 3704,      ,     14,  22.0,     20
2018-08-27, 17:13:39,  -04:00,  MOGUL,   41.5999413,  -72.0019302,  7001.2, 30.02,  7362.8,  17.2, 145.98, 152.79,  -11.06,   0.53,  -0.01,   0.00,   0.00,   5.3,  11.6,  27.7,  28.8,   1.8,  27.70,  27.12,    16.32,  189.60,   52.75,  30.54, 2488.5,    0.75,  333.70,  365.11,  368.33,  346.22,  348.88,  346.55, 1466.07, 1526.40, 1496.31, 1476.90, 1469.90, 1471.62, 1552.70, 1547.72,  7261.6, 169,  GPS,   11.5, 110.60, 116.50, 123.675, 121.500,  0.001,       ,  23.61, -54.6,    7.4,   11.5,  -14.0,      1,   GPS,    ALT,  -0.0,   0.5,   7.9, 3DDiff, 3704,      ,     14,  22.5,     20
2018-08-27, 17:13:40,  -04:00,  MOGUL,   41.6006470,  -72.0019684,  7001.2, 30.02,  7363.8,  17.2, 146.03, 152.77,   -1.48,   0.52,  -0.05,  -0.00,  -0.01,   5.4,  11.6,  27.7,  28.8,   1.8,  27.71,  27.12,    16.29,  189.61,   52.53,  30.55, 2488.2,    0.75,  333.72,  365.11,  368.35,  346.24,  348.82,  346.53, 1465.68, 1526.37, 1495.44, 1476.04, 1470.24, 1471.82, 1552.36, 1547.38,  7262.6, 169,  GPS,   11.5, 110.60, 116.50, 123.675, 121.500,  0.001,       ,  23.63, -54.5,    7.3,   11.5,  -14.0,      1,   GPS,    ALT,  -0.0,   0.5,  11.8, 3DDiff, 3704,      ,     14,  21.5,     20
2018-08-27, 17:13:41,  -04:00,  MOGUL,   41.6013527,  -72.0020065,  7001.2, 30.02,  7363.6,  17.2, 145.99, 152.73,   -5.24,   0.55,  -0.04,  -0.01,  -0.00,   5.4,  11.6,  27.7,  28.8,   1.7,  27.71,  27.10,    16.31,  189.61,   52.49,  30.46, 2486.0,    0.75,  333.72,  365.11,  368.36,  346.25,  348.81,  346.52, 1465.10, 1525.36, 1495.78, 1475.62, 1469.59, 1470.99, 1551.40, 1546.39,  7262.3, 169,  GPS,   11.5, 110.60, 116.50, 123.675, 121.500,  0.000,       ,  23.66, -54.4,    7.3,   11.5,  -14.0,      1,   GPS,    ALT,  -0.0,   0.5,   0.0, 3DDiff, 3704,      ,     14,  21.0,     20
2018-08-27, 17:13:42,  -04:00,  MOGUL,   41.6020622,  -72.0020447,  7001.2, 30.02,  7363.5,  17.2, 145.98, 152.71,    5.04,   0.55,  -0.05,   0.01,  -0.00,   5.4,  11.6,  27.7,  28.8,   1.7,  27.71,  27.09,    16.33,  189.61,   52.53,  30.50, 2485.2,    0.75,  333.74,  365.14,  368.42,  346.25,  348.78,  346.53, 1464.61, 1525.54, 1494.42, 1475.25, 1469.74, 1471.37, 1551.31, 1546.45,  7262.2, 169,  GPS,   11.5, 110.60, 116.50, 123.675, 121.500,  0.000,       ,  23.68, -54.3,    7.3,   11.5,  -14.0,      1,   GPS,    ALT,  -0.0,   0.5,  -7.9, 3DDiff, 3704,      ,     14,  21.5,     20
2018-08-27, 17:13:43,  -04:00,  MOGUL,   41.6027641,  -72.0020828,  7001.2, 30.02,  7363.3,  17.2, 146.06, 152.69,   -2.93,   0.56,  -0.09,   0.00,   0.00,   5.4,  11.6,  27.7,  28.8,   1.7,  27.72,  27.08,    16.36,  189.61,   52.68,  30.52, 2488.0,    0.76,  333.74,  365.15,  368.44,  346.25,  348.75,  346.56, 1464.88, 1525.39, 1494.25, 1474.80, 1470.50, 1470.21, 1551.21, 1547.36,  7262.1, 169,  GPS,   11.5, 110.60, 116.50, 123.675, 121.500,  0.000,       ,  23.69, -54.3,    7.2,   11.5,  -14.0,      1,   GPS,    ALT,  -0.0,   0.5, -11.8, 3DDiff, 3704,      ,     14,  21.5,     20
2018-08-27, 17:13:44,  -04:00,  MOGUL,   41.6034698,  -72.0021210,  7001.2, 30.02,  7363.2,  17.2, 145.96, 152.67,  -14.29,   0.57,  -0.11,  -0.00,  -0.00,   5.4,  11.6,  27.7,  28.8,   1.7,  27.73,  27.07,    16.34,  189.61,   52.54,  30.50, 2486.0,    0.75,  333.75,  365.20,  368.46,  346.27,  348.69,  346.58, 1465.57, 1525.08, 1495.40, 1475.93, 1470.42, 1469.49, 1550.96, 1547.78,  7261.9, 169,  GPS,   11.5, 110.60, 116.50, 123.675, 121.500,  0.000,       ,  23.71, -54.2,    7.2,   11.5,  -14.0,      1,   GPS,    ALT,  -0.0,   0.6, -11.8, 3DDiff, 3704,      ,     14,  22.0,     20
2018-08-27, 17:13:45,  -04:00,  MOGUL,   41.6041756,  -72.0021591,  7001.2, 30.02,  7363.0,  17.2, 146.00, 152.65,   -5.13,   0.58,  -0.05,   0.00,  -0.01,   5.4,  11.6,  27.7,  28.8,   1.7,  27.73,  27.07,    16.35,  189.63,   52.31,  30.52, 2486.9,    0.75,  333.75,  365.18,  368.51,  346.27,  348.66,  346.56, 1465.71, 1524.85, 1495.07, 1475.53, 1470.51, 1471.24, 1551.12, 1547.16,  7261.8, 169,  GPS,   11.5, 110.60, 116.50, 123.675, 121.500,  0.000,       ,  23.72, -54.1,    7.1,   11.5,  -14.0,      1,   GPS,    ALT,  -0.0,   0.6, -11.8, 3DDiff, 3704,      ,     14,  22.5,     20
2018-08-27, 17:13:46,  -04:00,  MOGUL,   41.6048851,  -72.0021973,  6999.2, 30.02,  7361.9,  17.2, 145.76, 152.61,  -34.71,   0.62,  -0.01,   0.00,   0.01,   5.4,  11.6,  27.7,  28.8,   1.7,  27.73,  27.06,    16.28,  189.65,   52.59,  30.51, 2484.9,    0.75,  333.76,  365.20,  368.51,  346.25,  348.63,  346.58, 1465.56, 1525.26, 1495.32, 1474.53, 1470.59, 1471.55, 1550.61, 1547.40,  7260.7, 168,  GPS,   11.5, 110.60, 116.50, 123.675, 121.500,  0.000,       ,  23.73, -54.1,    7.1,   11.5,  -14.0,      1,   GPS,    ALT,  -0.1,   0.6, -11.8, 3DDiff, 3704,      ,     14,  21.5,     20
2018-08-27, 17:13:47,  -04:00,  MOGUL,   41.6055908,  -72.0022354,  7000.2, 30.02,  7361.7,  17.2, 145.94, 152.57,  -20.23,   0.68,  -0.05,   0.00,   0.00,   5.4,  11.7,  27.7,  28.8,   1.7,  27.73,  27.06,    16.29,  189.67,   52.42,  30.50, 2486.1,    0.75,  333.75,  365.23,  368.55,  346.25,  348.57,  346.59, 1465.49, 1525.37, 1495.09, 1474.44, 1471.50, 1471.27, 1550.46, 1547.61,  7260.5, 169,  GPS,   11.5, 110.60, 116.50, 123.675, 121.500,  0.000,       ,  23.74, -54.0,    7.0,   11.5,  -14.0,      1,   GPS,    ALT,  -0.1,   0.6,  -7.9, 3DDiff, 3704,      ,     14,  21.0,     20
2018-08-27, 17:13:48,  -04:00,  MOGUL,   41.6062965,  -72.0022736,  7001.2, 30.02,  7361.8,  17.2, 145.91, 152.49,   -1.33,   0.68,  -0.08,  -0.00,  -0.00,   5.4,  11.7,  27.7,  28.8,   1.7,  27.72,  27.06,    16.32,  189.67,   52.53,  30.47, 2485.7,    0.75,  333.75,  365.21,  368.60,  346.25,  348.54,  346.61, 1465.31, 1525.25, 1494.59, 1473.79, 1472.75, 1470.23, 1549.94, 1548.21,  7260.5, 169,  GPS,   11.5, 110.60, 116.50, 123.675, 121.500, -0.000,       ,  23.75, -53.9,    7.0,   11.5,  -14.0,      1,   GPS,    ALT,  -0.1,   0.7,   3.9, 3DDiff, 3704,      ,     14,  21.5,     20
2018-08-27, 17:13:49,  -04:00,  MOGUL,   41.6070023,  -72.0023117,  7000.2, 30.02,  7361.6,  17.2, 145.80, 152.42,   -0.97,   0.68,  -0.13,   0.00,   0.00,   5.5,  11.7,  27.7,  28.8,   1.7,  27.71,  27.07,    16.22,  189.69,   52.42,  30.50, 2485.1,    0.75,  333.78,  365.24,  368.61,  346.25,  348.48,  346.62, 1465.22, 1525.11, 1493.76, 1474.58, 1473.08, 1469.44, 1550.04, 1547.67,  7260.3, 168,  GPS,   11.5, 110.60, 116.50, 123.675, 121.500, -0.000,       ,  23.75, -53.9,    7.0,   11.5,  -14.0,      1,   GPS,    ALT,  -0.1,   0.7,  -3.9, 3DDiff, 3704,      ,     14,  21.5,     20
2018-08-27, 17:13:50,  -04:00,  MOGUL,   41.6077042,  -72.0023422,  7001.2, 30.02,  7361.3,  17.2, 145.86, 152.36,   10.07,   0.68,  -0.16,   0.00,  -0.01,   5.4,  11.7,  27.7,  28.8,   1.7,  27.70,  27.08,    16.32,  189.71,   52.54,  30.52, 2487.2,    0.75,  333.76,  365.24,  368.64,  346.27,  348.43,  346.64, 1466.15, 1526.03, 1494.20, 1474.37, 1473.86, 1469.70, 1550.85, 1549.01,  7260.1, 168,  GPS,   11.5, 110.60, 116.50, 123.675, 121.500, -0.000,       ,  23.76, -53.8,    6.9,   11.5,  -14.0,      1,   GPS,    ALT,  -0.1,   0.7, -11.8, 3DDiff, 3704,      ,     14,  21.5,     20
2018-08-27, 17:13:51,  -04:00,  MOGUL,   41.6084099,  -72.0023880,  7000.2, 30.02,  7362.0,  17.2, 145.84, 152.30,   -4.88,   0.69,  -0.16,  -0.00,  -0.01,   5.4,  11.7,  27.7,  28.8,   1.7,  27.69,  27.08,    16.32,  189.72,   52.57,  30.52, 2486.8,    0.75,  333.78,  365.24,  368.67,  346.28,  348.39,  346.65, 1466.30, 1525.79, 1494.80, 1473.82, 1475.34, 1470.17, 1550.55, 1549.54,  7260.7, 168,  GPS,   11.5, 110.60, 116.50, 123.675, 121.500, -0.000,       ,  23.76, -53.8,    6.9,   11.5,  -14.0,      1,   GPS,    ALT,  -0.1,   0.7, -11.8, 3DDiff, 3704,      ,     14,  22.5,     20
2018-08-27, 17:13:52,  -04:00,  MOGUL,   41.6091118,  -72.0024261,  7000.2, 30.02,  7362.7,  17.2, 145.83, 152.20,   -5.69,   0.70,  -0.16,   0.00,   0.01,   5.4,  11.7,  27.7,  28.8,   1.7,  27.68,  27.08,    16.35,  189.73,   52.49,  30.49, 2485.7,    0.75,  333.78,  365.24,  368.69,  346.28,  348.35,  346.65, 1465.88, 1527.46, 1494.54, 1474.01, 1474.77, 1469.85, 1551.22, 1548.31,  7261.5, 168,  GPS,   11.5, 110.60, 116.50, 123.675, 121.500, -0.000,       ,  23.77, -53.7,    6.8,   11.5,  -14.0,      1,   GPS,    ALT,  -0.1,   0.7, -15.7, 3DDiff, 3704,      ,     14,  21.5,     20
2018-08-27, 17:13:53,  -04:00,  MOGUL,   41.6098137,  -72.0024719,  6999.2, 30.02,  7362.4,  17.2, 145.76, 152.13,  -25.27,   0.73,  -0.14,  -0.00,   0.00,   5.4,  11.7,  27.7,  28.8,   1.7,  27.68,  27.08,    16.38,  189.74,   52.37,  30.50, 2487.9,    0.76,  333.76,  365.26,  368.73,  346.28,  348.27,  346.65, 1465.74, 1526.91, 1494.70, 1474.58, 1473.75, 1469.72, 1551.22, 1547.79,  7261.2, 168,  GPS,   11.5, 110.60, 116.50, 123.675, 121.500, -0.000,       ,  23.77, -53.7,    6.8,   11.5,  -14.0,      1,   GPS,    ALT,  -0.1,   0.7, -15.7, 3DDiff, 3704,      ,     14,  21.0,     20
2018-08-27, 17:13:54,  -04:00,  MOGUL,   41.6105194,  -72.0025024,  7000.2, 30.02,  7362.4,  17.2, 145.77, 152.05,  -26.24,   0.78,  -0.12,   0.00,   0.00,   5.5,  11.6,  27.7,  28.8,   1.7,  27.68,  27.08,    16.26,  189.75,   52.56,  30.49, 2486.7,    0.75,  333.76,  365.24,  368.76,  346.26,  348.26,  346.65, 1465.51, 1527.23, 1494.44, 1474.21, 1473.74, 1469.54, 1551.36, 1547.93,  7261.1, 168,  GPS,   11.5, 110.60, 116.50, 123.675, 121.500, -0.000,       ,  23.77, -53.6,    6.8,   11.5,  -14.0,      1,   GPS,    ALT,  -0.1,   0.8, -11.8, 3DDiff, 3704,      ,     14,  21.5,     20
2018-08-27, 17:13:55,  -04:00,  MOGUL,   41.6112251,  -72.0025406,  7000.2, 30.02,  7362.6,  17.2, 145.75, 151.95,   -4.87,   0.77,  -0.12,   0.00,  -0.00,   5.5,  11.6,  27.7,  28.8,   1.7,  27.68,  27.08,    16.26,  189.78,   52.43,  30.49, 2487.5,    0.75,  333.78,  365.24,  368.79,  346.25,  348.20,  346.65, 1465.82, 1527.49, 1494.58, 1473.83, 1473.53, 1469.32, 1551.15, 1548.52,  7261.3, 168,  GPS,   11.5, 110.60, 116.50, 123.675, 121.500, -0.000,       ,  23.78, -53.6,    6.7,   11.5,  -14.0,      1,   GPS,    ALT,  -0.1,   0.8,   3.9, 3DDiff, 3704,      ,     14,  21.5,     20
2018-08-27, 17:13:56,  -04:00,  MOGUL,   41.6119270,  -72.0025864,  6999.2, 30.02,  7362.8,  17.2, 145.59, 151.85,  -12.20,   0.77,  -0.08,   0.00,  -0.00,   5.5,  11.6,  27.7,  28.8,   1.7,  27.68,  27.08,    16.27,  189.77,   52.40,  30.53, 2485.3,    0.75,  333.78,  365.24,  368.82,  346.28,  348.17,  346.63, 1465.90, 1527.82, 1494.77, 1474.22, 1472.90, 1469.35, 1551.65, 1548.31,  7261.5, 168,  GPS,   11.5, 110.60, 116.50, 123.675, 121.500, -0.000,       ,  23.78, -53.5,    6.7,   11.5,  -14.0,      1,   GPS,    ALT,  -0.1,   0.8,   3.9, 3DDiff, 3704,      ,     14,  21.5,     20
2018-08-27, 17:13:57,  -04:00,  MOGUL,   41.6126289,  -72.0026169,  7000.2, 30.02,  7361.4,  17.2, 145.53, 151.78,  -15.93,   0.83,  -0.09,  -0.01,   0.01,   5.6,  11.6,  27.7,  28.8,   1.7,  27.68,  27.07,    16.32,  189.77,   52.63,  30.53, 2485.9,    0.75,  333.78,  365.25,  368.85,  346.28,  348.14,  346.65, 1466.84, 1527.93, 1495.23, 1475.42, 1473.17, 1469.19, 1552.40, 1548.61,  7260.1, 168,  GPS,   11.5, 110.60, 116.50, 123.675, 121.500, -0.001,       ,  23.78, -53.5,    6.6,   11.5,  -14.0,      1,   GPS,    ALT,  -0.1,   0.8,  -3.9, 3DDiff, 3704,      ,     14,  22.5,     20
2018-08-27, 17:13:58,  -04:00,  MOGUL,   41.6133270,  -72.0026627,  7000.2, 30.02,  7360.6,  17.2, 145.46, 151.68,    0.75,   0.81,  -0.11,   0.00,  -0.01,   5.6,  11.6,  27.7,  28.8,   1.7,  27.67,  27.07,    16.33,  189.78,   52.57,  30.49, 2487.7,    0.75,  333.79,  365.25,  368.88,  346.28,  348.09,  346.65, 1466.13, 1527.41, 1494.75, 1475.34, 1473.52, 1468.82, 1551.99, 1547.95,  7259.3, 168,  GPS,   11.5, 110.60, 116.50, 123.675, 121.500, -0.001,       ,  23.78, -53.4,    6.6,   11.5,  -14.0,      1,   GPS,    ALT,  -0.1,   0.8,   3.9, 3DDiff, 3704,      ,     14,  21.5,     20
2018-08-27, 17:13:59,  -04:00,  MOGUL,   41.6140289,  -72.0026932,  7001.2, 30.02,  7360.1,  17.2, 145.47, 151.58,   16.06,   0.85,  -0.09,   0.00,   0.00,   5.6,  11.6,  27.7,  28.8,   1.7,  27.67,  27.07,    16.30,  189.79,   52.60,  30.49, 2486.9,    0.75,  333.81,  365.27,  368.91,  346.28,  348.05,  346.65, 1466.05, 1528.17, 1494.39, 1474.05, 1472.40, 1467.96, 1551.59, 1547.54,  7258.9, 168,  GPS,   11.5, 110.60, 116.50, 123.675, 121.500, -0.001,       ,  23.78, -53.3,    6.5,   11.5,  -14.0,      1,   GPS,    ALT,  -0.1,   0.8,   3.9, 3DDiff, 3704,      ,     14,  21.0,     20
2018-08-27, 17:14:00,  -04:00,  MOGUL,   41.6147308,  -72.0027313,  7000.2, 30.02,  7359.9,  17.5, 145.32, 151.46,    3.47,   0.81,  -0.09,  -0.00,  -0.00,   5.6,  11.6,  27.7,  28.8,   1.7,  27.67,  27.06,    16.32,  189.80,   52.58,  30.51, 2486.3,    0.75,  333.78,  365.26,  368.94,  346.30,  348.01,  346.65, 1466.72, 1527.67, 1494.27, 1474.25, 1471.82, 1468.24, 1551.33, 1548.10,  7258.7, 168,  GPS,   11.5, 110.60, 116.50, 123.675, 121.500, -0.001,       ,  23.77, -53.2,    6.5,   11.5,  -14.0,      1,   GPS,    ALT,  -0.1,   0.8,  -3.9, 3DDiff, 3704,      ,     14,  21.5,     20
2018-08-27, 17:14:01,  -04:00,  MOGUL,   41.6154289,  -72.0027695,  7001.2, 30.02,  7359.5,  17.5, 145.37, 151.35,   10.22,   0.85,  -0.08,  -0.00,  -0.01,   5.6,  11.6,  27.7,  28.8,   1.7,  27.67,  27.06,    16.27,  189.80,   52.70,  30.50, 2485.2,    0.75,  333.81,  365.27,  368.97,  346.28,  347.96,  346.67, 1466.67, 1527.60, 1494.78, 1474.57, 1471.76, 1469.35, 1551.42, 1548.38,  7258.2, 168,  GPS,   11.5, 110.60, 116.50, 123.675, 121.500, -0.001,       ,  23.77, -53.1,    6.5,   11.5,  -14.0,      1,   GPS,    ALT,  -0.1,   0.8, -11.8, 3DDiff, 3704,      ,     14,  21.5,     20
2018-08-27, 17:14:02,  -04:00,  MOGUL,   41.6161308,  -72.0028076,  7001.2, 30.02,  7359.1,  17.5, 145.24, 151.25,    7.94,   0.81,  -0.11,   0.01,  -0.01,   5.6,  11.6,  27.7,  28.8,   1.7,  27.67,  27.06,    16.34,  189.79,   52.58,  30.50, 2485.0,    0.75,  333.81,  365.26,  369.00,  346.28,  347.90,  346.68, 1466.60, 1527.61, 1495.50, 1474.85, 1471.80, 1469.61, 1551.46, 1548.56,  7257.8, 168,  GPS,   11.5, 110.60, 116.50, 123.675, 121.500, -0.001,       ,  23.76, -53.1,    6.4,   11.5,  -14.0,      1,   GPS,    ALT,  -0.1,   0.8, -11.8, 3DDiff, 3704,      ,     14,  22.0,     20
2018-08-27, 17:14:03,  -04:00,  MOGUL,   41.6168289,  -72.0028534,  7000.2, 30.02,  7359.5,  17.5, 145.20, 151.19,   -7.55,   0.86,  -0.12,   0.00,   0.01,   5.6,  11.6,  27.7,  28.8,   1.7,  27.66,  27.06,    16.30,  189.80,   52.67,  30.51, 2484.3,    0.75,  333.83,  365.24,  369.03,  346.30,  347.87,  346.68, 1466.57, 1527.62, 1495.80, 1475.43, 1471.38, 1469.24, 1551.59, 1548.67,  7258.3, 168,  GPS,   11.5, 110.60, 116.50, 123.675, 121.500, -0.001,       ,  23.75, -53.0,    6.4,   11.5,  -14.0,      1,   GPS,    ALT,  -0.1,   0.8, -23.6, 3DDiff, 3704,      ,     14,  22.5,     20
2018-08-27, 17:14:04,  -04:00,  MOGUL,   41.6175270,  -72.0028915,  7000.2, 30.02,  7360.0,  17.5, 145.05, 151.10,  -25.89,   0.87,  -0.13,  -0.00,  -0.00,   5.6,  11.6,  27.7,  28.8,   1.7,  27.66,  27.06,    16.35,  189.80,   52.49,  30.51, 2484.4,    0.75,  333.81,  365.25,  369.06,  346.31,  347.84,  346.70, 1467.15, 1527.20, 1495.67, 1476.71, 1471.51, 1469.40, 1551.76, 1548.90,  7258.8, 168,  GPS,   11.5, 110.60, 116.50, 123.675, 121.500, -0.001,       ,  23.74, -52.9,    6.3,   11.5,  -14.0,      1,   GPS,    ALT,  -0.1,   0.9, -19.7, 3DDiff, 3704,      ,     14,  21.5,     20
2018-08-27, 17:14:05,  -04:00,  MOGUL,   41.6182289,  -72.0029297,  6999.2, 30.02,  7360.5,  17.5, 144.97, 151.00,  -39.00,   0.94,  -0.14,   0.00,  -0.00,   5.6,  11.6,  27.7,  28.8,   1.7,  27.65,  27.06,    16.29,  189.80,   52.51,  30.48, 2485.9,    0.75,  333.82,  365.26,  369.07,  346.28,  347.81,  346.71, 1465.70, 1526.39, 1495.47, 1476.11, 1471.58, 1469.82, 1551.36, 1547.75,  7259.3, 167,  GPS,   11.5, 110.60, 116.50, 123.675, 121.500, -0.001,       ,  23.73, -52.8,    6.3,   11.5,  -14.0,      1,   GPS,    ALT,  -0.1,   0.9, -11.8, 3DDiff, 3704,      ,     14,  21.5,     20
2018-08-27, 17:14:06,  -04:00,  MOGUL,   41.6189232,  -72.0029678,  7001.2, 30.02,  7360.6,  17.5, 145.04, 150.90,   -1.84,   0.96,  -0.18,   0.01,   0.01,   5.6,  11.6,  27.7,  28.8,   1.7,  27.64,  27.07,    16.28,  189.81,   52.46,  30.48, 2486.6,    0.75,  333.81,  365.26,  369.10,  346.31,  347.78,  346.73, 1466.32, 1525.77, 1495.72, 1476.18, 1471.61, 1470.37, 1551.61, 1547.91,  7259.4, 168,  GPS,   11.5, 110.60, 116.50, 123.675, 121.500, -0.001,       ,  23.72, -52.7,    6.2,   11.5,  -14.0,      1,   GPS,    ALT,  -0.1,   1.0,   0.0, 3DDiff, 3704,      ,     14,  22.0,     20
2018-08-27, 17:14:07,  -04:00,  MOGUL,   41.6196213,  -72.0030060,  7000.2, 30.02,  7360.8,  17.5, 144.84, 150.80,    3.94,   0.90,  -0.11,  -0.00,  -0.01,   5.5,  11.6,  27.7,  28.8,   1.7,  27.64,  27.07,    16.29,  189.82,   52.42,  30.50, 2486.0,    0.75,  333.84,  365.27,  369.13,  346.33,  347.74,  346.75, 1466.43, 1526.73, 1495.40, 1476.31, 1470.70, 1470.87, 1552.07, 1549.05,  7259.5, 167,  GPS,   11.5, 110.60, 116.50, 123.675, 121.500, -0.001,       ,  23.72, -52.5,    6.2,   11.5,  -14.0,      1,   GPS,    ALT,  -0.1,   0.9,   0.0, 3DDiff, 3704,      ,     14,  22.0,     20
2018-08-27, 17:14:08,  -04:00,  MOGUL,   41.6203232,  -72.0030518,  7000.2, 30.02,  7360.8,  17.5, 144.73, 150.73,  -13.22,   0.91,  -0.12,  -0.00,  -0.01,   5.5,  11.6,  27.7,  28.8,   1.7,  27.64,  27.07,    16.33,  189.84,   52.44,  30.50, 2485.9,    0.75,  333.82,  365.27,  369.16,  346.30,  347.72,  346.77, 1467.38, 1526.70, 1495.05, 1476.33, 1470.59, 1472.33, 1552.10, 1549.34,  7259.5, 167,  GPS,   11.5, 110.60, 116.50, 123.675, 121.500, -0.001,       ,  23.71, -52.4,    6.2,   11.5,  -14.0,      1,   GPS,    ALT,  -0.1,   0.9, -11.8, 3DDiff, 3704,      ,     14,  22.0,     20
2018-08-27, 17:14:09,  -04:00,  MOGUL,   41.6210175,  -72.0030823,  6999.2, 30.02,  7360.3,  17.5, 144.57, 150.65,  -30.64,   0.97,  -0.16,   0.00,   0.01,   5.5,  11.6,  27.7,  28.8,   1.7,  27.64,  27.06,    16.28,  189.85,   52.50,  30.51, 2486.1,    0.75,  333.84,  365.30,  369.19,  346.31,  347.69,  346.80, 1467.15, 1526.03, 1494.94, 1475.93, 1470.09, 1472.23, 1551.64, 1548.43,  7259.0, 167,  GPS,   11.5, 110.60, 116.50, 123.675, 121.500, -0.001,       ,  23.70, -52.3,    6.1,   11.5,  -14.0,      1,   GPS,    ALT,  -0.1,   0.9, -11.8, 3DDiff, 3704,      ,     14,  22.5,     20
2018-08-27, 17:14:10,  -04:00,  MOGUL,   41.6217117,  -72.0031281,  7000.2, 30.02,  7359.7,  17.5, 144.54, 150.57,  -17.54,   1.01,  -0.14,   0.00,   0.01,   5.4,  11.6,  27.7,  28.8,   1.7,  27.64,  27.06,    16.34,  189.84,   52.39,  30.48, 2485.9,    0.75,  333.84,  365.30,  369.22,  346.29,  347.66,  346.81, 1467.19, 1526.53, 1495.93, 1475.59, 1470.90, 1471.80, 1551.60, 1549.19,  7258.5, 167,  GPS,   11.5, 110.60, 116.50, 123.675, 121.500, -0.001,       ,  23.69, -52.3,    6.1,   11.5,  -14.0,      1,   GPS,    ALT,  -0.1,   1.0,   0.0, 3DDiff, 3704,      ,     14,  21.5,     20
2018-08-27, 17:14:11,  -04:00,  MOGUL,   41.6224098,  -72.0031662,  7001.2, 30.02,  7359.4,  17.5, 144.53, 150.49,   12.37,   0.94,  -0.13,  -0.00,  -0.01,   5.4,  11.6,  27.7,  28.8,   1.7,  27.65,  27.05,    16.31,  189.86,   52.38,  30.46, 2484.1,    0.75,  333.84,  365.33,  369.25,  346.31,  347.66,  346.83, 1466.61, 1526.51, 1495.07, 1475.31, 1470.18, 1472.51, 1551.64, 1548.46,  7258.1, 167,  GPS,   11.5, 110.60, 116.50, 123.675, 121.500, -0.001,       ,  23.68, -52.2,    6.0,   11.5,  -14.0,      1,   GPS,    ALT,  -0.1,   1.0,   7.9, 3DDiff, 3704,      ,     14,  21.5,     20
2018-08-27, 17:14:12,  -04:00,  MOGUL,   41.6231003,  -72.0031967,  7001.2, 30.02,  7359.2,  17.5, 144.39, 150.41,   15.48,   0.89,  -0.10,   0.00,  -0.02,   5.4,  11.6,  27.7,  28.8,   1.7,  27.67,  27.03,    16.29,  189.87,   52.53,  30.48, 2486.2,    0.75,  333.84,  365.31,  369.25,  346.31,  347.65,  346.83, 1466.64, 1527.50, 1495.31, 1475.53, 1470.03, 1471.73, 1552.25, 1548.78,  7258.0, 167,  GPS,   11.5, 110.60, 116.50, 123.675, 121.500, -0.001,       ,  23.68, -52.1,    6.0,   11.5,  -14.0,      1,   GPS,    ALT,  -0.1,   0.9,  -7.9, 3DDiff, 3704,      ,     14,  21.5,     20
2018-08-27, 17:14:13,  -04:00,  MOGUL,   41.6238022,  -72.0032425,  6999.2, 30.02,  7358.8,  17.5, 144.18, 150.36,  -19.72,   0.93,  -0.12,   0.00,   0.01,   5.4,  11.5,  27.7,  28.8,   1.7,  27.69,  27.02,    16.35,  189.86,   52.63,  30.44, 2484.7,    0.75,  333.87,  365.33,  369.28,  346.31,  347.65,  346.83, 1466.88, 1527.44, 1495.01, 1475.48, 1469.54, 1469.83, 1551.96, 1547.84,  7257.5, 167,  GPS,   11.5, 110.60, 116.50, 123.675, 121.500, -0.001,       ,  23.67, -52.0,    6.0,   11.5,  -14.0,      1,   GPS,    ALT,  -0.1,   0.9, -19.7, 3DDiff, 3704,      ,     14,  22.0,     20
2018-08-27, 17:14:14,  -04:00,  MOGUL,   41.6244965,  -72.0032806,  7000.2, 30.02,  7358.5,  17.5, 144.29, 150.30,  -17.71,   0.94,  -0.11,  -0.00,   0.00,   5.3,  11.5,  27.7,  28.8,   1.7,  27.69,  27.01,    16.30,  189.88,   52.65,  30.48, 2485.8,    0.75,  333.84,  365.34,  369.31,  346.31,  347.65,  346.86, 1466.91, 1527.79, 1495.47, 1476.32, 1471.01, 1470.78, 1552.41, 1549.22,  7257.3, 167,  GPS,   11.5, 110.60, 116.50, 123.675, 121.500, -0.001,       ,  23.67, -52.0,    5.9,   11.5,  -14.0,      1,   GPS,    ALT,  -0.1,   0.9, -15.7, 3DDiff, 3704,      ,     14,  22.0,     20
2018-08-27, 17:14:15,  -04:00,  MOGUL,   41.6251907,  -72.0033188,  7000.2, 30.02,  7358.1,  17.5, 144.21, 150.24,  -10.55,   0.94,  -0.14,   0.00,  -0.01,   5.3,  11.5,  27.7,  28.8,   1.7,  27.69,  27.01,    16.29,  189.89,   52.73,  30.49, 2485.6,    0.75,  333.87,  365.33,  369.34,  346.34,  347.71,  346.86, 1466.73, 1527.64, 1495.62, 1475.60, 1470.67, 1469.87, 1551.59, 1548.97,  7256.9, 167,  GPS,   11.5, 110.60, 116.50, 123.675, 121.500, -0.001,       ,  23.67, -51.9,    5.9,   11.5,  -14.0,      1,   GPS,    ALT,  -0.1,   1.0,  -7.9, 3DDiff, 3704,      ,     14,  22.5,     20
2018-08-27, 17:14:16,  -04:00,  MOGUL,   41.6258850,  -72.0033646,  7000.2, 30.02,  7358.6,  17.5, 144.08, 150.16,  -17.00,   0.99,  -0.08,   0.00,   0.01,   5.3,  11.5,  27.7,  28.8,   1.7,  27.70,  27.00,    16.18,  189.91,   52.59,  30.46, 2485.8,    0.75,  333.87,  365.33,  369.35,  346.34,  347.80,  346.87, 1466.58, 1527.11, 1494.42, 1476.57, 1470.19, 1469.69, 1551.24, 1548.45,  7257.3, 166,  GPS,   11.5, 110.60, 116.50, 123.675, 121.500, -0.001,       ,  23.67, -51.9,    5.8,   11.5,  -14.0,      1,   GPS,    ALT,  -0.1,   1.0,  -7.9, 3DDiff, 3704,      ,     14,  21.5,     20
2018-08-27, 17:14:17,  -04:00,  MOGUL,   41.6265793,  -72.0034027,  7000.2, 30.02,  7358.1,  17.5, 144.02, 150.12,   -4.19,   0.99,  -0.09,   0.00,   0.00,   5.2,  11.5,  27.7,  28.8,   1.7,  27.70,  26.99,    16.21,  189.92,   52.49,  30.45, 2486.8,    0.75,  333.90,  365.34,  369.40,  346.36,  347.90,  346.89, 1465.85, 1525.62, 1495.11, 1476.22, 1469.27, 1467.73, 1550.06, 1547.88,  7256.9, 166,  GPS,   11.5, 110.60, 116.50, 123.675, 121.500, -0.001,       ,  23.67, -51.8,    5.8,   11.5,  -14.0,      1,   GPS,    ALT,  -0.1,   1.0,   0.0, 3DDiff, 3704,      ,     14,  21.5,     20
2018-08-27, 17:14:18,  -04:00,  MOGUL,   41.6272736,  -72.0034485,  7000.2, 30.02,  7357.9,  17.5, 143.85, 150.06,  -10.21,   0.97,  -0.10,  -0.00,  -0.00,   5.2,  11.5,  27.7,  28.8,   1.7,  27.70,  26.99,    16.27,  189.96,   52.46,  30.46, 2486.5,    0.75,  333.88,  365.34,  369.44,  346.34,  348.04,  346.89, 1466.07, 1526.32, 1494.89, 1475.16, 1469.98, 1466.70, 1550.12, 1548.20,  7256.7, 166,  GPS,   11.5, 110.60, 116.50, 123.675, 121.500, -0.001,       ,  23.67, -51.8,    5.7,   11.5,  -14.0,      1,   GPS,    ALT,  -0.1,   1.0,  -3.9, 3DDiff, 3704,      ,     14,  21.5,     20
2018-08-27, 17:14:19,  -04:00,  MOGUL,   41.6279678,  -72.0034790,  7000.2, 30.02,  7357.9,  17.5, 143.78, 150.03,   -3.46,   0.98,  -0.11,   0.00,  -0.01,   5.2,  11.5,  27.7,  28.8,   1.7,  27.70,  26.99,    16.24,  189.99,   52.58,  30.44, 2486.0,    0.75,  333.90,  365.36,  369.46,  346.35,  348.20,  346.91, 1466.06, 1526.19, 1494.10, 1475.28, 1470.31, 1466.93, 1550.36, 1548.02,  7256.6, 166,  GPS,   11.5, 110.60, 116.50, 123.675, 121.500, -0.001,       ,  23.67, -51.8,    5.7,   11.5,  -14.0,      1,   GPS,    ALT,  -0.1,   1.0,  -3.9, 3DDiff, 3704,      ,     14,  22.0,     20
2018-08-27, 17:14:20,  -04:00,  MOGUL,   41.6286621,  -72.0035172,  7001.2, 30.02,  7357.7,  17.5, 143.73, 149.97,    5.13,   1.01,  -0.07,   0.00,   0.00,   5.2,  11.6,  27.7,  28.8,   1.7,  27.72,  26.97,    16.28,  190.01,   52.56,  30.47, 2485.5,    0.75,  333.91,  365.36,  369.50,  346.34,  348.38,  346.92, 1466.77, 1526.27, 1494.57, 1474.72, 1470.51, 1467.90, 1550.32, 1548.64,  7256.4, 166,  GPS,   11.5, 110.60, 116.50, 123.675, 121.500, -0.001,       ,  23.67, -51.8,    5.7,   11.5,  -14.1,      1,   GPS,    ALT,  -0.1,   1.0,  -7.9, 3DDiff, 3704,      ,     14,  23.0,     20
2018-08-27, 17:14:21,  -04:00,  MOGUL,   41.6293564,  -72.0035629,  6999.2, 30.02,  7357.9,  17.5, 143.51, 149.93,   -8.65,   0.97,  -0.10,  -0.01,  -0.00,   5.2,  11.6,  27.7,  28.8,   1.7,  27.73,  26.97,    16.27,  190.04,   52.55,  30.49, 2486.1,    0.75,  333.93,  365.36,  369.50,  346.34,  348.56,  346.91, 1467.09, 1527.22, 1495.55, 1473.89, 1470.94, 1468.32, 1550.91, 1548.87,  7257.0, 166,  GPS,   11.5, 110.60, 116.50, 123.675, 121.500, -0.001,       ,  23.67, -51.8,    5.6,   11.5,  -14.1,      1,   GPS,    ALT,  -0.1,   1.0,  -7.9, 3DDiff, 3704,      ,     14,  23.5,     20
2018-08-27, 17:14:22,  -04:00,  MOGUL,   41.6300430,  -72.0036011,  6999.2, 30.02,  7357.3,  17.5, 143.50, 149.89,  -25.79,   1.00,  -0.08,  -0.00,  -0.00,   5.2,  11.6,  27.7,  28.8,   1.7,  27.74,  26.96,    16.32,  190.06,   52.61,  30.48, 2485.5,    0.75,  333.94,  365.38,  369.53,  346.35,  348.72,  346.92, 1467.47, 1527.00, 1495.15, 1474.01, 1470.46, 1468.94, 1551.23, 1548.22,  7256.3, 166,  GPS,   11.5, 110.60, 116.50, 123.675, 121.500, -0.001,       ,  23.67, -51.8,    5.6,   11.5,  -14.1,      1,   GPS,    ALT,  -0.1,   1.0, -11.8, 3DDiff, 3704,      ,     14,  22.5,     20
2018-08-27, 17:14:23,  -04:00,  MOGUL,   41.6307411,  -72.0036469,  7000.2, 30.02,  7357.9,  17.5, 143.45, 149.83,  -14.96,   1.07,  -0.07,   0.00,   0.01,   5.2,  11.6,  27.7,  28.8,   1.7,  27.75,  26.95,    16.31,  190.06,   52.61,  30.49, 2486.4,    0.75,  333.97,  365.36,  369.53,  346.34,  348.87,  346.92, 1467.17, 1527.94, 1495.36, 1475.23, 1470.13, 1469.32, 1551.52, 1548.52,  7256.9, 166,  GPS,   11.5, 110.60, 116.50, 123.675, 121.500, -0.001,       ,  23.67, -51.9,    5.5,   11.5,  -14.1,      1,   GPS,    ALT,  -0.1,   1.0,  -3.9, 3DDiff, 3704,      ,     14,  22.0,     20
2018-08-27, 17:14:24,  -04:00,  MOGUL,   41.6314316,  -72.0036850,  7000.2, 30.02,  7358.1,  17.5, 143.28, 149.81,   -1.71,   1.04,  -0.03,  -0.00,  -0.01,   5.2,  11.6,  27.7,  28.8,   1.7,  27.77,  26.95,    16.31,  190.08,   52.78,  30.48, 2486.4,    0.75,  333.99,  365.37,  369.56,  346.34,  349.02,  346.95, 1467.66, 1528.12, 1496.17, 1475.46, 1471.17, 1468.55, 1551.34, 1549.18,  7257.2, 166,  GPS,   11.5, 110.60, 116.50, 123.675, 121.500, -0.001,       ,  23.67, -51.9,    5.5,   11.5,  -14.1,      1,   GPS,    ALT,  -0.1,   1.0,   7.9, 3DDiff, 3704,      ,     14,  22.5,     20
2018-08-27, 17:14:25,  -04:00,  MOGUL,   41.6321259,  -72.0037231,  6999.2, 30.02,  7358.2,  17.5, 143.28, 149.83,  -10.53,   1.08,  -0.09,  -0.01,   0.00,   5.2,  11.6,  27.7,  28.8,   1.7,  27.78,  26.94,    16.30,  190.09,   52.65,  30.52, 2486.3,    0.75,  334.00,  365.39,  369.53,  346.37,  349.12,  346.98, 1467.88, 1528.68, 1497.14, 1475.30, 1472.68, 1469.28, 1551.37, 1550.08,  7257.2, 166,  GPS,   11.5, 110.60, 116.50, 123.675, 121.500, -0.001,       ,  23.67, -51.9,    5.5,   11.5,  -14.1,      1,   GPS,    ALT,  -0.1,   1.0,   3.9, 3DDiff, 3704,      ,     14,  22.5,     20
2018-08-27, 17:14:26,  -04:00,  MOGUL,   41.6328163,  -72.0037689,  7001.2, 30.02,  7358.2,  17.5, 143.28, 149.73,   13.78,   1.04,  -0.10,  -0.00,  -0.01,   5.2,  11.6,  27.7,  28.8,   1.7,  27.78,  26.94,    16.30,  190.10,   52.68,  30.53, 2486.0,    0.75,  334.02,  365.39,  369.55,  346.37,  349.24,  346.98, 1468.25, 1529.28, 1496.75, 1475.60, 1473.14, 1470.41, 1552.09, 1550.11,  7257.3, 166,  GPS,   11.5, 110.60, 116.50, 123.675, 121.500, -0.001,       ,  23.67, -52.0,    5.4,   11.5,  -14.1,      1,   GPS,    ALT,  -0.1,   1.1,   3.9, 3DDiff, 3704,      ,     14,  22.5,     20
2018-08-27, 17:14:27,  -04:00,  MOGUL,   41.6334953,  -72.0038071,  6999.2, 30.02,  7358.1,  17.5, 143.05, 149.71,   -5.52,   1.07,  -0.10,   0.01,   0.00,   5.1,  11.6,  27.7,  28.8,   1.7,  27.79,  26.93,    16.27,  190.12,   52.56,  30.48, 2485.5,    0.75,  334.03,  365.40,  369.56,  346.35,  349.33,  346.99, 1466.96, 1528.58, 1496.85, 1475.89, 1471.84, 1471.15, 1551.97, 1549.27,  7257.2, 165,  GPS,   11.5, 110.60, 116.50, 123.675, 121.500, -0.001,       ,  23.67, -52.1,    5.4,   11.5,  -14.1,      1,   GPS,    ALT,  -0.1,   1.1,   0.0, 3DDiff, 3704,      ,     14,  23.5,     20
2018-08-27, 17:14:28,  -04:00,  MOGUL,   41.6341858,  -72.0038452,  6999.2, 30.02,  7358.7,  17.5, 142.93, 149.70,  -26.41,   1.01,  -0.04,  -0.00,   0.00,   5.1,  11.6,  27.7,  28.8,   1.7,  27.80,  26.91,    16.26,  190.11,   52.67,  30.48, 2485.5,    0.75,  334.05,  365.39,  369.56,  346.37,  349.42,  347.01, 1466.99, 1528.77, 1497.05, 1475.73, 1470.60, 1472.36, 1552.14, 1549.05,  7257.8, 165,  GPS,   11.5, 110.60, 116.50, 123.675, 121.500, -0.001,       ,  23.66, -52.1,    5.3,   11.5,  -14.1,      1,   GPS,    ALT,  -0.1,   1.1,  -3.9, 3DDiff, 3704,      ,     14,  22.5,     20
2018-08-27, 17:14:29,  -04:00,  MOGUL,   41.6348801,  -72.0038910,  7000.2, 30.02,  7357.9,  17.5, 143.06, 149.68,   -6.80,   1.02,  -0.10,  -0.00,   0.00,   5.2,  11.6,  27.7,  28.8,   1.7,  27.81,  26.91,    16.31,  190.11,   52.72,  30.49, 2485.7,    0.75,  334.08,  365.42,  369.59,  346.37,  349.49,  346.99, 1466.89, 1529.40, 1496.58, 1475.57, 1469.55, 1470.80, 1552.22, 1547.99,  7257.0, 165,  GPS,   11.5, 110.60, 116.50, 123.675, 121.500, -0.001,       ,  23.66, -52.2,    5.3,   11.5,  -14.1,      1,   GPS,    ALT,  -0.1,   1.1,  -7.9, 3DDiff, 3704,      ,     14,  22.0,     20
2018-08-27, 17:14:30,  -04:00,  MOGUL,   41.6355743,  -72.0039291,  6999.2, 30.02,  7357.8,  17.5, 142.90, 149.68,   -6.32,   1.00,  -0.11,   0.00,  -0.01,   5.2,  11.6,  27.7,  28.8,   1.7,  27.82,  26.90,    16.27,  190.12,   52.63,  30.46, 2484.9,    0.75,  334.08,  365.42,  369.59,  346.37,  349.55,  347.01, 1466.57, 1528.89, 1496.14, 1476.03, 1469.68, 1470.09, 1552.37, 1548.17,  7256.9, 165,  GPS,   11.5, 110.60, 116.50, 123.675, 121.500, -0.001,       ,  23.65, -52.3,    5.2,   11.5,  -14.1,      1,   GPS,    ALT,  -0.1,   1.1,  -7.9, 3DDiff, 3704,      ,     14,  22.0,     20
2018-08-27, 17:14:31,  -04:00,  MOGUL,   41.6362686,  -72.0039749,  6998.2, 30.02,  7357.7,  17.5, 142.78, 149.66,  -17.38,   1.03,  -0.07,   0.00,   0.01,   5.2,  11.6,  27.7,  28.8,   1.7,  27.83,  26.90,    16.35,  190.12,   52.82,  30.53, 2486.7,    0.75,  334.11,  365.44,  369.59,  346.41,  349.60,  347.01, 1467.10, 1529.21, 1496.95, 1475.55, 1470.31, 1470.20, 1552.20, 1549.67,  7256.8, 165,  GPS,   11.5, 110.60, 116.50, 123.675, 121.500, -0.001,       ,  23.65, -52.4,    5.2,   11.5,  -14.1,      1,   GPS,    ALT,  -0.1,   1.0,  -7.9, 3DDiff, 3704,      ,     14,  22.5,     20
2018-08-27, 17:14:32,  -04:00,  MOGUL,   41.6369591,  -72.0040131,  6999.2, 30.02,  7357.9,  17.5, 142.83, 149.66,  -14.75,   1.04,  -0.08,  -0.01,   0.00,   5.1,  11.6,  27.7,  28.8,   1.7,  27.84,  26.89,    16.26,  190.15,   52.74,  30.51, 2484.2,    0.75,  334.12,  365.45,  369.61,  346.41,  349.64,  347.01, 1468.50, 1529.16, 1497.06, 1475.86, 1469.84, 1469.87, 1552.50, 1550.11,  7256.9, 165,  GPS,   11.5, 110.60, 116.50, 123.675, 121.500, -0.001,       ,  23.64, -52.5,    5.2,   11.5,  -14.1,      1,   GPS,    ALT,  -0.1,   1.0,   3.9, 3DDiff, 3704,      ,     14,  22.5,     20
2018-08-27, 17:14:33,  -04:00,  MOGUL,   41.6376495,  -72.0040512,  7000.2, 30.02,  7357.7,  17.5, 142.69, 149.64,   -4.11,   1.08,  -0.01,   0.00,   0.01,   5.1,  11.6,  27.7,  28.8,   1.7,  27.84,  26.89,    16.29,  190.16,   52.73,  30.47, 2485.0,    0.75,  334.14,  365.48,  369.64,  346.43,  349.70,  347.04, 1467.82, 1530.03, 1496.71, 1476.57, 1469.28, 1468.24, 1552.58, 1548.86,  7256.8, 165,  GPS,   11.5, 110.60, 116.50, 123.675, 121.500, -0.001,       ,  23.63, -52.6,    5.1,   11.5,  -14.1,      1,   GPS,    ALT,  -0.1,   1.0,  11.8, 3DDiff, 3704,      ,     14,  23.0,     20
2018-08-27, 17:14:34,  -04:00,  MOGUL,   41.6383438,  -72.0040894,  6999.2, 30.02,  7357.5,  17.5, 142.71, 149.64,    3.73,   1.08,   0.01,   0.00,   0.01,   5.2,  11.6,  27.7,  28.8,   1.7,  27.84,  26.88,    16.26,  190.18,   52.64,  30.48, 2484.6,    0.75,  334.15,  365.47,  369.65,  346.43,  349.70,  347.04, 1468.98, 1530.15, 1496.40, 1474.85, 1469.45, 1467.65, 1551.49, 1548.80,  7256.6, 165,  GPS,   11.5, 110.60, 116.50, 123.675, 121.500, -0.001,       ,  23.62, -52.7,    5.1,   11.5,  -14.1,      1,   GPS,    ALT,  -0.1,   1.0,  23.6, 3DDiff, 3704,      ,     14,  22.0,     20
2018-08-27, 17:14:35,  -04:00,  MOGUL,   41.6390343,  -72.0041275,  7000.2, 30.02,  7358.5,  17.5, 142.71, 149.62,    5.41,   1.05,  -0.01,  -0.00,  -0.01,   5.2,  11.6,  27.7,  28.8,   1.7,  27.84,  26.88,    16.30,  190.21,   52.46,  30.53, 2482.8,    0.75,  334.20,  365.51,  369.69,  346.47,  349.75,  347.04, 1468.86, 1530.20, 1497.03, 1475.66, 1469.72, 1466.95, 1551.73, 1549.04,  7257.6, 165,  GPS,   11.5, 110.60, 116.50, 123.675, 121.500, -0.001,       ,  23.61, -52.8,    5.0,   11.5,  -14.1,      1,   GPS,    ALT,  -0.1,   1.0,  23.6, 3DDiff, 3704,      ,     14,  22.0,     20
2018-08-27, 17:14:36,  -04:00,  MOGUL,   41.6397247,  -72.0041656,  7001.2, 30.02,  7358.9,  17.5, 142.66, 149.62,   12.98,   1.01,   0.04,   0.00,  -0.01,   5.2,  11.6,  27.7,  28.8,   1.7,  27.83,  26.88,    16.27,  190.22,   52.77,  30.48, 2484.1,    0.75,  334.20,  365.53,  369.71,  346.49,  349.76,  347.07, 1468.17, 1530.56, 1496.28, 1475.96, 1469.09, 1466.84, 1552.28, 1548.20,  7258.0, 165,  GPS,   11.5, 110.60, 116.50, 123.675, 121.500, -0.001,       ,  23.59, -52.9,    5.0,   11.5,  -14.1,      1,   GPS,    ALT,  -0.1,   1.0,  23.6, 3DDiff, 3704,      ,     14,  22.0,     20
2018-08-27, 17:14:37,  -04:00,  MOGUL,   41.6404114,  -72.0042114,  7000.2, 30.02,  7359.3,  17.5, 142.61, 149.60,   25.47,   0.98,   0.04,   0.00,  -0.01,   5.3,  11.6,  27.7,  28.8,   1.7,  27.83,  26.88,    16.34,  190.22,   52.80,  30.45, 2486.4,    0.75,  334.21,  365.54,  369.71,  346.52,  349.76,  347.07, 1466.59, 1531.38, 1496.30, 1476.40, 1468.82, 1466.19, 1552.74, 1547.82,  7258.4, 165,  GPS,   11.5, 110.60, 116.50, 123.675, 121.500, -0.001,       ,  23.57, -53.0,    5.0,   11.5,  -14.1,      1,   GPS,    ALT,  -0.1,   1.0,  23.6, 3DDiff, 3704,      ,     14,  22.5,     20
2018-08-27, 17:14:38,  -04:00,  MOGUL,   41.6411057,  -72.0042496,  7002.2, 30.02,  7359.3,  17.5, 142.69, 149.62,   25.35,   0.87,   0.00,   0.00,   0.00,   5.3,  11.6,  27.7,  28.8,   1.7,  27.82,  26.89,    16.39,  190.22,   52.87,  30.52, 2487.2,    0.76,  334.24,  365.54,  369.72,  346.52,  349.79,  347.10, 1467.79, 1531.32, 1497.27, 1475.64, 1468.84, 1465.54, 1552.25, 1549.14,  7258.4, 165,  GPS,   11.5, 110.60, 116.50, 123.675, 121.500, -0.001,       ,  23.55, -53.1,    4.9,   11.5,  -14.1,      1,   GPS,    ALT,  -0.1,   0.9,   0.0, 3DDiff, 3704,      ,     14,  22.5,     20
2018-08-27, 17:14:39,  -04:00,  MOGUL,   41.6417999,  -72.0042953,  7002.2, 30.02,  7360.2,  17.5, 142.59, 149.66,   24.10,   0.88,  -0.11,  -0.01,  -0.01,   5.3,  11.7,  27.7,  28.8,   1.7,  27.81,  26.90,    16.31,  190.24,   52.70,  30.48, 2485.2,    0.75,  334.27,  365.55,  369.68,  346.55,  349.79,  347.13, 1467.69, 1530.77, 1496.82, 1476.11, 1468.59, 1464.88, 1552.17, 1548.69,  7259.2, 165,  GPS,   11.5, 110.60, 116.50, 123.675, 121.500, -0.001,       ,  23.53, -53.2,    4.9,   11.5,  -14.1,      1,   GPS,    ALT,  -0.1,   0.9,  -7.9, 3DDiff, 3704,      ,     14,  23.0,     20
2018-08-27, 17:14:40,  -04:00,  MOGUL,   41.6424942,  -72.0043335,  7000.2, 30.02,  7361.1,  17.5, 142.58, 149.68,  -15.47,   0.88,  -0.19,   0.00,  -0.01,   5.3,  11.7,  27.7,  28.8,   1.7,  27.80,  26.91,    16.36,  190.26,   52.56,  30.44, 2484.8,    0.76,  334.27,  365.57,  369.68,  346.59,  349.81,  347.16, 1467.91, 1530.31, 1495.86, 1475.52, 1468.53, 1464.06, 1551.33, 1548.60,  7260.1, 165,  GPS,   11.5, 110.60, 116.50, 123.675, 121.500, -0.001,       ,  23.51, -53.3,    4.8,   11.5,  -14.1,      1,   GPS,    ALT,  -0.1,   0.9,  -3.9, 3DDiff, 3704,      ,     14,  22.0,     20
2018-08-27, 17:14:41,  -04:00,  MOGUL,   41.6431885,  -72.0043640,  7001.2, 30.02,  7360.1,  17.5, 142.66, 149.71,  -16.11,   0.86,  -0.19,   0.00,   0.00,   5.3,  11.5,  27.7,  28.8,   1.7,  27.79,  26.92,    16.28,  190.29,   52.60,  30.45, 2485.3,    0.75,  334.28,  365.57,  369.62,  346.59,  349.81,  347.17, 1467.04, 1530.37, 1495.70, 1474.93, 1468.81, 1463.58, 1551.13, 1547.47,  7259.1, 165,  GPS,   11.5, 110.60, 116.50, 123.675, 121.500, -0.002,       ,  23.48, -53.4,    4.8,   11.5,  -14.1,      1,   GPS,    ALT,  -0.1,   0.9,  -3.9, 3DDiff, 3704,      ,     14,  22.0,     20
2018-08-27, 17:14:42,  -04:00,  MOGUL,   41.6438828,  -72.0044098,  7000.2, 30.02,  7360.1,  17.5, 142.54, 149.75,  -25.89,   0.83,  -0.18,  -0.00,   0.00,   5.3,  11.6,  27.7,  28.8,   1.7,  27.78,  26.92,    16.21,  190.28,   52.60,  30.51, 2484.5,    0.75,  334.31,  365.60,  369.57,  346.59,  349.82,  347.22, 1467.43, 1530.68, 1495.80, 1475.94, 1469.98, 1463.98, 1551.77, 1548.36,  7259.2, 165,  GPS,   11.5, 110.60, 116.50, 123.675, 121.500, -0.002,       ,  23.45, -53.5,    4.7,   11.5,  -14.1,      1,   GPS,    ALT,  -0.1,   0.9,  -3.9, 3DDiff, 3704,      ,     14,  22.0,     20
2018-08-27, 17:14:43,  -04:00,  MOGUL,   41.6445770,  -72.0044479,  7002.2, 30.02,  7360.2,  17.5, 142.68, 149.79,   -3.90,   0.83,  -0.14,   0.00,  -0.01,   5.2,  11.6,  27.7,  28.8,   1.7,  27.77,  26.93,    16.26,  190.30,   51.94,  30.50, 2484.3,    0.75,  334.33,  365.61,  369.50,  346.62,  349.82,  347.26, 1468.22, 1530.61, 1495.92, 1475.61, 1470.10, 1464.51, 1551.73, 1549.09,  7259.3, 165,  GPS,   11.5, 110.60, 116.50, 123.675, 121.500, -0.002,       ,  23.43, -53.6,    4.7,   11.5,  -14.1,      1,   GPS,    ALT,  -0.1,   0.9,   0.0, 3DDiff, 3704,      ,     14,  22.5,     20
2018-08-27, 17:14:44,  -04:00,  MOGUL,   41.6452675,  -72.0044937,  7002.2, 30.02,  7360.4,  17.5, 142.73, 149.83,   14.25,   0.83,  -0.10,   0.00,   0.01,   5.2,  11.6,  27.7,  28.8,   1.7,  27.76,  26.93,    16.32,  190.30,   52.12,  30.46, 2486.0,    0.75,  334.36,  365.63,  369.38,  346.62,  349.82,  347.29, 1468.28, 1531.19, 1496.27, 1475.22, 1469.62, 1465.81, 1552.19, 1549.57,  7259.4, 165,  GPS,   11.5, 110.60, 116.50, 123.675, 121.500, -0.002,       ,  23.40, -53.7,    4.7,   11.5,  -14.1,      1,   GPS,    ALT,  -0.1,   0.8,   3.9, 3DDiff, 3704,      ,     14,  22.5,     20
2018-08-27, 17:14:45,  -04:00,  MOGUL,   41.6459541,  -72.0045319,  7000.2, 30.02,  7359.0,  17.2, 142.64, 149.89,  -20.56,   0.87,  -0.09,   0.00,   0.01,   5.2,  11.6,  27.7,  28.8,   1.7,  27.75,  26.93,    16.31,  190.30,   52.46,  30.49, 2485.8,    0.75,  334.39,  365.63,  369.31,  346.65,  349.82,  347.30, 1468.22, 1530.83, 1495.99, 1474.97, 1469.06, 1465.43, 1552.08, 1549.55,  7258.1, 165,  GPS,   11.5, 110.60, 116.50, 123.675, 121.500, -0.002,       ,  23.38, -53.8,    4.6,   11.5,  -14.1,      1,   GPS,    ALT,  -0.1,   0.8,   7.9, 3DDiff, 3704,      ,     14,  23.0,     20
2018-08-27, 17:14:46,  -04:00,  MOGUL,   41.6466484,  -72.0045624,  7001.2, 30.02,  7358.8,  17.2, 142.67, 149.93,  -14.79,   0.87,  -0.07,  -0.00,  -0.00,   5.2,  11.6,  27.7,  28.8,   1.7,  27.75,  26.93,    16.30,  190.31,   52.40,  30.53, 2486.2,    0.75,  334.41,  365.66,  369.20,  346.65,  349.82,  347.38, 1468.10, 1530.66, 1495.59, 1475.51, 1469.27, 1465.99, 1551.95, 1549.88,  7257.8, 165,  GPS,   11.5, 110.60, 116.50, 123.675, 121.500, -0.002,       ,  23.35, -53.9,    4.6,   11.5,  -14.1,      1,   GPS,    ALT,  -0.1,   0.8,  23.6, 3DDiff, 3704,      ,     14,  22.0,     20
2018-08-27, 17:14:47,  -04:00,  MOGUL,   41.6473503,  -72.0046158,  7001.2, 30.02,  7360.1,  17.2, 142.71, 149.95,   -2.28,   0.79,  -0.10,   0.00,  -0.01,   5.2,  11.6,  27.7,  28.8,   1.7,  27.75,  26.92,    16.29,  190.29,   52.50,  30.47, 2484.2,    0.75,  334.42,  365.67,  369.08,  346.67,  349.79,  347.43, 1468.10, 1529.41, 1495.69, 1475.89, 1468.91, 1467.06, 1551.64, 1549.25,  7259.2, 165,  GPS,   11.5, 110.60, 116.50, 123.675, 121.500, -0.002,       ,  23.32, -54.0,    4.5,   11.5,  -14.1,      1,   GPS,    ALT,  -0.1,   0.8,  27.6, 3DDiff, 3704,      ,     14,  22.0,     20
2018-08-27, 17:14:48,  -04:00,  MOGUL,   41.6480408,  -72.0046463,  7001.2, 30.02,  7360.3,  17.2, 142.70, 149.97,    2.73,   0.77,  -0.11,   0.00,   0.00,   5.2,  11.6,  27.7,  28.8,   1.7,  27.75,  26.92,    16.29,  190.32,   52.43,  30.50, 2485.9,    0.75,  334.43,  365.69,  368.98,  346.68,  349.79,  347.47, 1467.80, 1529.61, 1495.11, 1476.94, 1469.14, 1467.87, 1552.10, 1549.06,  7259.4, 165,  GPS,   11.5, 110.60, 116.50, 123.675, 121.500, -0.002,       ,  23.30, -54.1,    4.5,   11.5,  -14.1,      1,   GPS,    ALT,  -0.1,   0.8,  11.8, 3DDiff, 3704,      ,     14,  22.0,     20
2018-08-27, 17:14:49,  -04:00,  MOGUL,   41.6487350,  -72.0046921,  7002.2, 30.02,  7360.4,  17.2, 142.72, 150.05,    3.63,   0.76,  -0.11,  -0.00,  -0.00,   5.2,  11.6,  27.7,  28.8,   1.7,  27.75,  26.91,    16.23,  190.32,   52.34,  30.53, 2483.9,    0.75,  334.48,  365.70,  368.85,  346.71,  349.76,  347.49, 1468.59, 1528.43, 1494.69, 1476.69, 1469.03, 1467.28, 1551.90, 1548.71,  7259.5, 165,  GPS,   11.5, 110.60, 116.50, 123.675, 121.500, -0.002,       ,  23.27, -54.2,    4.5,   11.5,  -14.1,      1,   GPS,    ALT,  -0.1,   0.8,   7.9, 3DDiff, 3704,      ,     14,  22.5,     20
2018-08-27, 17:14:50,  -04:00,  MOGUL,   41.6494293,  -72.0047302,  7003.2, 30.02,  7360.5,  17.2, 142.79, 150.12,   22.37,   0.71,  -0.08,   0.00,  -0.02,   5.2,  11.6,  27.7,  28.8,   1.7,  27.76,  26.89,    16.22,  190.35,   52.59,  30.51, 2485.5,    0.75,  334.48,  365.70,  368.70,  346.73,  349.76,  347.53, 1468.47, 1530.00, 1494.61, 1476.46, 1468.91, 1467.85, 1552.75, 1548.79,  7259.6, 165,  GPS,   11.5, 110.60, 116.50, 123.675, 121.500, -0.002,       ,  23.25, -54.3,    4.4,   11.5,  -14.1,      1,   GPS,    ALT,  -0.1,   0.7,   7.9, 3DDiff, 3704,      ,     14,  22.5,     20
2018-08-27, 17:14:51,  -04:00,  MOGUL,   41.6501236,  -72.0047684,  7002.2, 30.02,  7362.0,  17.2, 142.73, 150.20,   11.76,   0.68,  -0.03,   0.00,   0.00,   5.2,  11.6,  27.7,  28.8,   1.7,  27.77,  26.88,    16.29,  190.38,   52.43,  30.48, 2485.1,    0.75,  334.51,  365.73,  368.58,  346.72,  349.73,  347.59, 1467.79, 1530.43, 1495.16, 1475.06, 1469.34, 1467.96, 1552.27, 1548.74,  7261.1, 165,  GPS,   11.5, 110.60, 116.50, 123.675, 121.500, -0.002,       ,  23.22, -54.4,    4.4,   11.5,  -14.1,      1,   GPS,    ALT,  -0.1,   0.7,  -3.9, 3DDiff, 3704,      ,     14,  23.0,     20
2018-08-27, 17:14:52,  -04:00,  MOGUL,   41.6508179,  -72.0048218,  7003.2, 30.02,  7362.5,  17.2, 142.81, 150.28,    2.89,   0.68,  -0.07,  -0.00,   0.00,   5.2,  11.6,  27.7,  28.8,   1.7,  27.77,  26.87,    16.28,  190.38,   52.49,  30.49, 2484.6,    0.75,  334.52,  365.73,  368.43,  346.76,  349.75,  347.62, 1467.94, 1530.12, 1495.11, 1475.16, 1471.99, 1468.89, 1552.17, 1549.34,  7261.5, 165,  GPS,   11.5, 110.60, 116.50, 123.675, 121.500, -0.002,       ,  23.19, -54.4,    4.3,   11.5,  -14.1,      1,   GPS,    ALT,  -0.1,   0.7, -11.8, 3DDiff, 3704,      ,     14,  22.0,     20
2018-08-27, 17:14:53,  -04:00,  MOGUL,   41.6515198,  -72.0048523,  7002.2, 30.02,  7361.4,  17.2, 142.73, 150.38,  -17.60,   0.67,  -0.09,   0.00,  -0.00,   5.2,  11.6,  27.7,  28.8,   1.7,  27.77,  26.87,    16.29,  190.40,   52.62,  30.53, 2485.1,    0.75,  334.52,  365.76,  368.26,  346.75,  349.73,  347.65, 1468.44, 1529.57, 1495.65, 1475.66, 1472.55, 1469.11, 1552.83, 1549.07,  7260.5, 165,  GPS,   11.5, 110.60, 116.50, 123.675, 121.500, -0.002,       ,  23.17, -54.5,    4.3,   11.5,  -14.1,      1,   GPS,    ALT,  -0.1,   0.7, -11.8, 3DDiff, 3704,      ,     14,  22.0,     20
2018-08-27, 17:14:54,  -04:00,  MOGUL,   41.6522102,  -72.0048904,  7002.2, 30.02,  7361.3,  17.2, 142.82, 150.47,  -20.17,   0.69,  -0.10,   0.01,   0.00,   5.2,  11.6,  27.7,  28.8,   1.7,  27.78,  26.86,    16.29,  190.43,   52.40,  30.48, 2483.9,    0.75,  334.55,  365.76,  368.13,  346.77,  349.70,  347.68, 1467.78, 1528.74, 1494.19, 1475.35, 1471.71, 1469.08, 1552.17, 1548.32,  7260.4, 165,  GPS,   11.5, 110.60, 116.50, 123.675, 121.500, -0.002,       ,  23.14, -54.6,    4.2,   11.5,  -14.1,      1,   GPS,    ALT,  -0.1,   0.7, -11.8, 3DDiff, 3704,      ,     14,  22.0,     20
2018-08-27, 17:14:55,  -04:00,  MOGUL,   41.6529083,  -72.0049286,  7002.2, 30.02,  7361.2,  17.2, 142.87, 150.55,  -13.73,   0.69,  -0.08,  -0.00,   0.00,   5.2,  11.6,  27.7,  28.8,   1.7,  27.77,  26.86,    16.21,  190.42,   52.48,  30.48, 2486.0,    0.75,  334.57,  365.79,  367.96,  346.80,  349.68,  347.72, 1467.85, 1527.84, 1493.56, 1476.02, 1471.66, 1469.39, 1552.13, 1547.65,  7260.3, 165,  GPS,   11.5, 110.60, 116.50, 123.675, 121.500, -0.002,       ,  23.12, -54.7,    4.2,   11.5,  -14.1,      1,   GPS,    ALT,  -0.1,   0.7,  -7.9, 3DDiff, 3704,      ,     14,  22.0,     20
2018-08-27, 17:14:56,  -04:00,  MOGUL,   41.6536064,  -72.0049744,  7001.2, 30.02,  7361.2,  17.2, 142.82, 150.63,  -31.74,   0.74,  -0.09,  -0.00,   0.00,   5.2,  11.6,  27.7,  28.8,   1.7,  27.77,  26.85,    16.25,  190.43,   52.50,  30.48, 2485.1,    0.75,  334.61,  365.79,  367.83,  346.80,  349.67,  347.74, 1466.60, 1527.80, 1494.08, 1475.01, 1471.14, 1469.24, 1550.98, 1547.66,  7260.2, 165,  GPS,   11.5, 110.60, 116.50, 123.675, 121.500, -0.002,       ,  23.10, -54.8,    4.2,   11.5,  -14.1,      1,   GPS,    ALT,  -0.1,   0.7, -11.8, 3DDiff, 3704,      ,     14,  22.5,     20
2018-08-27, 17:14:57,  -04:00,  MOGUL,   41.6543045,  -72.0050125,  7001.2, 30.02,  7359.6,  17.2, 142.85, 150.69,  -26.97,   0.73,  -0.12,  -0.00,  -0.01,   5.1,  11.6,  27.7,  28.8,   1.7,  27.77,  26.85,    16.29,  190.43,   52.44,  30.47, 2486.7,    0.75,  334.63,  365.79,  367.67,  346.81,  349.64,  347.78, 1466.73, 1527.92, 1494.83, 1474.58, 1471.89, 1468.07, 1550.60, 1548.14,  7258.7, 165,  GPS,   11.5, 110.60, 116.50, 123.675, 121.500, -0.002,       ,  23.07, -54.8,    4.1,   11.5,  -14.1,      1,   GPS,    ALT,  -0.1,   0.7,  -7.9, 3DDiff, 3704,      ,     14,  23.0,     20
2018-08-27, 17:14:58,  -04:00,  MOGUL,   41.6549988,  -72.0050507,  7001.2, 30.02,  7358.9,  17.2, 142.85, 150.76,  -17.22,   0.73,  -0.08,   0.00,   0.00,   5.2,  11.6,  27.7,  28.8,   1.7,  27.77,  26.85,    16.38,  190.43,   52.36,  30.49, 2485.6,    0.76,  334.66,  365.82,  367.51,  346.83,  349.62,  347.81, 1466.93, 1528.14, 1495.35, 1475.28, 1472.23, 1468.46, 1551.27, 1549.12,  7258.0, 165,  GPS,   11.5, 110.60, 116.50, 123.675, 121.500, -0.002,       ,  23.05, -54.9,    4.1,   11.5,  -14.1,      1,   GPS,    ALT,  -0.1,   0.7,  -7.9, 3DDiff, 3704,      ,     14,  22.0,     20
2018-08-27, 17:14:59,  -04:00,  MOGUL,   41.6556969,  -72.0050964,  7001.2, 30.02,  7359.6,  17.2, 142.80, 150.84,  -16.56,   0.71,  -0.04,  -0.00,  -0.01,   5.2,  11.6,  27.7,  28.8,   1.7,  27.77,  26.84,    16.37,  190.42,   52.81,  30.51, 2485.5,    0.76,  334.69,  365.82,  367.36,  346.86,  349.61,  347.86, 1466.22, 1528.44, 1495.44, 1475.05, 1473.53, 1468.40, 1551.36, 1548.64,  7258.7, 165,  GPS,   11.5, 110.60, 116.50, 123.675, 121.500, -0.002,       ,  23.03, -55.0,    4.0,   11.5,  -14.1,      1,   GPS,    ALT,  -0.1,   0.7,  -7.9, 3DDiff, 3704,      ,     14,  22.0,     20
2018-08-27, 17:15:00,  -04:00,  MOGUL,   41.6563911,  -72.0051346,  7001.2, 30.02,  7359.4,  17.2, 142.96, 150.90,  -15.19,   0.74,  -0.03,  -0.00,  -0.00,   5.1,  11.6,  27.7,  28.8,   1.7,  27.76,  26.84,    16.37,  190.41,   52.81,  30.54, 2484.2,    0.76,  334.72,  365.82,  367.23,  346.86,  349.58,  347.87, 1466.97, 1528.93, 1496.99, 1475.19, 1474.18, 1468.05, 1551.39, 1549.26,  7258.5, 165,  GPS,   11.5, 110.60, 116.50, 123.675, 121.500, -0.002,       ,  23.00, -55.1,    4.0,   11.5,  -14.1,      1,   GPS,    ALT,  -0.1,   0.7, -15.7, 3DDiff, 3704,      ,     14,  22.0,     20
2018-08-27, 17:15:01,  -04:00,  MOGUL,   41.6570930,  -72.0051727,  7000.2, 30.02,  7359.1,  17.2, 142.95, 150.96,   -7.95,   0.74,  -0.09,   0.00,  -0.01,   5.2,  11.6,  27.7,  28.8,   1.7,  27.76,  26.83,    16.37,  190.41,   52.40,  30.53, 2484.8,    0.76,  334.70,  365.86,  367.08,  346.88,  349.55,  347.93, 1467.06, 1528.50, 1497.00, 1475.56, 1474.29, 1468.51, 1551.86, 1549.07,  7258.2, 165,  GPS,   11.5, 110.60, 116.50, 123.675, 121.500, -0.002,       ,  22.98, -55.2,    4.0,   11.5,  -14.1,      1,   GPS,    ALT,  -0.1,   0.7, -15.7, 3DDiff, 3704,      ,     14,  22.0,     20
2018-08-27, 17:15:02,  -04:00,  MOGUL,   41.6577873,  -72.0052109,  7000.2, 30.02,  7358.7,  17.2, 143.05, 151.04,  -24.74,   0.80,  -0.10,   0.00,   0.01,   5.1,  11.6,  27.7,  28.8,   1.7,  27.77,  26.83,    16.33,  190.40,   52.52,  30.55, 2486.6,    0.75,  334.76,  365.87,  366.96,  346.89,  349.52,  347.95, 1467.72, 1529.49, 1496.74, 1475.55, 1473.95, 1468.56, 1552.39, 1549.63,  7257.8, 165,  GPS,   11.5, 110.60, 116.50, 123.675, 121.500, -0.002,       ,  22.95, -55.3,    3.9,   11.5,  -14.1,      1,   GPS,    ALT,  -0.1,   0.8, -19.7, 3DDiff, 3704,      ,     14,  22.5,     20
2018-08-27, 17:15:03,  -04:00,  MOGUL,   41.6584930,  -72.0052643,  7000.2, 30.02,  7359.5,  17.2, 143.01, 151.10,  -27.42,   0.86,  -0.11,  -0.00,   0.01,   5.1,  11.6,  27.7,  28.8,   1.7,  27.77,  26.82,    16.26,  190.41,   52.69,  30.52, 2483.9,    0.75,  334.78,  365.88,  366.84,  346.91,  349.52,  348.01, 1467.87, 1528.95, 1496.52, 1474.36, 1474.25, 1469.47, 1551.89, 1549.43,  7258.6, 165,  GPS,   11.5, 110.60, 116.50, 123.675, 121.500, -0.002,       ,  22.93, -55.4,    3.9,   11.5,  -14.1,      1,   GPS,    ALT,  -0.1,   0.8,  -7.9, 3DDiff, 3704,      ,     14,  23.0,     20
2018-08-27, 17:15:04,  -04:00,  MOGUL,   41.6591873,  -72.0053024,  7000.2, 30.02,  7360.2,  17.2, 143.01, 151.13,  -19.65,   0.85,  -0.09,   0.00,  -0.01,   5.1,  11.6,  27.7,  28.8,   1.7,  27.76,  26.82,    16.24,  190.41,   52.61,  30.52, 2486.1,    0.75,  334.81,  365.89,  366.71,  346.91,  349.48,  348.02, 1467.54, 1528.65, 1496.33, 1474.05, 1473.75, 1469.31, 1551.31, 1549.84,  7259.2, 165,  GPS,   11.5, 110.60, 116.50, 123.675, 121.500, -0.002,       ,  22.91, -55.5,    3.8,   11.5,  -14.1,      1,   GPS,    ALT,  -0.1,   0.8,   7.9, 3DDiff, 3704,      ,     14,  22.0,     20
2018-08-27, 17:15:05,  -04:00,  MOGUL,   41.6598892,  -72.0053406,  6999.2, 30.02,  7359.1,  17.2, 142.98, 151.13,  -33.81,   0.88,  -0.11,   0.01,   0.01,   5.1,  11.6,  27.7,  28.8,   1.7,  27.75,  26.83,    16.28,  190.40,   52.64,  30.51, 2485.0,    0.75,  334.82,  365.91,  366.59,  346.92,  349.46,  348.07, 1467.94, 1529.25, 1496.58, 1473.82, 1473.35, 1469.49, 1552.02, 1549.42,  7258.2, 165,  GPS,   11.5, 110.60, 116.50, 123.675, 121.500, -0.002,       ,  22.88, -55.6,    3.8,   11.5,  -14.1,      1,   GPS,    ALT,  -0.1,   0.9,   7.9, 3DDiff, 3704,      ,     14,  22.0,     20
2018-08-27, 17:15:06,  -04:00,  MOGUL,   41.6605873,  -72.0053864,  7000.2, 30.02,  7359.2,  17.2, 143.09, 151.17,  -11.33,   0.90,  -0.11,  -0.00,   0.00,   5.1,  11.6,  27.7,  28.8,   1.7,  27.75,  26.83,    16.32,  190.42,   52.56,  30.57, 2484.8,    0.75,  334.85,  365.94,  366.47,  346.95,  349.43,  348.11, 1468.98, 1529.93, 1496.97, 1475.17, 1473.37, 1470.15, 1553.07, 1550.44,  7258.2, 165,  GPS,   11.5, 110.60, 116.50, 123.675, 121.500, -0.002,       ,  22.86, -55.7,    3.7,   11.5,  -14.1,      1,   GPS,    ALT,  -0.1,   0.9,  11.8, 3DDiff, 3704,      ,     14,  22.0,     20
2018-08-27, 17:15:07,  -04:00,  MOGUL,   41.6612854,  -72.0054245,  7000.2, 30.02,  7359.5,  17.2, 143.11, 151.19,    3.00,   0.89,  -0.08,   0.00,  -0.01,   5.1,  11.5,  27.7,  28.8,   1.7,  27.75,  26.82,    16.36,  190.41,   52.40,  30.56, 2486.4,    0.76,  334.87,  365.97,  366.35,  346.96,  349.40,  348.14, 1469.44, 1529.64, 1497.37, 1475.37, 1473.35, 1470.59, 1552.84, 1550.87,  7258.6, 165,  GPS,   11.5, 110.60, 116.50, 123.675, 121.500, -0.002,       ,  22.84, -55.8,    3.7,   11.5,  -14.1,      1,   GPS,    ALT,  -0.1,   0.9,  19.7, 3DDiff, 3704,      ,     14,  22.0,     20
2018-08-27, 17:15:08,  -04:00,  MOGUL,   41.6619911,  -72.0054703,  7001.2, 30.02,  7359.9,  17.2, 143.13, 151.21,   23.97,   0.82,  -0.04,   0.00,  -0.01,   5.1,  11.5,  27.7,  28.8,   1.7,  27.75,  26.82,    16.34,  190.42,   52.50,  30.54, 2486.8,    0.75,  334.89,  366.00,  366.25,  346.95,  349.37,  348.20, 1471.38, 1530.32, 1496.26, 1474.39, 1473.31, 1471.80, 1553.22, 1551.22,  7258.9, 165,  GPS,   11.5, 110.60, 116.50, 123.675, 121.500, -0.002,       ,  22.82, -55.9,    3.7,   11.5,  -14.1,      1,   GPS,    ALT,  -0.1,   0.9,  23.6, 3DDiff, 3704,      ,     14,  22.5,     20
2018-08-27, 17:15:09,  -04:00,  MOGUL,   41.6626854,  -72.0055084,  7002.2, 30.02,  7360.2,  17.2, 143.15, 151.25,   25.16,   0.78,  -0.05,   0.00,  -0.00,   5.0,  11.5,  27.7,  28.8,   1.7,  27.74,  26.82,    16.34,  190.45,   52.27,  30.56, 2485.4,    0.75,  334.91,  366.01,  366.17,  346.98,  349.36,  348.23, 1470.78, 1529.89, 1497.95, 1475.78, 1473.01, 1471.59, 1553.74, 1550.82,  7259.2, 165,  GPS,   11.5, 110.60, 116.50, 123.675, 121.500, -0.002,       ,  22.80, -56.0,    3.6,   11.5,  -14.1,      1,   GPS,    ALT,  -0.0,   0.8,  11.8, 3DDiff, 3704,      ,     14,  23.0,     20
2018-08-27, 17:15:10,  -04:00,  MOGUL,   41.6633835,  -72.0055466,  7002.2, 30.02,  7360.2,  17.2, 143.17, 151.29,   19.23,   0.70,  -0.04,  -0.00,  -0.01,   5.0,  11.5,  27.7,  28.8,   1.7,  27.74,  26.81,    16.35,  190.45,   52.39,  30.55, 2486.5,    0.75,  334.95,  366.03,  366.07,  346.99,  349.32,  348.24, 1470.41, 1529.85, 1497.66, 1475.67, 1472.41, 1471.72, 1553.12, 1550.91,  7259.2, 165,  GPS,   11.5, 110.60, 116.50, 123.675, 121.500, -0.002,       ,  22.78, -56.1,    3.6,   11.5,  -14.1,      1,   GPS,    ALT,  -0.0,   0.7,   3.9, 3DDiff, 3704,      ,     14,  22.0,     20
2018-08-27, 17:15:11,  -04:00,  MOGUL,   41.6640892,  -72.0055923,  7003.2, 30.02,  7360.9,  17.2, 143.31, 151.33,   22.33,   0.70,  -0.03,   0.00,  -0.00,   5.0,  11.5,  27.7,  28.8,   1.7,  27.73,  26.80,    16.32,  190.47,   52.48,  30.53, 2486.9,    0.75,  334.96,  366.06,  366.00,  347.01,  349.29,  348.29, 1469.56, 1529.64, 1497.90, 1475.30, 1472.27, 1471.49, 1553.00, 1550.77,  7260.0, 166,  GPS,   11.5, 110.60, 116.50, 123.675, 121.500, -0.002,       ,  22.77, -56.2,    3.5,   11.5,  -14.1,      1,   GPS,    ALT,  -0.0,   0.7,  -7.9, 3DDiff, 3704,      ,     14,  22.0,     20
2018-08-27, 17:15:12,  -04:00,  MOGUL,   41.6647835,  -72.0056305,  7002.2, 30.02,  7360.9,  17.2, 143.30, 151.41,    6.89,   0.60,  -0.07,   0.01,  -0.00,   5.0,  11.5,  27.7,  28.8,   1.7,  27.74,  26.79,    16.31,  190.48,   52.55,  30.54, 2485.2,    0.75,  334.99,  366.09,  365.91,  347.01,  349.24,  348.32, 1468.94, 1529.40, 1497.66, 1475.23, 1472.91, 1471.45, 1552.85, 1550.93,  7260.0, 166,  GPS,   11.5, 110.60, 116.50, 123.675, 121.500, -0.002,       ,  22.75, -56.3,    3.5,   11.5,  -14.1,      1,   GPS,    ALT,  -0.0,   0.6,  -7.9, 3DDiff, 3704,      ,     14,  22.0,     20
2018-08-27, 17:15:13,  -04:00,  MOGUL,   41.6654854,  -72.0056686,  7002.2, 30.02,  7360.9,  17.2, 143.38, 151.48,   -8.26,   0.59,  -0.09,  -0.00,  -0.00,   5.0,  11.5,  27.7,  28.8,   1.7,  27.75,  26.77,    16.36,  190.48,   52.64,  30.51, 2486.4,    0.76,  335.02,  366.12,  365.86,  347.02,  349.22,  348.35, 1468.99, 1528.35, 1497.83, 1475.56, 1472.42, 1470.63, 1552.51, 1550.29,  7259.9, 166,  GPS,   11.5, 110.60, 116.50, 123.675, 121.500, -0.002,       ,  22.74, -56.4,    3.5,   11.5,  -14.1,      1,   GPS,    ALT,  -0.0,   0.6, -11.8, 3DDiff, 3704,      ,     14,  22.0,     20
2018-08-27, 17:15:14,  -04:00,  MOGUL,   41.6661911,  -72.0057220,  7003.2, 30.02,  7360.8,  17.2, 143.61, 151.54,    1.22,   0.59,  -0.11,  -0.01,   0.00,   5.0,  11.5,  27.7,  28.8,   1.7,  27.75,  26.76,    16.31,  190.47,   52.72,  30.51, 2486.5,    0.75,  335.03,  366.12,  365.82,  347.04,  349.18,  348.38, 1468.17, 1527.97, 1497.35, 1474.99, 1473.04, 1470.89, 1552.32, 1550.20,  7259.8, 166,  GPS,   11.5, 110.60, 116.50, 123.675, 121.500, -0.002,       ,  22.73, -56.5,    3.4,   11.5,  -14.1,      1,   GPS,    ALT,  -0.0,   0.6, -11.8, 3DDiff, 3704,      ,     14,  22.5,     20
2018-08-27, 17:15:15,  -04:00,  MOGUL,   41.6668854,  -72.0057602,  7001.2, 30.02,  7360.6,  17.2, 143.60, 151.64,  -13.88,   0.52,  -0.08,   0.00,  -0.00,   4.9,  11.5,  27.7,  28.8,   1.7,  27.75,  26.75,    16.32,  190.47,   52.46,  30.51, 2487.5,    0.75,  335.06,  366.15,  365.79,  347.05,  349.15,  348.40, 1467.73, 1528.12, 1497.58, 1475.30, 1472.18, 1470.73, 1552.79, 1550.15,  7259.7, 166,  GPS,   11.5, 110.60, 116.50, 123.675, 121.500, -0.002,       ,  22.72, -56.6,    3.4,   11.5,  -14.1,      1,   GPS,    ALT,  -0.0,   0.5,  -7.9, 3DDiff, 3704,      ,     14,  23.0,     20
2018-08-27, 17:15:16,  -04:00,  MOGUL,   41.6675949,  -72.0057983,  7001.2, 30.02,  7360.7,  17.2, 143.69, 151.72,  -36.35,   0.56,  -0.04,   0.00,   0.02,   4.9,  11.5,  27.7,  28.8,   1.7,  27.76,  26.73,    16.35,  190.47,   52.43,  30.54, 2485.9,    0.75,  335.09,  366.18,  365.76,  347.04,  349.14,  348.42, 1467.08, 1528.40, 1497.47, 1476.55, 1471.68, 1470.19, 1553.35, 1549.58,  7259.7, 166,  GPS,   11.5, 110.60, 116.50, 123.675, 121.500, -0.002,       ,  22.72, -56.7,    3.3,   11.5,  -14.1,      1,   GPS,    ALT,  -0.0,   0.5, -11.8, 3DDiff, 3704,      ,     14,  22.0,     20
2018-08-27, 17:15:17,  -04:00,  MOGUL,   41.6682968,  -72.0058517,  7000.2, 30.02,  7359.8,  17.2, 143.72, 151.81,  -34.03,   0.57,  -0.03,  -0.01,   0.00,   4.9,  11.5,  27.7,  28.8,   1.7,  27.77,  26.71,    16.39,  190.48,   52.38,  30.53, 2488.2,    0.76,  335.10,  366.19,  365.76,  347.08,  349.09,  348.46, 1467.05, 1527.85, 1497.46, 1476.49, 1472.09, 1468.91, 1552.62, 1549.34,  7258.8, 166,  GPS,   11.5, 110.60, 116.50, 123.675, 121.500, -0.001,       ,  22.71, -56.8,    3.3,   11.5,  -14.1,      1,   GPS,    ALT,  -0.0,   0.6,   3.9, 3DDiff, 3704,      ,     14,  21.5,     20
2018-08-27, 17:15:18,  -04:00,  MOGUL,   41.6689987,  -72.0058823,  7000.2, 30.02,  7359.9,  17.2, 143.81, 151.87,  -35.07,   0.57,  -0.01,  -0.00,  -0.00,   4.9,  11.5,  27.7,  28.8,   1.7,  27.79,  26.70,    16.38,  190.50,   52.54,  30.57, 2487.2,    0.76,  335.12,  366.21,  365.76,  347.10,  349.09,  348.49, 1467.26, 1527.73, 1497.65, 1476.57, 1471.83, 1469.21, 1552.26, 1549.52,  7258.9, 166,  GPS,   11.5, 110.60, 116.50, 123.675, 121.500, -0.002,       ,  22.71, -56.8,    3.2,   11.5,  -14.1,      1,   GPS,    ALT,  -0.0,   0.6,   7.9, 3DDiff, 3704,      ,     14,  22.0,     20
2018-08-27, 17:15:19,  -04:00,  MOGUL,   41.6697006,  -72.0059280,  7001.2, 30.02,  7360.2,  17.2, 143.91, 151.93,  -14.99,   0.58,  -0.01,   0.00,   0.00,   4.9,  11.5,  27.7,  28.8,   1.7,  27.79,  26.68,    16.40,  190.49,   52.43,  30.56, 2486.6,    0.76,  335.12,  366.20,  365.76,  347.10,  349.03,  348.54, 1467.47, 1528.26, 1498.29, 1477.16, 1472.57, 1469.75, 1552.36, 1550.26,  7259.2, 166,  GPS,   11.5, 110.60, 116.50, 123.675, 121.500, -0.001,       ,  22.72, -56.9,    3.2,   11.5,  -14.1,      1,   GPS,    ALT,  -0.0,   0.6,  19.7, 3DDiff, 3704,      ,     14,  22.0,     20
2018-08-27, 17:15:20,  -04:00,  MOGUL,   41.6704025,  -72.0059738,  7001.2, 30.02,  7360.7,  17.2, 143.98, 152.01,   -1.98,   0.52,  -0.05,  -0.00,  -0.00,   4.9,  11.5,  27.7,  28.8,   1.7,  27.80,  26.67,    16.41,  190.52,   52.31,  30.59, 2483.2,    0.76,  335.18,  366.22,  365.78,  347.10,  349.02,  348.57, 1467.04, 1529.25, 1498.45, 1476.57, 1472.83, 1470.51, 1552.88, 1549.89,  7259.7, 166,  GPS,   11.5, 110.60, 116.50, 123.675, 121.500, -0.001,       ,  22.72, -57.0,    3.2,   11.5,  -14.1,      1,   GPS,    ALT,  -0.0,   0.5,  23.6, 3DDiff, 3704,      ,     14,  22.5,     20
2018-08-27, 17:15:21,  -04:00,  MOGUL,   41.6711044,  -72.0060120,  7003.2, 30.02,  7359.6,  17.2, 144.18, 152.09,   26.92,   0.48,  -0.02,  -0.01,  -0.01,   4.9,  11.4,  27.7,  28.8,   1.7,  27.80,  26.66,    16.34,  190.54,   52.53,  30.59, 2487.7,    0.75,  335.20,  366.24,  365.81,  347.11,  348.97,  348.60, 1467.78, 1529.42, 1498.37, 1477.25, 1472.65, 1472.17, 1553.94, 1550.13,  7259.0, 167,  GPS,   11.5, 110.60, 116.50, 123.675, 121.500, -0.001,       ,  22.73, -57.0,    3.1,   11.5,  -14.1,      1,   GPS,    ALT,  -0.0,   0.5,  15.7, 3DDiff, 3704,      ,     14,  23.0,     20
2018-08-27, 17:15:22,  -04:00,  MOGUL,   41.6718063,  -72.0060577,  7003.2, 30.02,  7359.5,  17.2, 144.16, 152.18,   32.42,   0.37,   0.00,   0.00,  -0.02,   4.9,  11.4,  27.7,  28.8,   1.7,  27.80,  26.65,    16.35,  190.56,   52.46,  30.59, 2485.8,    0.76,  335.21,  366.27,  365.84,  347.13,  348.93,  348.63, 1468.06, 1530.78, 1498.67, 1477.72, 1473.96, 1472.61, 1555.41, 1550.83,  7258.9, 167,  GPS,   11.5, 110.60, 116.50, 123.675, 121.500, -0.001,       ,  22.74, -57.1,    3.1,   11.5,  -14.1,      1,   GPS,    ALT,   0.0,   0.4,  11.8, 3DDiff, 3704,      ,     14,  22.0,     20
2018-08-27, 17:15:23,  -04:00,  MOGUL,   41.6725159,  -72.0061035,  7001.2, 30.02,  7360.2,  17.2, 144.14, 152.28,  -13.01,   0.37,   0.05,   0.00,   0.01,   5.0,  11.4,  27.7,  28.8,   1.7,  27.80,  26.64,    16.34,  190.56,   52.50,  30.56, 2487.1,    0.75,  335.24,  366.26,  365.88,  347.13,  348.91,  348.64, 1468.48, 1530.65, 1498.54, 1477.40, 1474.40, 1471.65, 1555.01, 1550.96,  7259.5, 166,  GPS,   11.5, 110.60, 116.50, 123.675, 121.500, -0.001,       ,  22.75, -57.2,    3.0,   11.5,  -14.1,      1,   GPS,    ALT,   0.0,   0.4, -11.8, 3DDiff, 3704,      ,     14,  21.5,     20
2018-08-27, 17:15:24,  -04:00,  MOGUL,   41.6732140,  -72.0061493,  7001.2, 30.02,  7360.0,  17.2, 144.27, 152.40,  -29.48,   0.45,  -0.01,  -0.00,   0.00,   5.0,  11.4,  27.7,  28.8,   1.7,  27.80,  26.64,    16.35,  190.52,   52.46,  30.55, 2486.9,    0.75,  335.27,  366.29,  365.88,  347.16,  348.91,  348.69, 1468.39, 1529.58, 1497.77, 1477.90, 1474.08, 1470.86, 1553.96, 1550.21,  7259.4, 167,  GPS,   11.5, 110.60, 116.50, 123.675, 121.500, -0.001,       ,  22.76, -57.2,    3.0,   11.5,  -14.1,      1,   GPS,    ALT,   0.0,   0.4,  -7.9, 3DDiff, 3704,      ,     14,  22.0,     20
2018-08-27, 17:15:25,  -04:00,  MOGUL,   41.6739235,  -72.0061874,  7002.2, 30.02,  7360.0,  17.2, 144.38, 152.53,  -11.00,   0.44,   0.00,  -0.00,  -0.01,   5.0,  11.4,  27.7,  28.8,   1.7,  27.79,  26.64,    16.38,  190.53,   52.64,  30.55, 2487.6,    0.76,  335.27,  366.31,  365.92,  347.17,  348.91,  348.70, 1468.30, 1529.90, 1497.21, 1477.27, 1472.41, 1470.43, 1553.46, 1549.58,  7259.4, 167,  GPS,   11.5, 110.60, 116.50, 123.675, 121.500, -0.001,       ,  22.76, -57.3,    2.9,   11.5,  -14.1,      1,   GPS,    ALT,   0.0,   0.4,   0.0, 3DDiff, 3704,      ,     14,  22.0,     20
2018-08-27, 17:15:26,  -04:00,  MOGUL,   41.6746292,  -72.0062408,  7001.2, 30.02,  7359.9,  17.2, 144.37, 152.59,  -25.07,   0.44,   0.03,   0.00,   0.00,   5.1,  11.4,  27.7,  28.8,   1.7,  27.78,  26.64,    16.41,  190.51,   52.38,  30.54, 2485.6,    0.76,  335.30,  366.33,  365.96,  347.17,  348.89,  348.74, 1467.32, 1529.13, 1497.01, 1478.25, 1471.60, 1471.01, 1553.27, 1548.65,  7259.3, 167,  GPS,   11.5, 110.60, 116.50, 123.675, 121.500, -0.001,       ,  22.77, -57.3,    2.9,   11.5,  -14.1,      1,   GPS,    ALT,   0.1,   0.4,   0.0, 3DDiff, 3704,      ,     14,  22.0,     20
2018-08-27, 17:15:27,  -04:00,  MOGUL,   41.6753349,  -72.0062790,  7001.2, 30.02,  7361.4,  17.2, 144.43, 152.67,  -19.21,   0.48,   0.00,   0.00,   0.00,   5.1,  11.4,  27.7,  28.8,   1.7,  27.77,  26.64,    16.26,  190.51,   52.42,  30.60, 2485.4,    0.75,  335.33,  366.33,  365.97,  347.17,  348.88,  348.78, 1468.61, 1530.17, 1497.66, 1479.87, 1472.24, 1471.26, 1554.66, 1549.96,  7260.8, 167,  GPS,   11.5, 110.60, 116.50, 123.675, 121.500, -0.001,       ,  22.77, -57.3,    2.9,   11.5,  -14.1,      1,   GPS,    ALT,   0.1,   0.5,  -3.9, 3DDiff, 3704,      ,     14,  23.0,     20
2018-08-27, 17:15:28,  -04:00,  MOGUL,   41.6760406,  -72.0063248,  7001.2, 30.02,  7361.8,  17.2, 144.47, 152.73,  -19.63,   0.49,   0.02,  -0.00,   0.00,   5.1,  11.4,  27.7,  28.8,   1.7,  27.76,  26.64,    16.31,  190.51,   52.40,  30.55, 2487.0,    0.75,  335.34,  366.34,  365.97,  347.20,  348.94,  348.81, 1468.39, 1530.01, 1497.48, 1480.35, 1473.00, 1471.36, 1554.67, 1550.34,  7261.2, 167,  GPS,   11.5, 110.60, 116.50, 123.675, 121.500, -0.001,       ,  22.77, -57.3,    2.8,   11.5,  -14.1,      1,   GPS,    ALT,   0.1,   0.5,  -3.9, 3DDiff, 3704,      ,     14,  22.0,     20
2018-08-27, 17:15:29,  -04:00,  MOGUL,   41.6767502,  -72.0063705,  7000.2, 30.02,  7361.3,  17.2, 144.62, 152.79,  -21.03,   0.51,   0.01,   0.01,  -0.00,   5.1,  11.5,  27.7,  28.8,   1.7,  27.74,  26.65,    16.29,  190.53,   52.52,  30.52, 2486.0,    0.75,  335.39,  366.37,  366.00,  347.23,  349.00,  348.84, 1468.46, 1529.59, 1497.38, 1480.26, 1473.13, 1469.25, 1554.33, 1550.03,  7260.6, 167,  GPS,   11.5, 110.60, 116.50, 123.675, 121.500, -0.001,       ,  22.77, -57.4,    2.8,   11.5,  -14.1,      1,   GPS,    ALT,   0.1,   0.5,   3.9, 3DDiff, 3704,      ,     14,  21.5,     20
2018-08-27, 17:15:30,  -04:00,  MOGUL,   41.6774559,  -72.0064087,  7000.2, 30.02,  7361.4,  17.2, 144.53, 152.84,  -19.06,   0.55,   0.01,   0.00,   0.00,   5.1,  11.5,  27.7,  28.8,   1.7,  27.73,  26.65,    16.32,  190.54,   52.60,  30.50, 2487.9,    0.75,  335.37,  366.37,  365.98,  347.23,  349.09,  348.85, 1467.93, 1530.02, 1496.60, 1479.67, 1472.37, 1469.03, 1554.05, 1549.62,  7260.8, 167,  GPS,   11.5, 110.60, 116.50, 123.675, 121.500, -0.001,       ,  22.77, -57.4,    2.7,   11.5,  -14.1,      1,   GPS,    ALT,   0.0,   0.5,   3.9, 3DDiff, 3704,      ,     14,  22.0,     20
2018-08-27, 17:15:31,  -04:00,  MOGUL,   41.6781654,  -72.0064545,  7000.2, 30.02,  7361.5,  17.2, 144.62, 152.90,  -13.99,   0.57,   0.02,  -0.00,   0.00,   5.1,  11.5,  27.7,  28.8,   1.7,  27.72,  26.64,    16.25,  190.53,   52.53,  30.56, 2486.1,    0.75,  335.40,  366.37,  366.00,  347.23,  349.21,  348.90, 1468.47, 1530.96, 1497.55, 1478.58, 1471.66, 1469.31, 1554.18, 1550.06,  7260.9, 167,  GPS,   11.5, 110.60, 116.50, 123.675, 121.500, -0.001,       ,  22.77, -57.4,    2.7,   11.5,  -14.1,      1,   GPS,    ALT,   0.0,   0.5,   3.9, 3DDiff, 3704,      ,     14,  22.0,     20
2018-08-27, 17:15:32,  -04:00,  MOGUL,   41.6788750,  -72.0065002,  7000.2, 30.02,  7361.7,  17.2, 144.61, 152.94,  -18.79,   0.59,  -0.02,   0.00,  -0.00,   5.0,  11.5,  27.7,  28.8,   1.7,  27.71,  26.64,    16.27,  190.52,   52.64,  30.53, 2486.0,    0.75,  335.43,  366.38,  366.01,  347.25,  349.36,  348.91, 1468.07, 1531.34, 1496.92, 1478.14, 1470.49, 1468.98, 1554.18, 1549.83,  7261.1, 167,  GPS,   11.5, 110.60, 116.50, 123.675, 121.500, -0.001,       ,  22.77, -57.4,    2.6,   11.5,  -14.1,      1,   GPS,    ALT,   0.0,   0.6,   3.9, 3DDiff, 3704,      ,     14,  22.0,     20
2018-08-27, 17:15:33,  -04:00,  MOGUL,   41.6795807,  -72.0065384,  7000.2, 30.02,  7360.4,  17.2, 144.78, 152.96,  -11.86,   0.57,  -0.01,   0.01,  -0.00,   5.0,  11.5,  27.7,  28.8,   1.7,  27.70,  26.64,    16.36,  190.50,   52.42,  30.51, 2488.0,    0.76,  335.46,  366.38,  366.03,  347.26,  349.51,  348.91, 1468.99, 1530.61, 1495.94, 1476.74, 1469.49, 1467.44, 1553.00, 1548.95,  7259.7, 167,  GPS,   11.5, 110.60, 116.50, 123.675, 121.500, -0.001,       ,  22.77, -57.4,    2.6,   11.5,  -14.1,      1,   GPS,    ALT,   0.0,   0.6,   7.9, 3DDiff, 3704,      ,     14,  23.0,     20
2018-08-27, 17:15:34,  -04:00,  MOGUL,   41.6802864,  -72.0065842,  7000.2, 30.02,  7360.3,  17.2, 144.71, 152.98,  -22.94,   0.63,  -0.07,   0.00,   0.00,   5.0,  11.5,  27.7,  28.8,   1.7,  27.70,  26.63,    16.32,  190.50,   52.64,  30.51, 2487.0,    0.75,  335.49,  366.40,  366.03,  347.29,  349.67,  348.96, 1469.48, 1531.55, 1495.97, 1476.46, 1469.17, 1467.38, 1552.99, 1549.18,  7259.6, 167,  GPS,   11.5, 110.60, 116.50, 123.675, 121.500, -0.001,       ,  22.77, -57.4,    2.6,   11.5,  -14.1,      1,   GPS,    ALT,   0.0,   0.6,   7.9, 3DDiff, 3704,      ,     14,  22.0,     20
2018-08-27, 17:15:35,  -04:00,  MOGUL,   41.6809959,  -72.0066299,  7000.2, 30.02,  7361.1,  17.2, 144.78, 152.98,   -7.53,   0.65,  -0.03,  -0.00,   0.00,   5.0,  11.5,  27.7,  28.8,   1.7,  27.70,  26.62,    16.36,  190.50,   52.53,  30.53, 2485.2,    0.76,  335.51,  366.43,  366.05,  347.29,  349.83,  348.97, 1469.44, 1531.43, 1495.81, 1477.12, 1469.24, 1466.18, 1553.35, 1548.97,  7260.5, 167,  GPS,   11.5, 110.60, 116.50, 123.675, 121.500, -0.001,       ,  22.77, -57.4,    2.5,   11.5,  -14.1,      1,   GPS,    ALT,   0.0,   0.6,  11.8, 3DDiff, 3704,      ,     14,  21.5,     20
2018-08-27, 17:15:36,  -04:00,  MOGUL,   41.6817017,  -72.0066757,  7001.2, 30.02,  7361.3,  17.2, 144.78, 152.96,    1.83,   0.66,  -0.04,   0.01,  -0.00,   5.0,  11.5,  27.7,  28.8,   1.7,  27.71,  26.60,    16.41,  190.49,   52.43,  30.54, 2486.0,    0.76,  335.52,  366.42,  366.06,  347.31,  349.97,  349.00, 1469.94, 1531.23, 1496.04, 1477.24, 1469.72, 1466.02, 1553.38, 1549.24,  7260.7, 167,  GPS,   11.5, 110.60, 116.50, 123.675, 121.500, -0.001,       ,  22.77, -57.4,    2.5,   11.5,  -14.1,      1,   GPS,    ALT,   0.0,   0.6,  11.8, 3DDiff, 3704,      ,     14,  21.5,     20
2018-08-27, 17:15:37,  -04:00,  MOGUL,   41.6824074,  -72.0067139,  7001.2, 30.02,  7361.5,  17.2, 144.81, 152.96,   10.24,   0.63,   0.00,   0.00,  -0.00,   4.9,  11.5,  27.7,  28.8,   1.7,  27.71,  26.59,    16.42,  190.50,   52.60,  30.53, 2486.9,    0.76,  335.52,  366.44,  366.09,  347.32,  350.14,  349.03, 1469.50, 1531.38, 1496.13, 1477.42, 1469.96, 1466.46, 1553.95, 1549.13,  7260.9, 167,  GPS,   11.5, 110.60, 116.50, 123.675, 121.500, -0.001,       ,  22.77, -57.4,    2.4,   11.5,  -14.1,      1,   GPS,    ALT,   0.0,   0.6,  11.8, 3DDiff, 3704,      ,     14,  22.0,     20
2018-08-27, 17:15:38,  -04:00,  MOGUL,   41.6831169,  -72.0067596,  7001.2, 30.02,  7361.4,  17.2, 144.90, 152.96,    7.76,   0.59,  -0.01,  -0.00,  -0.00,   5.0,  11.5,  27.7,  28.8,   1.7,  27.72,  26.57,    16.36,  190.51,   52.42,  30.56, 2487.0,    0.76,  335.54,  366.46,  366.12,  347.32,  350.25,  349.08, 1470.34, 1530.77, 1495.62, 1477.12, 1470.47, 1467.61, 1553.28, 1550.03,  7260.8, 167,  GPS,   11.5, 110.60, 116.50, 123.675, 121.500, -0.001,       ,  22.77, -57.4,    2.4,   11.5,  -14.1,      1,   GPS,    ALT,   0.0,   0.6,   0.0, 3DDiff, 3704,      ,     14,  22.0,     20
2018-08-27, 17:15:39,  -04:00,  MOGUL,   41.6838264,  -72.0067978,  7002.2, 30.02,  7362.9,  17.2, 145.02, 152.98,    4.68,   0.62,  -0.04,   0.00,   0.00,   5.0,  11.5,  27.7,  28.8,   1.7,  27.73,  26.56,    16.31,  190.50,   52.41,  30.51, 2487.9,    0.75,  335.57,  366.46,  366.12,  347.35,  350.37,  349.12, 1470.31, 1530.90, 1495.23, 1476.72, 1470.29, 1468.01, 1552.37, 1549.64,  7262.2, 167,  GPS,   11.5, 110.60, 116.50, 123.675, 121.500, -0.001,       ,  22.78, -57.4,    2.4,   11.5,  -14.1,      1,   GPS,    ALT,   0.0,   0.6,  -3.9, 3DDiff, 3704,      ,     14,  22.5,     20
2018-08-27, 17:15:40,  -04:00,  MOGUL,   41.6845322,  -72.0068436,  7001.2, 30.02,  7363.3,  17.2, 144.99, 152.98,   -9.33,   0.60,  -0.09,   0.00,   0.00,   5.0,  11.5,  27.7,  28.8,   1.7,  27.73,  26.54,    16.32,  190.51,   52.27,  30.47, 2485.1,    0.75,  335.55,  366.49,  366.12,  347.36,  350.51,  349.14, 1470.41, 1530.61, 1494.78, 1476.09, 1469.59, 1467.20, 1551.44, 1548.93,  7262.7, 167,  GPS,   11.5, 110.60, 116.50, 123.675, 121.500, -0.000,       ,  22.79, -57.4,    2.3,   11.5,  -14.1,      1,   GPS,    ALT,   0.0,   0.6,  -3.9, 3DDiff, 3704,      ,     14,  21.5,     20
2018-08-27, 17:15:41,  -04:00,  MOGUL,   41.6852379,  -72.0068893,  7002.2, 30.02,  7362.0,  17.2, 145.18, 153.00,    9.88,   0.58,  -0.07,   0.00,   0.00,   4.9,  11.5,  27.7,  28.8,   1.7,  27.74,  26.53,    16.36,  190.50,   52.69,  30.53, 2489.8,    0.76,  335.58,  366.49,  366.13,  347.36,  350.58,  349.15, 1470.26, 1530.19, 1495.73, 1476.14, 1469.71, 1466.02, 1551.40, 1549.49,  7261.4, 168,  GPS,   11.5, 110.60, 116.50, 123.675, 121.500, -0.000,       ,  22.80, -57.5,    2.3,   11.5,  -14.1,      1,   GPS,    ALT,   0.0,   0.6,   0.0, 3DDiff, 3704,      ,     14,  21.5,     20
2018-08-27, 17:15:42,  -04:00,  MOGUL,   41.6859474,  -72.0069275,  7001.2, 30.02,  7362.0,  17.2, 145.07, 153.00,   -1.59,   0.56,   0.01,  -0.01,  -0.01,   4.9,  11.4,  27.7,  28.8,   1.7,  27.76,  26.51,    16.32,  190.51,   52.64,  30.58, 2486.9,    0.75,  335.61,  366.49,  366.13,  347.38,  350.70,  349.21, 1470.78, 1531.53, 1495.83, 1476.83, 1470.01, 1466.79, 1552.97, 1550.79,  7261.4, 168,  GPS,   11.5, 110.60, 116.50, 123.675, 121.500, -0.000,       ,  22.82, -57.5,    2.2,   11.5,  -14.1,      1,   GPS,    ALT,   0.0,   0.6,  -3.9, 3DDiff, 3704,      ,     14,  21.5,     20
2018-08-27, 17:15:43,  -04:00,  MOGUL,   41.6866531,  -72.0069733,  7001.2, 30.02,  7361.7,  17.2, 145.16, 153.02,  -19.86,   0.58,   0.01,   0.00,  -0.00,   4.9,  11.4,  27.7,  28.8,   1.7,  27.77,  26.49,    16.32,  190.52,   52.36,  30.58, 2486.0,    0.75,  335.61,  366.52,  366.16,  347.39,  350.74,  349.24, 1470.74, 1530.18, 1496.77, 1476.19, 1470.90, 1467.71, 1552.49, 1551.15,  7261.0, 168,  GPS,   11.5, 110.60, 116.50, 123.675, 121.500, -0.000,       ,  22.84, -57.5,    2.2,   11.5,  -14.1,      1,   GPS,    ALT,   0.0,   0.6, -19.7, 3DDiff, 3704,      ,     14,  22.0,     20
2018-08-27, 17:15:44,  -04:00,  MOGUL,   41.6873589,  -72.0070190,  7000.2, 30.02,  7361.6,  17.2, 145.20, 153.04,  -31.97,   0.64,   0.02,   0.00,   0.01,   4.9,  11.4,  27.7,  28.8,   1.7,  27.79,  26.47,    16.29,  190.53,   52.35,  30.52, 2487.0,    0.75,  335.61,  366.52,  366.19,  347.41,  350.80,  349.29, 1470.22, 1530.32, 1496.50, 1476.23, 1471.54, 1468.23, 1552.88, 1550.71,  7261.0, 168,  GPS,   11.5, 110.60, 116.50, 123.675, 121.500, -0.000,       ,  22.85, -57.5,    2.1,   11.5,  -14.1,      1,   GPS,    ALT,   0.1,   0.6, -11.8, 3DDiff, 3704,      ,     14,  22.0,     20
2018-08-27, 17:15:45,  -04:00,  MOGUL,   41.6880646,  -72.0070572,  7001.2, 30.02,  7360.1,  17.2, 145.19, 153.04,  -23.50,   0.67,   0.08,   0.00,   0.01,   4.9,  11.4,  27.7,  28.8,   1.7,  27.79,  26.45,    16.27,  190.54,   52.27,  30.52, 2484.7,    0.75,  335.62,  366.54,  366.21,  347.41,  350.84,  349.28, 1469.59, 1530.22, 1496.65, 1475.75, 1471.11, 1469.13, 1553.57, 1550.07,  7259.5, 168,  GPS,   11.5, 110.60, 116.50, 123.675, 121.500, -0.000,       ,  22.87, -57.4,    2.1,   11.5,  -14.1,      1,   GPS,    ALT,   0.1,   0.7,   0.0, 3DDiff, 3704,      ,     14,  22.5,     20
2018-08-27, 17:15:46,  -04:00,  MOGUL,   41.6887779,  -72.0071030,  7000.2, 30.02,  7359.6,  17.2, 145.07, 153.04,  -13.71,   0.64,   0.08,  -0.00,  -0.01,   4.9,  11.4,  27.7,  28.8,   1.7,  27.80,  26.44,    16.28,  190.55,   52.46,  30.53, 2486.2,    0.75,  335.64,  366.52,  366.22,  347.44,  350.89,  349.29, 1469.25, 1530.19, 1495.70, 1476.84, 1472.10, 1469.64, 1553.65, 1549.83,  7259.0, 168,  GPS,   11.5, 110.60, 116.50, 123.675, 121.500, -0.000,       ,  22.89, -57.4,    2.1,   11.5,  -14.1,      1,   GPS,    ALT,   0.1,   0.6,   7.9, 3DDiff, 3704,      ,     14,  21.5,     20
2018-08-27, 17:15:47,  -04:00,  MOGUL,   41.6894913,  -72.0071564,  7001.2, 30.02,  7361.1,  17.2, 145.21, 153.04,   -4.94,   0.62,   0.10,   0.00,   0.00,   4.9,  11.4,  27.7,  28.8,   1.7,  27.80,  26.43,    16.37,  190.56,   52.27,  30.55, 2486.3,    0.76,  335.64,  366.55,  366.22,  347.44,  350.93,  349.30, 1467.99, 1530.28, 1495.75, 1476.17, 1472.44, 1470.55, 1553.70, 1549.59,  7260.4, 168,  GPS,   11.5, 110.60, 116.50, 123.675, 121.500, -0.000,       ,  22.91, -57.4,    2.0,   11.5,  -14.1,      1,   GPS,    ALT,   0.1,   0.6,   7.9, 3DDiff, 3704,      ,     14,  21.5,     20
2018-08-27, 17:15:48,  -04:00,  MOGUL,   41.6901932,  -72.0071945,  7001.2, 30.02,  7361.3,  17.2, 145.26, 153.04,    0.11,   0.60,  -0.07,   0.01,   0.00,   5.0,  11.4,  27.7,  28.8,   1.7,  27.81,  26.43,    16.38,  190.56,   52.32,  30.52, 2483.6,    0.76,  335.64,  366.53,  366.22,  347.44,  350.95,  349.30, 1467.65, 1529.83, 1495.82, 1476.53, 1472.08, 1470.72, 1553.50, 1549.85,  7260.6, 168,  GPS,   11.5, 110.60, 116.50, 123.675, 121.500, -0.000,       ,  22.93, -57.4,    2.0,   11.5,  -14.1,      1,   GPS,    ALT,   0.1,   0.6,  11.8, 3DDiff, 3704,      ,     14,  21.5,     20
2018-08-27, 17:15:49,  -04:00,  MOGUL,   41.6909027,  -72.0072327,  7002.2, 30.02,  7361.3,  17.2, 145.18, 153.04,   10.52,   0.60,   0.01,  -0.00,  -0.01,   5.0,  11.4,  27.7,  28.8,   1.7,  27.81,  26.42,    16.38,  190.55,   52.22,  30.52, 2486.2,    0.76,  335.63,  366.55,  366.21,  347.44,  350.95,  349.30, 1467.06, 1529.07, 1496.32, 1475.99, 1471.79, 1469.82, 1552.58, 1549.16,  7260.7, 168,  GPS,   11.5, 110.60, 116.50, 123.675, 121.500, -0.000,       ,  22.94, -57.4,    1.9,   11.5,  -14.1,      1,   GPS,    ALT,   0.1,   0.6,   3.9, 3DDiff, 3704,      ,     14,  22.0,     20
2018-08-27, 17:15:50,  -04:00,  MOGUL,   41.6916122,  -72.0072861,  7000.2, 30.02,  7361.3,  17.2, 145.11, 153.06,   -4.28,   0.55,   0.04,   0.00,  -0.01,   4.9,  11.5,  27.7,  28.8,   1.7,  27.80,  26.43,    16.31,  190.53,   52.48,  30.53, 2486.8,    0.75,  335.67,  366.56,  366.19,  347.45,  350.97,  349.30, 1466.94, 1528.75, 1496.47, 1476.54, 1472.43, 1470.07, 1552.61, 1549.58,  7260.6, 168,  GPS,   11.5, 110.60, 116.50, 123.675, 121.500,  0.000,       ,  22.96, -57.4,    1.9,   11.5,  -14.1,      1,   GPS,    ALT,   0.1,   0.6,   0.0, 3DDiff, 3704,      ,     14,  22.0,     20
2018-08-27, 17:15:51,  -04:00,  MOGUL,   41.6923180,  -72.0073318,  7000.2, 30.02,  7362.6,  17.2, 145.27, 153.06,  -27.18,   0.62,   0.07,   0.01,   0.01,   5.0,  11.5,  27.7,  28.8,   1.7,  27.78,  26.42,    16.35,  190.52,   52.34,  30.56, 2486.0,    0.75,  335.66,  366.55,  366.18,  347.45,  350.98,  349.31, 1466.34, 1529.74, 1496.75, 1477.60, 1472.35, 1471.10, 1554.30, 1549.19,  7262.0, 168,  GPS,   11.5, 110.60, 116.50, 123.675, 121.500,  0.000,       ,  22.98, -57.4,    1.8,   11.5,  -14.1,      1,   GPS,    ALT,   0.1,   0.6, -11.8, 3DDiff, 3704,      ,     14,  22.5,     20
2018-08-27, 17:15:52,  -04:00,  MOGUL,   41.6930275,  -72.0073700,  7001.2, 30.02,  7363.7,  17.2, 145.16, 153.08,  -24.01,   0.66,  -0.05,  -0.00,  -0.00,   4.9,  11.5,  27.7,  28.8,   1.7,  27.78,  26.43,    16.30,  190.51,   52.30,  30.59, 2485.9,    0.75,  335.67,  366.53,  366.15,  347.44,  350.98,  349.30, 1467.46, 1530.42, 1496.58, 1476.23, 1472.78, 1471.63, 1554.53, 1549.96,  7263.0, 168,  GPS,   11.5, 110.60, 116.50, 123.675, 121.500,  0.000,       ,  23.00, -57.3,    1.8,   11.5,  -14.1,      1,   GPS,    ALT,   0.1,   0.6,   3.9, 3DDiff, 3704,      ,     14,  21.5,     20
2018-08-27, 17:15:53,  -04:00,  MOGUL,   41.6937332,  -72.0074158,  7002.2, 30.02,  7363.1,  17.2, 145.26, 153.06,   10.69,   0.62,   0.04,  -0.01,  -0.01,   4.9,  11.5,  27.7,  28.8,   1.7,  27.77,  26.42,    16.30,  190.49,   52.37,  30.54, 2486.8,    0.75,  335.65,  366.56,  366.13,  347.47,  350.98,  349.30, 1466.78, 1530.29, 1496.55, 1476.57, 1472.74, 1469.97, 1554.00, 1549.59,  7262.4, 168,  GPS,   11.5, 110.60, 116.50, 123.675, 121.500,  0.000,       ,  23.02, -57.3,    1.8,   11.5,  -14.1,      1,   GPS,    ALT,   0.1,   0.6,  15.7, 3DDiff, 3704,      ,     14,  21.5,     20
2018-08-27, 17:15:54,  -04:00,  MOGUL,   41.6944389,  -72.0074539,  7002.2, 30.02,  7363.2,  17.2, 145.25, 153.08,   11.58,   0.55,  -0.01,   0.00,  -0.01,   4.9,  11.5,  27.7,  28.8,   1.7,  27.77,  26.41,    16.34,  190.50,   52.22,  30.52, 2485.5,    0.75,  335.66,  366.58,  366.10,  347.47,  350.95,  349.31, 1467.22, 1530.20, 1495.93, 1475.02, 1472.94, 1469.70, 1552.96, 1549.71,  7262.6, 168,  GPS,   11.5, 110.60, 116.50, 123.675, 121.500,  0.000,       ,  23.04, -57.3,    1.7,   11.5,  -14.1,      1,   GPS,    ALT,   0.0,   0.6,   7.9, 3DDiff, 3704,      ,     14,  21.5,     20
2018-08-27, 17:15:55,  -04:00,  MOGUL,   41.6951485,  -72.0074997,  7000.2, 30.02,  7363.1,  17.2, 145.22, 153.08,  -14.21,   0.55,   0.00,   0.00,   0.00,   4.9,  11.5,  27.7,  28.8,   1.7,  27.77,  26.40,    16.39,  190.47,   52.29,  30.54, 2487.0,    0.76,  335.66,  366.61,  366.06,  347.47,  350.95,  349.30, 1467.42, 1529.55, 1496.62, 1475.49, 1473.01, 1469.78, 1552.89, 1550.63,  7262.5, 168,  GPS,   11.5, 110.60, 116.50, 123.675, 121.500,  0.000,       ,  23.06, -57.3,    1.7,   11.6,  -14.1,      1,   GPS,    ALT,   0.0,   0.6, -11.8, 3DDiff, 3704,      ,     14,  22.0,     20
2018-08-27, 17:15:56,  -04:00,  MOGUL,   41.6958580,  -72.0075455,  7001.2, 30.02,  7363.1,  17.2, 145.24, 153.12,  -24.33,   0.59,   0.03,   0.00,   0.00,   4.9,  11.5,  27.7,  28.8,   1.7,  27.78,  26.40,    16.28,  190.50,   52.37,  30.53, 2485.2,    0.75,  335.67,  366.61,  366.03,  347.47,  350.93,  349.31, 1466.18, 1528.96, 1496.65, 1476.32, 1475.02, 1470.80, 1552.95, 1550.12,  7262.4, 168,  GPS,   11.5, 110.60, 116.50, 123.675, 121.500,  0.000,       ,  23.08, -57.2,    1.6,   11.6,  -14.1,      1,   GPS,    ALT,   0.0,   0.6, -11.8, 3DDiff, 3704,      ,     14,  22.5,     20
2018-08-27, 17:15:57,  -04:00,  MOGUL,   41.6965637,  -72.0075836,  7001.2, 30.02,  7361.7,  17.2, 145.22, 153.10,   -6.49,   0.56,  -0.01,   0.01,  -0.00,   4.9,  11.5,  27.7,  28.8,   1.7,  27.79,  26.39,    16.29,  190.51,   52.22,  30.55, 2487.6,    0.75,  335.68,  366.64,  366.00,  347.49,  350.89,  349.31, 1466.86, 1529.69, 1496.91, 1476.76, 1474.10, 1471.68, 1553.54, 1549.79,  7261.1, 168,  GPS,   11.5, 110.60, 116.50, 123.675, 121.500,  0.000,       ,  23.10, -57.2,    1.6,   11.6,  -14.1,      1,   GPS,    ALT,   0.0,   0.6,   3.9, 3DDiff, 3704,      ,     14,  23.0,     20
2018-08-27, 17:15:58,  -04:00,  MOGUL,   41.6972733,  -72.0076218,  7001.2, 30.02,  7360.9,  17.2, 145.24, 153.12,   -4.17,   0.53,   0.02,  -0.00,  -0.01,   4.9,  11.5,  27.7,  28.8,   1.7,  27.80,  26.37,    16.34,  190.52,   52.38,  30.52, 2486.3,    0.75,  335.67,  366.64,  365.97,  347.49,  350.86,  349.30, 1467.25, 1529.32, 1496.58, 1477.70, 1474.02, 1471.93, 1553.65, 1549.70,  7260.2, 168,  GPS,   11.5, 110.60, 116.50, 123.675, 121.500,  0.000,       ,  23.12, -57.2,    1.5,   11.6,  -14.1,      1,   GPS,    ALT,   0.0,   0.6,   0.0, 3DDiff, 3704,      ,     14,  22.5,     20
2018-08-27, 17:15:59,  -04:00,  MOGUL,   41.6979828,  -72.0076828,  7000.2, 30.02,  7360.9,  17.2, 145.08, 153.14,  -28.80,   0.55,  -0.01,  -0.00,  -0.00,   4.9,  11.5,  27.7,  28.8,   1.7,  27.80,  26.36,    16.30,  190.53,   52.49,  30.52, 2485.2,    0.75,  335.67,  366.65,  365.92,  347.47,  350.83,  349.28, 1466.92, 1529.79, 1496.03, 1477.11, 1472.74, 1471.65, 1553.48, 1549.07,  7260.3, 168,  GPS,   11.5, 110.60, 116.50, 123.675, 121.500,  0.001,       ,  23.14, -57.2,    1.5,   11.6,  -14.1,      1,   GPS,    ALT,   0.0,   0.5,  -7.9, 3DDiff, 3704,      ,     14,  21.5,     20
2018-08-27, 17:16:00,  -04:00,  MOGUL,   41.6986885,  -72.0077209,  7001.2, 30.02,  7360.9,  17.2, 145.32, 153.14,  -18.35,   0.58,  -0.02,   0.00,  -0.00,   4.9,  11.5,  27.7,  28.8,   1.7,  27.81,  26.34,    16.31,  190.53,   52.31,  30.49, 2487.5,    0.75,  335.67,  366.62,  365.91,  347.49,  350.80,  349.27, 1467.00, 1528.64, 1496.04, 1476.06, 1472.54, 1471.65, 1552.35, 1549.43,  7260.3, 168,  GPS,   11.5, 110.60, 116.50, 123.675, 121.500,  0.000,       ,  23.17, -57.2,    1.5,   11.6,  -14.1,      1,   GPS,    ALT,   0.1,   0.6,   0.0, 3DDiff, 3704,      ,     14,  22.0,     20
2018-08-27, 17:16:01,  -04:00,  MOGUL,   41.6993980,  -72.0077591,  7002.2, 30.02,  7361.0,  17.2, 145.42, 153.16,   15.06,   0.56,   0.05,   0.00,  -0.01,   4.9,  11.5,  27.7,  28.8,   1.7,  27.82,  26.33,    16.42,  190.54,   52.37,  30.52, 2488.2,    0.76,  335.67,  366.67,  365.91,  347.50,  350.77,  349.27, 1466.70, 1528.78, 1496.79, 1476.63, 1473.07, 1471.79, 1553.38, 1550.22,  7260.4, 168,  GPS,   11.5, 110.60, 116.50, 123.675, 121.500,  0.000,       ,  23.19, -57.2,    1.4,   11.6,  -14.1,      1,   GPS,    ALT,   0.1,   0.6,  11.8, 3DDiff, 3704,      ,     14,  22.0,     20
2018-08-27, 17:16:02,  -04:00,  MOGUL,   41.7001038,  -72.0078125,  7001.2, 30.02,  7360.8,  17.2, 145.28, 153.16,   -2.60,   0.53,   0.01,  -0.01,  -0.00,   4.9,  11.5,  27.7,  28.8,   1.7,  27.83,  26.31,    16.39,  190.55,   52.22,  30.53, 2486.7,    0.76,  335.67,  366.68,  365.89,  347.47,  350.72,  349.25, 1466.94, 1529.15, 1497.28, 1477.48, 1474.13, 1471.33, 1553.47, 1551.07,  7260.2, 168,  GPS,   11.5, 110.60, 116.50, 123.675, 121.500,  0.001,       ,  23.21, -57.2,    1.4,   11.6,  -14.1,      1,   GPS,    ALT,   0.1,   0.5,   0.0, 3DDiff, 3704,      ,     14,  22.5,     20
2018-08-27, 17:16:03,  -04:00,  MOGUL,   41.7008171,  -72.0078506,  7000.2, 30.02,  7362.1,  17.2, 145.22, 153.19,  -25.46,   0.55,   0.04,   0.00,   0.00,   5.0,  11.5,  27.7,  28.8,   1.7,  27.84,  26.31,    16.39,  190.55,   52.36,  30.51, 2486.4,    0.76,  335.69,  366.68,  365.85,  347.49,  350.68,  349.27, 1467.21, 1528.91, 1497.39, 1477.09, 1474.59, 1471.53, 1553.22, 1551.02,  7261.5, 168,  GPS,   11.5, 110.60, 116.50, 123.675, 121.500,  0.001,       ,  23.23, -57.2,    1.3,   11.6,  -14.1,      1,   GPS,    ALT,   0.1,   0.5,  -7.9, 3DDiff, 3704,      ,     14,  23.0,     20
2018-08-27, 17:16:04,  -04:00,  MOGUL,   41.7015228,  -72.0078964,  7000.2, 30.02,  7363.1,  17.2, 145.20, 153.21,  -33.64,   0.60,   0.04,  -0.00,   0.00,   5.0,  11.5,  27.7,  28.8,   1.7,  27.84,  26.30,    16.31,  190.55,   52.48,  30.53, 2486.3,    0.75,  335.68,  366.68,  365.85,  347.50,  350.65,  349.27, 1467.63, 1527.92, 1498.41, 1477.06, 1474.44, 1471.58, 1552.76, 1551.65,  7262.5, 168,  GPS,   11.5, 110.60, 116.50, 123.675, 121.500,  0.001,       ,  23.25, -57.2,    1.3,   11.6,  -14.1,      1,   GPS,    ALT,   0.1,   0.6,   3.9, 3DDiff, 3704,      ,     14,  22.0,     20
2018-08-27, 17:16:05,  -04:00,  MOGUL,   41.7022285,  -72.0079346,  7001.2, 30.02,  7362.8,  17.2, 145.23, 153.19,   -8.11,   0.55,   0.04,   0.00,  -0.01,   5.0,  11.5,  27.7,  28.8,   1.7,  27.84,  26.29,    16.36,  190.53,   52.47,  30.52, 2487.9,    0.76,  335.67,  366.68,  365.85,  347.48,  350.62,  349.27, 1467.10, 1527.40, 1497.14, 1476.94, 1473.73, 1471.46, 1552.67, 1550.12,  7262.2, 168,  GPS,   11.5, 110.60, 116.50, 123.675, 121.500,  0.001,       ,  23.27, -57.2,    1.2,   11.6,  -14.1,      1,   GPS,    ALT,   0.1,   0.6,  15.7, 3DDiff, 3704,      ,     14,  21.5,     20
2018-08-27, 17:16:06,  -04:00,  MOGUL,   41.7029419,  -72.0079803,  7001.2, 30.02,  7363.0,  17.2, 145.12, 153.21,   -0.85,   0.53,   0.02,   0.00,   0.00,   5.0,  11.5,  27.7,  28.8,   1.7,  27.83,  26.29,    16.33,  190.53,   52.43,  30.50, 2486.7,    0.75,  335.67,  366.70,  365.83,  347.47,  350.57,  349.29, 1467.15, 1528.43, 1497.44, 1475.89, 1473.67, 1471.06, 1552.61, 1550.48,  7262.4, 168,  GPS,   11.5, 110.60, 116.50, 123.675, 121.500,  0.001,       ,  23.28, -57.2,    1.2,   11.6,  -14.1,      1,   GPS,    ALT,   0.1,   0.5,  11.8, 3DDiff, 3704,      ,     14,  22.0,     20
2018-08-27, 17:16:07,  -04:00,  MOGUL,   41.7036476,  -72.0080185,  7001.2, 30.02,  7363.2,  17.2, 145.17, 153.23,    8.73,   0.49,   0.04,  -0.00,  -0.00,   5.0,  11.5,  27.7,  28.8,   1.7,  27.84,  26.28,    16.36,  190.53,   52.41,  30.53, 2486.1,    0.76,  335.67,  366.71,  365.82,  347.48,  350.53,  349.27, 1467.99, 1528.91, 1497.19, 1476.45, 1473.81, 1471.18, 1553.19, 1550.73,  7262.6, 168,  GPS,   11.5, 110.60, 116.50, 123.675, 121.500,  0.001,       ,  23.29, -57.2,    1.2,   11.6,  -14.1,      1,   GPS,    ALT,   0.1,   0.5,   7.9, 3DDiff, 3704,      ,     14,  22.5,     20
2018-08-27, 17:16:08,  -04:00,  MOGUL,   41.7043610,  -72.0080643,  7001.2, 30.02,  7363.3,  17.2, 145.22, 153.25,   12.70,   0.49,   0.05,  -0.00,   0.00,   5.0,  11.5,  27.7,  28.8,   1.7,  27.84,  26.27,    16.32,  190.50,   52.45,  30.53, 2486.0,    0.75,  335.69,  366.71,  365.84,  347.47,  350.49,  349.28, 1468.46, 1528.37, 1498.26, 1477.04, 1474.71, 1470.99, 1552.48, 1552.01,  7262.7, 168,  GPS,   11.5, 110.60, 116.50, 123.675, 121.500,  0.001,       ,  23.30, -57.2,    1.1,   11.6,  -14.1,      1,   GPS,    ALT,   0.1,   0.5,   0.0, 3DDiff, 3704,      ,     14,  22.5,     20
2018-08-27, 17:16:09,  -04:00,  MOGUL,   41.7050667,  -72.0081024,  7001.2, 30.02,  7361.9,  17.2, 145.18, 153.31,   -7.70,   0.52,  -0.02,   0.00,   0.01,   5.0,  11.5,  27.7,  28.8,   1.7,  27.85,  26.26,    16.36,  190.51,   52.48,  30.54, 2487.2,    0.76,  335.66,  366.73,  365.85,  347.49,  350.44,  349.27, 1469.36, 1527.86, 1498.55, 1477.22, 1474.08, 1471.60, 1552.98, 1551.73,  7261.2, 168,  GPS,   11.5, 110.60, 116.50, 119.000, 121.500,  0.001,       ,  23.31, -57.2,    1.1,   11.6,  -14.1,      1,   GPS,    ALT,   0.1,   0.5,   3.9, 3DDiff, 3704,      ,     14,  23.0,     20
2018-08-27, 17:16:10,  -04:00,  MOGUL,   41.7057762,  -72.0081482,  7001.2, 30.02,  7361.3,  17.2, 145.28, 153.33,   -0.08,   0.49,  -0.01,  -0.00,  -0.00,   5.1,  11.5,  27.7,  28.8,   1.7,  27.85,  26.25,    16.32,  190.52,   52.55,  30.51, 2485.0,    0.75,  335.67,  366.74,  365.86,  347.50,  350.41,  349.27, 1469.15, 1528.01, 1497.39, 1477.04, 1473.63, 1470.95, 1552.77, 1550.55,  7260.7, 168,  GPS,   11.5, 110.60, 116.50, 119.000, 121.500,  0.001,       ,  23.31, -57.2,    1.0,   11.6,  -14.1,      1,   GPS,    ALT,   0.1,   0.5,   7.9, 3DDiff, 3704,      ,     14,  22.0,     20
2018-08-27, 17:16:11,  -04:00,  MOGUL,   41.7064896,  -72.0081863,  7001.2, 30.02,  7362.4,  17.2, 145.28, 153.35,   -7.00,   0.46,   0.02,  -0.00,  -0.01,   5.1,  11.6,  27.7,  28.8,   1.7,  27.85,  26.24,    16.31,  190.50,   52.80,  30.52, 2488.5,    0.75,  335.69,  366.74,  365.88,  347.48,  350.37,  349.27, 1468.72, 1528.69, 1496.32, 1477.14, 1473.45, 1470.39, 1553.20, 1549.53,  7261.7, 168,  GPS,   11.5, 110.60, 116.50, 119.000, 121.500,  0.001,       ,  23.31, -57.2,    1.0,   11.6,  -14.1,      1,   GPS,    ALT,   0.1,   0.5,   3.9, 3DDiff, 3704,      ,     14,  22.0,     20
2018-08-27, 17:16:12,  -04:00,  MOGUL,   41.7071953,  -72.0082321,  7002.2, 30.02,  7362.4,  17.2, 145.36, 153.39,    4.12,   0.47,   0.04,   0.00,  -0.00,   5.1,  11.6,  27.7,  28.8,   1.7,  27.86,  26.24,    16.40,  190.53,   52.45,  30.52, 2487.7,    0.76,  335.67,  366.74,  365.91,  347.50,  350.32,  349.27, 1469.45, 1528.71, 1496.92, 1477.67, 1473.47, 1470.37, 1553.09, 1550.27,  7261.8, 168,  GPS,   11.5, 110.60, 116.50, 119.000, 121.500,  0.001,       ,  23.31, -57.2,    0.9,   11.6,  -14.1,      1,   GPS,    ALT,   0.0,   0.5,   3.9, 3DDiff, 3704,      ,     14,  22.0,     20
2018-08-27, 17:16:13,  -04:00,  MOGUL,   41.7079048,  -72.0082779,  7001.2, 30.02,  7362.6,  17.2, 145.35, 153.43,  -13.30,   0.46,   0.05,   0.00,   0.00,   5.1,  11.6,  27.7,  28.8,   1.7,  27.86,  26.23,    16.34,  190.53,   52.60,  30.48, 2486.4,    0.75,  335.67,  366.74,  365.93,  347.51,  350.28,  349.27, 1469.06, 1527.47, 1496.98, 1477.56, 1472.93, 1470.32, 1552.19, 1549.91,  7261.9, 168,  GPS,   11.5, 110.60, 116.50, 119.000, 121.500,  0.001,       ,  23.31, -57.2,    0.9,   11.6,  -14.1,      1,   GPS,    ALT,   0.0,   0.5,   7.9, 3DDiff, 3704,      ,     14,  22.5,     20
2018-08-27, 17:16:14,  -04:00,  MOGUL,   41.7086143,  -72.0083160,  7000.2, 30.02,  7362.6,  17.2, 145.37, 153.45,  -23.23,   0.40,   0.05,  -0.00,  -0.01,   5.1,  11.6,  27.7,  28.8,   1.7,  27.86,  26.23,    16.37,  190.55,   52.27,  30.53, 2486.7,    0.76,  335.64,  366.74,  365.96,  347.50,  350.26,  349.27, 1469.30, 1529.05, 1497.60, 1477.41, 1474.12, 1470.84, 1553.17, 1551.26,  7261.9, 168,  GPS,   11.5, 110.60, 116.50, 119.000, 121.500,  0.001,       ,  23.30, -57.2,    0.9,   11.6,  -14.1,      1,   GPS,    ALT,   0.0,   0.5,   0.0, 3DDiff, 3704,      ,     14,  22.5,     20
2018-08-27, 17:16:15,  -04:00,  MOGUL,   41.7093277,  -72.0083542,  7001.2, 30.02,  7363.9,  17.2, 145.49, 153.51,  -12.20,   0.40,   0.04,   0.00,  -0.00,   5.1,  11.6,  27.7,  28.8,   1.7,  27.86,  26.22,    16.37,  190.56,   52.49,  30.52, 2485.8,    0.76,  335.65,  366.76,  365.95,  347.51,  350.17,  349.27, 1469.87, 1527.52, 1497.66, 1477.24, 1474.88, 1470.03, 1552.80, 1551.09,  7263.3, 168,  GPS,   11.5, 110.60, 116.50, 119.000, 121.500,  0.001,       ,  23.30, -57.2,    0.8,   11.6,  -14.1,      1,   GPS,    ALT,   0.0,   0.4,  -3.9, 3DDiff, 3704,      ,     14,  23.0,     20
2018-08-27, 17:16:16,  -04:00,  MOGUL,   41.7100372,  -72.0084000,  7001.2, 30.02,  7364.4,  17.2, 145.58, 153.54,    8.30,   0.46,   0.01,   0.01,   0.01,   5.1,  11.6,  27.7,  28.8,   1.7,  27.84,  26.23,    16.38,  190.58,   52.37,  30.48, 2487.5,    0.76,  335.66,  366.74,  365.99,  347.53,  350.14,  349.29, 1469.15, 1527.46, 1498.16, 1477.12, 1474.12, 1470.46, 1552.49, 1550.92,  7263.8, 168,  GPS,   11.5, 110.60, 116.50, 119.000, 121.500,  0.001,       ,  23.29, -57.2,    0.8,   11.6,  -14.1,      1,   GPS,    ALT,   0.0,   0.4,  -3.9, 3DDiff, 3704,      ,     14,  22.0,     20
2018-08-27, 17:16:17,  -04:00,  MOGUL,   41.7107468,  -72.0084381,  7002.2, 30.02,  7363.7,  17.2, 145.60, 153.56,    3.95,   0.51,  -0.07,   0.00,   0.00,   5.1,  11.7,  27.7,  28.8,   1.7,  27.83,  26.23,    16.40,  190.56,   52.58,  30.49, 2486.1,    0.76,  335.65,  366.74,  366.02,  347.53,  350.08,  349.30, 1469.07, 1527.81, 1498.80, 1476.93, 1474.05, 1471.26, 1552.77, 1550.84,  7263.1, 168,  GPS,   11.5, 110.60, 116.50, 119.000, 121.500,  0.001,       ,  23.28, -57.2,    0.7,   11.6,  -14.1,      1,   GPS,    ALT,   0.0,   0.4,  11.8, 3DDiff, 3704,      ,     14,  22.0,     20
2018-08-27, 17:16:18,  -04:00,  MOGUL,   41.7114563,  -72.0084763,  7001.2, 30.02,  7364.2,  17.2, 145.62, 153.58,   -0.36,   0.44,  -0.12,   0.00,  -0.01,   5.0,  11.7,  27.7,  28.8,   1.7,  27.82,  26.23,    16.38,  190.56,   52.56,  30.58, 2484.6,    0.76,  335.64,  366.74,  366.03,  347.53,  350.06,  349.30, 1469.30, 1529.14, 1498.60, 1477.96, 1474.80, 1471.68, 1554.09, 1551.54,  7263.6, 168,  GPS,   11.5, 110.60, 116.50, 119.000, 121.500,  0.001,       ,  23.28, -57.2,    0.7,   11.7,  -14.1,      1,   GPS,    ALT,  -0.0,   0.4,  23.6, 3DDiff, 3704,      ,     14,  22.0,     20
2018-08-27, 17:16:19,  -04:00,  MOGUL,   41.7121658,  -72.0085220,  7001.2, 30.02,  7364.3,  17.2, 145.69, 153.60,   -9.26,   0.45,  -0.05,   0.00,  -0.01,   5.0,  11.7,  27.7,  28.8,   1.7,  27.82,  26.22,    16.40,  190.58,   52.42,  30.55, 2485.9,    0.76,  335.64,  366.75,  366.06,  347.54,  349.98,  349.31, 1469.48, 1529.28, 1498.02, 1477.59, 1475.17, 1470.93, 1553.73, 1551.53,  7263.7, 168,  GPS,   11.5, 110.60, 116.50, 119.000, 121.500,  0.001,       ,  23.28, -57.2,    0.6,   11.7,  -14.1,      1,   GPS,    ALT,  -0.0,   0.4,   7.9, 3DDiff, 3704,      ,     14,  22.5,     20
2018-08-27, 17:16:20,  -04:00,  MOGUL,   41.7128792,  -72.0085526,  7002.2, 30.02,  7364.5,  17.2, 145.78, 153.60,    9.33,   0.47,  -0.07,   0.00,   0.00,   5.0,  11.7,  27.7,  28.8,   1.7,  27.82,  26.21,    16.38,  190.59,   52.31,  30.51, 2486.3,    0.76,  335.64,  366.77,  366.09,  347.56,  349.95,  349.28, 1469.21, 1529.69, 1497.04, 1477.52, 1474.64, 1469.54, 1553.47, 1550.45,  7263.9, 168,  GPS,   11.5, 110.60, 116.50, 119.000, 121.500,  0.000,       ,  23.28, -57.2,    0.6,   11.6,  -14.1,      1,   GPS,    ALT,  -0.0,   0.5,   7.9, 3DDiff, 3704,      ,     14,  22.5,     20
2018-08-27, 17:16:21,  -04:00,  MOGUL,   41.7135849,  -72.0085983,  7010.4, 30.03,  7362.9,  17.2, 145.69, 153.60,   -7.66,   0.43,  -0.02,  -0.01,  -0.01,   5.0,  11.7,  27.7,  28.8,   1.7,  27.83,  26.20,    16.38,  190.57,   52.31,  30.51, 2483.2,    0.76,  335.64,  366.74,  366.12,  347.59,  349.91,  349.33, 1468.95, 1529.16, 1496.06, 1478.05, 1474.85, 1468.53, 1553.37, 1549.59,  7262.6, 168,  GPS,   11.5, 110.60, 116.50, 119.000, 121.500,  0.000,       ,  23.28, -57.2,    0.6,   11.6,  -14.1,      1,   GPS,    ALT,  -0.0,   0.5,   7.9, 3DDiff, 3704,      ,     14,  23.0,     20
2018-08-27, 17:16:22,  -04:00,  MOGUL,   41.7142982,  -72.0086365,  7010.4, 30.03,  7362.7,  17.2, 145.75, 153.64,   -7.51,   0.43,   0.00,   0.00,  -0.01,   5.0,  11.7,  27.7,  28.8,   1.7,  27.84,  26.19,    16.35,  190.58,   52.39,  30.49, 2485.7,    0.75,  335.66,  366.75,  366.15,  347.59,  349.86,  349.36, 1468.85, 1529.17, 1496.14, 1477.76, 1473.37, 1467.61, 1552.79, 1550.23,  7262.4, 168,  GPS,   11.5, 110.60, 116.50, 119.000, 121.500,  0.000,       ,  23.29, -57.2,    0.5,   11.6,  -14.1,      1,   GPS,    ALT,  -0.0,   0.4,   0.0, 3DDiff, 3704,      ,     14,  22.0,     20
2018-08-27, 17:16:23,  -04:00,  MOGUL,   41.7150116,  -72.0086746,  7010.4, 30.03,  7363.1,  17.2, 145.77, 153.64,  -21.08,   0.44,  -0.04,   0.01,   0.00,   5.0,  11.7,  27.7,  28.8,   1.7,  27.85,  26.18,    16.34,  190.59,   52.13,  30.49, 2484.8,    0.75,  335.65,  366.76,  366.19,  347.59,  349.82,  349.37, 1469.97, 1529.69, 1496.62, 1476.73, 1472.96, 1467.46, 1552.97, 1550.81,  7262.8, 168,  GPS,   11.5, 110.60, 116.50, 119.000, 121.500,  0.000,       ,  23.30, -57.2,    0.5,   11.6,  -14.1,      1,   GPS,    ALT,  -0.0,   0.4,  -3.9, 3DDiff, 3704,      ,     14,  22.0,     20
2018-08-27, 17:16:24,  -04:00,  MOGUL,   41.7157211,  -72.0087204,  7011.4, 30.03,  7362.9,  17.2, 145.89, 153.70,   -3.60,   0.35,  -0.10,  -0.00,  -0.01,   5.0,  11.7,  27.7,  28.8,   1.7,  27.85,  26.17,    16.31,  190.58,   52.12,  30.53, 2486.7,    0.75,  335.64,  366.77,  366.21,  347.61,  349.77,  349.36, 1470.82, 1529.36, 1496.83, 1476.74, 1472.78, 1467.92, 1552.52, 1551.02,  7262.6, 168,  GPS,   11.5, 110.60, 116.50, 119.000, 121.500,  0.000,       ,  23.31, -57.2,    0.4,   11.6,  -14.1,      1,   GPS,    ALT,  -0.0,   0.4,  -7.9, 3DDiff, 3704,      ,     14,  22.0,     20
2018-08-27, 17:16:25,  -04:00,  MOGUL,   41.7164345,  -72.0087585,  7011.4, 30.03,  7362.3,  17.5, 145.97, 153.80,   -6.19,   0.27,  -0.10,  -0.00,  -0.02,   5.0,  11.7,  27.7,  28.8,   1.7,  27.85,  26.16,    16.27,  190.62,   52.40,  30.52, 2484.0,    0.75,  335.64,  366.77,  366.25,  347.62,  349.70,  349.36, 1470.28, 1529.75, 1496.93, 1475.49, 1472.65, 1469.12, 1552.67, 1550.24,  7262.0, 169,  GPS,   11.5, 110.60, 116.50, 119.000, 121.500,  0.000,       ,  23.33, -57.2,    0.4,   11.7,  -14.1,      1,   GPS,    ALT,  -0.1,   0.3, -31.5, 3DDiff, 3704,      ,     14,  22.0,     20
2018-08-27, 17:16:26,  -04:00,  MOGUL,   41.7171440,  -72.0087967,  7011.4, 30.03,  7361.2,  17.5, 146.04, 153.80,   -5.14,   0.18,  -0.05,   0.00,  -0.02,   5.0,  11.7,  27.7,  28.8,   1.7,  27.85,  26.15,    16.24,  190.59,   52.39,  30.52, 2489.0,    0.75,  335.64,  366.77,  366.25,  347.65,  349.64,  349.39, 1469.07, 1529.20, 1497.38, 1476.27, 1473.66, 1469.08, 1552.10, 1550.95,  7260.9, 169,  GPS,   11.5, 110.60, 116.50, 119.000, 121.500,  0.000,       ,  23.34, -57.2,    0.4,   11.7,  -14.1,      1,   GPS,    ALT,  -0.1,   0.2, -55.1, 3DDiff, 3704,      ,     14,  22.5,     20
2018-08-27, 17:16:27,  -04:00,  MOGUL,   41.7178535,  -72.0088348,  7010.4, 30.03,  7360.9,  17.5, 146.14, 153.87,  -25.18,   0.19,  -0.02,   0.00,  -0.00,   5.0,  11.7,  27.7,  28.8,   1.7,  27.85,  26.14,    16.31,  190.60,   52.36,  30.55, 2487.6,    0.75,  335.64,  366.76,  366.28,  347.65,  349.58,  349.36, 1469.09, 1529.13, 1497.52, 1476.72, 1472.66, 1470.13, 1553.02, 1550.67,  7260.6, 169,  GPS,   11.5, 110.60, 116.50, 119.000, 121.500,  0.000,       ,  23.36, -57.2,    0.3,   11.6,  -14.1,      1,   GPS,    ALT,  -0.1,   0.2, -74.8, 3DDiff, 3704,      ,     14,  23.0,     20
2018-08-27, 17:16:28,  -04:00,  MOGUL,   41.7185669,  -72.0088730,  7008.4, 30.03,  7359.8,  17.5, 146.23, 153.97,  -55.49,   0.21,  -0.07,  -0.00,  -0.00,   5.0,  11.7,  27.7,  28.8,   1.7,  27.85,  26.13,    16.38,  190.58,   52.31,  30.53, 2484.9,    0.76,  335.61,  366.75,  366.28,  347.68,  349.55,  349.39, 1469.41, 1529.03, 1496.94, 1477.39, 1473.16, 1469.72, 1553.11, 1550.33,  7259.5, 169,  GPS,   11.5, 110.60, 116.50, 119.000, 121.500,  0.000,       ,  23.38, -57.2,    0.3,   11.6,  -14.1,      1,   GPS,    ALT,  -0.1,   0.2, -82.7, 3DDiff, 3704,      ,     14,  22.0,     20
2018-08-27, 17:16:29,  -04:00,  MOGUL,   41.7192802,  -72.0089111,  7007.4, 30.03,  7358.1,  17.5, 146.29, 154.07,  -65.34,   0.24,  -0.09,   0.00,  -0.00,   5.0,  11.7,  27.7,  28.8,   1.7,  27.84,  26.12,    16.37,  190.57,   52.28,  30.54, 2486.2,    0.76,  335.64,  366.77,  366.28,  347.68,  349.49,  349.37, 1470.05, 1529.63, 1497.18, 1477.62, 1474.13, 1468.79, 1553.64, 1550.51,  7257.7, 169,  GPS,   11.5, 110.60, 116.50, 119.000, 121.500, -0.000,       ,  23.41, -57.2,    0.2,   11.5,  -14.1,      1,   GPS,    ALT,  -0.1,   0.2, -82.7, 3DDiff, 3704,      ,     14,  22.0,     20
2018-08-27, 17:16:30,  -04:00,  MOGUL,   41.7199974,  -72.0089493,  7006.4, 30.03,  7356.9,  17.5, 146.36, 154.13,  -72.17,   0.25,  -0.11,   0.00,  -0.00,   5.0,  11.7,  27.7,  28.8,   1.7,  27.84,  26.11,    16.37,  190.56,   52.33,  30.55, 2486.7,    0.76,  335.64,  366.77,  366.28,  347.69,  349.45,  349.42, 1470.57, 1528.64, 1497.01, 1478.14, 1473.86, 1469.76, 1553.11, 1550.69,  7256.5, 169,  GPS,   11.5, 110.60, 116.50, 119.000, 121.500, -0.000,       ,  23.43, -57.2,    0.2,   11.5,  -14.1,      1,   GPS,    ALT,  -0.1,   0.2, -74.8, 3DDiff, 3704,      ,     14,  22.0,     20
2018-08-27, 17:16:31,  -04:00,  MOGUL,   41.7207069,  -72.0089951,  7005.4, 30.03,  7355.9,  17.2, 146.51, 154.22,  -59.22,   0.26,  -0.07,   0.00,   0.00,   5.0,  11.7,  27.7,  28.8,   1.7,  27.84,  26.11,    16.39,  190.55,   52.34,  30.53, 2487.5,    0.76,  335.63,  366.80,  366.30,  347.71,  349.37,  349.40, 1470.82, 1528.68, 1496.56, 1476.89, 1474.48, 1470.21, 1552.59, 1551.07,  7255.5, 169,  GPS,   11.5, 110.60, 116.50, 119.000, 121.500, -0.000,       ,  23.46, -57.3,    0.1,   11.5,  -14.1,      1,   GPS,    ALT,  -0.1,   0.3, -66.9, 3DDiff, 3704,      ,     14,  22.0,     20
2018-08-27, 17:16:32,  -04:00,  MOGUL,   41.7214203,  -72.0090256,  7003.4, 30.03,  7354.9,  17.5, 146.50, 154.28,  -89.66,   0.29,  -0.05,  -0.00,   0.01,   4.9,  11.8,  27.7,  28.8,   1.7,  27.83,  26.11,    16.40,  190.55,   52.25,  30.56, 2486.7,    0.76,  335.62,  366.77,  366.28,  347.72,  349.36,  349.42, 1470.24, 1528.78, 1496.95, 1476.89, 1475.66, 1470.45, 1552.35, 1551.45,  7254.6, 169,  GPS,   11.5, 110.60, 116.50, 119.000, 121.500, -0.000,       ,  23.49, -57.3,    0.1,   11.3,  -14.1,      1,   GPS,    ALT,  -0.1,   0.3, -66.9, 3DDiff, 3704,      ,     14,  22.5,     20
2018-08-27, 17:16:33,  -04:00,  MOGUL,   41.7221336,  -72.0090637,  7002.4, 30.03,  7353.4,  17.5, 146.59, 154.32,  -87.31,   0.36,  -0.08,   0.00,   0.00,   5.0,  11.8,  27.7,  28.8,   1.7,  27.82,  26.11,    16.37,  190.53,   52.13,  30.57, 2486.2,    0.76,  335.63,  366.80,  366.27,  347.74,  349.28,  349.40, 1469.40, 1528.99, 1497.45, 1476.10, 1474.91, 1470.83, 1552.45, 1550.84,  7253.1, 169,  GPS,   11.5, 110.60, 116.50, 119.000, 121.500, -0.000,       ,  23.52, -57.3,    0.1,   11.0,  -14.1,      1,   GPS,    ALT,  -0.1,   0.3, -51.2, 3DDiff, 3704,      ,     14,  23.0,     20
2018-08-27, 17:16:34,  -04:00,  MOGUL,   41.7228508,  -72.0091095,  7002.4, 30.03,  7352.5,  17.5, 146.66, 154.34,  -76.60,   0.42,  -0.13,   0.00,   0.01,   4.9,  11.8,  27.7,  28.8,   1.7,  27.81,  26.10,    16.31,  190.50,   52.07,  30.56, 2487.3,    0.75,  335.61,  366.80,  366.28,  347.75,  349.24,  349.41, 1469.73, 1529.21, 1496.97, 1476.67, 1475.16, 1470.85, 1552.48, 1551.65,  7252.2, 169,  GPS,   11.5, 110.60, 116.50, 119.000, 121.500, -0.000,       ,  23.55, -57.3,    0.0,    7.7,  -14.1,      1,   GPS,    ALT,  -0.1,   0.4, -31.5, 3DDiff, 3704,      ,     14,  22.0,     20
2018-08-27, 17:16:35,  -04:00,  BLATT,   41.7235603,  -72.0091476,  7001.4, 30.03,  7352.8,  17.5, 146.76, 154.36,  -54.01,   0.44,  -0.13,  -0.00,  -0.00,   4.9,  11.8,  27.7,  28.8,   1.7,  27.81,  26.10,    16.28,  190.50,   52.35,  30.57, 2488.0,    0.75,  335.61,  366.78,  366.26,  347.75,  349.18,  349.39, 1469.36, 1528.56, 1496.14, 1475.15, 1475.14, 1470.98, 1551.73, 1550.95,  7252.5, 169,  GPS,   11.5, 110.60, 116.50, 119.000, 121.500, -0.000,       ,  23.59, -57.3,    6.2,   11.5,  -14.1,      1,   GPS,    ALT,  -0.1,   0.4, -19.7, 3DDiff, 3704,      ,     14,  22.0,     20
2018-08-27, 17:16:36,  -04:00,  BLATT,   41.7242775,  -72.0091858,  7001.4, 30.03,  7352.7,  17.5, 146.68, 154.34,  -51.50,   0.47,  -0.15,  -0.00,   0.00,   4.9,  11.8,  27.7,  28.8,   1.7,  27.80,  26.10,    16.29,  190.51,   52.51,  30.55, 2486.9,    0.75,  335.61,  366.80,  366.25,  347.75,  349.15,  349.39, 1469.33, 1528.48, 1495.61, 1475.63, 1474.79, 1470.96, 1552.33, 1551.01,  7252.4, 169,  GPS,   11.5, 110.60, 116.50, 119.000, 121.500, -0.000,       ,  23.62, -57.3,    6.2,   11.5,  -14.1,      1,   GPS,    ALT,  -0.1,   0.4, -11.8, 3DDiff, 3704,      ,     14,  22.0,     20
2018-08-27, 17:16:37,  -04:00,  BLATT,   41.7249908,  -72.0092316,  7001.4, 30.03,  7352.6,  17.5, 146.71, 154.32,  -23.18,   0.51,  -0.14,   0.00,  -0.01,   4.9,  11.8,  27.7,  28.8,   1.7,  27.79,  26.10,    16.29,  190.50,   52.62,  30.57, 2487.5,    0.75,  335.60,  366.80,  366.22,  347.75,  349.13,  349.39, 1469.44, 1526.85, 1496.45, 1475.99, 1475.09, 1471.36, 1552.82, 1551.34,  7252.3, 169,  GPS,   11.5, 110.60, 116.50, 119.000, 121.500, -0.000,       ,  23.66, -57.3,    6.1,   11.5,  -14.1,      1,   GPS,    ALT,  -0.1,   0.5,  -7.9, 3DDiff, 3704,      ,     14,  22.0,     20
2018-08-27, 17:16:38,  -04:00,  BLATT,   41.7257004,  -72.0092621,  7001.4, 30.03,  7352.5,  17.5, 146.63, 154.30,  -10.05,   0.47,  -0.14,   0.00,  -0.00,   4.9,  11.8,  27.7,  28.8,   1.7,  27.78,  26.10,    16.27,  190.50,   52.28,  30.55, 2485.0,    0.75,  335.61,  366.80,  366.22,  347.78,  349.12,  349.37, 1469.86, 1527.66, 1496.28, 1477.73, 1475.07, 1471.27, 1553.72, 1550.51,  7252.2, 169,  GPS,   11.5, 110.60, 116.50, 119.000, 121.500, -0.001,       ,  23.71, -57.4,    6.1,   11.5,  -14.1,      1,   GPS,    ALT,  -0.1,   0.5,  -3.9, 3DDiff, 3704,      ,     14,  22.5,     20
2018-08-27, 17:16:39,  -04:00,  BLATT,   41.7264175,  -72.0093079,  7001.4, 30.03,  7352.7,  17.5, 146.61, 154.26,  -21.49,   0.54,  -0.14,  -0.00,   0.01,   4.9,  11.8,  27.7,  28.8,   1.7,  27.77,  26.09,    16.29,  190.52,   52.03,  30.53, 2487.8,    0.75,  335.58,  366.81,  366.20,  347.78,  349.14,  349.39, 1469.97, 1526.72, 1497.12, 1476.58, 1474.15, 1472.48, 1552.08, 1550.70,  7252.4, 169,  GPS,   11.5, 110.60, 116.50, 119.000, 121.500, -0.001,       ,  23.75, -57.4,    6.0,   11.5,  -14.1,      1,   GPS,    ALT,  -0.1,   0.5, -11.8, 3DDiff, 3704,      ,     14,  23.0,     20
2018-08-27, 17:16:40,  -04:00,  BLATT,   41.7271347,  -72.0093460,  7001.4, 30.03,  7352.9,  17.5, 146.50, 154.24,  -11.22,   0.52,  -0.15,   0.00,  -0.01,   4.9,  11.8,  27.7,  28.8,   1.7,  27.77,  26.08,    16.34,  190.51,   52.23,  30.56, 2487.6,    0.75,  335.58,  366.83,  366.19,  347.78,  349.18,  349.37, 1470.51, 1527.15, 1496.85, 1476.88, 1474.53, 1472.55, 1552.34, 1551.16,  7252.6, 169,  GPS,   11.5, 110.60, 116.50, 119.000, 121.500, -0.001,       ,  23.79, -57.4,    6.0,   11.5,  -14.1,      1,   GPS,    ALT,  -0.1,   0.5,  -7.9, 3DDiff, 3704,      ,     14,  22.0,     20
2018-08-27, 17:16:41,  -04:00,  BLATT,   41.7278442,  -72.0093842,  7002.4, 30.03,  7351.8,  17.5, 146.53, 154.22,    0.44,   0.54,  -0.16,   0.00,   0.00,   4.9,  11.8,  27.7,  28.8,   1.7,  27.77,  26.07,    16.30,  190.48,   52.21,  30.54, 2487.4,    0.75,  335.58,  366.83,  366.16,  347.81,  349.26,  349.39, 1469.77, 1526.94, 1496.86, 1476.58, 1475.02, 1471.72, 1551.84, 1550.45,  7251.5, 169,  GPS,   11.5, 110.60, 116.50, 119.000, 121.500, -0.001,       ,  23.83, -57.4,    6.0,   11.5,  -14.1,      1,   GPS,    ALT,  -0.1,   0.5,  -7.9, 3DDiff, 3704,      ,     14,  21.5,     20
2018-08-27, 17:16:42,  -04:00,  BLATT,   41.7285614,  -72.0094223,  7001.4, 30.03,  7351.5,  17.5, 146.41, 154.21,   -0.42,   0.53,  -0.18,   0.00,   0.00,   4.9,  11.8,  27.7,  28.8,   1.7,  27.77,  26.06,    16.29,  190.46,   52.27,  30.54, 2485.7,    0.75,  335.56,  366.83,  366.15,  347.81,  349.38,  349.37, 1470.46, 1526.78, 1496.99, 1475.34, 1475.80, 1470.99, 1551.38, 1551.36,  7251.2, 169,  GPS,   11.5, 110.60, 116.50, 119.000, 121.500, -0.001,       ,  23.88, -57.5,    5.9,   11.5,  -14.1,      1,   GPS,    ALT,  -0.1,   0.5,  -7.9, 3DDiff, 3704,      ,     14,  22.0,     20
2018-08-27, 17:16:43,  -04:00,  BLATT,   41.7292709,  -72.0094528,  6999.4, 30.03,  7351.2,  17.5, 146.24, 154.21,  -30.01,   0.54,  -0.19,  -0.00,  -0.00,   4.9,  11.7,  27.7,  28.8,   1.7,  27.78,  26.06,    16.35,  190.47,   52.36,  30.56, 2486.4,    0.76,  335.55,  366.81,  366.12,  347.81,  349.51,  349.40, 1470.56, 1527.60, 1496.68, 1476.52, 1475.40, 1471.51, 1552.72, 1551.59,  7250.9, 169,  GPS,   11.5, 110.60, 116.50, 119.000, 121.500, -0.001,       ,  23.92, -57.5,    5.9,   11.5,  -14.1,      1,   GPS,    ALT,  -0.1,   0.5, -15.7, 3DDiff, 3704,      ,     14,  22.0,     20
2018-08-27, 17:16:44,  -04:00,  BLATT,   41.7299881,  -72.0094986,  7000.4, 30.03,  7351.0,  17.5, 146.29, 154.19,  -24.41,   0.60,  -0.15,   0.00,   0.00,   5.0,  11.7,  27.7,  28.8,   1.7,  27.78,  26.05,    16.32,  190.48,   52.46,  30.51, 2486.6,    0.75,  335.55,  366.85,  366.09,  347.81,  349.66,  349.43, 1469.83, 1527.21, 1496.25, 1476.86, 1474.74, 1470.96, 1552.70, 1550.84,  7250.6, 169,  GPS,   11.5, 110.60, 116.50, 119.000, 121.500, -0.001,       ,  23.95, -57.5,    5.8,   11.5,  -14.1,      1,   GPS,    ALT,  -0.1,   0.6, -11.8, 3DDiff, 3704,      ,     14,  22.5,     20
2018-08-27, 17:16:45,  -04:00,  BLATT,   41.7306976,  -72.0095367,  7000.4, 30.03,  7351.3,  17.5, 146.18, 154.17,  -17.01,   0.65,  -0.10,   0.01,   0.01,   5.0,  11.7,  27.7,  28.8,   1.7,  27.77,  26.05,    16.28,  190.46,   52.47,  30.52, 2487.2,    0.75,  335.53,  366.81,  366.06,  347.79,  349.79,  349.43, 1469.46, 1528.42, 1496.18, 1476.87, 1474.94, 1469.89, 1553.53, 1550.79,  7250.9, 169,  GPS,   11.5, 110.60, 116.50, 119.000, 121.500, -0.001,       ,  23.99, -57.6,    5.8,   11.5,  -14.1,      1,   GPS,    ALT,  -0.1,   0.6,  -3.9, 3DDiff, 3704,      ,     14,  23.0,     20
2018-08-27, 17:16:46,  -04:00,  BLATT,   41.7314072,  -72.0095749,  7000.4, 30.03,  7351.1,  17.5, 146.17, 154.11,   -6.73,   0.62,  -0.07,  -0.00,  -0.01,   5.0,  11.7,  27.7,  28.8,   1.7,  27.77,  26.04,    16.31,  190.47,   52.48,  30.53, 2484.7,    0.75,  335.54,  366.83,  366.06,  347.81,  349.91,  349.45, 1469.02, 1527.90, 1495.51, 1477.16, 1473.77, 1470.18, 1552.72, 1549.81,  7250.8, 169,  GPS,   11.5, 110.60, 116.50, 119.000, 121.500, -0.001,       ,  24.01, -57.6,    5.7,   11.5,  -14.1,      1,   GPS,    ALT,  -0.1,   0.6,   0.0, 3DDiff, 3704,      ,     14,  22.0,     20
2018-08-27, 17:16:47,  -04:00,  BLATT,   41.7321243,  -72.0096130,  7000.4, 30.03,  7352.0,  17.5, 146.11, 154.05,   -8.75,   0.64,  -0.08,   0.00,  -0.01,   5.0,  11.7,  27.7,  28.8,   1.7,  27.76,  26.04,    16.32,  190.48,   52.40,  30.57, 2485.3,    0.75,  335.52,  366.84,  366.03,  347.81,  350.06,  349.46, 1469.54, 1527.37, 1495.76, 1475.99, 1473.82, 1470.43, 1551.79, 1550.53,  7251.6, 169,  GPS,   11.5, 110.60, 116.50, 119.000, 121.500, -0.001,       ,  24.04, -57.6,    5.7,   11.5,  -14.1,      1,   GPS,    ALT,  -0.1,   0.6,  -7.9, 3DDiff, 3704,      ,     14,  21.5,     20
2018-08-27, 17:16:48,  -04:00,  BLATT,   41.7328339,  -72.0096512,  7000.4, 30.03,  7352.0,  17.5, 146.01, 154.03,   -9.67,   0.64,  -0.13,   0.00,  -0.00,   5.0,  11.7,  27.7,  28.8,   1.7,  27.75,  26.05,    16.40,  190.49,   52.43,  30.54, 2485.5,    0.76,  335.50,  366.84,  366.03,  347.80,  350.19,  349.45, 1469.88, 1528.86, 1496.41, 1476.28, 1473.23, 1470.32, 1552.67, 1551.24,  7251.6, 169,  GPS,   11.5, 110.60, 116.50, 119.000, 121.500, -0.001,       ,  24.05, -57.6,    5.7,   11.5,  -14.1,      1,   GPS,    ALT,  -0.1,   0.6, -11.8, 3DDiff, 3704,      ,     14,  22.0,     20
2018-08-27, 17:16:49,  -04:00,  BLATT,   41.7335472,  -72.0096970,  7000.4, 30.03,  7352.0,  17.5, 145.99, 153.99,  -15.67,   0.69,  -0.18,  -0.00,   0.01,   5.0,  11.7,  27.7,  28.8,   1.7,  27.74,  26.05,    16.37,  190.51,   52.56,  30.53, 2485.7,    0.76,  335.49,  366.83,  365.97,  347.80,  350.27,  349.45, 1469.18, 1529.17, 1496.71, 1475.75, 1472.59, 1469.03, 1552.27, 1550.06,  7251.6, 169,  GPS,   11.5, 110.60, 116.50, 119.000, 121.500, -0.001,       ,  24.07, -57.7,    5.6,   11.5,  -14.1,      1,   GPS,    ALT,  -0.1,   0.7, -11.8, 3DDiff, 3704,      ,     14,  22.0,     20
2018-08-27, 17:16:50,  -04:00,  BLATT,   41.7342644,  -72.0097351,  6999.4, 30.03,  7352.1,  17.5, 145.95, 153.93,  -17.95,   0.70,  -0.13,  -0.01,  -0.00,   5.0,  11.7,  27.7,  28.8,   1.7,  27.73,  26.05,    16.41,  190.51,   52.51,  30.55, 2487.1,    0.76,  335.49,  366.81,  365.97,  347.81,  350.36,  349.46, 1469.64, 1529.37, 1496.90, 1475.68, 1472.66, 1469.14, 1552.46, 1551.27,  7251.8, 169,  GPS,   11.5, 110.60, 116.50, 119.000, 121.500, -0.001,       ,  24.08, -57.7,    5.6,   11.5,  -14.1,      1,   GPS,    ALT,  -0.1,   0.7,   0.0, 3DDiff, 3704,      ,     14,  22.0,     20
2018-08-27, 17:16:51,  -04:00,  BLATT,   41.7349739,  -72.0097733,  7000.4, 30.03,  7351.9,  17.5, 145.96, 153.89,  -10.11,   0.71,  -0.15,  -0.00,  -0.01,   5.0,  11.7,  27.7,  28.8,   1.7,  27.73,  26.05,    16.23,  190.51,   52.53,  30.55, 2486.8,    0.75,  335.46,  366.80,  365.94,  347.81,  350.43,  349.46, 1469.41, 1528.23, 1497.48, 1475.75, 1472.75, 1469.51, 1552.42, 1551.61,  7251.6, 169,  GPS,   11.5, 110.60, 116.50, 119.000, 121.500, -0.001,       ,  24.08, -57.7,    5.5,   11.5,  -14.1,      1,   GPS,    ALT,  -0.1,   0.7,   3.9, 3DDiff, 3704,      ,     14,  23.0,     20
2018-08-27, 17:16:52,  -04:00,  BLATT,   41.7356834,  -72.0098114,  6999.4, 30.03,  7352.3,  17.5, 145.86, 153.84,   -3.20,   0.70,  -0.11,   0.00,   0.00,   5.1,  11.7,  27.7,  28.8,   1.7,  27.72,  26.05,    16.26,  190.50,   52.30,  30.52, 2486.4,    0.75,  335.44,  366.80,  365.93,  347.81,  350.49,  349.46, 1468.35, 1528.07, 1497.42, 1475.93, 1472.81, 1469.28, 1552.30, 1550.97,  7252.0, 168,  GPS,   11.5, 110.60, 116.50, 119.000, 121.500, -0.001,       ,  24.08, -57.7,    5.5,   11.5,  -14.1,      1,   GPS,    ALT,  -0.1,   0.7,   0.0, 3DDiff, 3704,      ,     14,  22.0,     20
2018-08-27, 17:16:53,  -04:00,  BLATT,   41.7363968,  -72.0098495,  7000.4, 30.03,  7351.3,  17.5, 145.89, 153.76,   -4.27,   0.73,  -0.12,   0.00,  -0.00,   5.1,  11.7,  27.7,  28.8,   1.7,  27.72,  26.06,    16.32,  190.52,   52.41,  30.52, 2486.4,    0.75,  335.43,  366.80,  365.93,  347.83,  350.55,  349.46, 1467.34, 1527.97, 1497.64, 1476.62, 1472.96, 1468.31, 1552.37, 1550.61,  7250.9, 168,  GPS,   11.5, 110.60, 116.50, 119.000, 121.500, -0.001,       ,  24.08, -57.7,    5.4,   11.5,  -14.1,      1,   GPS,    ALT,  -0.1,   0.7,   0.0, 3DDiff, 3704,      ,     14,  21.5,     20
2018-08-27, 17:16:54,  -04:00,  BLATT,   41.7371063,  -72.0098953,  7001.4, 30.03,  7351.2,  17.5, 145.88, 153.70,   11.97,   0.69,  -0.12,   0.00,   0.00,   5.1,  11.7,  27.7,  28.8,   1.7,  27.70,  26.07,    16.38,  190.51,   52.33,  30.54, 2486.7,    0.76,  335.40,  366.80,  365.93,  347.83,  350.56,  349.46, 1467.97, 1528.39, 1497.43, 1476.95, 1472.76, 1469.74, 1553.09, 1550.54,  7250.8, 168,  GPS,   11.5, 110.60, 116.50, 119.000, 121.500, -0.001,       ,  24.07, -57.7,    5.4,   11.5,  -14.1,      1,   GPS,    ALT,  -0.1,   0.7,   0.0, 3DDiff, 3704,      ,     14,  22.0,     20
2018-08-27, 17:16:55,  -04:00,  BLATT,   41.7378197,  -72.0099258,  7000.4, 30.03,  7351.0,  17.5, 145.79, 153.64,    8.75,   0.66,  -0.12,   0.00,  -0.01,   5.1,  11.7,  27.7,  28.8,   1.7,  27.69,  26.07,    16.31,  190.53,   52.26,  30.51, 2486.6,    0.75,  335.40,  366.79,  365.92,  347.82,  350.59,  349.46, 1467.58, 1527.77, 1496.87, 1476.56, 1472.89, 1471.08, 1552.90, 1549.45,  7250.7, 168,  GPS,   11.5, 110.60, 116.50, 119.000, 121.500, -0.002,       ,  24.06, -57.7,    5.4,   11.5,  -14.1,      1,   GPS,    ALT,  -0.1,   0.7,  -3.9, 3DDiff, 3704,      ,     14,  22.0,     20
2018-08-27, 17:16:56,  -04:00,  BLATT,   41.7385292,  -72.0099716,  7001.4, 30.03,  7350.7,  17.5, 145.82, 153.60,   -3.18,   0.69,  -0.12,   0.00,   0.00,   5.1,  11.7,  27.7,  28.8,   1.7,  27.69,  26.07,    16.32,  190.53,   52.40,  30.52, 2485.6,    0.75,  335.40,  366.77,  365.91,  347.83,  350.62,  349.45, 1467.52, 1527.33, 1496.39, 1476.51, 1473.04, 1471.71, 1552.59, 1549.85,  7250.4, 168,  GPS,   11.5, 110.60, 116.50, 119.000, 121.500, -0.002,       ,  24.05, -57.7,    5.3,   11.5,  -14.1,      1,   GPS,    ALT,  -0.1,   0.7, -11.8, 3DDiff, 3704,      ,     14,  22.0,     20
2018-08-27, 17:16:57,  -04:00,  BLATT,   41.7392349,  -72.0100098,  6999.4, 30.03,  7351.0,  17.5, 145.76, 153.54,  -24.76,   0.68,  -0.15,   0.00,   0.00,   5.0,  11.7,  27.7,  28.8,   1.7,  27.68,  26.07,    16.32,  190.52,   52.32,  30.57, 2486.2,    0.75,  335.37,  366.77,  365.91,  347.84,  350.64,  349.43, 1468.35, 1526.92, 1496.26, 1476.83, 1473.84, 1471.73, 1552.95, 1549.98,  7250.7, 168,  GPS,   11.5, 110.60, 116.50, 119.000, 121.500, -0.002,       ,  24.04, -57.7,    5.3,   11.5,  -14.1,      1,   GPS,    ALT,  -0.1,   0.7, -11.8, 3DDiff, 3704,      ,     14,  23.0,     20
2018-08-27, 17:16:58,  -04:00,  BLATT,   41.7399521,  -72.0100403,  7000.4, 30.03,  7350.5,  17.5, 145.83, 153.51,  -24.56,   0.69,  -0.18,   0.00,   0.00,   5.0,  11.7,  27.7,  28.8,   1.7,  27.67,  26.07,    16.33,  190.53,   52.44,  30.59, 2488.2,    0.75,  335.34,  366.77,  365.90,  347.84,  350.65,  349.46, 1468.89, 1527.41, 1497.56, 1476.96, 1474.75, 1472.56, 1553.23, 1551.31,  7250.1, 168,  GPS,   11.5, 110.60, 116.50, 119.000, 121.500, -0.002,       ,  24.03, -57.7,    5.2,   11.5,  -14.1,      1,   GPS,    ALT,  -0.1,   0.7,   0.0, 3DDiff, 3704,      ,     14,  22.0,     20
2018-08-27, 17:16:59,  -04:00,  BLATT,   41.7406578,  -72.0100861,  7001.4, 30.03,  7351.4,  17.5, 145.90, 153.43,    0.11,   0.71,  -0.18,  -0.00,  -0.00,   4.9,  11.7,  27.7,  28.8,   1.7,  27.66,  26.07,    16.28,  190.53,   52.51,  30.57, 2488.6,    0.75,  335.31,  366.77,  365.91,  347.84,  350.68,  349.46, 1468.99, 1528.26, 1497.20, 1476.85, 1475.04, 1472.73, 1553.01, 1551.06,  7251.1, 168,  GPS,   11.5, 110.60, 116.50, 119.000, 121.500, -0.002,       ,  24.02, -57.7,    5.2,   11.5,  -14.1,      1,   GPS,    ALT,  -0.1,   0.7,   7.9, 3DDiff, 3704,      ,     14,  21.5,     20
2018-08-27, 17:17:00,  -04:00,  BLATT,   41.7413712,  -72.0101242,  7001.4, 30.03,  7351.6,  17.5, 145.89, 153.37,   10.77,   0.65,  -0.18,   0.00,  -0.01,   4.9,  11.7,  27.7,  28.8,   1.7,  27.67,  26.06,    16.32,  190.53,   52.60,  30.54, 2487.2,    0.75,  335.33,  366.74,  365.91,  347.84,  350.67,  349.45, 1469.70, 1528.52, 1497.08, 1476.14, 1475.31, 1473.57, 1552.82, 1551.50,  7251.3, 168,  GPS,   11.5, 110.60, 116.50, 119.000, 121.500, -0.002,       ,  24.00, -57.7,    5.1,   11.5,  -14.1,      1,   GPS,    ALT,  -0.1,   0.7,   7.9, 3DDiff, 3704,      ,     14,  21.5,     20
2018-08-27, 17:17:01,  -04:00,  BLATT,   41.7420769,  -72.0101624,  7001.4, 30.03,  7351.6,  17.5, 145.86, 153.33,   -1.47,   0.64,  -0.15,   0.00,   0.00,   4.8,  11.7,  27.7,  28.8,   1.7,  27.67,  26.06,    16.37,  190.54,   52.53,  30.54, 2483.8,    0.76,  335.30,  366.76,  365.90,  347.82,  350.65,  349.43, 1469.12, 1527.95, 1497.37, 1476.42, 1474.84, 1473.05, 1552.87, 1551.19,  7251.3, 168,  GPS,   11.5, 110.60, 116.50, 119.000, 121.500, -0.002,       ,  24.00, -57.7,    5.1,   11.5,  -14.1,      1,   GPS,    ALT,  -0.1,   0.6,   0.0, 3DDiff, 3704,      ,     14,  22.0,     20
2018-08-27, 17:17:02,  -04:00,  BLATT,   41.7427864,  -72.0102081,  7001.4, 30.03,  7351.5,  17.5, 145.88, 153.29,   14.08,   0.62,  -0.15,  -0.00,  -0.01,   4.8,  11.7,  27.7,  28.8,   1.7,  27.67,  26.05,    16.31,  190.56,   52.38,  30.55, 2485.2,    0.75,  335.30,  366.74,  365.89,  347.82,  350.65,  349.42, 1468.47, 1529.60, 1497.51, 1478.35, 1474.85, 1472.49, 1553.84, 1551.14,  7251.2, 168,  GPS,   11.5, 110.60, 116.50, 119.000, 121.500, -0.002,       ,  23.99, -57.7,    5.1,   11.5,  -14.1,      1,   GPS,    ALT,  -0.1,   0.6,  -3.9, 3DDiff, 3704,      ,     14,  22.0,     20
2018-08-27, 17:17:03,  -04:00,  BLATT,   41.7434959,  -72.0102463,  7001.4, 30.03,  7350.9,  17.5, 145.92, 153.23,   12.12,   0.57,  -0.15,  -0.00,  -0.00,   4.7,  11.7,  27.7,  28.8,   1.7,  27.68,  26.04,    16.28,  190.56,   52.48,  30.52, 2486.4,    0.75,  335.30,  366.74,  365.91,  347.84,  350.64,  349.39, 1468.59, 1530.04, 1497.89, 1477.51, 1475.48, 1472.67, 1553.65, 1551.42,  7250.6, 169,  GPS,   11.5, 110.60, 116.50, 119.000, 121.500, -0.002,       ,  23.99, -57.7,    5.0,   11.5,  -14.1,      1,   GPS,    ALT,  -0.1,   0.6, -11.8, 3DDiff, 3704,      ,     14,  22.5,     20
2018-08-27, 17:17:04,  -04:00,  BLATT,   41.7442055,  -72.0102921,  6999.4, 30.03,  7351.5,  17.5, 145.80, 153.21,  -27.63,   0.57,  -0.19,   0.00,   0.00,   4.7,  11.7,  27.7,  28.8,   1.7,  27.68,  26.02,    16.27,  190.56,   52.53,  30.56, 2485.6,    0.75,  335.25,  366.74,  365.91,  347.84,  350.62,  349.39, 1469.11, 1529.93, 1498.65, 1476.94, 1474.95, 1473.22, 1553.39, 1551.95,  7251.2, 168,  GPS,   11.5, 110.60, 116.50, 119.000, 121.500, -0.002,       ,  24.00, -57.6,    5.0,   11.5,  -14.1,      1,   GPS,    ALT,  -0.1,   0.6, -15.7, 3DDiff, 3704,      ,     14,  21.5,     20
2018-08-27, 17:17:05,  -04:00,  BLATT,   41.7449112,  -72.0103226,  6999.4, 30.03,  7350.7,  17.5, 145.86, 153.17,  -48.83,   0.65,  -0.20,   0.00,   0.02,   4.6,  11.7,  27.7,  28.8,   1.7,  27.70,  26.00,    16.28,  190.56,   52.60,  30.54, 2487.0,    0.75,  335.24,  366.74,  365.94,  347.87,  350.61,  349.34, 1469.56, 1529.20, 1497.99, 1476.66, 1474.51, 1473.18, 1552.98, 1551.52,  7250.4, 168,  GPS,   11.5, 110.60, 116.50, 119.000, 121.500, -0.002,       ,  24.01, -57.6,    4.9,   11.5,  -14.1,      1,   GPS,    ALT,  -0.1,   0.6,  -3.9, 3DDiff, 3704,      ,     14,  21.5,     20
2018-08-27, 17:17:06,  -04:00,  BLATT,   41.7456207,  -72.0103607,  7000.4, 30.03,  7351.1,  17.5, 145.92, 153.14,  -18.63,   0.68,  -0.16,   0.00,   0.00,   4.6,  11.6,  27.7,  28.8,   1.7,  27.71,  25.99,    16.36,  190.56,   52.42,  30.53, 2487.6,    0.76,  335.23,  366.74,  365.97,  347.87,  350.56,  349.36, 1470.62, 1528.62, 1497.64, 1476.08, 1474.71, 1471.61, 1552.24, 1552.36,  7250.8, 169,  GPS,   11.5, 110.60, 116.50, 119.000, 121.500, -0.002,       ,  24.03, -57.6,    4.9,   11.5,  -14.1,      1,   GPS,    ALT,  -0.1,   0.7,  19.7, 3DDiff, 3704,      ,     14,  21.5,     20
2018-08-27, 17:17:07,  -04:00,  BLATT,   41.7463303,  -72.0104065,  7002.4, 30.03,  7351.5,  17.5, 145.97, 153.10,   22.12,   0.59,  -0.13,  -0.01,  -0.01,   4.6,  11.6,  27.7,  28.8,   1.7,  27.73,  25.98,    16.38,  190.54,   52.41,  30.56, 2489.2,    0.76,  335.24,  366.74,  366.00,  347.87,  350.50,  349.33, 1470.98, 1529.18, 1497.14, 1475.76, 1474.05, 1472.13, 1552.93, 1552.22,  7251.2, 169,  GPS,   11.5, 110.60, 116.50, 119.000, 121.500, -0.002,       ,  24.05, -57.6,    4.8,   11.5,  -14.1,      1,   GPS,    ALT,  -0.1,   0.6,  23.6, 3DDiff, 3704,      ,     14,  22.0,     20
2018-08-27, 17:17:08,  -04:00,  BLATT,   41.7470360,  -72.0104446,  7002.4, 30.03,  7351.6,  17.5, 145.91, 153.06,   30.52,   0.48,  -0.12,   0.01,  -0.01,   4.6,  11.6,  27.7,  28.8,   1.7,  27.75,  25.97,    16.29,  190.54,   52.51,  30.58, 2485.8,    0.75,  335.21,  366.74,  366.03,  347.87,  350.49,  349.31, 1471.96, 1528.87, 1497.71, 1475.76, 1473.90, 1471.01, 1552.68, 1552.90,  7251.3, 168,  GPS,   11.5, 110.60, 116.50, 119.000, 121.500, -0.002,       ,  24.08, -57.6,    4.8,   11.5,  -14.1,      1,   GPS,    ALT,  -0.1,   0.5,   7.9, 3DDiff, 3704,      ,     14,  22.0,     20
2018-08-27, 17:17:09,  -04:00,  BLATT,   41.7477417,  -72.0104904,  7001.4, 30.03,  7351.7,  17.5, 145.81, 153.04,    4.10,   0.46,  -0.09,   0.00,   0.00,   4.6,  11.6,  27.7,  28.8,   1.7,  27.76,  25.95,    16.28,  190.54,   52.27,  30.54, 2486.0,    0.75,  335.18,  366.74,  366.06,  347.90,  350.44,  349.31, 1470.79, 1528.67, 1498.17, 1475.92, 1473.80, 1471.69, 1553.16, 1551.43,  7251.4, 168,  GPS,   11.5, 110.60, 116.50, 119.000, 121.500, -0.002,       ,  24.11, -57.6,    4.8,   11.5,  -14.1,      1,   GPS,    ALT,  -0.1,   0.5, -15.7, 3DDiff, 3704,      ,     14,  22.5,     20
2018-08-27, 17:17:10,  -04:00,  BLATT,   41.7484512,  -72.0105286,  7002.4, 30.03,  7350.6,  17.5, 145.85, 153.06,    2.36,   0.47,  -0.11,  -0.00,  -0.00,   4.6,  11.6,  27.7,  28.8,   1.7,  27.77,  25.93,    16.31,  190.56,   52.35,  30.58, 2487.0,    0.75,  335.15,  366.74,  366.12,  347.90,  350.40,  349.30, 1471.53, 1528.31, 1498.29, 1476.89, 1473.95, 1471.82, 1553.21, 1551.93,  7250.3, 168,  GPS,   11.5, 110.60, 116.50, 119.000, 121.500, -0.002,       ,  24.14, -57.6,    4.7,   11.5,  -14.1,      1,   GPS,    ALT,  -0.1,   0.5, -23.6, 3DDiff, 3704,      ,     14,  21.5,     20
2018-08-27, 17:17:11,  -04:00,  BLATT,   41.7491608,  -72.0105667,  7001.4, 30.03,  7351.0,  17.5, 145.91, 153.06,   -3.20,   0.45,  -0.10,   0.00,  -0.01,   4.6,  11.6,  27.7,  28.8,   1.7,  27.78,  25.92,    16.32,  190.55,   52.39,  30.52, 2486.2,    0.75,  335.16,  366.71,  366.13,  347.88,  350.34,  349.30, 1471.12, 1528.31, 1498.26, 1476.51, 1473.85, 1470.54, 1552.94, 1551.84,  7250.6, 169,  GPS,   11.5, 110.60, 116.50, 119.000, 121.500, -0.002,       ,  24.17, -57.6,    4.7,   11.5,  -14.1,      1,   GPS,    ALT,  -0.1,   0.5, -23.6, 3DDiff, 3704,      ,     14,  21.5,     20
2018-08-27, 17:17:12,  -04:00,  BLATT,   41.7498703,  -72.0106125,  7000.4, 30.03,  7350.5,  17.5, 145.91, 153.06,  -30.21,   0.46,  -0.13,   0.00,   0.01,   4.6,  11.6,  27.7,  28.8,   1.7,  27.79,  25.91,    16.37,  190.56,   52.46,  30.53, 2487.0,    0.76,  335.14,  366.70,  366.19,  347.90,  350.31,  349.27, 1470.52, 1527.94, 1497.90, 1476.29, 1473.55, 1471.87, 1553.23, 1551.90,  7250.2, 169,  GPS,   11.5, 110.60, 116.50, 119.000, 121.500, -0.002,       ,  24.21, -57.6,    4.6,   11.5,  -14.1,      1,   GPS,    ALT,  -0.1,   0.5, -27.6, 3DDiff, 3704,      ,     14,  21.5,     20
2018-08-27, 17:17:13,  -04:00,  BLATT,   41.7505760,  -72.0106583,  7000.4, 30.03,  7350.3,  17.5, 145.94, 153.12,  -31.85,   0.48,  -0.10,  -0.00,   0.01,   4.6,  11.6,  27.7,  28.8,   1.7,  27.79,  25.90,    16.38,  190.58,   52.47,  30.56, 2485.8,    0.76,  335.10,  366.71,  366.25,  347.88,  350.26,  349.27, 1470.40, 1528.49, 1498.46, 1475.59, 1473.67, 1472.01, 1553.75, 1552.11,  7250.0, 169,  GPS,   11.5, 110.60, 116.50, 119.000, 121.500, -0.002,       ,  24.25, -57.6,    4.6,   11.5,  -14.1,      1,   GPS,    ALT,  -0.1,   0.5, -15.7, 3DDiff, 3704,      ,     14,  22.0,     20
2018-08-27, 17:17:14,  -04:00,  BLATT,   41.7512856,  -72.0106888,  7000.4, 30.03,  7350.2,  17.5, 145.92, 153.12,  -41.67,   0.48,  -0.07,  -0.00,   0.00,   4.6,  11.6,  27.7,  28.8,   1.7,  27.80,  25.89,    16.36,  190.57,   52.25,  30.56, 2487.4,    0.76,  335.09,  366.71,  366.31,  347.88,  350.22,  349.27, 1470.83, 1528.77, 1497.93, 1476.56, 1473.95, 1472.02, 1554.09, 1552.17,  7249.9, 169,  GPS,   11.5, 110.60, 116.50, 119.000, 121.500, -0.002,       ,  24.29, -57.7,    4.5,   11.5,  -14.1,      1,   GPS,    ALT,  -0.1,   0.5,  -3.9, 3DDiff, 3704,      ,     14,  22.0,     20
2018-08-27, 17:17:15,  -04:00,  BLATT,   41.7519989,  -72.0107346,  7000.4, 30.03,  7350.2,  17.5, 145.92, 153.14,  -20.36,   0.47,  -0.09,   0.00,  -0.00,   4.6,  11.6,  27.7,  28.8,   1.7,  27.80,  25.89,    16.25,  190.58,   52.37,  30.52, 2485.4,    0.75,  335.09,  366.69,  366.38,  347.89,  350.18,  349.25, 1470.46, 1528.96, 1496.94, 1476.60, 1473.16, 1470.61, 1553.73, 1551.51,  7249.9, 169,  GPS,   11.5, 110.60, 116.50, 119.000, 121.500, -0.002,       ,  24.33, -57.7,    4.5,   11.5,  -14.1,      1,   GPS,    ALT,  -0.1,   0.5,   3.9, 3DDiff, 3704,      ,     14,  22.5,     20
2018-08-27, 17:17:16,  -04:00,  BLATT,   41.7527046,  -72.0107803,  7000.4, 30.03,  7351.1,  17.5, 145.89, 153.16,  -18.80,   0.45,  -0.10,   0.00,   0.00,   4.6,  11.6,  27.7,  28.8,   1.7,  27.79,  25.90,    16.39,  190.58,   52.35,  30.51, 2487.7,    0.76,  335.06,  366.68,  366.43,  347.89,  350.10,  349.24, 1469.66, 1529.71, 1497.24, 1477.04, 1472.76, 1471.05, 1554.02, 1551.01,  7250.8, 168,  GPS,   11.5, 110.60, 116.50, 119.000, 121.500, -0.002,       ,  24.37, -57.7,    4.5,   11.5,  -14.1,      1,   GPS,    ALT,  -0.1,   0.5,   7.9, 3DDiff, 3704,      ,     14,  21.5,     20
2018-08-27, 17:17:17,  -04:00,  BLATT,   41.7534065,  -72.0108185,  6999.4, 30.03,  7350.5,  17.5, 145.87, 153.14,  -26.01,   0.48,  -0.07,  -0.00,   0.00,   4.6,  11.6,  27.7,  28.8,   1.7,  27.78,  25.90,    16.33,  190.58,   52.29,  30.51, 2485.8,    0.75,  335.05,  366.68,  366.47,  347.88,  350.05,  349.24, 1468.82, 1528.81, 1497.52, 1477.25, 1473.52, 1471.38, 1553.57, 1550.72,  7250.1, 168,  GPS,   11.5, 110.60, 116.50, 119.000, 121.500, -0.002,       ,  24.41, -57.7,    4.4,   11.5,  -14.1,      1,   GPS,    ALT,  -0.1,   0.5,  11.8, 3DDiff, 3704,      ,     14,  21.5,     20
2018-08-27, 17:17:18,  -04:00,  BLATT,   41.7541199,  -72.0108643,  7000.4, 30.03,  7350.8,  17.5, 145.87, 153.17,   -1.81,   0.47,  -0.12,   0.00,  -0.01,   4.6,  11.6,  27.7,  28.8,   1.7,  27.77,  25.91,    16.40,  190.59,   52.47,  30.51, 2486.9,    0.76,  335.05,  366.68,  366.55,  347.90,  350.01,  349.26, 1469.52, 1528.94, 1496.54, 1477.17, 1472.89, 1470.30, 1552.50, 1550.24,  7250.5, 168,  GPS,   11.5, 110.60, 116.50, 119.000, 121.500, -0.002,       ,  24.45, -57.7,    4.4,   11.5,  -14.1,      1,   GPS,    ALT,  -0.1,   0.5,  19.7, 3DDiff, 3704,      ,     14,  21.5,     20
2018-08-27, 17:17:19,  -04:00,  BLATT,   41.7548256,  -72.0108948,  7000.4, 30.03,  7351.2,  17.5, 145.79, 153.17,   -8.52,   0.44,  -0.15,   0.00,  -0.00,   4.6,  11.6,  27.7,  28.8,   1.7,  27.76,  25.91,    16.30,  190.61,   52.33,  30.55, 2483.5,    0.75,  335.04,  366.65,  366.58,  347.87,  349.95,  349.25, 1469.95, 1530.00, 1496.75, 1477.40, 1473.55, 1469.57, 1553.17, 1550.90,  7250.9, 168,  GPS,   11.5, 110.60, 116.50, 119.000, 121.500, -0.002,       ,  24.49, -57.7,    4.3,   11.5,  -14.1,      1,   GPS,    ALT,  -0.1,   0.5,  23.6, 3DDiff, 3704,      ,     14,  22.0,     20
2018-08-27, 17:17:20,  -04:00,  BLATT,   41.7555389,  -72.0109406,  7000.4, 30.03,  7351.6,  17.5, 145.86, 153.17,    4.60,   0.44,  -0.13,  -0.00,  -0.00,   4.6,  11.6,  27.7,  28.8,   1.7,  27.76,  25.90,    16.32,  190.62,   52.40,  30.51, 2487.3,    0.75,  335.01,  366.65,  366.61,  347.89,  349.89,  349.27, 1470.05, 1530.07, 1496.49, 1477.18, 1472.13, 1469.44, 1553.14, 1550.27,  7251.3, 168,  GPS,   11.5, 110.60, 116.50, 119.000, 121.500, -0.002,       ,  24.52, -57.7,    4.3,   11.5,  -14.1,      1,   GPS,    ALT,  -0.1,   0.5,  19.7, 3DDiff, 3704,      ,     14,  22.0,     20
2018-08-27, 17:17:21,  -04:00,  BLATT,   41.7562447,  -72.0109787,  7001.4, 30.03,  7352.0,  17.5, 145.89, 153.19,   21.61,   0.41,  -0.08,  -0.00,  -0.01,   4.5,  11.6,  27.7,  28.8,   1.7,  27.75,  25.90,    16.32,  190.61,   52.34,  30.49, 2486.8,    0.75,  335.01,  366.65,  366.62,  347.85,  349.86,  349.29, 1470.04, 1530.30, 1497.12, 1476.56, 1472.39, 1468.94, 1553.46, 1550.38,  7252.0, 168,  GPS,   11.5, 110.60, 116.50, 119.000, 121.500, -0.002,       ,  24.55, -57.7,    4.2,   11.5,  -14.1,      1,   GPS,    ALT,  -0.1,   0.4,  23.6, 3DDiff, 3704,      ,     14,  22.5,     20
2018-08-27, 17:17:22,  -04:00,  BLATT,   41.7569580,  -72.0110245,  7001.4, 30.03,  7351.4,  17.5, 145.79, 153.19,   10.86,   0.36,  -0.12,   0.01,  -0.00,   4.5,  11.6,  27.7,  28.8,   1.7,  27.74,  25.90,    16.33,  190.62,   52.16,  30.50, 2486.6,    0.75,  334.98,  366.65,  366.61,  347.86,  349.82,  349.30, 1469.96, 1530.42, 1496.39, 1476.30, 1472.93, 1468.05, 1553.08, 1550.24,  7251.4, 168,  GPS,   11.5, 110.60, 116.50, 119.000, 121.500, -0.002,       ,  24.58, -57.8,    4.2,   11.5,  -14.1,      1,   GPS,    ALT,  -0.1,   0.4,  11.8, 3DDiff, 3704,      ,     14,  21.5,     20
2018-08-27, 17:17:23,  -04:00,  BLATT,   41.7576637,  -72.0110703,  7002.4, 30.03,  7352.5,  17.5, 145.90, 153.23,   19.70,   0.34,  -0.16,   0.00,  -0.00,   4.5,  11.6,  27.7,  28.8,   1.7,  27.74,  25.89,    16.41,  190.61,   52.28,  30.53, 2487.7,    0.76,  334.97,  366.65,  366.61,  347.84,  349.76,  349.30, 1471.64, 1530.74, 1497.19, 1475.99, 1473.75, 1467.52, 1552.95, 1551.68,  7252.5, 169,  GPS,   11.5, 110.60, 116.50, 119.000, 121.500, -0.002,       ,  24.61, -57.8,    4.2,   11.5,  -14.1,      1,   GPS,    ALT,  -0.1,   0.4,   3.9, 3DDiff, 3704,      ,     14,  21.5,     20
2018-08-27, 17:17:24,  -04:00,  BLATT,   41.7583733,  -72.0111084,  7001.4, 30.03,  7352.5,  17.5, 145.88, 153.29,    3.50,   0.32,  -0.15,  -0.00,  -0.00,   4.5,  11.6,  27.7,  28.8,   1.7,  27.73,  25.89,    16.35,  190.62,   52.24,  30.52, 2485.9,    0.75,  334.95,  366.65,  366.59,  347.84,  349.73,  349.31, 1471.76, 1532.03, 1497.36, 1476.20, 1472.93, 1467.33, 1553.59, 1551.63,  7252.5, 168,  GPS,   11.5, 110.60, 116.50, 119.000, 121.500, -0.002,       ,  24.64, -57.8,    4.1,   11.5,  -14.1,      1,   GPS,    ALT,  -0.1,   0.3,  -3.9, 3DDiff, 3704,      ,     14,  21.5,     20
2018-08-27, 17:17:25,  -04:00,  BLATT,   41.7590790,  -72.0111542,  7000.4, 30.03,  7352.3,  17.5, 145.84, 153.41,  -22.48,   0.32,  -0.11,  -0.00,  -0.00,   4.4,  11.5,  27.7,  28.8,   1.7,  27.73,  25.88,    16.29,  190.62,   52.31,  30.51, 2485.4,    0.75,  334.96,  366.64,  366.58,  347.83,  349.69,  349.30, 1470.67, 1531.28, 1497.62, 1476.33, 1472.41, 1466.42, 1553.06, 1550.82,  7252.3, 168,  GPS,   11.5, 110.60, 116.50, 119.000, 121.500, -0.002,       ,  24.67, -57.8,    4.1,   11.5,  -14.1,      1,   GPS,    ALT,  -0.1,   0.3, -11.8, 3DDiff, 3704,      ,     14,  21.5,     20
2018-08-27, 17:17:26,  -04:00,  BLATT,   41.7597923,  -72.0111923,  7001.4, 30.03,  7352.3,  17.5, 145.99, 153.39,  -11.10,   0.30,  -0.07,   0.00,   0.00,   4.5,  11.5,  27.7,  28.8,   1.7,  27.73,  25.87,    16.31,  190.63,   52.24,  30.48, 2485.7,    0.75,  334.94,  366.62,  366.55,  347.84,  349.64,  349.32, 1470.26, 1530.62, 1496.23, 1476.57, 1471.10, 1465.92, 1552.81, 1550.04,  7252.3, 169,  GPS,   11.5, 110.60, 116.50, 119.000, 121.500, -0.002,       ,  24.70, -57.9,    4.0,   11.5,  -14.1,      1,   GPS,    ALT,  -0.1,   0.3,  -7.9, 3DDiff, 3704,      ,     14,  22.0,     20
2018-08-27, 17:17:27,  -04:00,  BLATT,   41.7605057,  -72.0112381,  7001.4, 30.03,  7352.1,  17.5, 145.89, 153.41,  -13.64,   0.32,  -0.10,  -0.00,  -0.00,   4.5,  11.5,  27.7,  28.8,   1.7,  27.74,  25.87,    16.28,  190.63,   52.54,  30.49, 2485.6,    0.75,  334.94,  366.61,  366.49,  347.82,  349.59,  349.33, 1468.81, 1531.23, 1495.77, 1476.81, 1470.76, 1466.90, 1553.16, 1549.11,  7252.1, 168,  GPS,   11.5, 110.60, 116.50, 119.000, 121.500, -0.002,       ,  24.72, -57.9,    4.0,   11.5,  -14.1,      1,   GPS,    ALT,  -0.1,   0.3,  -3.9, 3DDiff, 3704,      ,     14,  22.5,     20
2018-08-27, 17:17:28,  -04:00,  BLATT,   41.7612152,  -72.0112762,  7001.4, 30.03,  7352.8,  17.5, 146.01, 153.45,   -5.13,   0.34,  -0.11,  -0.00,  -0.00,   4.5,  11.5,  27.7,  28.8,   1.7,  27.74,  25.86,    16.31,  190.62,   52.46,  30.47, 2484.8,    0.75,  334.93,  366.59,  366.44,  347.83,  349.55,  349.33, 1469.01, 1531.67, 1494.49, 1476.37, 1469.26, 1467.36, 1553.30, 1548.22,  7252.8, 169,  GPS,   11.5, 110.60, 116.50, 119.000, 121.500, -0.002,       ,  24.75, -57.9,    3.9,   11.5,  -14.1,      1,   GPS,    ALT,  -0.0,   0.3, -11.8, 3DDiff, 3704,      ,     14,  21.5,     20
2018-08-27, 17:17:29,  -04:00,  BLATT,   41.7619209,  -72.0113220,  7000.4, 30.03,  7351.6,  17.5, 145.87, 153.47,  -24.92,   0.35,  -0.09,   0.00,  -0.00,   4.4,  11.5,  27.7,  28.8,   1.7,  27.76,  25.84,    16.33,  190.61,   52.42,  30.47, 2486.5,    0.75,  334.91,  366.61,  366.38,  347.81,  349.52,  349.31, 1469.52, 1531.00, 1494.76, 1476.83, 1468.48, 1466.90, 1553.11, 1548.67,  7251.6, 168,  GPS,   11.5, 110.60, 116.50, 119.000, 121.500, -0.002,       ,  24.77, -58.0,    3.9,   11.5,  -14.1,      1,   GPS,    ALT,  -0.0,   0.3, -11.8, 3DDiff, 3704,      ,     14,  21.5,     20
2018-08-27, 17:17:30,  -04:00,  BLATT,   41.7626305,  -72.0113602,  7000.4, 30.03,  7351.6,  17.5, 145.96, 153.51,  -24.49,   0.38,  -0.08,   0.00,   0.00,   4.4,  11.5,  27.7,  28.8,   1.7,  27.76,  25.83,    16.27,  190.61,   52.49,  30.54, 2485.1,    0.75,  334.90,  366.58,  366.31,  347.81,  349.47,  349.31, 1470.08, 1531.75, 1494.63, 1477.92, 1470.14, 1467.06, 1553.98, 1550.02,  7251.6, 169,  GPS,   11.5, 110.60, 116.50, 119.000, 121.500, -0.002,       ,  24.79, -58.0,    3.9,   11.5,  -14.1,      1,   GPS,    ALT,  -0.0,   0.4,  -3.9, 3DDiff, 3704,      ,     14,  21.5,     20
2018-08-27, 17:17:31,  -04:00,  BLATT,   41.7633438,  -72.0114059,  7000.4, 30.03,  7351.7,  17.5, 146.00, 153.52,  -27.29,   0.40,  -0.09,  -0.00,   0.00,   4.4,  11.5,  27.7,  28.8,   1.7,  27.76,  25.83,    16.29,  190.60,   52.48,  30.52, 2486.2,    0.75,  334.88,  366.58,  366.25,  347.81,  349.44,  349.31, 1471.16, 1531.32, 1494.97, 1477.59, 1470.97, 1466.06, 1553.44, 1550.76,  7251.6, 169,  GPS,   11.5, 110.60, 116.50, 119.000, 121.500, -0.002,       ,  24.80, -58.1,    3.8,   11.5,  -14.1,      1,   GPS,    ALT,  -0.0,   0.4,   3.9, 3DDiff, 3704,      ,     14,  21.5,     20
2018-08-27, 17:17:32,  -04:00,  BLATT,   41.7640533,  -72.0114517,  7000.4, 30.03,  7351.9,  17.5, 146.16, 153.52,  -14.73,   0.44,  -0.09,  -0.00,  -0.00,   4.3,  11.5,  27.7,  28.8,   1.7,  27.77,  25.81,    16.35,  190.58,   52.45,  30.53, 2487.4,    0.75,  334.88,  366.56,  366.19,  347.81,  349.43,  349.33, 1471.17, 1530.97, 1495.61, 1477.23, 1472.15, 1466.21, 1553.52, 1551.35,  7251.8, 169,  GPS,   11.5, 110.60, 116.50, 119.000, 121.500, -0.002,       ,  24.82, -58.1,    3.8,   11.5,  -14.1,      1,   GPS,    ALT,  -0.0,   0.4,  11.8, 3DDiff, 3704,      ,     14,  22.0,     20
2018-08-27, 17:17:33,  -04:00,  BLATT,   41.7647591,  -72.0114899,  7000.4, 30.03,  7352.4,  17.5, 146.11, 153.54,  -15.04,   0.42,  -0.05,   0.01,  -0.00,   4.4,  11.5,  27.7,  28.8,   1.7,  27.77,  25.80,    16.36,  190.61,   52.43,  30.52, 2486.3,    0.76,  334.85,  366.55,  366.12,  347.81,  349.37,  349.34, 1470.99, 1528.89, 1495.28, 1477.10, 1472.43, 1467.77, 1553.37, 1550.77,  7252.3, 169,  GPS,   11.5, 110.60, 116.50, 119.000, 121.500, -0.002,       ,  24.84, -58.1,    3.7,   11.5,  -14.1,      1,   GPS,    ALT,  -0.0,   0.4,  15.7, 3DDiff, 3704,      ,     14,  22.5,     20
2018-08-27, 17:17:34,  -04:00,  BLATT,   41.7654724,  -72.0115356,  7002.4, 30.03,  7351.7,  17.5, 146.24, 153.51,   18.94,   0.41,  -0.04,   0.00,  -0.01,   4.4,  11.5,  27.7,  28.8,   1.7,  27.78,  25.79,    16.31,  190.61,   52.38,  30.54, 2487.9,    0.75,  334.85,  366.55,  366.03,  347.78,  349.31,  349.34, 1471.19, 1527.67, 1495.22, 1477.75, 1472.70, 1468.69, 1553.24, 1551.64,  7251.7, 169,  GPS,   11.5, 110.60, 116.50, 119.000, 121.500, -0.002,       ,  24.86, -58.2,    3.7,   11.5,  -14.1,      1,   GPS,    ALT,  -0.0,   0.4,  11.8, 3DDiff, 3704,      ,     14,  21.5,     20
2018-08-27, 17:17:35,  -04:00,  BLATT,   41.7661781,  -72.0115814,  7001.4, 30.03,  7352.2,  17.5, 146.12, 153.51,    2.49,   0.43,  -0.05,  -0.00,  -0.00,   4.4,  11.5,  27.7,  28.8,   1.7,  27.79,  25.78,    16.27,  190.59,   52.32,  30.52, 2486.3,    0.75,  334.84,  366.55,  365.93,  347.78,  349.28,  349.34, 1470.90, 1527.61, 1495.45, 1477.01, 1473.40, 1469.63, 1553.04, 1551.26,  7252.2, 169,  GPS,   11.5, 110.60, 116.50, 119.000, 121.500, -0.002,       ,  24.87, -58.2,    3.6,   11.5,  -14.1,      1,   GPS,    ALT,  -0.0,   0.4,   3.9, 3DDiff, 3704,      ,     14,  21.5,     20
2018-08-27, 17:17:36,  -04:00,  BLATT,   41.7668915,  -72.0116196,  7001.4, 30.03,  7352.1,  17.5, 146.06, 153.51,    0.33,   0.43,  -0.07,   0.00,  -0.00,   4.4,  11.5,  27.7,  28.8,   1.7,  27.80,  25.76,    16.33,  190.60,   52.16,  30.53, 2486.3,    0.75,  334.82,  366.53,  365.85,  347.78,  349.24,  349.34, 1470.66, 1528.52, 1496.22, 1476.48, 1473.98, 1470.38, 1553.12, 1551.19,  7252.0, 169,  GPS,   11.5, 110.60, 116.50, 119.000, 121.500, -0.002,       ,  24.89, -58.3,    3.6,   11.5,  -14.1,      1,   GPS,    ALT,  -0.0,   0.4,  -7.9, 3DDiff, 3704,      ,     14,  21.5,     20
2018-08-27, 17:17:37,  -04:00,  BLATT,   41.7676010,  -72.0116653,  7000.4, 30.03,  7351.9,  17.5, 145.98, 153.51,  -14.21,   0.43,  -0.04,   0.00,   0.00,   4.4,  11.5,  27.7,  28.8,   1.7,  27.81,  25.75,    16.33,  190.59,   52.25,  30.53, 2486.9,    0.75,  334.79,  366.55,  365.76,  347.80,  349.19,  349.33, 1470.76, 1527.74, 1496.95, 1476.31, 1473.24, 1470.42, 1553.31, 1550.95,  7251.9, 169,  GPS,   11.5, 110.60, 116.50, 119.000, 121.500, -0.002,       ,  24.90, -58.3,    3.6,   11.5,  -14.1,      1,   GPS,    ALT,  -0.0,   0.4,  -7.9, 3DDiff, 3704,      ,     14,  21.5,     20
2018-08-27, 17:17:38,  -04:00,  BLATT,   41.7683105,  -72.0117111,  7001.4, 30.03,  7351.9,  17.5, 146.01, 153.51,  -12.00,   0.47,  -0.04,   0.00,   0.00,   4.4,  11.5,  27.7,  28.8,   1.7,  27.81,  25.74,    16.31,  190.59,   52.28,  30.51, 2486.0,    0.75,  334.79,  366.55,  365.67,  347.78,  349.15,  349.33, 1470.57, 1527.70, 1496.56, 1477.41, 1473.36, 1470.29, 1553.51, 1551.31,  7251.8, 169,  GPS,   11.5, 110.60, 116.50, 119.000, 121.500, -0.002,       ,  24.92, -58.4,    3.5,   11.5,  -14.1,      1,   GPS,    ALT,  -0.0,   0.5,  -3.9, 3DDiff, 3704,      ,     14,  22.0,     20
2018-08-27, 17:17:39,  -04:00,  BLATT,   41.7690201,  -72.0117493,  7001.4, 30.03,  7351.8,  17.5, 145.98, 153.49,   -2.49,   0.47,  -0.07,  -0.00,  -0.01,   4.4,  11.5,  27.7,  28.8,   1.7,  27.81,  25.73,    16.39,  190.57,   52.25,  30.51, 2487.2,    0.76,  334.79,  366.55,  365.57,  347.76,  349.12,  349.33, 1469.87, 1527.31, 1496.83, 1477.33, 1473.59, 1470.76, 1553.47, 1551.05,  7251.8, 169,  GPS,   11.5, 110.60, 116.50, 119.000, 121.500, -0.002,       ,  24.93, -58.4,    3.5,   11.5,  -14.1,      1,   GPS,    ALT,  -0.0,   0.5,   0.0, 3DDiff, 3704,      ,     14,  22.5,     20
2018-08-27, 17:17:40,  -04:00,  BLATT,   41.7697296,  -72.0117950,  7001.4, 30.03,  7352.6,  17.5, 146.01, 153.45,    4.87,   0.44,  -0.05,   0.00,   0.00,   4.4,  11.5,  27.7,  28.8,   1.7,  27.82,  25.72,    16.33,  190.58,   52.26,  30.50, 2485.2,    0.75,  334.78,  366.55,  365.46,  347.78,  349.09,  349.33, 1468.54, 1527.09, 1496.06, 1477.00, 1473.75, 1469.93, 1552.67, 1550.72,  7252.6, 169,  GPS,   11.5, 110.60, 116.50, 119.000, 121.500, -0.002,       ,  24.94, -58.5,    3.4,   11.5,  -14.1,      1,   GPS,    ALT,  -0.0,   0.4,  -3.9, 3DDiff, 3704,      ,     14,  21.5,     20
2018-08-27, 17:17:41,  -04:00,  BLATT,   41.7704391,  -72.0118408,  7000.4, 30.03,  7351.8,  17.5, 145.91, 153.45,  -15.88,   0.47,  -0.02,   0.00,   0.00,   4.4,  11.5,  27.7,  28.8,   1.7,  27.82,  25.71,    16.38,  190.60,   52.31,  30.50, 2486.3,    0.76,  334.76,  366.55,  365.39,  347.78,  349.07,  349.31, 1468.58, 1527.37, 1497.10, 1476.67, 1473.06, 1469.56, 1552.68, 1551.18,  7251.7, 169,  GPS,   11.5, 110.60, 116.50, 119.000, 121.500, -0.002,       ,  24.96, -58.5,    3.4,   11.5,  -14.1,      1,   GPS,    ALT,  -0.0,   0.4,  -3.9, 3DDiff, 3704,      ,     14,  21.5,     20
2018-08-27, 17:17:42,  -04:00,  BLATT,   41.7711525,  -72.0118790,  7001.4, 30.03,  7351.7,  17.5, 146.03, 153.45,  -10.92,   0.52,  -0.03,  -0.00,   0.00,   4.4,  11.5,  27.7,  28.8,   1.7,  27.82,  25.70,    16.28,  190.58,   52.14,  30.51, 2484.6,    0.75,  334.75,  366.53,  365.29,  347.78,  349.03,  349.33, 1468.60, 1528.55, 1496.77, 1475.93, 1473.61, 1469.51, 1552.49, 1551.37,  7251.7, 169,  GPS,   11.5, 110.60, 116.50, 119.000, 121.500, -0.002,       ,  24.96, -58.6,    3.4,   11.5,  -14.1,      1,   GPS,    ALT,  -0.0,   0.5,   0.0, 3DDiff, 3704,      ,     14,  21.5,     20
2018-08-27, 17:17:43,  -04:00,  BLATT,   41.7718544,  -72.0119247,  7000.4, 30.03,  7351.7,  17.5, 145.96, 153.41,  -20.58,   0.51,  -0.03,   0.00,  -0.00,   4.5,  11.3,  27.7,  28.8,   1.7,  27.83,  25.69,    16.39,  190.59,   52.23,  30.52, 2487.6,    0.76,  334.76,  366.53,  365.21,  347.78,  349.00,  349.31, 1468.45, 1529.14, 1496.04, 1477.06, 1474.68, 1469.88, 1553.25, 1550.93,  7251.7, 169,  GPS,   11.5, 110.60, 116.50, 119.000, 121.500, -0.002,       ,  24.97, -58.6,    3.3,   11.5,  -14.1,      1,   GPS,    ALT,  -0.0,   0.5,   3.9, 3DDiff, 3704,      ,     14,  22.0,     20
2018-08-27, 17:17:44,  -04:00,  BLATT,   41.7725716,  -72.0119705,  7001.4, 30.03,  7351.8,  17.5, 145.98, 153.39,  -16.00,   0.53,  -0.05,   0.00,   0.00,   4.5,  11.4,  27.7,  28.8,   1.7,  27.84,  25.68,    16.29,  190.59,   52.29,  30.50, 2486.9,    0.75,  334.75,  366.52,  365.09,  347.76,  348.98,  349.33, 1468.47, 1528.97, 1495.25, 1475.97, 1473.68, 1469.00, 1552.12, 1550.49,  7251.8, 169,  GPS,   11.5, 110.60, 116.50, 119.000, 121.500, -0.002,       ,  24.98, -58.6,    3.3,   11.5,  -14.1,      1,   GPS,    ALT,  -0.0,   0.5,   7.9, 3DDiff, 3704,      ,     14,  22.0,     20
2018-08-27, 17:17:45,  -04:00,  BLATT,   41.7732773,  -72.0120163,  7001.4, 30.03,  7352.3,  17.5, 145.99, 153.37,   -2.30,   0.49,  -0.01,  -0.00,  -0.01,   4.5,  11.4,  27.7,  28.8,   1.7,  27.84,  25.67,    16.28,  190.59,   52.35,  30.49, 2487.0,    0.75,  334.73,  366.50,  365.02,  347.75,  349.00,  349.33, 1468.36, 1528.21, 1495.42, 1476.40, 1473.66, 1468.81, 1552.04, 1550.30,  7252.3, 169,  GPS,   11.5, 110.60, 116.50, 119.000, 121.500, -0.002,       ,  24.98, -58.6,    3.2,   11.5,  -14.1,      1,   GPS,    ALT,   0.0,   0.5,  15.7, 3DDiff, 3704,      ,     14,  22.5,     20
2018-08-27, 17:17:46,  -04:00,  BLATT,   41.7739868,  -72.0120544,  7001.4, 30.03,  7351.8,  17.5, 145.96, 153.33,    1.88,   0.48,  -0.03,  -0.00,  -0.00,   4.6,  11.4,  27.7,  28.8,   1.7,  27.83,  25.67,    16.28,  190.56,   52.34,  30.48, 2487.6,    0.75,  334.73,  366.50,  364.93,  347.75,  349.00,  349.33, 1468.30, 1528.41, 1495.22, 1475.98, 1472.67, 1469.08, 1552.24, 1549.91,  7251.8, 169,  GPS,   11.5, 110.60, 116.50, 119.000, 121.500, -0.002,       ,  24.98, -58.7,    3.2,   11.5,  -14.1,      1,   GPS,    ALT,   0.0,   0.5,  11.8, 3DDiff, 3704,      ,     14,  21.5,     20
2018-08-27, 17:17:47,  -04:00,  BLATT,   41.7746925,  -72.0121078,  7001.4, 30.03,  7353.0,  17.5, 145.94, 153.33,    1.98,   0.46,   0.00,   0.00,  -0.00,   4.6,  11.5,  27.7,  28.8,   1.7,  27.82,  25.68,    16.30,  190.57,   52.20,  30.51, 2487.3,    0.75,  334.72,  366.51,  364.85,  347.75,  349.08,  349.36, 1468.20, 1528.49, 1496.16, 1476.29, 1472.36, 1468.70, 1552.47, 1550.45,  7253.0, 169,  GPS,   11.5, 110.60, 116.50, 119.000, 121.500, -0.001,       ,  24.97, -58.7,    3.1,   11.5,  -14.1,      1,   GPS,    ALT,   0.0,   0.5,   7.9, 3DDiff, 3704,      ,     14,  21.5,     20
2018-08-27, 17:17:48,  -04:00,  BLATT,   41.7754059,  -72.0121460,  7002.4, 30.03,  7353.2,  17.5, 146.08, 153.35,   21.56,   0.41,  -0.02,   0.01,  -0.00,   4.6,  11.5,  27.7,  28.8,   1.7,  27.81,  25.69,    16.43,  190.58,   52.41,  30.54, 2485.2,    0.76,  334.72,  366.49,  364.75,  347.75,  349.18,  349.36, 1468.31, 1529.23, 1496.13, 1478.02, 1473.60, 1469.57, 1553.61, 1550.65,  7253.2, 169,  GPS,   11.5, 110.60, 116.50, 119.000, 121.500, -0.001,       ,  24.97, -58.7,    3.1,   11.5,  -14.1,      1,   GPS,    ALT,   0.0,   0.4,   3.9, 3DDiff, 3704,      ,     14,  22.5,     20
2018-08-27, 17:17:49,  -04:00,  BLATT,   41.7761116,  -72.0121918,  7002.4, 30.03,  7353.3,  17.5, 146.12, 153.37,   14.96,   0.36,  -0.01,  -0.00,  -0.00,   4.6,  11.5,  27.7,  28.8,   1.7,  27.80,  25.69,    16.34,  190.55,   52.41,  30.50, 2486.4,    0.75,  334.70,  366.49,  364.66,  347.75,  349.30,  349.39, 1467.98, 1528.49, 1495.29, 1476.56, 1473.44, 1469.62, 1552.75, 1549.70,  7253.3, 169,  GPS,   11.5, 110.60, 116.50, 119.000, 121.500, -0.001,       ,  24.95, -58.7,    3.1,   11.5,  -14.1,      1,   GPS,    ALT,   0.0,   0.4,   0.0, 3DDiff, 3704,      ,     14,  22.5,     20
2018-08-27, 17:17:50,  -04:00,  BLATT,   41.7768211,  -72.0122375,  7001.4, 30.03,  7353.1,  17.5, 146.06, 153.41,  -11.75,   0.35,   0.00,   0.00,  -0.00,   4.6,  11.5,  27.7,  28.8,   1.7,  27.78,  25.69,    16.34,  190.55,   52.37,  30.49, 2484.9,    0.75,  334.70,  366.49,  364.59,  347.75,  349.47,  349.42, 1468.11, 1527.45, 1495.14, 1475.52, 1472.81, 1470.81, 1551.86, 1549.52,  7253.1, 169,  GPS,   11.5, 110.60, 116.50, 119.000, 121.500, -0.001,       ,  24.94, -58.6,    3.0,   11.5,  -14.1,      1,   GPS,    ALT,   0.0,   0.3,  -3.9, 3DDiff, 3704,      ,     14,  23.0,     20
2018-08-27, 17:17:51,  -04:00,  BLATT,   41.7775307,  -72.0122757,  7001.4, 30.03,  7354.3,  17.5, 146.13, 153.43,  -25.16,   0.36,   0.02,   0.00,   0.01,   4.6,  11.5,  27.7,  28.8,   1.7,  27.76,  25.71,    16.30,  190.55,   52.06,  30.52, 2485.8,    0.75,  334.69,  366.49,  364.50,  347.75,  349.61,  349.42, 1468.58, 1529.07, 1495.15, 1477.04, 1472.41, 1471.38, 1553.07, 1549.54,  7254.3, 169,  GPS,   11.5, 110.60, 116.50, 119.000, 121.500, -0.001,       ,  24.93, -58.6,    3.0,   11.5,  -14.1,      1,   GPS,    ALT,  -0.0,   0.4,  -3.9, 3DDiff, 3704,      ,     14,  23.5,     20
2018-08-27, 17:17:52,  -04:00,  BLATT,   41.7782440,  -72.0123215,  7002.4, 30.03,  7355.1,  17.5, 146.22, 153.45,   -3.16,   0.35,  -0.04,  -0.00,  -0.00,   4.6,  11.5,  27.7,  28.8,   1.7,  27.74,  25.72,    16.35,  190.55,   52.30,  30.50, 2485.6,    0.75,  334.67,  366.47,  364.44,  347.75,  349.81,  349.39, 1467.77, 1529.58, 1495.45, 1477.58, 1471.67, 1472.07, 1553.18, 1549.00,  7255.1, 169,  GPS,   11.5, 110.60, 116.50, 119.000, 121.500, -0.001,       ,  24.91, -58.6,    2.9,   11.5,  -14.1,      1,   GPS,    ALT,  -0.0,   0.4,   3.9, 3DDiff, 3704,      ,     14,  22.5,     20
2018-08-27, 17:17:53,  -04:00,  BLATT,   41.7789574,  -72.0123596,  7001.4, 30.03,  7354.4,  17.5, 146.18, 153.49,  -26.67,   0.37,  -0.05,  -0.00,   0.00,   4.6,  11.5,  27.7,  28.8,   1.7,  27.73,  25.73,    16.33,  190.56,   52.32,  30.53, 2488.0,    0.75,  334.67,  366.46,  364.38,  347.75,  349.94,  349.42, 1468.77, 1529.16, 1495.81, 1477.44, 1471.28, 1472.85, 1553.36, 1550.19,  7254.4, 169,  GPS,   11.5, 110.60, 116.50, 119.000, 121.500, -0.001,       ,  24.90, -58.6,    2.9,   11.5,  -14.1,      1,   GPS,    ALT,  -0.0,   0.3,   0.0, 3DDiff, 3704,      ,     14,  22.5,     20
2018-08-27, 17:17:54,  -04:00,  BLATT,   41.7796669,  -72.0124054,  7001.4, 30.03,  7354.7,  17.5, 146.18, 153.52,  -21.28,   0.35,  -0.07,   0.00,  -0.00,   4.6,  11.5,  27.7,  28.8,   1.7,  27.71,  25.73,    16.33,  190.56,   52.31,  30.57, 2484.5,    0.75,  334.67,  366.46,  364.32,  347.75,  350.07,  349.44, 1469.06, 1529.17, 1495.68, 1477.54, 1472.71, 1473.04, 1553.56, 1550.61,  7254.7, 169,  GPS,   11.5, 110.60, 116.50, 119.000, 121.500, -0.001,       ,  24.88, -58.5,    2.8,   11.5,  -14.1,      1,   GPS,    ALT,  -0.0,   0.3,   7.9, 3DDiff, 3704,      ,     14,  22.5,     20
2018-08-27, 17:17:55,  -04:00,  BLATT,   41.7803764,  -72.0124512,  7002.4, 30.03,  7355.0,  17.5, 146.34, 153.54,    6.83,   0.30,  -0.02,   0.00,  -0.01,   4.6,  11.5,  27.7,  28.8,   1.7,  27.71,  25.73,    16.35,  190.57,   52.39,  30.51, 2486.9,    0.75,  334.69,  366.46,  364.32,  347.75,  350.19,  349.43, 1469.73, 1529.34, 1495.73, 1477.39, 1473.27, 1472.30, 1553.48, 1550.70,  7255.0, 169,  GPS,   11.5, 110.60, 116.50, 119.000, 121.500, -0.001,       ,  24.87, -58.5,    2.8,   11.5,  -14.1,      1,   GPS,    ALT,  -0.0,   0.3,  11.8, 3DDiff, 3704,      ,     14,  22.5,     20
2018-08-27, 17:17:56,  -04:00,  BLATT,   41.7810822,  -72.0124893,  7002.4, 30.03,  7355.3,  17.5, 146.35, 153.60,   12.30,   0.29,   0.01,  -0.00,  -0.01,   4.6,  11.5,  27.7,  28.8,   1.7,  27.70,  25.73,    16.26,  190.56,   52.41,  30.45, 2485.5,    0.75,  334.67,  366.46,  364.31,  347.72,  350.31,  349.43, 1469.64, 1529.22, 1495.11, 1476.90, 1471.90, 1472.92, 1553.10, 1549.41,  7255.2, 169,  GPS,   11.5, 110.60, 116.50, 119.000, 121.500, -0.001,       ,  24.85, -58.4,    2.8,   11.5,  -14.1,      1,   GPS,    ALT,  -0.0,   0.3,   3.9, 3DDiff, 3704,      ,     14,  23.0,     20
2018-08-27, 17:17:57,  -04:00,  BLATT,   41.7817993,  -72.0125275,  7003.4, 30.03,  7353.2,  17.5, 146.45, 153.64,   21.31,   0.22,   0.00,   0.00,  -0.01,   4.6,  11.5,  27.7,  28.8,   1.7,  27.69,  25.73,    16.23,  190.56,   52.32,  30.49, 2486.8,    0.75,  334.64,  366.43,  364.32,  347.72,  350.40,  349.43, 1468.09, 1528.58, 1495.81, 1477.53, 1470.61, 1472.56, 1553.11, 1548.22,  7253.2, 169,  GPS,   11.5, 110.60, 116.50, 119.000, 121.500, -0.001,       ,  24.84, -58.4,    2.7,   11.5,  -14.1,      1,   GPS,    ALT,  -0.0,   0.2,  -3.9, 3DDiff, 3704,      ,     14,  23.5,     20
2018-08-27, 17:17:58,  -04:00,  BLATT,   41.7825089,  -72.0125809,  7002.4, 30.03,  7352.7,  17.5, 146.42, 153.72,   -7.10,   0.20,  -0.03,   0.00,  -0.00,   4.6,  11.6,  27.7,  28.8,   1.7,  27.68,  25.74,    16.29,  190.56,   52.31,  30.51, 2485.4,    0.75,  334.66,  366.43,  364.37,  347.74,  350.50,  349.42, 1467.70, 1528.88, 1495.13, 1477.61, 1471.18, 1471.76, 1552.99, 1548.61,  7252.7, 169,  GPS,   11.5, 110.60, 116.50, 119.000, 121.500, -0.001,       ,  24.83, -58.3,    2.7,   11.5,  -14.1,      1,   GPS,    ALT,  -0.0,   0.2, -23.6, 3DDiff, 3704,      ,     14,  22.5,     20
2018-08-27, 17:17:59,  -04:00,  BLATT,   41.7832146,  -72.0126190,  7002.4, 30.03,  7352.6,  17.5, 146.51, 153.78,  -14.51,   0.21,  -0.08,  -0.00,   0.00,   4.6,  11.6,  27.7,  28.8,   1.7,  27.66,  25.73,    16.33,  190.56,   52.26,  30.51, 2486.7,    0.75,  334.66,  366.42,  364.44,  347.74,  350.58,  349.37, 1467.47, 1528.78, 1494.98, 1476.96, 1470.60, 1472.00, 1552.90, 1547.68,  7252.6, 169,  GPS,   11.5, 110.60, 116.50, 119.000, 121.500, -0.001,       ,  24.82, -58.3,    2.6,   11.5,  -14.1,      1,   GPS,    ALT,  -0.0,   0.2, -23.6, 3DDiff, 3704,      ,     14,  22.5,     20
2018-08-27, 17:18:00,  -04:00,  BLATT,   41.7839241,  -72.0126572,  7001.4, 30.03,  7352.2,  17.5, 146.52, 153.86,  -36.70,   0.23,  -0.11,  -0.01,   0.00,   4.6,  11.6,  27.7,  28.8,   1.7,  27.65,  25.73,    16.28,  190.54,   52.33,  30.53, 2487.8,    0.75,  334.64,  366.42,  364.55,  347.72,  350.61,  349.39, 1467.27, 1528.75, 1495.70, 1476.74, 1470.63, 1471.68, 1553.14, 1548.53,  7252.2, 169,  GPS,   11.5, 110.60, 116.50, 119.000, 121.500, -0.001,       ,  24.81, -58.2,    2.6,   11.5,  -14.1,      1,   GPS,    ALT,  -0.0,   0.2, -19.7, 3DDiff, 3704,      ,     14,  22.5,     20
2018-08-27, 17:18:01,  -04:00,  BLATT,   41.7846375,  -72.0127106,  7001.4, 30.03,  7351.9,  17.5, 146.59, 153.93,  -27.60,   0.25,  -0.10,  -0.00,  -0.00,   4.6,  11.6,  27.7,  28.8,   1.7,  27.65,  25.73,    16.30,  190.54,   52.45,  30.50, 2486.6,    0.75,  334.66,  366.38,  364.65,  347.72,  350.65,  349.39, 1466.61, 1528.18, 1496.26, 1476.37, 1470.28, 1470.24, 1552.88, 1547.99,  7251.9, 169,  GPS,   11.5, 110.60, 116.50, 119.000, 121.500, -0.001,       ,  24.80, -58.2,    2.5,   11.5,  -14.1,      1,   GPS,    ALT,  -0.0,   0.2, -11.8, 3DDiff, 3704,      ,     14,  22.5,     20
2018-08-27, 17:18:02,  -04:00,  BLATT,   41.7853546,  -72.0127411,  7001.4, 30.03,  7351.8,  17.5, 146.66, 153.99,  -18.03,   0.23,  -0.07,   0.00,  -0.00,   4.6,  11.5,  27.7,  28.8,   1.7,  27.65,  25.72,    16.31,  190.55,   52.34,  30.54, 2486.2,    0.75,  334.64,  366.39,  364.74,  347.71,  350.71,  349.39, 1467.31, 1528.23, 1496.36, 1475.77, 1469.20, 1470.23, 1552.55, 1548.66,  7251.7, 169,  GPS,   11.5, 110.60, 116.50, 119.000, 121.500, -0.001,       ,  24.79, -58.1,    2.5,   11.5,  -14.1,      1,   GPS,    ALT,  -0.1,   0.2,  -7.9, 3DDiff, 3704,      ,     14,  23.0,     20
2018-08-27, 17:18:03,  -04:00,  BLATT,   41.7860680,  -72.0127869,  7001.4, 30.03,  7353.6,  17.5, 146.67, 154.03,  -18.53,   0.24,  -0.09,  -0.01,   0.00,   4.6,  11.5,  27.7,  28.8,   1.7,  27.65,  25.72,    16.27,  190.53,   52.33,  30.51, 2486.0,    0.75,  334.66,  366.37,  364.84,  347.68,  350.71,  349.36, 1467.45, 1528.00, 1496.45, 1475.27, 1469.85, 1469.90, 1552.27, 1549.35,  7253.5, 169,  GPS,   11.5, 110.60, 116.50, 119.000, 121.500, -0.001,       ,  24.78, -58.1,    2.5,   11.5,  -14.1,      1,   GPS,    ALT,  -0.0,   0.2, -11.8, 3DDiff, 3704,      ,     14,  23.5,     20
2018-08-27, 17:18:04,  -04:00,  BLATT,   41.7867775,  -72.0128326,  7000.4, 30.03,  7353.2,  17.5, 146.68, 154.09,  -24.49,   0.25,  -0.09,  -0.00,  -0.01,   4.6,  11.5,  27.7,  28.8,   1.7,  27.65,  25.72,    16.27,  190.54,   52.56,  30.50, 2486.1,    0.75,  334.63,  366.37,  364.95,  347.68,  350.70,  349.36, 1467.19, 1527.93, 1495.28, 1476.27, 1469.41, 1470.35, 1552.44, 1548.98,  7253.2, 169,  GPS,   11.5, 110.60, 116.50, 119.000, 121.500, -0.001,       ,  24.78, -58.0,    2.4,   11.5,  -14.1,      1,   GPS,    ALT,  -0.0,   0.3, -11.8, 3DDiff, 3704,      ,     14,  22.5,     20
2018-08-27, 17:18:05,  -04:00,  BLATT,   41.7874947,  -72.0128708,  7000.4, 30.03,  7352.8,  17.5, 146.75, 154.13,  -35.60,   0.31,  -0.12,   0.00,   0.00,   4.6,  11.5,  27.7,  28.8,   1.7,  27.65,  25.71,    16.38,  190.55,   52.58,  30.55, 2487.1,    0.76,  334.66,  366.37,  365.05,  347.68,  350.71,  349.34, 1467.62, 1527.77, 1495.24, 1476.92, 1470.57, 1469.75, 1552.96, 1549.11,  7252.8, 169,  GPS,   11.5, 110.60, 116.50, 119.000, 121.500, -0.001,       ,  24.77, -58.0,    2.4,   11.5,  -14.1,      1,   GPS,    ALT,  -0.0,   0.3,  -3.9, 3DDiff, 3704,      ,     14,  22.0,     20
2018-08-27, 17:18:06,  -04:00,  BLATT,   41.7882042,  -72.0129089,  6999.4, 30.03,  7353.1,  17.5, 146.75, 154.17,  -36.32,   0.35,  -0.01,   0.00,   0.01,   4.5,  11.5,  27.7,  28.8,   1.7,  27.65,  25.70,    16.35,  190.56,   52.39,  30.53, 2487.2,    0.75,  334.66,  366.36,  365.17,  347.66,  350.73,  349.33, 1467.53, 1528.45, 1494.86, 1478.00, 1471.16, 1470.20, 1553.75, 1548.89,  7253.0, 169,  GPS,   11.5, 110.60, 116.50, 119.000, 121.500, -0.001,       ,  24.77, -58.0,    2.3,   11.5,  -14.1,      1,   GPS,    ALT,  -0.0,   0.3,   3.9, 3DDiff, 3704,      ,     14,  22.5,     20
2018-08-27, 17:18:07,  -04:00,  BLATT,   41.7889214,  -72.0129623,  7000.4, 30.03,  7353.4,  17.5, 146.87, 154.19,  -13.55,   0.37,   0.01,  -0.00,   0.00,   4.5,  11.5,  27.7,  28.8,   1.7,  27.64,  25.69,    16.25,  190.58,   52.42,  30.50, 2488.4,    0.75,  334.64,  366.34,  365.29,  347.66,  350.74,  349.33, 1467.45, 1528.07, 1495.39, 1477.75, 1470.71, 1470.67, 1553.65, 1548.53,  7253.4, 170,  GPS,   11.5, 110.60, 116.50, 119.000, 121.500, -0.001,       ,  24.76, -58.0,    2.3,   11.5,  -14.1,      1,   GPS,    ALT,   0.0,   0.3,  15.7, 3DDiff, 3704,      ,     14,  22.5,     20
2018-08-27, 17:18:08,  -04:00,  BLATT,   41.7896309,  -72.0130005,  6999.4, 30.03,  7353.7,  17.5, 146.79, 154.19,  -19.09,   0.37,  -0.02,   0.00,  -0.00,   4.5,  11.5,  27.7,  28.8,   1.7,  27.64,  25.69,    16.28,  190.57,   52.26,  30.48, 2486.3,    0.75,  334.64,  366.34,  365.41,  347.65,  350.74,  349.33, 1467.64, 1527.82, 1494.89, 1477.16, 1470.26, 1470.46, 1553.21, 1547.76,  7253.7, 169,  GPS,   11.5, 110.60, 116.50, 119.000, 121.500, -0.001,       ,  24.76, -57.9,    2.2,   11.5,  -14.1,      1,   GPS,    ALT,   0.0,   0.4,  11.8, 3DDiff, 3704,      ,     14,  23.0,     20
2018-08-27, 17:18:09,  -04:00,  BLATT,   41.7903404,  -72.0130386,  7000.4, 30.03,  7352.2,  17.5, 146.85, 154.19,   -7.58,   0.38,  -0.02,   0.00,   0.00,   4.5,  11.5,  27.7,  28.8,   1.7,  27.64,  25.69,    16.31,  190.58,   52.06,  30.52, 2486.2,    0.75,  334.64,  366.34,  365.51,  347.65,  350.71,  349.30, 1467.13, 1527.19, 1495.38, 1476.89, 1470.09, 1471.30, 1552.96, 1547.77,  7252.2, 170,  GPS,   11.5, 110.60, 116.50, 119.000, 121.500, -0.001,       ,  24.76, -57.9,    2.2,   11.5,  -14.1,      1,   GPS,    ALT,   0.0,   0.4,  15.7, 3DDiff, 3704,      ,     14,  23.5,     20
2018-08-27, 17:18:09,  -04:00,  BLATT,   41.7910576,  -72.0130920,  7000.4, 30.03,  7352.7,  17.5, 146.82, 154.17,   -7.48,   0.37,  -0.01,   0.00,  -0.00,   4.5,  11.5,  27.7,  28.8,   1.7,  27.63,  25.69,    16.37,  190.55,   52.25,  30.52, 2487.2,    0.76,  334.66,  366.35,  365.62,  347.63,  350.71,  349.30, 1466.53, 1527.87, 1494.41, 1477.46, 1470.10, 1471.97, 1553.25, 1547.26,  7252.6, 170,  GPS,   11.5, 110.60, 116.50, 119.000, 121.500, -0.001,       ,  24.76, -57.9,    2.2,   11.5,  -14.1,      1,   GPS,    ALT,   0.0,   0.4,  15.7, 3DDiff, 3704,      ,     14,  22.5,     20
2018-08-27, 17:18:10,  -04:00,  BLATT,   41.7917709,  -72.0131302,  7001.4, 30.03,  7353.1,  17.5, 146.82, 154.17,    1.43,   0.41,  -0.01,   0.00,   0.00,   4.6,  11.6,  27.7,  28.8,   1.7,  27.62,  25.69,    16.29,  190.56,   52.24,  30.52, 2486.6,    0.75,  334.66,  366.32,  365.72,  347.63,  350.68,  349.27, 1466.71, 1527.47, 1495.01, 1477.58, 1469.88, 1471.48, 1553.52, 1548.44,  7253.1, 170,  GPS,   11.5, 110.60, 116.50, 119.000, 121.500, -0.001,       ,  24.76, -57.9,    2.1,   11.5,  -14.1,      1,   GPS,    ALT,  -0.0,   0.4,   7.9, 3DDiff, 3704,      ,     14,  22.0,     20
2018-08-27, 17:18:11,  -04:00,  BLATT,   41.7924843,  -72.0131683,  7001.4, 30.03,  7353.3,  17.5, 146.89, 154.17,   29.96,   0.34,   0.00,   0.00,  -0.01,   4.6,  11.6,  27.7,  28.8,   1.7,  27.61,  25.69,    16.32,  190.55,   52.29,  30.55, 2486.3,    0.75,  334.66,  366.31,  365.78,  347.62,  350.65,  349.27, 1467.82, 1527.55, 1496.66, 1478.64, 1471.25, 1471.80, 1553.92, 1550.05,  7253.3, 170,  GPS,   11.5, 110.60, 116.50, 119.000, 121.500, -0.001,       ,  24.76, -57.9,    2.1,   11.5,  -14.1,      1,   GPS,    ALT,  -0.0,   0.4,   7.9, 3DDiff, 3704,      ,     14,  22.5,     20
2018-08-27, 17:18:12,  -04:00,  BLATT,   41.7931976,  -72.0132141,  7001.4, 30.03,  7353.0,  17.5, 146.87, 154.17,   11.20,   0.30,  -0.01,   0.00,  -0.00,   4.6,  11.6,  27.7,  28.8,   1.7,  27.61,  25.68,    16.29,  190.55,   52.43,  30.54, 2487.9,    0.75,  334.66,  366.31,  365.85,  347.60,  350.62,  349.22, 1467.92, 1527.05, 1496.70, 1478.02, 1471.83, 1472.83, 1553.44, 1549.83,  7253.0, 170,  GPS,   11.5, 110.60, 116.50, 119.000, 121.500, -0.001,       ,  24.76, -57.9,    2.0,   11.5,  -14.1,      1,   GPS,    ALT,  -0.0,   0.3,  -7.9, 3DDiff, 3704,      ,     14,  23.0,     20
2018-08-27, 17:18:13,  -04:00,  BLATT,   41.7939072,  -72.0132523,  7001.4, 30.03,  7352.7,  17.5, 146.89, 154.19,    2.19,   0.34,  -0.08,  -0.00,   0.00,   4.6,  11.6,  27.7,  28.8,   1.7,  27.60,  25.68,    16.31,  190.55,   52.27,  30.51, 2487.9,    0.75,  334.67,  366.30,  365.94,  347.59,  350.61,  349.21, 1467.77, 1527.20, 1496.38, 1477.51, 1472.39, 1471.85, 1553.08, 1550.13,  7252.7, 170,  GPS,   11.5, 110.60, 116.50, 119.000, 121.500, -0.001,       ,  24.77, -57.9,    2.0,   11.5,  -14.1,      1,   GPS,    ALT,  -0.0,   0.3, -11.8, 3DDiff, 3704,      ,     14,  23.5,     20
2018-08-27, 17:18:14,  -04:00,  BLATT,   41.7946205,  -72.0132980,  7001.4, 30.03,  7353.8,  17.5, 146.86, 154.19,    0.50,   0.29,  -0.08,   0.00,  -0.01,   4.5,  11.6,  27.7,  28.8,   1.7,  27.60,  25.68,    16.34,  190.56,   52.25,  30.53, 2488.1,    0.75,  334.66,  366.28,  366.00,  347.57,  350.56,  349.18, 1467.99, 1527.99, 1496.03, 1476.24, 1473.16, 1473.11, 1553.47, 1550.02,  7253.8, 170,  GPS,   11.5, 110.60, 116.50, 119.000, 121.500, -0.001,       ,  24.78, -57.9,    1.9,   11.5,  -14.1,      1,   GPS,    ALT,  -0.0,   0.3, -11.8, 3DDiff, 3704,      ,     14,  24.0,     20
2018-08-27, 17:18:15,  -04:00,  BLATT,   41.7953377,  -72.0133438,  7000.4, 30.03,  7353.3,  17.5, 146.84, 154.21,  -25.09,   0.30,  -0.08,   0.00,   0.00,   4.5,  11.6,  27.7,  28.8,   1.7,  27.59,  25.68,    16.27,  190.55,   52.26,  30.51, 2485.1,    0.75,  334.66,  366.28,  366.06,  347.56,  350.53,  349.18, 1468.87, 1528.48, 1495.83, 1476.23, 1472.83, 1471.58, 1553.27, 1549.96,  7253.3, 170,  GPS,   11.5, 110.60, 116.50, 119.000, 121.500, -0.001,       ,  24.79, -57.9,    1.9,   11.5,  -14.1,      1,   GPS,    ALT,  -0.0,   0.3, -15.7, 3DDiff, 3704,      ,     14,  23.0,     20
2018-08-27, 17:18:16,  -04:00,  BLATT,   41.7960472,  -72.0133743,  7001.4, 30.03,  7352.5,  17.5, 146.91, 154.22,  -22.49,   0.35,  -0.10,   0.00,   0.01,   4.5,  11.6,  27.7,  28.8,   1.7,  27.58,  25.67,    16.39,  190.55,   52.36,  30.47, 2486.9,    0.76,  334.66,  366.28,  366.09,  347.58,  350.52,  349.19, 1468.22, 1527.77, 1495.33, 1475.84, 1471.43, 1470.55, 1552.22, 1548.53,  7252.5, 170,  GPS,   11.5, 110.60, 116.50, 119.000, 121.500, -0.001,       ,  24.80, -57.9,    1.9,   11.5,  -14.1,      1,   GPS,    ALT,  -0.0,   0.3,  -7.9, 3DDiff, 3704,      ,     14,  23.0,     20
2018-08-27, 17:18:17,  -04:00,  BLATT,   41.7967644,  -72.0134201,  7000.4, 30.03,  7352.5,  17.5, 146.83, 154.22,  -19.69,   0.32,  -0.13,  -0.00,  -0.00,   4.5,  11.6,  27.7,  28.8,   1.7,  27.58,  25.67,    16.31,  190.54,   52.32,  30.53, 2486.6,    0.75,  334.66,  366.25,  366.12,  347.56,  350.46,  349.18, 1468.59, 1528.83, 1495.72, 1476.22, 1470.80, 1470.62, 1552.34, 1549.01,  7252.5, 170,  GPS,   11.5, 110.60, 116.50, 119.000, 121.500, -0.001,       ,  24.82, -57.9,    1.8,   11.5,  -14.1,      1,   GPS,    ALT,  -0.0,   0.3,   0.0, 3DDiff, 3704,      ,     14,  23.0,     20
2018-08-27, 17:18:18,  -04:00,  BLATT,   41.7974777,  -72.0134659,  7001.4, 30.03,  7352.4,  17.5, 146.99, 154.22,    1.62,   0.32,  -0.12,   0.00,  -0.01,   4.4,  11.6,  27.7,  28.8,   1.7,  27.59,  25.66,    16.27,  190.55,   52.30,  30.54, 2485.1,    0.75,  334.66,  366.24,  366.12,  347.56,  350.43,  349.18, 1469.44, 1529.19, 1495.73, 1476.53, 1470.27, 1469.51, 1552.83, 1548.77,  7252.4, 170,  GPS,   11.5, 110.60, 116.50, 119.000, 121.500, -0.001,       ,  24.83, -57.9,    1.8,   11.5,  -14.1,      1,   GPS,    ALT,  -0.0,   0.3,  -7.9, 3DDiff, 3704,      ,     14,  23.0,     20
2018-08-27, 17:18:19,  -04:00,  BLATT,   41.7981911,  -72.0135040,  7001.4, 30.03,  7352.3,  17.5, 146.94, 154.22,   10.27,   0.26,  -0.10,   0.00,  -0.00,   4.4,  11.6,  27.7,  28.8,   1.7,  27.59,  25.64,    16.34,  190.54,   52.31,  30.50, 2484.9,    0.75,  334.67,  366.22,  366.15,  347.54,  350.40,  349.17, 1469.22, 1528.84, 1495.77, 1476.29, 1470.50, 1467.86, 1551.85, 1548.56,  7252.2, 170,  GPS,   11.5, 110.60, 116.50, 119.000, 121.500, -0.001,       ,  24.85, -57.9,    1.7,   11.5,  -14.1,      1,   GPS,    ALT,  -0.1,   0.3,  -3.9, 3DDiff, 3704,      ,     14,  23.5,     20
2018-08-27, 17:18:20,  -04:00,  BLATT,   41.7989044,  -72.0135498,  7000.4, 30.03,  7351.0,  17.5, 146.86, 154.22,  -19.20,   0.29,  -0.10,  -0.01,   0.00,   4.4,  11.5,  27.7,  28.8,   1.7,  27.60,  25.63,    16.37,  190.54,   52.23,  30.50, 2486.0,    0.76,  334.66,  366.21,  366.15,  347.54,  350.35,  349.16, 1468.62, 1527.97, 1496.29, 1475.82, 1470.61, 1468.57, 1552.50, 1548.45,  7251.3, 170,  GPS,   11.5, 110.60, 116.50, 119.000, 121.500, -0.001,       ,  24.87, -57.9,    1.7,   11.5,  -14.1,      1,   GPS,    ALT,  -0.0,   0.3, -15.7, 3DDiff, 3704,      ,     14,  24.0,     20
2018-08-27, 17:18:21,  -04:00,  BLATT,   41.7996216,  -72.0135880,  7000.4, 30.03,  7350.9,  17.5, 146.88, 154.24,  -24.78,   0.33,  -0.10,  -0.00,  -0.00,   4.4,  11.5,  27.7,  28.8,   1.7,  27.61,  25.61,    16.33,  190.54,   52.29,  30.50, 2486.7,    0.75,  334.66,  366.22,  366.13,  347.55,  350.32,  349.15, 1469.50, 1528.34, 1495.82, 1475.62, 1470.85, 1467.86, 1552.37, 1549.08,  7251.2, 170,  GPS,   11.5, 110.60, 116.50, 119.000, 121.500, -0.001,       ,  24.89, -58.0,    1.6,   11.5,  -14.1,      1,   GPS,    ALT,  -0.0,   0.3, -15.7, 3DDiff, 3704,      ,     14,  23.0,     20
2018-08-27, 17:18:22,  -04:00,  BLATT,   41.8003273,  -72.0136337,  7000.4, 30.03,  7351.6,  17.5, 146.86, 154.22,  -19.92,   0.33,  -0.04,   0.00,  -0.00,   4.4,  11.5,  27.7,  28.8,   1.7,  27.63,  25.59,    16.28,  190.52,   52.36,  30.53, 2486.4,    0.75,  334.66,  366.19,  366.13,  347.53,  350.31,  349.15, 1469.61, 1529.22, 1495.76, 1476.26, 1471.40, 1468.78, 1552.83, 1549.26,  7251.9, 170,  GPS,   11.5, 110.60, 116.50, 119.000, 121.500, -0.001,       ,  24.91, -58.0,    1.6,   11.5,  -14.1,      1,   GPS,    ALT,  -0.0,   0.3,  -7.9, 3DDiff, 3704,      ,     14,  22.5,     20
2018-08-27, 17:18:23,  -04:00,  BLATT,   41.8010445,  -72.0136795,  6999.4, 30.03,  7351.6,  17.5, 146.78, 154.22,  -36.70,   0.36,   0.00,   0.00,   0.01,   4.4,  11.5,  27.7,  28.8,   1.7,  27.65,  25.58,    16.31,  190.52,   52.28,  30.54, 2485.6,    0.75,  334.66,  366.16,  366.10,  347.53,  350.25,  349.15, 1469.99, 1529.07, 1496.45, 1476.21, 1472.45, 1468.97, 1552.61, 1550.45,  7251.9, 169,  GPS,   11.5, 110.60, 116.50, 119.000, 121.500, -0.001,       ,  24.93, -58.0,    1.6,   11.5,  -14.1,      1,   GPS,    ALT,  -0.0,   0.3,  -7.9, 3DDiff, 3704,      ,     14,  23.0,     20
2018-08-27, 17:18:24,  -04:00,  BLATT,   41.8017540,  -72.0137253,  7000.4, 30.03,  7351.7,  17.5, 146.87, 154.28,   -8.80,   0.41,  -0.04,  -0.00,   0.00,   4.4,  11.5,  27.7,  28.8,   1.7,  27.66,  25.56,    16.42,  190.53,   52.56,  30.53, 2486.1,    0.76,  334.64,  366.16,  366.07,  347.50,  350.22,  349.13, 1470.97, 1528.45, 1497.10, 1475.80, 1473.45, 1470.91, 1552.80, 1551.59,  7252.0, 170,  GPS,   11.5, 110.60, 116.50, 119.000, 121.500, -0.001,       ,  24.95, -58.1,    1.5,   11.5,  -14.1,      1,   GPS,    ALT,   0.0,   0.4,   0.0, 3DDiff, 3704,      ,     14,  23.0,     20
2018-08-27, 17:18:25,  -04:00,  BLATT,   41.8024712,  -72.0137558,  6999.4, 30.03,  7351.8,  17.5, 146.70, 154.22,  -23.76,   0.38,  -0.01,   0.00,  -0.00,   4.4,  11.5,  27.7,  28.8,   1.7,  27.67,  25.55,    16.35,  190.50,   52.61,  30.53, 2486.7,    0.75,  334.63,  366.13,  366.06,  347.50,  350.17,  349.14, 1469.91, 1527.98, 1497.76, 1475.04, 1474.36, 1471.41, 1551.85, 1551.26,  7252.1, 169,  GPS,   11.5, 110.60, 116.50, 119.000, 121.500, -0.001,       ,  24.97, -58.1,    1.5,   11.5,  -14.1,      1,   GPS,    ALT,   0.0,   0.4,   3.9, 3DDiff, 3704,      ,     14,  23.5,     20
2018-08-27, 17:18:26,  -04:00,  BLATT,   41.8031845,  -72.0138092,  6999.4, 30.03,  7352.1,  17.5, 146.67, 154.21,  -21.59,   0.45,   0.02,   0.01,   0.01,   4.5,  11.5,  27.7,  28.8,   1.7,  27.67,  25.54,    16.40,  190.49,   52.52,  30.54, 2486.9,    0.76,  334.63,  366.09,  366.03,  347.47,  350.13,  349.12, 1469.55, 1528.48, 1496.78, 1475.67, 1473.34, 1471.80, 1552.55, 1550.28,  7252.4, 169,  GPS,   11.5, 110.60, 116.50, 119.000, 121.500, -0.001,       ,  24.99, -58.1,    1.4,   11.5,  -14.1,      1,   GPS,    ALT,   0.0,   0.4,   3.9, 3DDiff, 3704,      ,     14,  24.0,     20
2018-08-27, 17:18:27,  -04:00,  BLATT,   41.8038979,  -72.0138474,  6999.4, 30.03,  7352.2,  17.5, 146.60, 154.17,  -18.44,   0.49,  -0.01,  -0.00,   0.00,   4.5,  11.5,  27.7,  28.8,   1.7,  27.66,  25.55,    16.31,  190.51,   52.54,  30.51, 2486.4,    0.75,  334.67,  366.09,  366.00,  347.45,  350.09,  349.12, 1469.47, 1527.98, 1496.29, 1475.40, 1474.00, 1470.81, 1551.75, 1550.28,  7252.5, 169,  GPS,   11.5, 110.60, 116.50, 119.000, 121.500, -0.001,       ,  25.00, -58.2,    1.4,   11.5,  -14.1,      1,   GPS,    ALT,   0.0,   0.5,  11.8, 3DDiff, 3704,      ,     14,  23.0,     20
2018-08-27, 17:18:28,  -04:00,  BLATT,   41.8046112,  -72.0138855,  6999.4, 30.03,  7351.3,  17.5, 146.52, 154.15,   -8.30,   0.51,  -0.04,   0.00,  -0.00,   4.5,  11.6,  27.7,  28.8,   1.7,  27.66,  25.55,    16.30,  190.52,   52.64,  30.50, 2487.0,    0.75,  334.66,  366.07,  365.95,  347.46,  350.04,  349.12, 1469.73, 1527.47, 1495.98, 1473.75, 1473.06, 1470.23, 1551.36, 1549.34,  7251.6, 169,  GPS,   11.5, 110.60, 116.50, 119.000, 121.500, -0.001,       ,  25.01, -58.2,    1.3,   11.5,  -14.1,      1,   GPS,    ALT,   0.0,   0.5,  15.7, 3DDiff, 3704,      ,     14,  22.5,     20
2018-08-27, 17:18:29,  -04:00,  BLATT,   41.8053207,  -72.0139389,  7000.4, 30.03,  7351.5,  17.5, 146.58, 154.13,   16.81,   0.48,  -0.02,   0.00,  -0.00,   4.5,  11.6,  27.7,  28.8,   1.7,  27.65,  25.55,    16.33,  190.53,   52.36,  30.50, 2485.9,    0.75,  334.64,  366.01,  365.89,  347.44,  349.98,  349.10, 1469.28, 1528.97, 1495.89, 1474.08, 1472.46, 1471.22, 1552.17, 1549.00,  7251.8, 169,  GPS,   11.5, 110.60, 116.50, 119.000, 121.500, -0.001,       ,  25.02, -58.2,    1.3,   11.5,  -14.1,      1,   GPS,    ALT,   0.0,   0.5,  15.7, 3DDiff, 3704,      ,     14,  23.0,     20
2018-08-27, 17:18:30,  -04:00,  BLATT,   41.8060341,  -72.0139771,  7000.4, 30.03,  7351.5,  17.5, 146.49, 154.07,   16.62,   0.45,  -0.03,   0.00,  -0.01,   4.5,  11.6,  27.7,  28.8,   1.7,  27.64,  25.55,    16.31,  190.55,   52.31,  30.44, 2487.8,    0.75,  334.66,  366.01,  365.85,  347.42,  349.95,  349.12, 1468.40, 1527.81, 1495.34, 1473.50, 1472.36, 1470.02, 1551.12, 1548.52,  7251.8, 169,  GPS,   11.5, 110.60, 116.50, 119.000, 121.500, -0.001,       ,  25.03, -58.3,    1.3,   11.5,  -14.1,      1,   GPS,    ALT,  -0.0,   0.5,  11.8, 3DDiff, 3704,      ,     14,  23.0,     20
2018-08-27, 17:18:32,  -04:00,  BLATT,   41.8067322,  -72.0140152,  7000.4, 30.03,  7351.4,  17.5, 146.43, 154.05,    3.68,   0.48,  -0.05,  -0.00,   0.00,   4.5,  11.6,  27.7,  28.8,   1.7,  27.64,  25.54,    16.25,  190.56,   52.12,  30.47, 2485.9,    0.75,  334.64,  366.00,  365.82,  347.41,  349.89,  349.10, 1467.22, 1527.46, 1495.02, 1474.08, 1472.53, 1470.19, 1551.40, 1548.13,  7251.7, 169,  GPS,   11.5, 110.60, 116.50, 119.000, 121.500, -0.001,       ,  25.03, -58.3,    1.2,   11.5,  -14.1,      1,   GPS,    ALT,  -0.0,   0.5,   0.0, 3DDiff, 3704,      ,     14,  23.0,     20
2018-08-27, 17:18:32,  -04:00,  BLATT,   41.8074417,  -72.0140610,  7000.4, 30.03,  7351.8,  17.5, 146.33, 154.01,    0.75,   0.46,  -0.09,   0.00,  -0.01,   4.5,  11.6,  27.7,  28.8,   1.7,  27.64,  25.54,    16.26,  190.55,   52.27,  30.46, 2486.3,    0.75,  334.66,  365.98,  365.76,  347.39,  349.85,  349.09, 1467.08, 1526.68, 1494.37, 1474.11, 1470.95, 1468.90, 1551.21, 1546.97,  7252.1, 169,  GPS,   11.5, 110.60, 116.50, 119.000, 121.500, -0.001,       ,  25.04, -58.4,    1.2,   11.5,  -14.1,      1,   GPS,    ALT,  -0.0,   0.5,   0.0, 3DDiff, 3704,      ,     14,  24.0,     20
2018-08-27, 17:18:33,  -04:00,  BLATT,   41.8081551,  -72.0140991,  7000.4, 30.03,  7352.0,  17.5, 146.27, 153.99,   -4.31,   0.46,  -0.04,   0.00,  -0.00,   4.5,  11.6,  27.7,  28.8,   1.7,  27.64,  25.54,    16.18,  190.55,   52.37,  30.48, 2482.7,    0.75,  334.64,  365.97,  365.73,  347.38,  349.79,  349.06, 1467.03, 1526.21, 1494.53, 1473.94, 1470.17, 1468.31, 1550.92, 1546.70,  7252.3, 169,  GPS,   11.5, 110.60, 116.50, 119.000, 121.500, -0.001,       ,  25.04, -58.4,    1.1,   11.5,  -14.1,      1,   GPS,    ALT,  -0.0,   0.5,  -3.9, 3DDiff, 3704,      ,     14,  22.5,     20
2018-08-27, 17:18:34,  -04:00,  BLATT,   41.8088646,  -72.0141449,  7000.4, 30.03,  7353.0,  17.5, 146.15, 153.91,  -12.25,   0.48,  -0.04,   0.00,   0.00,   4.5,  11.6,  27.7,  28.8,   1.7,  27.63,  25.54,    16.03,  190.55,   51.90,  30.31, 2487.1,    0.74,  334.64,  365.96,  365.70,  347.36,  349.76,  349.04, 1464.30, 1523.55, 1490.86, 1471.48, 1467.36, 1465.00, 1547.15, 1543.03,  7253.3, 169,  GPS,   11.5, 110.60, 116.50, 119.000, 121.500, -0.001,       ,  25.05, -58.5,    1.1,   11.5,  -14.1,      1,   GPS,    ALT,  -0.0,   0.5,  -7.9, 3DDiff, 3704,      ,     14,  22.5,     20
2018-08-27, 17:18:35,  -04:00,  BLATT,   41.8095779,  -72.0141830,  7000.4, 30.03,  7353.1,  17.5, 146.12, 153.87,   -0.37,   0.51,  -0.13,   0.00,  -0.00,   4.5,  11.6,  27.7,  28.8,   1.7,  27.62,  25.54,    16.18,  190.56,   52.00,  30.50, 2484.7,    0.75,  334.64,  365.94,  365.67,  347.35,  349.71,  349.01, 1465.27, 1525.30, 1491.46, 1473.65, 1467.02, 1465.54, 1548.79, 1545.12,  7253.4, 169,  GPS,   11.5, 110.60, 116.50, 119.000, 121.500, -0.001,       ,  25.05, -58.5,    1.0,   11.4,  -14.1,      1,   GPS,    ALT,  -0.0,   0.5,  -3.9, 3DDiff, 3704,      ,     14,  22.5,     20
2018-08-27, 17:18:36,  -04:00,  BLATT,   41.8102913,  -72.0142288,  7000.4, 30.03,  7353.2,  17.5, 146.00, 153.86,  -21.71,   0.49,  -0.13,   0.00,   0.00,   4.4,  11.6,  27.7,  28.8,   1.7,  27.62,  25.53,    16.27,  190.56,   52.08,  30.55, 2484.7,    0.75,  334.64,  365.92,  365.64,  347.33,  349.66,  348.98, 1464.70, 1526.41, 1492.29, 1473.95, 1467.46, 1464.73, 1549.43, 1545.81,  7253.5, 169,  GPS,   11.5, 110.60, 116.50, 119.000, 121.500, -0.001,       ,  25.05, -58.6,    1.0,   11.5,  -14.1,      1,   GPS,    ALT,  -0.0,   0.5,   0.0, 3DDiff, 3704,      ,     14,  23.0,     20
2018-08-27, 17:18:37,  -04:00,  BLATT,   41.8110008,  -72.0142670,  7000.4, 30.03,  7353.3,  17.5, 146.02, 153.84,   -3.47,   0.47,  -0.15,   0.00,  -0.00,   4.4,  11.6,  27.7,  28.8,   1.7,  27.64,  25.51,    16.30,  190.57,   51.97,  30.55, 2483.3,    0.75,  334.63,  365.91,  365.63,  347.32,  349.61,  348.98, 1465.25, 1527.92, 1492.90, 1473.52, 1468.16, 1465.23, 1550.22, 1546.84,  7253.6, 169,  GPS,   11.5, 110.60, 116.50, 119.000, 121.500, -0.001,       ,  25.04, -58.6,    1.0,   11.4,  -14.1,      1,   GPS,    ALT,  -0.0,   0.5,   0.0, 3DDiff, 3704,      ,     14,  23.0,     20
2018-08-27, 17:18:38,  -04:00,  BLATT,   41.8117180,  -72.0143127,  7001.4, 30.03,  7353.0,  17.5, 146.04, 153.82,    1.29,   0.48,  -0.08,  -0.01,  -0.00,   4.4,  11.5,  27.7,  28.8,   1.7,  27.66,  25.50,    16.31,  190.59,   52.12,  30.57, 2486.9,    0.75,  334.64,  365.88,  365.58,  347.29,  349.53,  348.97, 1467.52, 1528.89, 1493.72, 1474.32, 1470.12, 1465.06, 1551.11, 1548.75,  7253.3, 169,  GPS,   11.5, 110.60, 116.50, 119.000, 121.500, -0.001,       ,  25.04, -58.7,    0.9,   11.4,  -14.1,      1,   GPS,    ALT,  -0.0,   0.5,  -7.9, 3DDiff, 3704,      ,     14,  23.5,     20
2018-08-27, 17:18:39,  -04:00,  BLATT,   41.8124237,  -72.0143509,  7000.4, 30.03,  7352.1,  17.5, 145.98, 153.78,    0.52,   0.49,  -0.03,   0.00,  -0.00,   4.4,  11.5,  27.7,  28.8,   1.7,  27.69,  25.47,    16.37,  190.58,   52.32,  30.57, 2485.8,    0.76,  334.66,  365.88,  365.58,  347.29,  349.47,  348.97, 1467.88, 1527.77, 1494.82, 1474.19, 1469.86, 1465.32, 1550.87, 1548.95,  7252.4, 169,  GPS,   11.5, 110.60, 116.50, 119.000, 121.500, -0.001,       ,  25.04, -58.7,    0.9,   11.4,  -14.1,      1,   GPS,    ALT,  -0.0,   0.5, -15.7, 3DDiff, 3704,      ,     13,  22.5,     20
2018-08-27, 17:18:41,  -04:00,  BLATT,   41.8131371,  -72.0143967,  7000.4, 30.03,  7351.1,  17.5, 145.99, 153.80,  -14.79,   0.49,   0.02,   0.00,   0.00,   4.4,  11.5,  27.7,  28.8,   1.7,  27.72,  25.45,    16.41,  190.59,   52.23,  30.56, 2486.2,    0.76,  334.64,  365.85,  365.57,  347.27,  349.40,  348.97, 1467.44, 1528.53, 1495.40, 1473.59, 1469.71, 1465.59, 1551.00, 1548.15,  7251.4, 169,  GPS,   11.5, 110.60, 116.50, 119.000, 121.500, -0.001,       ,  25.03, -58.8,    0.8,   11.4,  -14.1,      1,   GPS,    ALT,  -0.0,   0.5, -15.7, 3DDiff, 3704,      ,     14,  22.5,     19
2018-08-27, 17:18:42,  -04:00,  BLATT,   41.8138466,  -72.0144348,  6999.4, 30.03,  7350.7,  17.5, 145.92, 153.78,  -21.38,   0.51,   0.04,  -0.00,   0.00,   4.5,  11.5,  27.7,  28.8,   1.7,  27.73,  25.45,    16.34,  190.60,   52.33,  30.57, 2485.5,    0.75,  334.66,  365.83,  365.55,  347.29,  349.39,  348.97, 1466.89, 1528.73, 1495.70, 1474.27, 1470.60, 1464.80, 1550.51, 1548.66,  7251.0, 169,  GPS,   11.5, 110.60, 116.50, 119.000, 121.500, -0.001,       ,  25.03, -58.8,    0.8,   11.4,  -14.1,      1,   GPS,    ALT,  -0.0,   0.5, -15.7, 3DDiff, 3704,      ,     14,  22.5,     20
2018-08-27, 17:18:43,  -04:00,  BLATT,   41.8145638,  -72.0144806,  6999.4, 30.03,  7350.4,  17.5, 145.90, 153.76,  -30.88,   0.56,   0.03,  -0.01,   0.00,   4.5,  11.5,  27.7,  28.8,   1.7,  27.73,  25.45,    16.28,  190.58,   52.47,  30.54, 2486.6,    0.75,  334.63,  365.84,  365.52,  347.28,  349.30,  348.97, 1467.09, 1528.51, 1496.66, 1474.73, 1470.78, 1465.36, 1550.85, 1549.04,  7250.7, 169,  GPS,   11.5, 110.60, 116.50, 119.000, 121.500, -0.001,       ,  25.02, -58.9,    0.7,   11.4,  -14.1,      1,   GPS,    ALT,   0.0,   0.5, -11.8, 3DDiff, 3704,      ,     14,  22.5,     20
2018-08-27, 17:18:43,  -04:00,  BLATT,   41.8152733,  -72.0145264,  6999.4, 30.03,  7350.3,  17.5, 145.84, 153.76,  -22.06,   0.58,   0.04,   0.00,   0.00,   4.5,  11.5,  27.7,  28.8,   1.7,  27.72,  25.45,    16.35,  190.58,   52.34,  30.53, 2485.9,    0.75,  334.64,  365.81,  365.51,  347.26,  349.24,  348.96, 1467.14, 1529.12, 1496.92, 1475.02, 1471.15, 1466.19, 1551.47, 1549.01,  7250.6, 168,  GPS,   11.5, 110.60, 116.50, 119.000, 121.500, -0.001,       ,  25.01, -58.9,    0.7,   11.4,  -14.1,      1,   GPS,    ALT,   0.0,   0.6,  -3.9, 3DDiff, 3704,      ,     14,  23.0,     20
2018-08-27, 17:18:44,  -04:00,  BLATT,   41.8159828,  -72.0145645,  6999.4, 30.03,  7350.6,  17.5, 145.78, 153.72,  -27.40,   0.59,   0.01,   0.00,   0.01,   4.5,  11.6,  27.7,  28.8,   1.7,  27.72,  25.46,    16.32,  190.58,   52.11,  30.54, 2485.5,    0.75,  334.66,  365.82,  365.51,  347.29,  349.19,  348.91, 1467.22, 1528.19, 1496.24, 1474.45, 1470.91, 1465.48, 1551.26, 1548.83,  7250.9, 168,  GPS,   11.5, 110.60, 116.50, 119.000, 121.500, -0.001,       ,  25.00, -59.0,    0.7,   11.4,  -14.1,      1,   GPS,    ALT,   0.0,   0.6,   0.0, 3DDiff, 3704,      ,     14,  23.5,     20
2018-08-27, 17:18:45,  -04:00,  BLATT,   41.8166962,  -72.0146103,  6999.4, 30.03,  7351.6,  17.5, 145.80, 153.68,  -14.04,   0.63,   0.00,  -0.00,  -0.01,   4.5,  11.6,  27.7,  28.8,   1.7,  27.70,  25.47,    16.29,  190.58,   52.20,  30.55, 2485.4,    0.75,  334.66,  365.81,  365.48,  347.29,  349.16,  348.91, 1468.16, 1529.53, 1496.26, 1474.95, 1470.83, 1466.14, 1552.00, 1549.70,  7251.9, 168,  GPS,   11.5, 110.60, 116.50, 119.000, 121.500, -0.001,       ,  24.98, -59.0,    0.6,   11.4,  -14.1,      1,   GPS,    ALT,  -0.0,   0.6,  11.8, 3DDiff, 3704,      ,     13,  22.5,     20
2018-08-27, 17:18:46,  -04:00,  BLATT,   41.8173981,  -72.0146484,  6999.4, 30.03,  7352.4,  17.5, 145.71, 153.64,  -13.43,   0.65,  -0.02,  -0.00,  -0.00,   4.5,  11.6,  27.7,  28.8,   1.7,  27.68,  25.49,    16.27,  190.58,   52.40,  30.55, 2485.1,    0.75,  334.64,  365.79,  365.46,  347.29,  349.10,  348.91, 1468.23, 1529.06, 1495.50, 1475.10, 1470.60, 1467.77, 1551.78, 1548.80,  7252.7, 168,  GPS,   11.5, 110.60, 116.50, 119.000, 121.500, -0.001,       ,  24.97, -59.0,    0.6,   11.4,  -14.1,      1,   GPS,    ALT,  -0.0,   0.6,  15.7, 3DDiff, 3704,      ,     14,  22.5,     19
2018-08-27, 17:18:47,  -04:00,  BLATT,   41.8181152,  -72.0146942,  6999.4, 30.03,  7352.7,  17.5, 145.74, 153.60,   -3.33,   0.63,  -0.09,   0.00,   0.00,   4.5,  11.6,  27.7,  28.8,   1.7,  27.66,  25.49,    16.26,  190.58,   52.46,  30.51, 2484.7,    0.75,  334.67,  365.76,  365.46,  347.28,  349.04,  348.91, 1468.59, 1527.49, 1494.83, 1474.83, 1471.22, 1467.27, 1550.41, 1548.63,  7253.0, 168,  GPS,   11.5, 110.60, 116.50, 119.000, 121.500, -0.001,       ,  24.95, -59.1,    0.5,   11.4,  -14.1,      1,   GPS,    ALT,  -0.0,   0.6,  15.7, 3DDiff, 3704,      ,     14,  22.5,     20
2018-08-27, 17:18:48,  -04:00,  BLATT,   41.8188248,  -72.0147324,  6999.4, 30.03,  7353.0,  17.5, 145.68, 153.52,   -7.60,   0.68,  -0.10,  -0.00,   0.00,   4.5,  11.6,  27.7,  28.8,   1.7,  27.65,  25.49,    16.24,  190.59,   52.20,  30.52, 2485.1,    0.75,  334.66,  365.76,  365.46,  347.29,  349.02,  348.88, 1467.55, 1527.45, 1494.30, 1473.67, 1470.76, 1467.65, 1550.77, 1547.57,  7253.3, 168,  GPS,   11.5, 110.60, 116.50, 119.000, 121.500, -0.001,       ,  24.94, -59.1,    0.5,   11.4,  -14.1,      1,   GPS,    ALT,  -0.0,   0.7,  11.8, 3DDiff, 3704,      ,     14,  22.5,     20
2018-08-27, 17:18:49,  -04:00,  BLATT,   41.8195305,  -72.0147781,  7000.4, 30.03,  7353.4,  17.5, 145.70, 153.47,   24.93,   0.64,  -0.10,  -0.00,  -0.01,   4.5,  11.6,  27.7,  28.8,   1.7,  27.64,  25.50,    16.22,  190.60,   52.40,  30.48, 2485.5,    0.75,  334.66,  365.73,  365.45,  347.29,  348.97,  348.91, 1467.66, 1527.53, 1493.78, 1473.43, 1470.66, 1467.28, 1550.17, 1547.49,  7253.7, 168,  GPS,   11.5, 110.60, 116.50, 119.000, 121.500, -0.001,       ,  24.92, -59.2,    0.4,   11.3,  -14.1,      1,   GPS,    ALT,  -0.0,   0.6,  19.7, 3DDiff, 3704,      ,     14,  23.0,     20
2018-08-27, 17:18:50,  -04:00,  BLATT,   41.8202400,  -72.0148163,  7000.4, 30.03,  7354.4,  17.5, 145.58, 153.39,    5.62,   0.62,  -0.13,   0.01,  -0.00,   4.5,  11.6,  27.7,  28.8,   1.7,  27.62,  25.50,    16.29,  190.62,   52.39,  30.53, 2485.1,    0.75,  334.69,  365.73,  365.43,  347.29,  348.94,  348.88, 1468.15, 1526.20, 1494.23, 1474.06, 1471.19, 1467.38, 1549.61, 1548.13,  7254.7, 168,  GPS,   11.5, 110.60, 116.50, 119.000, 121.500, -0.001,       ,  24.91, -59.2,    0.4,   11.3,  -14.1,      1,   GPS,    ALT,  -0.0,   0.6,   7.9, 3DDiff, 3704,      ,     14,  23.5,     20
2018-08-27, 17:18:52,  -04:00,  BLATT,   41.8209534,  -72.0148621,  7000.4, 30.03,  7353.7,  17.5, 145.58, 153.33,    1.20,   0.63,  -0.10,  -0.00,   0.00,   4.4,  11.6,  27.7,  28.8,   1.7,  27.62,  25.50,    16.21,  190.64,   52.49,  30.48, 2486.1,    0.75,  334.67,  365.73,  365.42,  347.29,  348.97,  348.88, 1468.13, 1526.57, 1493.92, 1473.96, 1471.01, 1468.09, 1549.83, 1547.97,  7254.0, 168,  GPS,   11.5, 110.60, 116.50, 119.000, 121.500, -0.001,       ,  24.89, -59.2,    0.4,   11.3,  -14.1,      1,   GPS,    ALT,  -0.0,   0.6,   0.0, 3DDiff, 3704,      ,     13,  22.5,     20
2018-08-27, 17:18:52,  -04:00,  BLATT,   41.8216629,  -72.0149078,  7001.4, 30.03,  7353.3,  17.5, 145.65, 153.31,    7.25,   0.66,  -0.08,  -0.01,  -0.00,   4.5,  11.6,  27.7,  28.8,   1.7,  27.62,  25.49,    16.27,  190.64,   52.24,  30.50, 2485.3,    0.75,  334.70,  365.73,  365.40,  347.29,  348.97,  348.85, 1468.17, 1527.17, 1493.80, 1473.49, 1471.91, 1468.06, 1550.06, 1547.88,  7253.6, 168,  GPS,   11.5, 110.60, 116.50, 119.000, 121.500, -0.001,       ,  24.88, -59.3,    0.3,   11.3,  -14.1,      1,   GPS,    ALT,  -0.0,   0.6,   7.9, 3DDiff, 3704,      ,     14,  22.0,     19
2018-08-27, 17:18:53,  -04:00,  BLATT,   41.8223686,  -72.0149384,  7000.4, 30.03,  7353.4,  17.5, 145.59, 153.25,    3.16,   0.62,  -0.10,   0.00,  -0.01,   4.4,  11.6,  27.7,  28.8,   1.7,  27.62,  25.49,    16.26,  190.64,   52.46,  30.47, 2486.5,    0.75,  334.70,  365.72,  365.39,  347.29,  349.00,  348.87, 1467.85, 1526.65, 1492.25, 1473.37, 1471.36, 1467.78, 1549.71, 1546.88,  7253.7, 168,  GPS,   11.5, 110.60, 116.50, 119.000, 121.500, -0.001,       ,  24.86, -59.3,    0.3,   11.2,  -14.1,      1,   GPS,    ALT,  -0.0,   0.6,   3.9, 3DDiff, 3704,      ,     14,  22.5,     20
2018-08-27, 17:18:54,  -04:00,  BLATT,   41.8230782,  -72.0149841,  7000.4, 30.03,  7353.3,  17.5, 145.55, 153.21,   -1.76,   0.62,  -0.05,   0.00,   0.01,   4.4,  11.6,  27.7,  28.8,   1.7,  27.62,  25.48,    16.19,  190.65,   52.36,  30.47, 2486.2,    0.75,  334.73,  365.70,  365.39,  347.29,  349.09,  348.87, 1467.59, 1526.37, 1492.41, 1472.77, 1471.57, 1467.13, 1549.15, 1547.27,  7253.6, 168,  GPS,   11.5, 110.60, 116.50, 119.000, 121.500, -0.001,       ,  24.85, -59.3,    0.2,   11.1,  -14.1,      1,   GPS,    ALT,  -0.0,   0.6,   0.0, 3DDiff, 3704,      ,     14,  22.5,     20
2018-08-27, 17:18:55,  -04:00,  BLATT,   41.8237915,  -72.0150299,  7001.4, 30.03,  7353.4,  17.5, 145.60, 153.17,   -4.83,   0.63,  -0.05,  -0.00,   0.00,   4.4,  11.6,  27.7,  28.8,   1.7,  27.62,  25.48,    16.18,  190.66,   52.37,  30.46, 2486.2,    0.75,  334.76,  365.73,  365.36,  347.27,  349.18,  348.87, 1467.51, 1524.54, 1491.23, 1472.71, 1471.22, 1467.41, 1548.93, 1547.08,  7253.7, 168,  GPS,   11.5, 110.60, 116.50, 119.000, 121.500, -0.001,       ,  24.85, -59.4,    0.2,   11.1,  -14.1,      1,   GPS,    ALT,  -0.0,   0.6,   3.9, 3DDiff, 3704,      ,     14,  23.0,     20
2018-08-27, 17:18:56,  -04:00,  BLATT,   41.8244934,  -72.0150681,  7001.4, 30.03,  7352.0,  17.5, 145.56, 153.12,   15.77,   0.57,  -0.04,   0.00,  -0.02,   4.4,  11.6,  27.7,  28.8,   1.7,  27.62,  25.47,    16.21,  190.67,   52.32,  30.50, 2487.0,    0.75,  334.76,  365.70,  365.36,  347.28,  349.29,  348.84, 1468.49, 1523.39, 1492.59, 1473.61, 1471.66, 1467.61, 1548.80, 1548.16,  7252.3, 168,  GPS,   11.5, 110.60, 116.50, 119.000, 121.500, -0.001,       ,  24.84, -59.4,    0.1,   10.9,  -14.1,      1,   GPS,    ALT,  -0.0,   0.6,   3.9, 3DDiff, 3704,      ,     14,  23.5,     20
2018-08-27, 17:18:57,  -04:00,  BLATT,   41.8252068,  -72.0151138,  7000.4, 30.03,  7352.1,  17.5, 145.43, 153.10,   -6.25,   0.55,  -0.01,   0.01,   0.00,   4.4,  11.6,  27.7,  28.8,   1.7,  27.62,  25.47,    16.25,  190.68,   52.28,  30.50, 2485.6,    0.75,  334.82,  365.70,  365.35,  347.26,  349.42,  348.84, 1468.15, 1524.05, 1492.76, 1472.90, 1471.56, 1467.56, 1548.21, 1548.28,  7252.4, 168,  GPS,   11.5, 110.60, 116.50, 119.000, 121.500, -0.001,       ,  24.84, -59.4,    0.1,   10.6,  -14.1,      1,   GPS,    ALT,  -0.0,   0.6,  -7.9, 3DDiff, 3704,      ,     13,  22.5,     20
2018-08-27, 17:18:58,  -04:00,  BLATT,   41.8259087,  -72.0151596,  7000.4, 30.03,  7352.2,  17.5, 145.48, 153.08,  -28.78,   0.62,  -0.04,   0.00,   0.01,   4.4,  11.6,  27.7,  28.8,   1.7,  27.61,  25.47,    16.26,  190.67,   52.49,  30.49, 2485.7,    0.75,  334.88,  365.69,  365.32,  347.25,  349.57,  348.82, 1468.31, 1524.01, 1492.56, 1473.39, 1470.36, 1466.89, 1548.14, 1547.93,  7252.5, 168,  GPS,   11.5, 110.60, 116.50, 119.000, 121.500, -0.001,       ,  24.83, -59.4,    0.1,   10.2,  -14.1,      1,   GPS,    ALT,  -0.0,   0.6,  -7.9, 3DDiff, 3704,      ,     14,  22.0,     19
2018-08-27, 17:18:59,  -04:00,  BLATT,   41.8266182,  -72.0151901,  7001.4, 30.03,  7352.3,  17.5, 145.51, 153.04,   -6.35,   0.62,  -0.12,  -0.00,  -0.00,   4.4,  11.6,  27.7,  28.8,   1.7,  27.61,  25.47,    16.23,  190.69,   52.54,  30.50, 2485.3,    0.75,  334.92,  365.70,  365.30,  347.23,  349.70,  348.81, 1467.92, 1525.58, 1492.73, 1473.52, 1470.43, 1466.96, 1549.29, 1548.12,  7252.6, 168,  GPS,   11.5, 110.60, 116.50, 119.000, 121.500, -0.001,       ,  24.83, -59.4,    0.0,    6.6,  -14.1,      1,   GPS,    ALT,  -0.0,   0.6,   7.9, 3DDiff, 3704,      ,     14,  22.5,     20
2018-08-27, 17:19:00,  -04:00,  GRAYM,   41.8273239,  -72.0152359,  7000.4, 30.03,  7352.4,  17.5, 145.44, 153.00,   -7.28,   0.58,  -0.08,   0.00,  -0.01,   4.5,  11.6,  27.7,  28.8,   1.7,  27.60,  25.47,    16.29,  190.69,   52.45,  30.50, 2487.1,    0.75,  334.97,  365.70,  365.27,  347.23,  349.85,  348.78, 1467.31, 1525.65, 1493.24, 1473.59, 1469.79, 1466.31, 1549.51, 1547.34,  7252.7, 168,  GPS,   11.5, 110.60, 116.50, 119.000, 121.500, -0.001,       ,  24.83, -59.5,   16.4,   11.6,  -14.1,      1,   GPS,    ALT,  -0.0,   0.6,   7.9, 3DDiff, 3704,      ,     14,  22.5,     20
2018-08-27, 17:19:01,  -04:00,  GRAYM,   41.8280296,  -72.0152817,  7001.4, 30.03,  7352.2,  17.5, 145.51, 152.96,   10.23,   0.57,  -0.07,   0.01,  -0.00,   4.5,  11.6,  27.7,  28.8,   1.7,  27.60,  25.48,    16.34,  190.69,   52.41,  30.51, 2486.9,    0.75,  335.01,  365.70,  365.26,  347.20,  349.97,  348.78, 1466.95, 1525.22, 1492.55, 1475.05, 1470.07, 1467.01, 1549.67, 1546.94,  7252.5, 168,  GPS,   11.5, 110.60, 116.50, 119.000, 121.500, -0.001,       ,  24.83, -59.5,   16.4,   11.6,  -14.1,      1,   GPS,    ALT,  -0.0,   0.6,   0.0, 3DDiff, 3704,      ,     14,  22.5,     20
2018-08-27, 17:19:02,  -04:00,  GRAYM,   41.8287392,  -72.0153198,  7001.4, 30.03,  7353.7,  17.5, 145.45, 152.94,    7.13,   0.54,   0.00,  -0.00,  -0.00,   4.5,  11.6,  27.7,  28.8,   1.7,  27.59,  25.48,    16.31,  190.69,   52.19,  30.51, 2485.9,    0.75,  335.09,  365.72,  365.26,  347.20,  350.07,  348.73, 1466.59, 1525.33, 1492.45, 1474.03, 1470.03, 1467.70, 1549.17, 1547.10,  7254.0, 168,  GPS,   11.5, 110.60, 116.50, 119.000, 121.500, -0.001,       ,  24.83, -59.5,   16.4,   11.6,  -14.1,      1,   GPS,    ALT,  -0.0,   0.6,  -7.9, 3DDiff, 3704,      ,     14,  23.5,     20
2018-08-27, 17:19:03,  -04:00,  GRAYM,   41.8294487,  -72.0153656,  7001.4, 30.03,  7353.6,  17.5, 145.50, 152.92,    8.24,   0.51,  -0.03,  -0.00,  -0.01,   4.5,  11.6,  27.7,  28.8,   1.7,  27.57,  25.49,    16.20,  190.68,   52.27,  30.48, 2485.8,    0.75,  335.16,  365.70,  365.23,  347.17,  350.18,  348.73, 1466.09, 1525.22, 1492.98, 1474.23, 1471.03, 1467.15, 1549.57, 1547.62,  7253.9, 168,  GPS,   11.5, 110.60, 116.50, 119.000, 121.500, -0.001,       ,  24.84, -59.5,   16.3,   11.6,  -14.1,      1,   GPS,    ALT,  -0.0,   0.5, -11.8, 3DDiff, 3704,      ,     13,  22.5,     20
2018-08-27, 17:19:04,  -04:00,  GRAYM,   41.8301544,  -72.0153961,  7001.4, 30.03,  7352.8,  17.5, 145.44, 152.92,  -14.55,   0.53,  -0.09,   0.01,   0.00,   4.5,  11.6,  27.7,  28.8,   1.7,  27.56,  25.50,    16.20,  190.70,   52.17,  30.46, 2483.4,    0.75,  335.24,  365.67,  365.21,  347.17,  350.25,  348.70, 1466.59, 1523.77, 1492.96, 1472.27, 1470.50, 1466.01, 1548.42, 1547.32,  7253.1, 168,  GPS,   11.5, 110.60, 116.50, 119.000, 121.500, -0.001,       ,  24.84, -59.5,   16.3,   11.6,  -14.1,      1,   GPS,    ALT,  -0.0,   0.5, -15.7, 3DDiff, 3704,      ,     14,  22.0,     19
2018-08-27, 17:19:05,  -04:00,  GRAYM,   41.8308640,  -72.0154495,  7000.4, 30.03,  7352.7,  17.5, 145.41, 152.94,  -28.79,   0.55,  -0.12,   0.00,   0.01,   4.5,  11.6,  27.7,  28.8,   1.7,  27.54,  25.50,    16.25,  190.72,   52.26,  30.51, 2485.5,    0.75,  335.33,  365.70,  365.20,  347.14,  350.33,  348.69, 1466.96, 1524.99, 1493.62, 1472.22, 1470.04, 1464.66, 1548.23, 1547.61,  7253.0, 168,  GPS,   11.5, 110.60, 116.50, 119.000, 121.500, -0.001,       ,  24.85, -59.5,   16.2,   11.6,  -14.1,      1,   GPS,    ALT,  -0.0,   0.5, -11.8, 3DDiff, 3704,      ,     14,  22.5,     20
2018-08-27, 17:19:06,  -04:00,  GRAYM,   41.8315697,  -72.0154877,  7000.4, 30.03,  7352.8,  17.5, 145.41, 152.92,  -20.27,   0.57,  -0.09,  -0.01,   0.00,   4.4,  11.6,  27.7,  28.8,   1.7,  27.54,  25.51,    16.21,  190.71,   52.42,  30.49, 2486.3,    0.75,  335.39,  365.67,  365.18,  347.14,  350.37,  348.69, 1467.90, 1525.84, 1493.70, 1473.20, 1470.13, 1465.25, 1549.66, 1547.83,  7253.1, 168,  GPS,   11.5, 110.60, 116.50, 119.000, 121.500, -0.001,       ,  24.85, -59.4,   16.2,   11.6,  -14.1,      1,   GPS,    ALT,  -0.0,   0.6,   0.0, 3DDiff, 3704,      ,     14,  22.5,     20
2018-08-27, 17:19:07,  -04:00,  GRAYM,   41.8322792,  -72.0155258,  6999.4, 30.03,  7353.0,  17.5, 145.27, 152.88,  -33.88,   0.58,  -0.08,   0.00,  -0.01,   4.4,  11.6,  27.7,  28.8,   1.7,  27.53,  25.51,    16.21,  190.72,   52.34,  30.47, 2484.6,    0.75,  335.46,  365.69,  365.18,  347.11,  350.43,  348.66, 1468.12, 1525.20, 1493.49, 1473.34, 1469.63, 1464.78, 1549.14, 1547.79,  7253.2, 168,  GPS,   11.5, 110.60, 116.50, 119.000, 121.500, -0.001,       ,  24.86, -59.4,   16.1,   11.6,  -14.1,      1,   GPS,    ALT,  -0.0,   0.6,   7.9, 3DDiff, 3704,      ,     14,  22.5,     20
2018-08-27, 17:19:08,  -04:00,  GRAYM,   41.8329849,  -72.0155640,  7000.4, 30.03,  7351.7,  17.5, 145.28, 152.86,  -21.27,   0.62,  -0.05,   0.00,   0.01,   4.4,  11.6,  27.7,  28.8,   1.7,  27.53,  25.51,    16.18,  190.70,   52.21,  30.47, 2487.0,    0.75,  335.54,  365.66,  365.14,  347.10,  350.47,  348.64, 1466.75, 1525.60, 1494.08, 1474.79, 1468.88, 1465.90, 1550.64, 1547.70,  7252.0, 168,  GPS,   11.5, 110.60, 116.50, 119.000, 121.500, -0.001,       ,  24.87, -59.4,   16.1,   11.6,  -14.1,      1,   GPS,    ALT,  -0.0,   0.6,  11.8, 3DDiff, 3704,      ,     14,  23.0,     20
2018-08-27, 17:19:09,  -04:00,  GRAYM,   41.8336945,  -72.0156021,  7001.4, 30.03,  7351.8,  17.5, 145.34, 152.83,   14.71,   0.58,  -0.08,  -0.00,  -0.01,   4.4,  11.6,  27.7,  28.8,   1.7,  27.53,  25.51,    16.25,  190.71,   52.28,  30.47, 2485.2,    0.75,  335.61,  365.66,  365.11,  347.10,  350.49,  348.63, 1465.92, 1525.24, 1493.33, 1474.58, 1469.76, 1465.88, 1550.35, 1547.19,  7252.1, 168,  GPS,   11.5, 110.60, 116.50, 119.000, 121.500, -0.001,       ,  24.87, -59.4,   16.1,   11.6,  -14.1,      1,   GPS,    ALT,  -0.0,   0.6,  19.7, 3DDiff, 3704,      ,     14,  22.0,     20
2018-08-27, 17:19:10,  -04:00,  GRAYM,   41.8344002,  -72.0156479,  7001.4, 30.03,  7352.9,  17.5, 145.29, 152.81,   11.59,   0.56,  -0.03,  -0.00,  -0.01,   4.4,  11.6,  27.7,  28.8,   1.7,  27.53,  25.51,    16.23,  190.71,   52.41,  30.46, 2488.2,    0.75,  335.69,  365.63,  365.09,  347.08,  350.52,  348.65, 1465.63, 1525.25, 1492.89, 1473.63, 1468.60, 1465.31, 1549.83, 1547.09,  7253.2, 168,  GPS,   11.5, 110.60, 116.50, 119.000, 121.500, -0.001,       ,  24.88, -59.4,   16.0,   11.6,  -14.1,      1,   GPS,    ALT,  -0.0,   0.6,   7.9, 3DDiff, 3704,      ,     14,  22.0,     19
2018-08-27, 17:19:11,  -04:00,  GRAYM,   41.8351059,  -72.0156937,  7001.4, 30.03,  7352.9,  17.5, 145.31, 152.81,   11.77,   0.52,  -0.03,   0.00,  -0.01,   4.4,  11.6,  27.7,  28.8,   1.7,  27.53,  25.51,    16.20,  190.72,   52.39,  30.46, 2486.3,    0.75,  335.75,  365.63,  365.08,  347.07,  350.53,  348.63, 1465.64, 1525.70, 1492.18, 1473.85, 1469.15, 1464.85, 1549.74, 1546.98,  7253.2, 168,  GPS,   11.5, 110.60, 116.50, 119.000, 121.500, -0.001,       ,  24.89, -59.4,   16.0,   11.6,  -14.1,      1,   GPS,    ALT,  -0.0,   0.5,  -3.9, 3DDiff, 3704,      ,     14,  22.0,     20
2018-08-27, 17:19:12,  -04:00,  GRAYM,   41.8358154,  -72.0157318,  7001.4, 30.03,  7352.8,  17.5, 145.31, 152.83,   -5.47,   0.52,  -0.05,   0.00,   0.00,   4.3,  11.7,  27.7,  28.8,   1.7,  27.52,  25.51,    16.22,  190.74,   52.45,  30.48, 2484.8,    0.75,  335.79,  365.61,  365.05,  347.05,  350.56,  348.61, 1465.86, 1524.83, 1492.67, 1473.13, 1467.99, 1464.92, 1548.90, 1546.56,  7253.1, 168,  GPS,   11.5, 110.60, 116.50, 119.000, 121.500, -0.001,       ,  24.90, -59.4,   15.9,   11.6,  -14.1,      1,   GPS,    ALT,  -0.0,   0.5,  -7.9, 3DDiff, 3704,      ,     14,  22.5,     20
2018-08-27, 17:19:13,  -04:00,  GRAYM,   41.8365211,  -72.0157700,  7001.4, 30.03,  7352.7,  17.5, 145.33, 152.83,  -16.17,   0.54,  -0.08,  -0.01,   0.00,   4.3,  11.7,  27.7,  28.8,   1.7,  27.51,  25.50,    16.24,  190.75,   52.45,  30.46, 2487.3,    0.75,  335.88,  365.60,  365.03,  347.05,  350.56,  348.60, 1465.57, 1524.77, 1492.50, 1472.49, 1468.04, 1464.35, 1548.59, 1546.78,  7253.0, 168,  GPS,   11.5, 110.60, 116.50, 119.000, 121.500, -0.001,       ,  24.91, -59.4,   15.9,   11.6,  -14.1,      1,   GPS,    ALT,  -0.1,   0.5,  -3.9, 3DDiff, 3704,      ,     14,  22.5,     20
2018-08-27, 17:19:14,  -04:00,  GRAYM,   41.8372269,  -72.0158081,  7000.4, 30.03,  7354.3,  17.5, 145.31, 152.83,  -13.57,   0.55,  -0.11,   0.00,  -0.01,   4.3,  11.7,  27.7,  28.8,   1.7,  27.51,  25.50,    16.25,  190.76,   52.29,  30.49, 2486.4,    0.75,  335.94,  365.58,  365.02,  347.04,  350.56,  348.60, 1465.83, 1525.30, 1492.52, 1472.34, 1467.52, 1463.96, 1548.67, 1547.03,  7254.6, 168,  GPS,   11.5, 110.60, 116.50, 119.000, 121.500, -0.001,       ,  24.92, -59.4,   15.8,   11.6,  -14.1,      1,   GPS,    ALT,  -0.1,   0.6,   0.0, 3DDiff, 3704,      ,     14,  23.0,     20
2018-08-27, 17:19:15,  -04:00,  GRAYM,   41.8379364,  -72.0158463,  7001.4, 30.03,  7354.6,  17.5, 145.31, 152.83,   -8.14,   0.59,  -0.12,   0.00,   0.01,   4.2,  11.7,  27.7,  28.8,   1.7,  27.51,  25.50,    16.28,  190.77,   52.33,  30.49, 2483.1,    0.75,  335.97,  365.55,  364.99,  347.04,  350.53,  348.61, 1466.61, 1525.47, 1492.10, 1472.06, 1467.07, 1464.14, 1548.22, 1546.89,  7254.9, 168,  GPS,   11.5, 110.60, 116.50, 119.000, 121.500, -0.001,       ,  24.94, -59.4,   15.8,   11.6,  -14.1,      1,   GPS,    ALT,  -0.1,   0.6,   0.0, 3DDiff, 3704,      ,     13,  22.0,     20
2018-08-27, 17:19:16,  -04:00,  GRAYM,   41.8386459,  -72.0158920,  7000.4, 30.03,  7354.1,  17.5, 145.30, 152.83,  -12.31,   0.58,  -0.12,  -0.00,   0.00,   4.2,  11.7,  27.7,  28.8,   1.7,  27.51,  25.49,    16.36,  190.77,   52.31,  30.47, 2486.5,    0.75,  336.03,  365.57,  364.96,  347.02,  350.52,  348.60, 1466.25, 1526.93, 1492.13, 1472.09, 1465.88, 1464.35, 1549.56, 1546.46,  7254.4, 168,  GPS,   11.5, 110.60, 116.50, 119.000, 121.500, -0.001,       ,  24.96, -59.4,   15.8,   11.6,  -14.1,      1,   GPS,    ALT,  -0.1,   0.6,   3.9, 3DDiff, 3704,      ,     14,  22.0,     19
2018-08-27, 17:19:17,  -04:00,  GRAYM,   41.8393517,  -72.0159302,  7002.4, 30.03,  7354.2,  17.5, 145.38, 152.83,    1.37,   0.56,  -0.14,  -0.00,  -0.00,   4.2,  11.6,  27.7,  28.8,   1.7,  27.51,  25.49,    16.31,  190.78,   52.46,  30.53, 2484.7,    0.75,  336.07,  365.57,  364.93,  347.04,  350.49,  348.63, 1466.88, 1527.32, 1492.95, 1472.19, 1467.03, 1465.45, 1549.66, 1547.81,  7254.4, 168,  GPS,   11.5, 110.60, 116.50, 119.000, 121.500, -0.001,       ,  24.99, -59.4,   15.7,   11.6,  -14.1,      1,   GPS,    ALT,  -0.1,   0.6,   0.0, 3DDiff, 3704,      ,     14,  22.0,     20
2018-08-27, 17:19:19,  -04:00,  GRAYM,   41.8400574,  -72.0159683,  7001.4, 30.03,  7354.3,  17.5, 145.36, 152.83,    8.57,   0.52,  -0.12,   0.01,  -0.01,   4.2,  11.6,  27.7,  28.8,   1.7,  27.51,  25.49,    16.32,  190.78,   52.60,  30.53, 2485.8,    0.75,  336.14,  365.54,  364.93,  347.03,  350.47,  348.66, 1467.09, 1527.41, 1493.66, 1472.85, 1467.17, 1465.44, 1549.33, 1547.82,  7254.6, 168,  GPS,   11.5, 110.60, 116.50, 119.000, 121.500, -0.001,       ,  25.02, -59.4,   15.7,   11.6,  -14.1,      1,   GPS,    ALT,  -0.1,   0.5,   0.0, 3DDiff, 3704,      ,     14,  22.5,     20
2018-08-27, 17:19:19,  -04:00,  GRAYM,   41.8407669,  -72.0160141,  7002.4, 30.03,  7354.2,  17.5, 145.42, 152.83,   13.26,   0.52,  -0.13,  -0.00,   0.01,   4.1,  11.6,  27.7,  28.8,   1.7,  27.51,  25.49,    16.35,  190.77,   52.57,  30.51, 2487.6,    0.75,  336.16,  365.51,  364.92,  347.02,  350.43,  348.63, 1467.17, 1526.65, 1494.58, 1472.79, 1467.12, 1465.68, 1548.97, 1547.82,  7254.5, 168,  GPS,   11.5, 110.60, 116.50, 119.000, 121.500, -0.001,       ,  25.05, -59.5,   15.6,   11.6,  -14.1,      1,   GPS,    ALT,  -0.1,   0.5,  -7.9, 3DDiff, 3704,      ,     14,  22.5,     20
2018-08-27, 17:19:20,  -04:00,  GRAYM,   41.8414726,  -72.0160446,  7001.4, 30.03,  7352.2,  17.5, 145.36, 152.84,   -2.02,   0.48,  -0.08,  -0.00,  -0.00,   4.1,  11.6,  27.7,  28.8,   1.7,  27.52,  25.48,    16.27,  190.77,   52.42,  30.51, 2486.6,    0.75,  336.21,  365.51,  364.87,  347.01,  350.41,  348.66, 1467.13, 1526.57, 1494.64, 1473.38, 1468.51, 1465.20, 1549.26, 1547.60,  7252.9, 168,  GPS,   11.5, 110.60, 116.50, 119.000, 121.500, -0.001,       ,  25.08, -59.5,   15.6,   11.6,  -14.1,      1,   GPS,    ALT,  -0.1,   0.5, -11.8, 3DDiff, 3704,      ,     14,  23.0,     20
2018-08-27, 17:19:21,  -04:00,  GRAYM,   41.8421783,  -72.0160904,  7000.4, 30.03,  7351.8,  17.5, 145.37, 152.86,  -26.10,   0.52,  -0.05,   0.00,  -0.00,   4.1,  11.6,  27.7,  28.8,   1.7,  27.51,  25.47,    16.30,  190.78,   52.30,  30.50, 2484.1,    0.75,  336.24,  365.51,  364.87,  347.03,  350.37,  348.66, 1467.45, 1526.17, 1494.53, 1472.88, 1469.90, 1465.70, 1549.23, 1548.28,  7252.4, 168,  GPS,   11.5, 110.60, 116.50, 119.000, 121.500, -0.001,       ,  25.11, -59.5,   15.5,   11.6,  -14.1,      1,   GPS,    ALT,  -0.1,   0.5, -15.7, 3DDiff, 3704,      ,     13,  22.0,     20
2018-08-27, 17:19:22,  -04:00,  GRAYM,   41.8428802,  -72.0161362,  7001.4, 30.03,  7351.7,  17.5, 145.38, 152.86,  -19.39,   0.53,  -0.04,   0.00,   0.00,   4.1,  11.6,  27.7,  28.8,   1.7,  27.51,  25.47,    16.26,  190.78,   52.50,  30.48, 2486.9,    0.75,  336.28,  365.48,  364.84,  347.01,  350.31,  348.64, 1467.80, 1526.11, 1493.75, 1472.21, 1471.04, 1466.09, 1549.26, 1548.00,  7252.3, 168,  GPS,   11.5, 110.60, 116.50, 119.000, 121.500, -0.001,       ,  25.15, -59.6,   15.5,   11.6,  -14.1,      1,   GPS,    ALT,  -0.1,   0.5, -15.7, 3DDiff, 3704,      ,     14,  22.0,     19
2018-08-27, 17:19:24,  -04:00,  GRAYM,   41.8435860,  -72.0161743,  7000.4, 30.03,  7351.4,  17.5, 145.37, 152.88,  -24.05,   0.55,   0.01,  -0.00,   0.01,   4.1,  11.6,  27.7,  28.8,   1.7,  27.51,  25.47,    16.31,  190.77,   52.44,  30.48, 2486.3,    0.75,  336.28,  365.45,  364.81,  347.01,  350.28,  348.66, 1467.66, 1526.39, 1494.12, 1473.13, 1471.16, 1466.73, 1549.59, 1547.82,  7252.0, 168,  GPS,   11.5, 110.60, 116.50, 119.000, 121.500, -0.001,       ,  25.19, -59.6,   15.5,   11.6,  -14.1,      1,   GPS,    ALT,  -0.1,   0.5,  -7.9, 3DDiff, 3704,      ,     13,  22.5,     19
2018-08-27, 17:19:24,  -04:00,  GRAYM,   41.8442955,  -72.0162125,  7000.4, 30.03,  7351.4,  17.5, 145.26, 152.96,  -21.69,   0.54,  -0.08,  -0.00,   0.00,   4.1,  11.6,  27.7,  28.8,   1.7,  27.50,  25.48,    16.34,  190.76,   52.54,  30.51, 2485.3,    0.75,  336.31,  365.48,  364.81,  347.01,  350.24,  348.66, 1468.66, 1527.13, 1495.05, 1473.32, 1470.99, 1467.64, 1550.30, 1548.86,  7252.0, 168,  GPS,   11.5, 110.60, 116.50, 119.000, 121.500, -0.002,       ,  25.22, -59.7,   15.4,   11.6,  -14.1,      1,   GPS,    ALT,  -0.1,   0.5,   0.0, 3DDiff, 3704,      ,     13,  22.5,     20
2018-08-27, 17:19:25,  -04:00,  GRAYM,   41.8450012,  -72.0162506,  7000.4, 30.03,  7351.3,  17.5, 145.17, 152.94,  -36.02,   0.55,  -0.12,   0.00,  -0.00,   4.1,  11.6,  27.7,  28.8,   1.7,  27.48,  25.49,    16.25,  190.77,   52.57,  30.53, 2486.4,    0.75,  336.32,  365.44,  364.76,  347.01,  350.19,  348.66, 1468.18, 1525.92, 1495.44, 1472.81, 1472.01, 1467.87, 1549.36, 1549.31,  7251.9, 168,  GPS,   11.5, 110.60, 116.50, 119.000, 121.500, -0.002,       ,  25.26, -59.7,   15.4,   11.6,  -14.1,      1,   GPS,    ALT,  -0.1,   0.6,   0.0, 3DDiff, 3704,      ,     14,  23.0,     20
2018-08-27, 17:19:26,  -04:00,  GRAYM,   41.8457108,  -72.0162964,  7000.4, 30.03,  7353.1,  17.5, 145.15, 152.92,  -13.48,   0.54,  -0.13,   0.00,   0.00,   4.1,  11.6,  27.7,  28.8,   1.7,  27.48,  25.48,    16.23,  190.76,   52.59,  30.51, 2486.1,    0.75,  336.34,  365.43,  364.75,  347.01,  350.13,  348.67, 1467.92, 1525.04, 1494.67, 1472.77, 1472.53, 1468.39, 1548.76, 1549.52,  7253.7, 168,  GPS,   11.5, 110.60, 116.50, 119.000, 121.500, -0.001,       ,  25.29, -59.8,   15.3,   11.6,  -14.1,      1,   GPS,    ALT,  -0.1,   0.6,   7.9, 3DDiff, 3704,      ,     13,  23.5,     19
2018-08-27, 17:19:27,  -04:00,  GRAYM,   41.8464203,  -72.0163422,  7000.4, 30.03,  7353.6,  17.5, 145.17, 152.94,   -8.82,   0.53,  -0.09,  -0.00,  -0.00,   4.1,  11.6,  27.7,  28.8,   1.7,  27.48,  25.48,    16.26,  190.77,   52.35,  30.50, 2486.2,    0.75,  336.37,  365.42,  364.72,  347.01,  350.07,  348.66, 1467.87, 1525.05, 1495.67, 1472.66, 1472.51, 1469.89, 1548.47, 1549.67,  7254.2, 168,  GPS,   11.5, 110.60, 116.50, 119.000, 121.500, -0.001,       ,  25.33, -59.8,   15.3,   11.6,  -14.1,      1,   GPS,    ALT,  -0.1,   0.5,   7.9, 3DDiff, 3704,      ,     13,  22.5,     19
2018-08-27, 17:19:29,  -04:00,  GRAYM,   41.8471298,  -72.0163803,  7000.4, 30.03,  7353.0,  17.5, 145.09, 152.96,  -15.74,   0.54,  -0.07,  -0.00,  -0.00,   4.1,  11.6,  27.7,  28.8,   1.7,  27.47,  25.48,    16.27,  190.76,   52.42,  30.49, 2486.1,    0.75,  336.37,  365.44,  364.69,  347.01,  350.04,  348.66, 1467.26, 1523.85, 1494.42, 1471.95, 1469.76, 1469.46, 1548.22, 1548.17,  7253.6, 168,  GPS,   11.5, 110.60, 116.50, 119.000, 121.500, -0.001,       ,  25.36, -59.9,   15.3,   11.6,  -14.1,      1,   GPS,    ALT,  -0.1,   0.5,   3.9, 3DDiff, 3704,      ,     13,  22.0,     19
2018-08-27, 17:19:29,  -04:00,  GRAYM,   41.8478355,  -72.0164185,  6999.4, 30.03,  7353.2,  17.5, 144.96, 152.98,  -16.90,   0.57,  -0.07,   0.00,   0.00,   4.1,  11.6,  27.7,  28.8,   1.7,  27.47,  25.48,    16.22,  190.76,   52.50,  30.51, 2482.7,    0.75,  336.40,  365.43,  364.69,  347.01,  349.98,  348.66, 1466.88, 1524.81, 1494.76, 1472.54, 1470.06, 1469.80, 1549.41, 1548.39,  7253.8, 167,  GPS,   11.5, 110.60, 116.50, 119.000, 121.500, -0.002,       ,  25.38, -59.9,   15.2,   11.6,  -14.1,      1,   GPS,    ALT,  -0.1,   0.6,   7.9, 3DDiff, 3704,      ,     13,  22.5,     19
2018-08-27, 17:19:30,  -04:00,  GRAYM,   41.8485413,  -72.0164642,  7001.4, 30.03,  7353.4,  17.5, 145.04, 153.00,    8.04,   0.54,  -0.04,  -0.00,  -0.01,   4.1,  11.6,  27.7,  28.8,   1.7,  27.45,  25.49,    16.35,  190.77,   52.38,  30.49, 2488.3,    0.75,  336.42,  365.43,  364.65,  346.99,  349.95,  348.66, 1466.39, 1524.38, 1495.39, 1472.42, 1471.38, 1469.48, 1549.36, 1548.71,  7254.0, 168,  GPS,   11.5, 110.60, 116.50, 119.000, 121.500, -0.001,       ,  25.41, -60.0,   15.2,   11.6,  -14.1,      1,   GPS,    ALT,  -0.1,   0.6,  15.7, 3DDiff, 3704,      ,     13,  22.5,     20
2018-08-27, 17:19:32,  -04:00,  GRAYM,   41.8492508,  -72.0165024,  7000.4, 30.03,  7353.6,  17.5, 144.98, 153.02,   11.72,   0.49,  -0.02,  -0.00,  -0.01,   4.1,  11.6,  27.7,  28.8,   1.7,  27.44,  25.50,    16.25,  190.78,   52.21,  30.53, 2485.2,    0.75,  336.41,  365.41,  364.62,  347.01,  349.91,  348.67, 1467.23, 1524.73, 1495.24, 1471.77, 1471.65, 1470.63, 1549.71, 1549.15,  7254.2, 168,  GPS,   11.5, 110.60, 116.50, 119.000, 121.500, -0.001,       ,  25.43, -60.1,   15.1,   11.6,  -14.1,      1,   GPS,    ALT,  -0.1,   0.5,   7.9, 3DDiff, 3704,      ,     14,  23.5,     20
2018-08-27, 17:19:32,  -04:00,  GRAYM,   41.8499603,  -72.0165405,  7000.4, 30.03,  7352.0,  17.5, 144.98, 153.04,    3.10,   0.53,  -0.12,   0.00,  -0.01,   4.1,  11.6,  27.7,  28.8,   1.7,  27.44,  25.50,    16.27,  190.80,   52.43,  30.56, 2486.5,    0.75,  336.43,  365.42,  364.60,  347.01,  349.85,  348.67, 1467.31, 1524.41, 1494.41, 1471.38, 1471.20, 1469.96, 1549.55, 1548.90,  7252.6, 167,  GPS,   11.5, 110.60, 116.50, 119.000, 121.500, -0.002,       ,  25.45, -60.1,   15.1,   11.6,  -14.1,      1,   GPS,    ALT,  -0.1,   0.5,  -3.9, 3DDiff, 3704,      ,     14,  24.5,     19
2018-08-27, 17:19:33,  -04:00,  GRAYM,   41.8506699,  -72.0165787,  7000.4, 30.03,  7351.6,  17.5, 144.96, 153.08,   -3.94,   0.53,  -0.13,   0.00,   0.01,   4.1,  11.6,  27.7,  28.8,   1.7,  27.43,  25.50,    16.29,  190.81,   52.21,  30.55, 2486.1,    0.75,  336.43,  365.42,  364.59,  347.02,  349.79,  348.69, 1468.92, 1526.04, 1494.97, 1472.84, 1473.38, 1471.42, 1550.64, 1550.01,  7252.2, 167,  GPS,   11.5, 110.60, 116.50, 119.000, 121.500, -0.002,       ,  25.47, -60.2,   15.0,   11.6,  -14.1,      1,   GPS,    ALT,  -0.1,   0.5,  -3.9, 3DDiff, 3704,      ,     13,  23.0,     19
2018-08-27, 17:19:34,  -04:00,  GRAYM,   41.8513718,  -72.0166245,  7001.4, 30.03,  7352.4,  17.5, 145.05, 153.12,    4.78,   0.51,  -0.10,  -0.00,  -0.00,   4.1,  11.6,  27.7,  28.8,   1.7,  27.42,  25.51,    16.32,  190.82,   52.26,  30.52, 2487.5,    0.75,  336.43,  365.42,  364.57,  347.04,  349.73,  348.71, 1468.44, 1526.18, 1495.65, 1474.03, 1473.60, 1471.00, 1551.19, 1549.60,  7253.0, 168,  GPS,   11.5, 110.60, 116.50, 119.000, 121.500, -0.002,       ,  25.49, -60.3,   15.0,   11.6,  -14.1,      1,   GPS,    ALT,  -0.1,   0.5,  -3.9, 3DDiff, 3704,      ,     14,  23.0,     19
2018-08-27, 17:19:35,  -04:00,  GRAYM,   41.8520813,  -72.0166626,  7000.4, 30.03,  7352.2,  17.5, 144.96, 153.16,  -15.01,   0.53,  -0.05,  -0.00,  -0.00,   4.1,  11.6,  27.7,  28.8,   1.7,  27.41,  25.51,    16.35,  190.82,   52.35,  30.54, 2485.1,    0.75,  336.43,  365.42,  364.56,  347.04,  349.67,  348.72, 1468.00, 1526.36, 1495.42, 1474.73, 1474.22, 1470.82, 1551.70, 1549.70,  7252.8, 167,  GPS,   11.5, 110.60, 116.50, 119.000, 121.500, -0.002,       ,  25.50, -60.4,   15.0,   11.6,  -14.1,      1,   GPS,    ALT,  -0.1,   0.5,  -7.9, 3DDiff, 3704,      ,     14,  23.0,     19
2018-08-27, 17:19:36,  -04:00,  GRAYM,   41.8527908,  -72.0167084,  7000.4, 30.03,  7352.0,  17.5, 144.98, 153.21,  -17.46,   0.53,  -0.05,   0.00,   0.00,   4.1,  11.6,  27.7,  28.8,   1.7,  27.39,  25.52,    16.31,  190.81,   52.14,  30.53, 2486.6,    0.75,  336.43,  365.44,  364.56,  347.05,  349.61,  348.72, 1468.06, 1525.61, 1496.12, 1475.22, 1474.74, 1470.19, 1551.99, 1550.29,  7252.6, 168,  GPS,   11.5, 110.60, 116.50, 119.000, 121.500, -0.002,       ,  25.51, -60.4,   14.9,   11.6,  -14.1,      1,   GPS,    ALT,  -0.1,   0.5,  -7.9, 3DDiff, 3704,      ,     14,  23.5,     19
2018-08-27, 17:19:37,  -04:00,  GRAYM,   41.8535004,  -72.0167542,  7000.4, 30.03,  7351.9,  17.5, 144.99, 153.25,  -16.38,   0.55,  -0.05,  -0.00,   0.00,   4.1,  11.6,  27.7,  28.8,   1.7,  27.37,  25.53,    16.28,  190.83,   52.38,  30.54, 2485.0,    0.75,  336.43,  365.42,  364.56,  347.07,  349.55,  348.75, 1467.89, 1526.81, 1496.38, 1475.13, 1474.73, 1469.52, 1552.13, 1550.34,  7252.5, 168,  GPS,   11.5, 110.60, 116.50, 119.000, 121.500, -0.002,       ,  25.52, -60.5,   14.9,   11.6,  -14.1,      1,   GPS,    ALT,  -0.1,   0.5,  -3.9, 3DDiff, 3704,      ,     14,  23.5,     20
2018-08-27, 17:19:38,  -04:00,  GRAYM,   41.8542099,  -72.0167923,  7001.4, 30.03,  7353.6,  17.5, 145.02, 153.29,   -6.23,   0.56,  -0.07,  -0.00,  -0.00,   4.1,  11.6,  27.7,  28.8,   1.7,  27.36,  25.55,    16.35,  190.83,   52.29,  30.51, 2485.0,    0.75,  336.43,  365.42,  364.58,  347.05,  349.47,  348.75, 1466.29, 1527.22, 1495.05, 1474.16, 1472.50, 1467.86, 1550.98, 1548.48,  7254.3, 168,  GPS,   11.5, 110.60, 116.50, 119.000, 121.500, -0.002,       ,  25.52, -60.6,   14.8,   11.6,  -14.1,      1,   GPS,    ALT,  -0.1,   0.6,   0.0, 3DDiff, 3704,      ,     14,  24.0,     19
2018-08-27, 17:19:39,  -04:00,  GRAYM,   41.8549232,  -72.0168304,  7001.4, 30.03,  7354.0,  17.5, 144.99, 153.33,   11.95,   0.49,  -0.09,   0.01,  -0.01,   4.1,  11.6,  27.7,  28.8,   1.7,  27.34,  25.56,    16.38,  190.85,   52.28,  30.54, 2484.1,    0.76,  336.40,  365.41,  364.57,  347.10,  349.40,  348.76, 1466.50, 1526.86, 1494.71, 1473.18, 1470.71, 1468.16, 1550.35, 1548.14,  7254.6, 168,  GPS,   11.5, 110.60, 116.50, 119.000, 121.500, -0.002,       ,  25.53, -60.7,   14.8,   11.6,  -14.1,      1,   GPS,    ALT,  -0.1,   0.5,   0.0, 3DDiff, 3704,      ,     13,  23.0,     19
2018-08-27, 17:19:40,  -04:00,  GRAYM,   41.8556328,  -72.0168762,  6999.4, 30.03,  7353.2,  17.5, 144.93, 153.35,  -21.14,   0.54,  -0.10,   0.00,   0.01,   4.1,  11.6,  27.7,  28.8,   1.7,  27.31,  25.58,    16.27,  190.83,   52.32,  30.52, 2484.2,    0.75,  336.40,  365.42,  364.57,  347.10,  349.36,  348.78, 1466.43, 1526.32, 1495.08, 1473.65, 1470.41, 1467.62, 1550.42, 1548.12,  7253.8, 167,  GPS,   11.5, 110.60, 116.50, 119.000, 121.500, -0.002,       ,  25.53, -60.8,   14.7,   11.6,  -14.1,      1,   GPS,    ALT,  -0.1,   0.5, -15.7, 3DDiff, 3704,      ,     13,  23.0,     19
2018-08-27, 17:19:41,  -04:00,  GRAYM,   41.8563385,  -72.0169144,  6999.4, 30.03,  7353.1,  17.5, 144.91, 153.41,  -41.53,   0.62,  -0.10,  -0.00,   0.01,   4.1,  11.6,  27.7,  28.8,   1.7,  27.29,  25.59,    16.29,  190.83,   52.27,  30.54, 2485.4,    0.75,  336.39,  365.42,  364.59,  347.10,  349.30,  348.81, 1467.09, 1526.98, 1495.49, 1474.63, 1469.42, 1466.92, 1550.88, 1548.78,  7253.7, 167,  GPS,   11.5, 110.60, 116.50, 119.000, 121.500, -0.002,       ,  25.53, -60.9,   14.7,   11.6,  -14.1,      1,   GPS,    ALT,  -0.1,   0.6,  -7.9, 3DDiff, 3704,      ,     14,  23.0,     19
2018-08-27, 17:19:42,  -04:00,  GRAYM,   41.8570480,  -72.0169525,  7000.4, 30.03,  7353.4,  17.5, 145.01, 153.41,  -10.63,   0.63,  -0.11,   0.00,  -0.01,   4.0,  11.6,  27.7,  28.8,   1.7,  27.27,  25.60,    16.29,  190.82,   52.34,  30.56, 2483.8,    0.75,  336.37,  365.43,  364.57,  347.13,  349.27,  348.84, 1468.17, 1528.12, 1496.10, 1476.80, 1470.42, 1467.88, 1552.46, 1549.89,  7254.0, 168,  GPS,   11.5, 110.60, 116.50, 119.000, 121.500, -0.002,       ,  25.52, -61.0,   14.7,   11.6,  -14.1,      1,   GPS,    ALT,  -0.1,   0.6,  11.8, 3DDiff, 3704,      ,     14,  23.5,     20
2018-08-27, 17:19:43,  -04:00,  GRAYM,   41.8577614,  -72.0169983,  7001.4, 30.03,  7353.7,  17.5, 144.93, 153.41,    6.44,   0.59,  -0.11,   0.00,  -0.01,   4.0,  11.6,  27.7,  28.8,   1.7,  27.26,  25.60,    16.32,  190.82,   52.03,  30.55, 2484.1,    0.75,  336.39,  365.42,  364.59,  347.13,  349.21,  348.84, 1467.54, 1529.45, 1495.27, 1477.69, 1470.08, 1467.51, 1553.03, 1548.67,  7254.3, 167,  GPS,   11.5, 110.60, 116.50, 119.000, 121.500, -0.002,       ,  25.52, -61.1,   14.6,   11.6,  -14.1,      1,   GPS,    ALT,  -0.1,   0.6,  11.8, 3DDiff, 3704,      ,     14,  23.5,     20
2018-08-27, 17:19:44,  -04:00,  GRAYM,   41.8584671,  -72.0170364,  7001.4, 30.03,  7352.0,  17.5, 144.91, 153.41,   17.78,   0.55,  -0.13,   0.00,  -0.00,   4.0,  11.6,  27.7,  28.8,   1.7,  27.26,  25.60,    16.29,  190.80,   52.38,  30.52, 2486.1,    0.75,  336.38,  365.47,  364.59,  347.13,  349.19,  348.87, 1466.63, 1528.35, 1495.45, 1476.20, 1469.33, 1465.11, 1551.83, 1548.49,  7252.6, 167,  GPS,   11.5, 110.60, 116.50, 119.000, 121.500, -0.002,       ,  25.52, -61.2,   14.6,   11.6,  -14.1,      1,   GPS,    ALT,  -0.1,   0.6,  -3.9, 3DDiff, 3704,      ,     14,  24.0,     19
2018-08-27, 17:19:45,  -04:00,  GRAYM,   41.8591728,  -72.0170746,  7000.4, 30.03,  7351.4,  17.5, 144.89, 153.43,   -2.90,   0.57,  -0.16,  -0.01,   0.00,   4.0,  11.5,  27.7,  28.8,   1.7,  27.26,  25.60,    16.28,  190.82,   52.55,  30.53, 2485.6,    0.75,  336.37,  365.43,  364.60,  347.17,  349.15,  348.88, 1467.52, 1529.45, 1495.20, 1476.97, 1471.52, 1466.39, 1552.96, 1549.82,  7252.0, 167,  GPS,   11.5, 110.60, 116.50, 119.000, 121.500, -0.002,       ,  25.51, -61.3,   14.5,   11.6,  -14.1,      1,   GPS,    ALT,  -0.1,   0.6, -19.7, 3DDiff, 3704,      ,     13,  23.0,     19
2018-08-27, 17:19:46,  -04:00,  GRAYM,   41.8598862,  -72.0171280,  7001.4, 30.03,  7351.1,  17.5, 144.97, 153.47,  -10.42,   0.64,  -0.12,   0.00,   0.00,   3.9,  11.5,  27.7,  28.8,   1.7,  27.27,  25.59,    16.36,  190.80,   52.54,  30.55, 2486.4,    0.76,  336.37,  365.47,  364.65,  347.16,  349.09,  348.90, 1466.86, 1528.66, 1494.16, 1475.50, 1471.35, 1466.82, 1552.22, 1549.04,  7251.7, 167,  GPS,   11.5, 110.60, 116.50, 119.000, 121.500, -0.002,       ,  25.51, -61.4,   14.5,   11.6,  -14.1,      1,   GPS,    ALT,  -0.1,   0.6, -19.7, 3DDiff, 3704,      ,     13,  23.0,     19
2018-08-27, 17:19:47,  -04:00,  GRAYM,   41.8605957,  -72.0171661,  7000.4, 30.03,  7351.0,  17.5, 144.94, 153.49,  -20.08,   0.64,  -0.09,   0.00,   0.01,   3.9,  11.5,  27.7,  28.8,   1.7,  27.28,  25.58,    16.40,  190.80,   52.67,  30.55, 2485.5,    0.76,  336.34,  365.46,  364.65,  347.19,  349.06,  348.91, 1468.24, 1529.86, 1495.03, 1475.53, 1471.80, 1467.51, 1552.59, 1550.11,  7251.6, 167,  GPS,   11.5, 110.60, 116.50, 119.000, 121.500, -0.002,       ,  25.50, -61.5,   14.4,   11.6,  -14.1,      1,   GPS,    ALT,  -0.0,   0.6,  -7.9, 3DDiff, 3704,      ,     14,  23.0,     19
2018-08-27, 17:19:48,  -04:00,  GRAYM,   41.8613052,  -72.0172043,  7000.4, 30.03,  7350.7,  17.5, 145.04, 153.49,   -6.41,   0.65,  -0.05,  -0.00,  -0.00,   3.9,  11.5,  27.7,  28.8,   1.7,  27.29,  25.57,    16.36,  190.80,   52.54,  30.54, 2485.4,    0.76,  336.36,  365.48,  364.71,  347.20,  349.03,  348.91, 1466.45, 1527.94, 1494.82, 1474.85, 1470.59, 1466.40, 1551.45, 1548.19,  7251.4, 168,  GPS,   11.5, 110.60, 116.50, 119.000, 121.500, -0.002,       ,  25.50, -61.6,   14.4,   11.6,  -14.1,      1,   GPS,    ALT,  -0.0,   0.6,  -7.9, 3DDiff, 3704,      ,     14,  23.5,     20
2018-08-27, 17:19:49,  -04:00,  GRAYM,   41.8620148,  -72.0172577,  6999.4, 30.03,  7350.5,  17.5, 144.94, 153.51,  -22.42,   0.65,  -0.01,   0.00,  -0.01,   3.9,  11.5,  27.7,  28.8,   1.7,  27.30,  25.56,    16.35,  190.81,   52.47,  30.53, 2485.7,    0.76,  336.34,  365.48,  364.76,  347.23,  349.00,  348.94, 1466.27, 1528.58, 1494.27, 1474.58, 1470.39, 1465.92, 1551.52, 1547.85,  7251.1, 167,  GPS,   11.5, 110.60, 116.50, 119.000, 121.500, -0.002,       ,  25.49, -61.6,   14.4,   11.6,  -14.1,      1,   GPS,    ALT,  -0.0,   0.7,  -7.9, 3DDiff, 3704,      ,     14,  23.5,     20
2018-08-27, 17:19:50,  -04:00,  GRAYM,   41.8627243,  -72.0172958,  7000.4, 30.03,  7351.9,  17.5, 144.97, 153.47,  -26.36,   0.74,  -0.04,   0.01,   0.01,   3.9,  11.5,  27.7,  28.8,   1.7,  27.30,  25.55,    16.38,  190.82,   52.55,  30.52, 2485.6,    0.76,  336.32,  365.48,  364.80,  347.23,  348.97,  348.97, 1465.56, 1528.75, 1494.44, 1473.54, 1469.79, 1465.46, 1550.51, 1547.31,  7252.5, 167,  GPS,   11.5, 110.60, 116.50, 119.000, 121.500, -0.002,       ,  25.49, -61.7,   14.3,   11.6,  -14.1,      1,   GPS,    ALT,  -0.0,   0.7,  -7.9, 3DDiff, 3704,      ,     14,  24.0,     19
2018-08-27, 17:19:51,  -04:00,  GRAYM,   41.8634377,  -72.0173416,  7000.4, 30.03,  7352.2,  17.5, 145.00, 153.47,   -3.30,   0.74,  -0.04,   0.00,  -0.01,   3.9,  11.4,  27.7,  28.8,   1.7,  27.30,  25.56,    16.39,  190.83,   52.49,  30.55, 2485.9,    0.76,  336.34,  365.51,  364.86,  347.25,  348.94,  349.00, 1464.97, 1528.54, 1494.55, 1473.41, 1469.60, 1465.61, 1550.50, 1547.17,  7252.8, 168,  GPS,   11.5, 110.60, 116.50, 119.000, 121.500, -0.001,       ,  25.48, -61.8,   14.3,   11.6,  -14.1,      1,   GPS,    ALT,  -0.0,   0.7,   7.9, 3DDiff, 3704,      ,     13,  23.0,     19
2018-08-27, 17:19:52,  -04:00,  GRAYM,   41.8641510,  -72.0173874,  7000.4, 30.03,  7351.9,  17.5, 145.07, 153.43,    0.92,   0.69,  -0.07,  -0.00,  -0.01,   3.8,  11.4,  27.7,  28.8,   1.7,  27.30,  25.55,    16.44,  190.85,   52.51,  30.51, 2486.2,    0.76,  336.32,  365.51,  364.93,  347.26,  348.91,  349.01, 1464.54, 1528.47, 1494.46, 1473.08, 1469.26, 1464.87, 1550.70, 1546.59,  7252.5, 168,  GPS,   11.5, 110.60, 116.50, 119.000, 121.500, -0.001,       ,  25.48, -61.9,   14.2,   11.6,  -14.1,      1,   GPS,    ALT,  -0.0,   0.7,   3.9, 3DDiff, 3704,      ,     14,  23.0,     19
2018-08-27, 17:19:53,  -04:00,  GRAYM,   41.8648605,  -72.0174255,  7001.4, 30.03,  7351.8,  17.5, 145.04, 153.41,   -2.25,   0.74,   0.01,  -0.00,  -0.01,   3.8,  11.4,  27.7,  28.8,   1.7,  27.29,  25.55,    16.35,  190.87,   52.49,  30.58, 2483.1,    0.75,  336.31,  365.51,  364.99,  347.28,  348.91,  349.05, 1465.56, 1529.71, 1494.19, 1474.49, 1469.31, 1465.44, 1552.11, 1547.06,  7252.4, 168,  GPS,   11.5, 110.60, 116.50, 119.000, 121.500, -0.001,       ,  25.47, -62.0,   14.2,   11.6,  -14.1,      1,   GPS,    ALT,   0.0,   0.7,  -3.9, 3DDiff, 3704,      ,     14,  23.0,     19
2018-08-27, 17:19:54,  -04:00,  GRAYM,   41.8655663,  -72.0174713,  7001.4, 30.03,  7351.8,  17.5, 144.97, 153.39,    2.19,   0.71,   0.02,   0.01,   0.00,   3.8,  11.4,  27.7,  28.8,   1.7,  27.29,  25.54,    16.40,  190.88,   52.35,  30.57, 2485.9,    0.76,  336.29,  365.52,  365.07,  347.30,  348.88,  349.06, 1467.44, 1528.94, 1494.39, 1474.71, 1469.71, 1465.28, 1551.50, 1548.40,  7252.4, 168,  GPS,   11.5, 110.60, 116.50, 119.000, 121.500, -0.001,       ,  25.47, -62.1,   14.1,   11.6,  -14.1,      1,   GPS,    ALT,   0.0,   0.7,  -3.9, 3DDiff, 3704,      ,     14,  23.0,     20
2018-08-27, 17:19:55,  -04:00,  GRAYM,   41.8662758,  -72.0175171,  7001.4, 30.03,  7351.6,  17.5, 145.01, 153.39,    6.34,   0.73,  -0.08,  -0.00,  -0.00,   3.8,  11.4,  27.7,  28.8,   1.7,  27.28,  25.54,    16.44,  190.88,   52.47,  30.54, 2485.1,    0.76,  336.28,  365.52,  365.17,  347.30,  348.88,  349.07, 1467.61, 1528.82, 1495.30, 1475.34, 1470.13, 1466.11, 1551.50, 1547.97,  7252.2, 168,  GPS,   11.5, 110.60, 116.50, 119.000, 121.500, -0.001,       ,  25.46, -62.2,   14.1,   11.6,  -14.1,      1,   GPS,    ALT,   0.0,   0.7, -11.8, 3DDiff, 3704,      ,     14,  23.5,     20
2018-08-27, 17:19:56,  -04:00,  GRAYM,   41.8669853,  -72.0175629,  7000.4, 30.03,  7351.7,  17.5, 144.89, 153.39,  -15.54,   0.75,  -0.02,   0.00,  -0.00,   3.8,  11.4,  27.7,  28.8,   1.7,  27.29,  25.54,    16.41,  190.90,   52.53,  30.56, 2484.8,    0.76,  336.29,  365.55,  365.24,  347.32,  348.87,  349.12, 1467.39, 1529.68, 1495.32, 1475.13, 1470.20, 1465.60, 1551.44, 1547.71,  7252.3, 167,  GPS,   11.5, 110.60, 116.50, 119.000, 121.500, -0.001,       ,  25.46, -62.3,   14.1,   11.6,  -14.1,      1,   GPS,    ALT,   0.0,   0.7, -15.7, 3DDiff, 3704,      ,     14,  24.0,     20
2018-08-27, 17:19:57,  -04:00,  GRAYM,   41.8676949,  -72.0176010,  7001.4, 30.03,  7351.6,  17.5, 144.96, 153.37,  -14.19,   0.78,   0.03,   0.00,   0.00,   3.8,  11.4,  27.7,  28.8,   1.7,  27.29,  25.53,    16.42,  190.89,   52.37,  30.56, 2486.0,    0.76,  336.28,  365.57,  365.35,  347.32,  348.87,  349.14, 1466.71, 1528.81, 1495.88, 1475.86, 1470.20, 1466.99, 1551.23, 1548.46,  7252.2, 167,  GPS,   11.5, 110.60, 116.50, 119.000, 121.500, -0.001,       ,  25.46, -62.4,   14.0,   11.6,  -14.1,      1,   GPS,    ALT,   0.0,   0.8,  -7.9, 3DDiff, 3704,      ,     14,  23.0,     20
2018-08-27, 17:19:58,  -04:00,  GRAYM,   41.8684006,  -72.0176544,  7001.4, 30.03,  7352.1,  17.5, 145.07, 153.35,   14.91,   0.74,   0.03,  -0.00,  -0.00,   3.7,  11.4,  27.7,  28.8,   1.7,  27.30,  25.53,    16.35,  190.89,   52.63,  30.57, 2487.6,    0.76,  336.26,  365.57,  365.45,  347.32,  348.90,  349.15, 1466.63, 1529.11, 1496.43, 1475.17, 1470.80, 1466.71, 1551.59, 1548.63,  7252.7, 168,  GPS,   11.5, 110.60, 116.50, 119.000, 121.500, -0.001,       ,  25.46, -62.4,   14.0,   11.6,  -14.1,      1,   GPS,    ALT,   0.0,   0.8,  -3.9, 3DDiff, 3704,      ,     14,  23.0,     19
2018-08-27, 17:19:59,  -04:00,  GRAYM,   41.8691139,  -72.0176926,  7001.4, 30.03,  7352.0,  17.5, 144.96, 153.33,    2.98,   0.69,   0.00,  -0.01,  -0.01,   3.7,  11.5,  27.7,  28.8,   1.7,  27.30,  25.52,    16.37,  190.91,   52.59,  30.53, 2487.5,    0.76,  336.25,  365.57,  365.51,  347.34,  348.93,  349.18, 1467.10, 1528.21, 1495.99, 1475.22, 1470.53, 1466.76, 1552.04, 1548.88,  7252.6, 167,  GPS,   11.5, 110.60, 116.50, 119.000, 121.500, -0.001,       ,  25.46, -62.5,   13.9,   11.6,  -14.1,      1,   GPS,    ALT,   0.0,   0.7, -15.7, 3DDiff, 3704,      ,     14,  23.0,     20
2018-08-27, 17:20:00,  -04:00,  GRAYM,   41.8698196,  -72.0177383,  7000.4, 30.03,  7351.6,  17.5, 144.89, 153.33,  -23.99,   0.76,  -0.02,   0.00,   0.01,   3.7,  11.4,  27.7,  28.8,   1.7,  27.30,  25.51,    16.39,  190.91,   52.50,  30.57, 2485.8,    0.76,  336.23,  365.57,  365.63,  347.35,  348.97,  349.20, 1466.46, 1528.99, 1496.26, 1474.16, 1471.15, 1468.30, 1552.09, 1548.57,  7252.2, 167,  GPS,   11.5, 110.60, 116.50, 119.000, 121.500, -0.001,       ,  25.46, -62.6,   13.9,   11.6,  -14.1,      1,   GPS,    ALT,   0.0,   0.7, -27.6, 3DDiff, 3704,      ,     14,  23.0,     20
2018-08-27, 17:20:01,  -04:00,  GRAYM,   41.8705330,  -72.0177841,  7000.4, 30.03,  7351.4,  17.5, 144.85, 153.29,  -30.04,   0.80,  -0.05,   0.00,   0.01,   3.7,  11.4,  27.7,  28.8,   1.7,  27.30,  25.50,    16.31,  190.93,   52.58,  30.57, 2487.3,    0.75,  336.24,  365.60,  365.73,  347.36,  349.08,  349.24, 1466.27, 1528.70, 1495.55, 1475.37, 1471.98, 1468.66, 1552.68, 1548.30,  7252.0, 167,  GPS,   11.5, 110.60, 116.50, 119.000, 121.500, -0.001,       ,  25.46, -62.6,   13.8,   11.6,  -14.1,      1,   GPS,    ALT,   0.0,   0.8, -19.7, 3DDiff, 3704,      ,     14,  23.5,     20
2018-08-27, 17:20:02,  -04:00,  GRAYM,   41.8712349,  -72.0178299,  7000.4, 30.03,  7350.5,  17.5, 144.88, 153.27,  -21.66,   0.81,   0.10,   0.00,  -0.01,   3.6,  11.4,  27.7,  28.8,   1.7,  27.31,  25.49,    16.34,  190.92,   52.50,  30.56, 2486.7,    0.75,  336.22,  365.60,  365.85,  347.38,  349.18,  349.26, 1466.12, 1528.32, 1495.91, 1475.97, 1473.16, 1467.24, 1552.36, 1549.17,  7251.1, 167,  GPS,   11.5, 110.60, 116.50, 119.000, 121.500, -0.001,       ,  25.47, -62.7,   13.8,   11.6,  -14.1,      1,   GPS,    ALT,   0.0,   0.8,  -3.9, 3DDiff, 3704,      ,     14,  24.0,     19
2018-08-27, 17:20:03,  -04:00,  GRAYM,   41.8719482,  -72.0178680,  7000.4, 30.03,  7350.6,  17.5, 145.01, 153.23,  -13.37,   0.82,   0.08,   0.01,   0.00,   3.6,  11.5,  27.7,  28.8,   1.7,  27.31,  25.49,    16.34,  190.93,   52.55,  30.53, 2486.4,    0.75,  336.21,  365.60,  365.93,  347.38,  349.32,  349.27, 1466.84, 1528.13, 1496.13, 1475.35, 1472.11, 1468.78, 1551.78, 1548.98,  7251.2, 168,  GPS,   11.5, 110.60, 116.50, 119.000, 121.500, -0.001,       ,  25.48, -62.7,   13.8,   11.6,  -14.1,      1,   GPS,    ALT,   0.0,   0.8,   0.0, 3DDiff, 3704,      ,     13,  23.0,     19
2018-08-27, 17:20:04,  -04:00,  GRAYM,   41.8726578,  -72.0179138,  6999.4, 30.03,  7349.8,  17.5, 144.92, 153.21,  -33.63,   0.87,   0.00,  -0.00,   0.01,   3.6,  11.5,  27.7,  28.8,   1.7,  27.31,  25.48,    16.43,  190.93,   52.54,  30.59, 2485.4,    0.76,  336.21,  365.63,  366.05,  347.38,  349.48,  349.29, 1467.43, 1527.49, 1496.86, 1474.97, 1473.13, 1470.55, 1551.71, 1550.52,  7250.4, 167,  GPS,   11.5, 110.60, 116.50, 119.000, 121.500, -0.001,       ,  25.49, -62.8,   13.7,   11.6,  -14.1,      1,   GPS,    ALT,   0.0,   0.8,  -3.9, 3DDiff, 3704,      ,     14,  22.5,     19
2018-08-27, 17:20:05,  -04:00,  GRAYM,   41.8733673,  -72.0179596,  7000.4, 30.03,  7349.9,  17.5, 144.99, 153.16,   -3.85,   0.82,  -0.02,  -0.00,  -0.01,   3.6,  11.5,  27.7,  28.8,   1.7,  27.32,  25.47,    16.39,  190.94,   52.56,  30.56, 2484.8,    0.76,  336.18,  365.63,  366.12,  347.41,  349.64,  349.33, 1468.11, 1528.82, 1498.53, 1476.33, 1473.97, 1472.63, 1553.47, 1551.77,  7250.5, 167,  GPS,   11.5, 110.60, 116.50, 119.000, 121.500, -0.001,       ,  25.51, -62.9,   13.7,   11.6,  -14.1,      1,   GPS,    ALT,   0.0,   0.9,  11.8, 3DDiff, 3704,      ,     14,  23.0,     20
2018-08-27, 17:20:06,  -04:00,  GRAYM,   41.8740730,  -72.0179977,  6999.4, 30.03,  7349.9,  17.5, 144.93, 153.10,  -14.59,   0.81,   0.00,   0.01,   0.00,   3.6,  11.5,  27.7,  28.8,   1.7,  27.33,  25.46,    16.25,  190.95,   52.47,  30.54, 2485.1,    0.75,  336.16,  365.63,  366.21,  347.41,  349.78,  349.30, 1467.74, 1527.11, 1497.77, 1475.09, 1473.44, 1473.31, 1552.61, 1550.92,  7250.5, 167,  GPS,   11.5, 110.60, 116.50, 119.000, 121.500, -0.001,       ,  25.53, -62.9,   13.6,   11.6,  -14.1,      1,   GPS,    ALT,   0.0,   0.8,   7.9, 3DDiff, 3704,      ,     14,  23.0,     20
2018-08-27, 17:20:07,  -04:00,  GRAYM,   41.8747787,  -72.0180435,  7000.4, 30.03,  7350.0,  17.5, 144.99, 153.04,   -7.62,   0.87,  -0.02,  -0.00,   0.01,   3.5,  11.5,  27.7,  28.8,   1.7,  27.33,  25.45,    16.31,  190.95,   52.49,  30.56, 2484.7,    0.75,  336.16,  365.64,  366.33,  347.43,  349.96,  349.33, 1468.50, 1527.41, 1496.64, 1476.68, 1474.77, 1472.50, 1553.21, 1550.62,  7250.6, 167,  GPS,   11.5, 110.60, 116.50, 119.000, 121.500, -0.001,       ,  25.55, -63.0,   13.6,   11.6,  -14.1,      1,   GPS,    ALT,   0.0,   0.8,  11.8, 3DDiff, 3704,      ,     14,  23.5,     20
2018-08-27, 17:20:08,  -04:00,  GRAYM,   41.8754921,  -72.0180817,  7000.4, 30.03,  7351.1,  17.5, 144.98, 153.02,    0.14,   0.80,  -0.11,  -0.01,  -0.01,   3.5,  11.5,  27.7,  28.8,   1.7,  27.33,  25.44,    16.38,  190.96,   52.38,  30.59, 2486.9,    0.76,  336.15,  365.64,  366.40,  347.44,  350.12,  349.34, 1468.66, 1528.92, 1497.48, 1476.41, 1474.57, 1472.33, 1553.89, 1550.77,  7251.7, 167,  GPS,   11.5, 110.60, 116.50, 119.000, 121.500, -0.001,       ,  25.58, -63.0,   13.5,   11.6,  -14.1,      1,   GPS,    ALT,   0.0,   0.8,  19.7, 3DDiff, 3704,      ,     14,  24.0,     19
2018-08-27, 17:20:10,  -04:00,  GRAYM,   41.8761978,  -72.0181198,  7000.4, 30.03,  7351.4,  17.5, 144.96, 152.98,    3.96,   0.78,  -0.02,   0.00,  -0.00,   3.6,  11.5,  27.7,  28.8,   1.7,  27.33,  25.43,    16.32,  190.96,   52.26,  30.56, 2484.2,    0.75,  336.13,  365.66,  366.49,  347.47,  350.27,  349.36, 1469.05, 1528.48, 1497.52, 1476.28, 1475.24, 1472.24, 1553.19, 1551.00,  7252.0, 167,  GPS,   11.5, 110.60, 116.50, 119.000, 121.500, -0.001,       ,  25.61, -63.1,   13.5,   11.6,  -14.1,      1,   GPS,    ALT,   0.0,   0.8,  11.8, 3DDiff, 3704,      ,     13,  23.0,     19
2018-08-27, 17:20:10,  -04:00,  GRAYM,   41.8769035,  -72.0181732,  7000.4, 30.03,  7352.7,  17.5, 144.91, 152.92,    0.27,   0.78,   0.02,   0.00,   0.01,   3.5,  11.5,  27.7,  28.8,   1.7,  27.34,  25.42,    16.38,  190.97,   52.37,  30.55, 2487.0,    0.76,  336.11,  365.66,  366.55,  347.47,  350.36,  349.36, 1468.94, 1528.05, 1497.08, 1475.87, 1475.25, 1471.64, 1552.25, 1550.85,  7253.3, 167,  GPS,   11.5, 110.60, 116.50, 119.000, 121.500, -0.001,       ,  25.65, -63.2,   13.5,   11.6,  -14.1,      1,   GPS,    ALT,   0.0,   0.8,  15.7, 3DDiff, 3704,      ,     14,  22.5,     19
2018-08-27, 17:20:11,  -04:00,  GRAYM,   41.8776131,  -72.0182114,  7001.4, 30.03,  7353.1,  17.5, 145.00, 152.88,   15.09,   0.71,   0.03,  -0.01,  -0.00,   3.6,  11.5,  27.7,  28.8,   1.7,  27.34,  25.42,    16.36,  190.97,   52.35,  30.55, 2485.2,    0.76,  336.10,  365.67,  366.61,  347.50,  350.49,  349.39, 1469.12, 1528.82, 1496.94, 1475.86, 1475.08, 1472.20, 1552.81, 1550.83,  7253.7, 168,  GPS,   11.5, 110.60, 116.50, 119.000, 121.500, -0.001,       ,  25.69, -63.2,   13.4,   11.6,  -14.1,      1,   GPS,    ALT,   0.0,   0.7,  15.7, 3DDiff, 3704,      ,     14,  23.0,     20
2018-08-27, 17:20:12,  -04:00,  GRAYM,   41.8783188,  -72.0182495,  7001.4, 30.03,  7353.3,  17.5, 144.99, 152.84,   17.88,   0.66,   0.05,  -0.00,  -0.01,   3.5,  11.5,  27.7,  28.8,   1.7,  27.34,  25.42,    16.40,  190.97,   52.26,  30.56, 2485.3,    0.76,  336.10,  365.72,  366.64,  347.52,  350.58,  349.39, 1468.63, 1528.44, 1497.19, 1475.54, 1475.60, 1471.37, 1552.38, 1550.92,  7253.9, 167,  GPS,   11.5, 110.60, 116.50, 119.000, 121.500, -0.001,       ,  25.73, -63.2,   13.4,   11.6,  -14.1,      1,   GPS,    ALT,   0.0,   0.7,  11.8, 3DDiff, 3704,      ,     14,  23.0,     20
2018-08-27, 17:20:13,  -04:00,  GRAYM,   41.8790245,  -72.0183029,  7001.4, 30.03,  7353.6,  17.5, 144.98, 152.83,   -1.49,   0.65,  -0.02,   0.00,   0.00,   3.5,  11.5,  27.7,  28.8,   1.7,  27.33,  25.42,    16.41,  190.98,   52.43,  30.56, 2484.6,    0.76,  336.07,  365.70,  366.67,  347.53,  350.64,  349.39, 1467.76, 1528.89, 1496.05, 1475.21, 1474.14, 1472.48, 1552.73, 1549.98,  7254.2, 167,  GPS,   11.5, 110.60, 116.50, 119.000, 121.500, -0.001,       ,  25.77, -63.3,   13.3,   11.6,  -14.1,      1,   GPS,    ALT,   0.0,   0.7,   7.9, 3DDiff, 3704,      ,     14,  23.5,     20
2018-08-27, 17:20:14,  -04:00,  GRAYM,   41.8797302,  -72.0183411,  7001.4, 30.03,  7353.4,  17.5, 144.96, 152.84,   -8.98,   0.64,  -0.02,   0.00,   0.00,   3.5,  11.5,  27.7,  28.8,   1.7,  27.33,  25.42,    16.44,  190.98,   52.29,  30.59, 2486.1,    0.76,  336.09,  365.72,  366.70,  347.56,  350.71,  349.39, 1468.58, 1529.31, 1496.45, 1475.41, 1473.91, 1471.90, 1553.22, 1550.85,  7254.0, 167,  GPS,   11.5, 110.60, 116.50, 119.000, 121.500, -0.001,       ,  25.81, -63.3,   13.3,   11.6,  -14.1,      1,   GPS,    ALT,   0.0,   0.6,  11.8, 3DDiff, 3704,      ,     14,  24.0,     19
2018-08-27, 17:20:15,  -04:00,  GRAYM,   41.8804436,  -72.0183792,  7001.4, 30.03,  7352.9,  17.5, 145.04, 152.84,  -14.32,   0.64,   0.00,  -0.00,   0.00,   3.5,  11.6,  27.7,  28.8,   1.7,  27.32,  25.43,    16.38,  190.99,   52.13,  30.58, 2485.3,    0.76,  336.06,  365.73,  366.69,  347.56,  350.77,  349.40, 1468.52, 1529.32, 1496.86, 1475.61, 1473.59, 1470.52, 1553.12, 1550.93,  7253.6, 168,  GPS,   11.5, 110.60, 116.50, 119.000, 121.500, -0.001,       ,  25.86, -63.4,   13.3,   11.6,  -14.1,      1,   GPS,    ALT,   0.0,   0.6,  11.8, 3DDiff, 3704,      ,     13,  23.0,     19
2018-08-27, 17:20:16,  -04:00,  GRAYM,   41.8811417,  -72.0184326,  7002.4, 30.03,  7352.2,  17.5, 145.13, 152.84,    1.43,   0.62,  -0.01,  -0.00,   0.00,   3.5,  11.6,  27.7,  28.8,   1.7,  27.30,  25.44,    16.37,  190.99,   52.35,  30.55, 2485.4,    0.76,  336.07,  365.76,  366.70,  347.59,  350.83,  349.42, 1468.16, 1530.13, 1496.68, 1476.04, 1472.84, 1470.61, 1554.41, 1550.07,  7252.8, 168,  GPS,   11.5, 110.60, 116.50, 119.000, 121.500, -0.001,       ,  25.91, -63.4,   13.2,   11.6,  -14.1,      1,   GPS,    ALT,  -0.0,   0.6,  11.8, 3DDiff, 3704,      ,     14,  22.5,     19
2018-08-27, 17:20:17,  -04:00,  GRAYM,   41.8818512,  -72.0184631,  7002.4, 30.03,  7352.3,  17.5, 145.16, 152.84,   18.85,   0.55,  -0.03,  -0.00,  -0.01,   3.5,  11.6,  27.7,  28.8,   1.7,  27.30,  25.44,    16.37,  190.99,   52.36,  30.55, 2484.8,    0.76,  336.04,  365.78,  366.68,  347.60,  350.84,  349.45, 1467.73, 1529.57, 1495.93, 1476.93, 1473.02, 1470.71, 1554.60, 1549.85,  7252.9, 168,  GPS,   11.5, 110.60, 116.50, 119.000, 121.500, -0.001,       ,  25.96, -63.4,   13.2,   11.6,  -14.1,      1,   GPS,    ALT,  -0.0,   0.6,  11.8, 3DDiff, 3704,      ,     14,  23.0,     20
2018-08-27, 17:20:18,  -04:00,  GRAYM,   41.8825607,  -72.0185089,  7002.4, 30.03,  7352.1,  17.5, 145.11, 152.86,   -0.36,   0.51,  -0.05,  -0.00,  -0.01,   3.5,  11.6,  27.7,  28.8,   1.7,  27.29,  25.43,    16.35,  191.01,   52.46,  30.55, 2485.4,    0.75,  336.03,  365.79,  366.67,  347.62,  350.87,  349.46, 1468.39, 1529.75, 1496.09, 1477.24, 1473.64, 1470.00, 1554.30, 1550.04,  7252.7, 168,  GPS,   11.5, 110.60, 116.50, 119.000, 121.500, -0.001,       ,  26.02, -63.4,   13.1,   11.6,  -14.1,      1,   GPS,    ALT,  -0.0,   0.5,   3.9, 3DDiff, 3704,      ,     14,  23.0,     20
2018-08-27, 17:20:19,  -04:00,  GRAYM,   41.8832664,  -72.0185547,  7001.4, 30.03,  7351.9,  17.5, 145.17, 152.88,   -9.81,   0.53,  -0.07,   0.00,   0.00,   3.6,  11.6,  27.7,  28.8,   1.7,  27.29,  25.43,    16.32,  190.99,   52.47,  30.55, 2487.1,    0.75,  336.03,  365.82,  366.62,  347.63,  350.92,  349.49, 1468.00, 1529.57, 1496.61, 1477.97, 1474.21, 1469.98, 1554.05, 1550.53,  7252.5, 168,  GPS,   11.5, 110.60, 116.50, 119.000, 121.500, -0.001,       ,  26.07, -63.4,   13.1,   11.6,  -14.1,      1,   GPS,    ALT,  -0.0,   0.5,  -7.9, 3DDiff, 3704,      ,     14,  23.0,     20
2018-08-27, 17:20:20,  -04:00,  GRAYM,   41.8839722,  -72.0185928,  7002.4, 30.03,  7351.6,  17.5, 145.19, 152.88,  -14.55,   0.57,  -0.05,  -0.00,   0.00,   3.5,  11.6,  27.7,  28.8,   1.7,  27.29,  25.42,    16.37,  191.00,   52.50,  30.54, 2486.2,    0.76,  336.01,  365.82,  366.59,  347.65,  350.92,  349.52, 1468.45, 1528.85, 1497.12, 1477.48, 1474.92, 1469.16, 1553.16, 1551.45,  7252.5, 168,  GPS,   11.5, 110.60, 116.50, 119.000, 121.500, -0.001,       ,  26.13, -63.5,   13.0,   11.6,  -14.1,      1,   GPS,    ALT,  -0.0,   0.6,  -7.9, 3DDiff, 3704,      ,     14,  24.0,     19
2018-08-27, 17:20:21,  -04:00,  GRAYM,   41.8846817,  -72.0186310,  7002.4, 30.03,  7352.3,  17.5, 145.38, 152.92,   -2.22,   0.55,  -0.05,   0.00,  -0.01,   3.5,  11.6,  27.7,  28.8,   1.7,  27.28,  25.42,    16.42,  190.99,   52.31,  30.59, 2484.6,    0.76,  335.98,  365.82,  366.55,  347.63,  350.95,  349.54, 1467.97, 1528.56, 1496.75, 1478.00, 1474.65, 1469.40, 1553.61, 1550.82,  7253.2, 168,  GPS,   11.5, 110.60, 116.50, 119.000, 121.500, -0.001,       ,  26.19, -63.5,   13.0,   11.6,  -14.1,      1,   GPS,    ALT,  -0.0,   0.6,   3.9, 3DDiff, 3704,      ,     13,  22.5,     19
2018-08-27, 17:20:22,  -04:00,  GRAYM,   41.8853874,  -72.0186691,  7001.4, 30.03,  7353.1,  17.5, 145.27, 152.94,  -24.99,   0.52,  -0.05,   0.01,  -0.00,   3.5,  11.6,  27.7,  28.8,   1.7,  27.28,  25.43,    16.44,  190.99,   52.32,  30.58, 2486.4,    0.76,  336.00,  365.84,  366.50,  347.63,  350.95,  349.55, 1468.04, 1528.42, 1497.10, 1476.71, 1475.52, 1469.34, 1553.08, 1551.27,  7254.0, 168,  GPS,   11.5, 110.60, 116.50, 119.000, 121.500, -0.001,       ,  26.24, -63.5,   13.0,   11.6,  -14.1,      1,   GPS,    ALT,  -0.0,   0.5,   3.9, 3DDiff, 3704,      ,     14,  22.5,     19
2018-08-27, 17:20:23,  -04:00,  GRAYM,   41.8860931,  -72.0187073,  7002.4, 30.03,  7353.2,  17.5, 145.41, 152.96,   -2.68,   0.54,  -0.04,  -0.00,   0.00,   3.5,  11.6,  27.7,  28.8,   1.7,  27.27,  25.43,    16.36,  190.98,   52.13,  30.58, 2486.5,    0.76,  335.98,  365.85,  366.46,  347.65,  350.92,  349.57, 1468.20, 1529.45, 1496.50, 1478.40, 1474.82, 1470.69, 1554.36, 1551.08,  7254.1, 168,  GPS,   11.5, 110.60, 116.50, 119.000, 121.500, -0.001,       ,  26.30, -63.5,   12.9,   11.6,  -14.1,      1,   GPS,    ALT,  -0.0,   0.5,   0.0, 3DDiff, 3704,      ,     14,  22.5,     20
2018-08-27, 17:20:24,  -04:00,  GRAYM,   41.8868065,  -72.0187607,  7001.4, 30.03,  7353.2,  17.5, 145.38, 152.98,  -16.46,   0.51,  -0.09,  -0.01,  -0.00,   3.5,  11.6,  27.7,  28.8,   1.7,  27.27,  25.43,    16.35,  190.97,   52.36,  30.55, 2485.5,    0.75,  335.97,  365.85,  366.42,  347.65,  350.93,  349.58, 1469.40, 1529.07, 1496.59, 1477.93, 1474.39, 1471.64, 1554.51, 1551.07,  7254.1, 168,  GPS,   11.5, 110.60, 116.50, 119.000, 121.500, -0.001,       ,  26.36, -63.5,   12.9,   11.6,  -14.1,      1,   GPS,    ALT,  -0.0,   0.5,   0.0, 3DDiff, 3704,      ,     14,  23.0,     20
2018-08-27, 17:20:25,  -04:00,  GRAYM,   41.8875122,  -72.0187988,  7002.4, 30.03,  7353.3,  17.5, 145.48, 153.00,   -0.31,   0.48,  -0.12,   0.00,  -0.01,   3.5,  11.6,  27.7,  28.8,   1.7,  27.27,  25.42,    16.40,  190.97,   52.18,  30.56, 2486.3,    0.76,  335.97,  365.86,  366.37,  347.68,  350.92,  349.60, 1468.85, 1528.97, 1496.37, 1476.82, 1475.02, 1472.27, 1554.26, 1550.84,  7254.2, 168,  GPS,   11.5, 110.60, 116.50, 119.000, 121.500, -0.001,       ,  26.41, -63.5,   12.8,   11.6,  -14.1,      1,   GPS,    ALT,  -0.0,   0.5,   3.9, 3DDiff, 3704,      ,     14,  23.0,     20
2018-08-27, 17:20:26,  -04:00,  GRAYM,   41.8882179,  -72.0188370,  7002.4, 30.03,  7353.7,  17.5, 145.46, 153.02,    5.51,   0.43,  -0.11,   0.00,   0.00,   3.5,  11.6,  27.7,  28.8,   1.7,  27.27,  25.42,    16.36,  190.97,   52.49,  30.55, 2486.6,    0.76,  335.94,  365.88,  366.35,  347.66,  350.89,  349.61, 1469.36, 1528.97, 1496.29, 1477.52, 1474.54, 1472.19, 1554.22, 1550.70,  7254.6, 168,  GPS,   11.5, 110.60, 116.50, 119.000, 121.500, -0.001,       ,  26.46, -63.5,   12.8,   11.6,  -14.1,      1,   GPS,    ALT,  -0.0,   0.5,   3.9, 3DDiff, 3704,      ,     14,  23.5,     19
2018-08-27, 17:20:27,  -04:00,  GRAYM,   41.8889275,  -72.0188828,  7002.4, 30.03,  7352.8,  17.5, 145.56, 153.04,   -7.55,   0.42,  -0.04,  -0.00,  -0.01,   3.5,  11.6,  27.7,  28.8,   1.7,  27.27,  25.42,    16.39,  190.96,   52.44,  30.54, 2487.2,    0.76,  335.94,  365.89,  366.31,  347.68,  350.88,  349.64, 1468.31, 1528.33, 1495.47, 1477.19, 1473.89, 1472.21, 1553.75, 1549.97,  7253.8, 168,  GPS,   11.5, 110.60, 116.50, 119.000, 121.500, -0.001,       ,  26.52, -63.5,   12.7,   11.6,  -14.1,      1,   GPS,    ALT,  -0.0,   0.4,  -3.9, 3DDiff, 3704,      ,     13,  22.5,     19
2018-08-27, 17:20:28,  -04:00,  GRAYM,   41.8896332,  -72.0189209,  7002.4, 30.03,  7351.8,  17.5, 145.67, 153.06,   -7.07,   0.45,   0.01,   0.00,   0.00,   3.5,  11.6,  27.7,  28.8,   1.7,  27.26,  25.41,    16.41,  190.98,   52.56,  30.55, 2487.2,    0.76,  335.91,  365.91,  366.28,  347.68,  350.86,  349.64, 1468.12, 1528.76, 1495.94, 1475.52, 1473.04, 1471.22, 1552.78, 1549.70,  7252.8, 168,  GPS,   11.5, 110.60, 116.50, 119.000, 121.500, -0.001,       ,  26.57, -63.4,   12.7,   11.6,  -14.1,      1,   GPS,    ALT,  -0.0,   0.4, -11.8, 3DDiff, 3704,      ,     14,  22.5,     19
2018-08-27, 17:20:29,  -04:00,  GRAYM,   41.8903465,  -72.0189667,  7002.4, 30.03,  7351.8,  17.5, 145.60, 153.12,   -8.63,   0.36,   0.00,   0.00,  -0.00,   3.5,  11.6,  27.7,  28.8,   1.7,  27.25,  25.41,    16.38,  190.99,   52.37,  30.56, 2486.4,    0.76,  335.92,  365.89,  366.25,  347.71,  350.83,  349.66, 1467.78, 1529.38, 1496.54, 1475.23, 1473.10, 1472.15, 1553.10, 1549.80,  7252.7, 168,  GPS,   11.5, 110.60, 116.50, 119.000, 121.500, -0.001,       ,  26.62, -63.4,   12.7,   11.6,  -14.1,      1,   GPS,    ALT,  -0.0,   0.4,   3.9, 3DDiff, 3704,      ,     14,  22.5,     20
2018-08-27, 17:20:30,  -04:00,  GRAYM,   41.8910484,  -72.0190125,  7001.4, 30.03,  7351.7,  17.5, 145.61, 153.16,  -19.12,   0.34,  -0.09,  -0.00,   0.00,   3.5,  11.6,  27.7,  28.8,   1.7,  27.24,  25.42,    16.40,  190.99,   52.33,  30.55, 2486.4,    0.76,  335.91,  365.91,  366.25,  347.71,  350.80,  349.69, 1468.81, 1529.48, 1496.45, 1476.49, 1473.29, 1472.40, 1553.56, 1549.97,  7252.6, 168,  GPS,   11.5, 110.60, 116.50, 119.000, 121.500, -0.001,       ,  26.66, -63.4,   12.6,   11.6,  -14.1,      1,   GPS,    ALT,  -0.0,   0.4,   3.9, 3DDiff, 3704,      ,     14,  23.0,     20
2018-08-27, 17:20:31,  -04:00,  GRAYM,   41.8917618,  -72.0190506,  7001.4, 30.03,  7351.7,  17.5, 145.57, 153.23,  -20.93,   0.33,  -0.13,  -0.00,  -0.01,   3.6,  11.6,  27.7,  28.8,   1.7,  27.23,  25.41,    16.35,  190.98,   52.34,  30.56, 2484.2,    0.75,  335.88,  365.93,  366.22,  347.72,  350.79,  349.70, 1468.09, 1528.57, 1497.43, 1477.87, 1473.39, 1472.44, 1553.89, 1550.13,  7252.6, 168,  GPS,   11.5, 110.60, 116.50, 119.000, 121.500, -0.001,       ,  26.71, -63.4,   12.6,   11.6,  -14.1,      1,   GPS,    ALT,  -0.0,   0.3,   3.9, 3DDiff, 3704,      ,     14,  23.0,     20
2018-08-27, 17:20:32,  -04:00,  GRAYM,   41.8924713,  -72.0190887,  7001.4, 30.03,  7351.6,  17.5, 145.66, 153.27,  -23.90,   0.40,  -0.14,   0.00,   0.00,   3.6,  11.6,  27.7,  28.8,   1.7,  27.24,  25.40,    16.34,  190.97,   52.68,  30.57, 2486.8,    0.75,  335.86,  365.94,  366.22,  347.72,  350.77,  349.70, 1467.62, 1528.19, 1497.12, 1477.99, 1471.79, 1471.61, 1553.66, 1548.96,  7252.5, 168,  GPS,   11.5, 110.60, 116.50, 119.000, 121.500, -0.001,       ,  26.75, -63.4,   12.5,   11.6,  -14.1,      1,   GPS,    ALT,  -0.0,   0.4,   0.0, 3DDiff, 3704,      ,     14,  23.5,     19
2018-08-27, 17:20:33,  -04:00,  GRAYM,   41.8931770,  -72.0191345,  7002.4, 30.03,  7352.5,  17.5, 145.70, 153.33,    3.17,   0.37,  -0.03,   0.01,   0.00,   3.5,  11.5,  27.7,  28.8,   1.7,  27.24,  25.39,    16.32,  190.97,   52.27,  30.57, 2485.9,    0.75,  335.86,  365.94,  366.22,  347.72,  350.74,  349.73, 1466.99, 1527.69, 1497.76, 1478.46, 1472.84, 1471.18, 1553.21, 1549.38,  7253.4, 168,  GPS,   11.5, 110.60, 116.50, 119.000, 121.500, -0.001,       ,  26.79, -63.3,   12.5,   11.6,  -14.1,      1,   GPS,    ALT,  -0.0,   0.4,   7.9, 3DDiff, 3704,      ,     13,  22.5,     19
2018-08-27, 17:20:34,  -04:00,  GRAYM,   41.8938866,  -72.0191727,  7002.4, 30.03,  7353.5,  17.5, 145.67, 153.37,   14.11,   0.26,   0.00,   0.00,  -0.01,   3.5,  11.5,  27.7,  28.8,   1.7,  27.24,  25.39,    16.37,  190.97,   52.23,  30.60, 2485.6,    0.76,  335.85,  365.97,  366.22,  347.74,  350.72,  349.73, 1467.94, 1527.52, 1498.19, 1478.17, 1472.73, 1473.21, 1553.84, 1550.17,  7254.4, 168,  GPS,   11.5, 110.60, 116.50, 119.000, 121.500, -0.001,       ,  26.82, -63.3,   12.4,   11.6,  -14.1,      1,   GPS,    ALT,  -0.0,   0.3,   7.9, 3DDiff, 3704,      ,     14,  22.5,     19
2018-08-27, 17:20:35,  -04:00,  GRAYM,   41.8945999,  -72.0192184,  7002.4, 30.03,  7353.5,  17.5, 145.60, 153.45,   -7.23,   0.24,   0.01,  -0.00,  -0.00,   3.5,  11.5,  27.7,  28.8,   1.7,  27.24,  25.39,    16.40,  190.97,   52.29,  30.61, 2486.0,    0.76,  335.85,  365.98,  366.23,  347.75,  350.70,  349.75, 1468.91, 1527.67, 1499.07, 1477.71, 1474.32, 1473.92, 1554.11, 1551.76,  7254.4, 168,  GPS,   11.5, 110.60, 116.50, 119.000, 121.500, -0.001,       ,  26.85, -63.3,   12.4,   11.6,  -14.1,      1,   GPS,    ALT,  -0.0,   0.3,   0.0, 3DDiff, 3704,      ,     14,  22.5,     20
2018-08-27, 17:20:36,  -04:00,  GRAYM,   41.8953094,  -72.0192566,  7001.4, 30.03,  7353.5,  17.5, 145.54, 153.52,  -17.44,   0.26,  -0.02,   0.00,  -0.00,   3.5,  11.6,  27.7,  28.8,   1.7,  27.23,  25.39,    16.44,  190.96,   52.36,  30.61, 2485.8,    0.76,  335.82,  366.00,  366.25,  347.75,  350.65,  349.76, 1469.68, 1528.37, 1499.21, 1478.59, 1475.02, 1472.87, 1554.27, 1552.32,  7254.4, 168,  GPS,   11.5, 110.60, 116.50, 119.000, 121.500, -0.001,       ,  26.88, -63.3,   12.4,   11.6,  -14.1,      1,   GPS,    ALT,   0.0,   0.3,  -7.9, 3DDiff, 3704,      ,     14,  23.0,     20
2018-08-27, 17:20:37,  -04:00,  GRAYM,   41.8960152,  -72.0193024,  7001.4, 30.03,  7353.5,  17.5, 145.53, 153.60,  -25.15,   0.30,  -0.03,   0.00,   0.01,   3.5,  11.6,  27.7,  28.8,   1.7,  27.23,  25.39,    16.44,  190.99,   52.43,  30.57, 2486.6,    0.76,  335.82,  366.00,  366.28,  347.75,  350.64,  349.76, 1469.59, 1529.28, 1498.59, 1477.49, 1474.56, 1473.52, 1554.13, 1551.66,  7254.4, 168,  GPS,   11.5, 110.60, 116.50, 119.000, 121.500, -0.001,       ,  26.90, -63.2,   12.3,   11.6,  -14.1,      1,   GPS,    ALT,  -0.0,   0.3,  -7.9, 3DDiff, 3704,      ,     14,  23.0,     20
2018-08-27, 17:20:38,  -04:00,  GRAYM,   41.8967247,  -72.0193481,  7002.4, 30.03,  7354.9,  17.5, 145.72, 153.70,   -3.25,   0.27,  -0.04,  -0.00,  -0.00,   3.5,  11.6,  27.7,  28.8,   1.7,  27.22,  25.39,    16.36,  190.98,   52.54,  30.57, 2486.6,    0.76,  335.80,  366.02,  366.31,  347.78,  350.59,  349.76, 1469.39, 1529.84, 1498.27, 1476.61, 1475.42, 1472.48, 1553.99, 1551.93,  7255.8, 168,  GPS,   11.5, 110.60, 116.50, 119.000, 121.500, -0.001,       ,  26.92, -63.2,   12.3,   11.6,  -14.1,      1,   GPS,    ALT,  -0.0,   0.3,   3.9, 3DDiff, 3704,      ,     14,  23.5,     19
2018-08-27, 17:20:39,  -04:00,  GRAYM,   41.8974419,  -72.0193863,  7001.4, 30.03,  7354.2,  17.5, 145.67, 153.76,  -13.88,   0.24,  -0.01,   0.00,  -0.01,   3.5,  11.6,  27.7,  28.8,   1.7,  27.21,  25.38,    16.38,  190.97,   52.38,  30.62, 2485.5,    0.76,  335.80,  366.03,  366.33,  347.80,  350.56,  349.80, 1470.27, 1530.15, 1498.58, 1476.34, 1476.23, 1472.97, 1554.13, 1552.77,  7255.1, 168,  GPS,   11.5, 110.60, 116.50, 119.000, 121.500, -0.001,       ,  26.94, -63.2,   12.2,   11.6,  -14.1,      1,   GPS,    ALT,  -0.0,   0.3,   3.9, 3DDiff, 3704,      ,     13,  22.5,     19
2018-08-27, 17:20:40,  -04:00,  GRAYM,   41.8981514,  -72.0194321,  7001.4, 30.03,  7353.4,  17.5, 145.76, 153.84,   -2.64,   0.25,  -0.07,   0.00,  -0.00,   3.5,  11.6,  27.7,  28.8,   1.7,  27.21,  25.38,    16.36,  190.99,   52.47,  30.59, 2487.4,    0.76,  335.82,  366.04,  366.34,  347.80,  350.52,  349.79, 1469.19, 1529.34, 1498.03, 1477.15, 1474.96, 1472.80, 1554.31, 1551.32,  7254.3, 168,  GPS,   11.5, 110.60, 116.50, 119.000, 121.500, -0.001,       ,  26.95, -63.2,   12.2,   11.6,  -14.1,      1,   GPS,    ALT,  -0.0,   0.2,   0.0, 3DDiff, 3704,      ,     13,  22.5,     19
2018-08-27, 17:20:41,  -04:00,  GRAYM,   41.8988686,  -72.0194702,  7001.4, 30.03,  7353.3,  17.5, 145.72, 153.91,  -17.30,   0.25,  -0.14,   0.00,   0.00,   3.5,  11.6,  27.7,  28.8,   1.7,  27.20,  25.38,    16.41,  190.98,   52.46,  30.57, 2486.7,    0.76,  335.79,  366.06,  366.40,  347.81,  350.49,  349.81, 1468.82, 1528.51, 1498.13, 1477.39, 1475.20, 1472.66, 1553.81, 1551.92,  7254.2, 168,  GPS,   11.5, 110.60, 116.50, 119.000, 121.500, -0.001,       ,  26.97, -63.2,   12.1,   11.6,  -14.1,      1,   GPS,    ALT,  -0.0,   0.3,  -3.9, 3DDiff, 3704,      ,     14,  22.5,     19
2018-08-27, 17:20:42,  -04:00,  GRAYM,   41.8995819,  -72.0195160,  7002.4, 30.03,  7353.3,  17.5, 145.80, 153.99,   -4.26,   0.29,  -0.12,  -0.00,  -0.01,   3.5,  11.5,  27.7,  28.8,   1.7,  27.20,  25.38,    16.36,  190.97,   52.42,  30.58, 2487.0,    0.76,  335.76,  366.08,  366.40,  347.81,  350.44,  349.80, 1469.34, 1529.01, 1498.86, 1477.53, 1474.64, 1473.25, 1553.68, 1551.84,  7254.2, 168,  GPS,   11.5, 110.60, 116.50, 119.000, 121.500, -0.001,       ,  26.98, -63.2,   12.1,   11.6,  -14.1,      1,   GPS,    ALT,  -0.0,   0.3,  -3.9, 3DDiff, 3704,      ,     14,  22.5,     20
2018-08-27, 17:20:43,  -04:00,  GRAYM,   41.9002914,  -72.0195618,  7002.4, 30.03,  7353.1,  17.5, 145.86, 154.07,    3.11,   0.29,  -0.07,   0.01,  -0.01,   3.4,  11.5,  27.7,  28.8,   1.7,  27.20,  25.37,    16.46,  190.98,   52.45,  30.58, 2486.3,    0.76,  335.78,  366.06,  366.43,  347.81,  350.39,  349.82, 1470.41, 1529.68, 1498.80, 1476.31, 1474.26, 1473.84, 1553.69, 1552.45,  7254.0, 168,  GPS,   11.5, 110.60, 116.50, 119.000, 121.500, -0.001,       ,  26.99, -63.3,   12.1,   11.6,  -14.1,      1,   GPS,    ALT,  -0.0,   0.3, -11.8, 3DDiff, 3704,      ,     14,  23.0,     20
2018-08-27, 17:20:44,  -04:00,  GRAYM,   41.9010010,  -72.0195999,  7001.4, 30.03,  7351.3,  17.5, 145.90, 154.13,   -4.18,   0.26,   0.02,   0.00,   0.01,   3.4,  11.5,  27.7,  28.8,   1.7,  27.19,  25.37,    16.42,  190.97,   52.45,  30.56, 2487.4,    0.76,  335.77,  366.09,  366.41,  347.84,  350.37,  349.85, 1470.08, 1529.40, 1498.63, 1477.01, 1474.39, 1472.90, 1554.36, 1551.63,  7252.2, 169,  GPS,   11.5, 110.60, 116.50, 119.000, 121.500, -0.001,       ,  26.99, -63.3,   12.0,   11.6,  -14.1,      1,   GPS,    ALT,  -0.0,   0.3, -11.8, 3DDiff, 3704,      ,     14,  23.5,     19
2018-08-27, 17:20:45,  -04:00,  GRAYM,   41.9017143,  -72.0196381,  7001.4, 30.03,  7351.7,  17.5, 146.03, 154.22,  -16.46,   0.26,   0.04,  -0.00,   0.00,   3.4,  11.5,  27.7,  28.8,   1.7,  27.19,  25.37,    16.44,  190.97,   52.47,  30.56, 2487.9,    0.76,  335.76,  366.09,  366.43,  347.87,  350.34,  349.85, 1470.24, 1529.40, 1498.53, 1477.38, 1474.42, 1472.76, 1554.70, 1551.98,  7252.7, 169,  GPS,   11.5, 110.60, 116.50, 119.000, 121.500, -0.001,       ,  27.00, -63.3,   12.0,   11.6,  -14.1,      1,   GPS,    ALT,   0.0,   0.3, -11.8, 3DDiff, 3704,      ,     13,  22.5,     19
2018-08-27, 17:20:46,  -04:00,  GRAYM,   41.9024277,  -72.0196838,  7001.4, 30.03,  7352.3,  17.5, 146.05, 154.26,  -20.45,   0.26,  -0.01,  -0.00,  -0.00,   3.4,  11.5,  27.7,  28.8,   1.7,  27.19,  25.37,    16.40,  190.97,   52.47,  30.58, 2487.1,    0.76,  335.73,  366.12,  366.43,  347.87,  350.31,  349.85, 1471.04, 1529.10, 1498.69, 1477.07, 1474.65, 1472.33, 1554.90, 1552.57,  7253.2, 169,  GPS,   11.5, 110.60, 116.50, 119.000, 121.500, -0.001,       ,  27.00, -63.4,   11.9,   11.6,  -14.1,      1,   GPS,    ALT,   0.0,   0.3,  -3.9, 3DDiff, 3704,      ,     13,  22.5,     19
2018-08-27, 17:20:47,  -04:00,  GRAYM,   41.9031448,  -72.0197296,  7000.4, 30.03,  7352.3,  17.5, 145.94, 154.34,  -27.51,   0.29,  -0.12,   0.00,  -0.00,   3.4,  11.5,  27.7,  28.8,   1.7,  27.18,  25.37,    16.34,  190.96,   52.43,  30.57, 2485.7,    0.75,  335.73,  366.12,  366.40,  347.87,  350.27,  349.87, 1470.15, 1527.99, 1498.06, 1477.16, 1474.33, 1472.33, 1553.79, 1552.17,  7253.2, 169,  GPS,   11.5, 110.60, 116.50, 119.000, 121.500, -0.001,       ,  27.01, -63.4,   11.9,   11.6,  -14.1,      1,   GPS,    ALT,   0.0,   0.3,   0.0, 3DDiff, 3704,      ,     14,  22.5,     19
2018-08-27, 17:20:48,  -04:00,  GRAYM,   41.9038582,  -72.0197678,  7000.4, 30.03,  7352.1,  17.5, 145.99, 154.38,  -32.09,   0.37,  -0.09,  -0.00,   0.01,   3.4,  11.5,  27.7,  28.8,   1.7,  27.18,  25.35,    16.32,  190.95,   52.37,  30.55, 2485.0,    0.75,  335.72,  366.15,  366.38,  347.88,  350.26,  349.88, 1469.73, 1528.86, 1498.13, 1476.86, 1474.76, 1472.59, 1553.80, 1552.14,  7253.1, 169,  GPS,   11.5, 110.60, 116.50, 119.000, 121.500, -0.001,       ,  27.01, -63.5,   11.8,   11.6,  -14.1,      1,   GPS,    ALT,   0.0,   0.3,  -7.9, 3DDiff, 3704,      ,     14,  22.5,     20
2018-08-27, 17:20:49,  -04:00,  GRAYM,   41.9045753,  -72.0198135,  7001.4, 30.03,  7352.2,  17.5, 146.09, 154.40,   -6.86,   0.42,   0.01,  -0.00,   0.00,   3.4,  11.5,  27.7,  28.8,   1.7,  27.19,  25.34,    16.34,  190.95,   52.45,  30.57, 2486.9,    0.75,  335.72,  366.18,  366.37,  347.90,  350.22,  349.89, 1471.12, 1528.45, 1497.27, 1476.81, 1475.25, 1473.02, 1554.00, 1552.62,  7253.1, 169,  GPS,   11.5, 110.60, 116.50, 119.000, 121.500, -0.001,       ,  27.01, -63.5,   11.8,   11.6,  -14.1,      1,   GPS,    ALT,   0.0,   0.4,  -3.9, 3DDiff, 3704,      ,     14,  23.0,     20
2018-08-27, 17:20:50,  -04:00,  GRAYM,   41.9052887,  -72.0198593,  7000.4, 30.03,  7352.8,  17.5, 146.21, 154.44,  -17.33,   0.38,   0.11,   0.00,   0.00,   3.4,  11.5,  27.7,  28.8,   1.7,  27.20,  25.33,    16.43,  190.94,   52.44,  30.61, 2486.6,    0.76,  335.73,  366.18,  366.34,  347.92,  350.16,  349.91, 1470.62, 1528.71, 1498.30, 1476.64, 1474.69, 1472.56, 1554.24, 1552.38,  7253.7, 169,  GPS,   11.5, 110.60, 116.50, 119.000, 121.500, -0.001,       ,  27.01, -63.6,   11.8,   11.6,  -14.1,      1,   GPS,    ALT,   0.0,   0.4,   3.9, 3DDiff, 3704,      ,     14,  23.5,     19
2018-08-27, 17:20:51,  -04:00,  GRAYM,   41.9060059,  -72.0198975,  7000.4, 30.03,  7352.5,  17.5, 146.17, 154.48,  -25.34,   0.35,   0.03,   0.00,   0.00,   3.4,  11.5,  27.7,  28.8,   1.7,  27.19,  25.33,    16.43,  190.95,   52.29,  30.58, 2485.9,    0.76,  335.70,  366.19,  366.28,  347.93,  350.13,  349.92, 1470.44, 1530.04, 1499.08, 1477.03, 1474.94, 1471.87, 1554.59, 1552.45,  7253.4, 169,  GPS,   11.5, 110.60, 116.50, 119.000, 121.500, -0.001,       ,  27.01, -63.6,   11.7,   11.6,  -14.1,      1,   GPS,    ALT,   0.0,   0.4,  15.7, 3DDiff, 3704,      ,     13,  22.5,     19
2018-08-27, 17:20:52,  -04:00,  GRAYM,   41.9067154,  -72.0199432,  7001.4, 30.03,  7352.2,  17.5, 146.19, 154.50,    6.21,   0.35,  -0.08,  -0.00,  -0.01,   3.5,  11.6,  27.7,  28.8,   1.7,  27.19,  25.32,    16.37,  190.94,   52.29,  30.57, 2484.7,    0.76,  335.68,  366.21,  366.24,  347.93,  350.07,  349.97, 1470.44, 1529.97, 1498.50, 1477.52, 1475.00, 1472.09, 1555.09, 1552.32,  7253.1, 169,  GPS,   11.5, 110.60, 116.50, 119.000, 121.500, -0.001,       ,  27.01, -63.7,   11.7,   11.6,  -14.1,      1,   GPS,    ALT,   0.0,   0.3,  19.7, 3DDiff, 3704,      ,     13,  22.0,     19
2018-08-27, 17:20:53,  -04:00,  GRAYM,   41.9074287,  -72.0199890,  7001.4, 30.03,  7352.3,  17.5, 146.20, 154.54,    6.86,   0.30,  -0.05,  -0.00,  -0.01,   3.5,  11.6,  27.7,  28.8,   1.7,  27.19,  25.32,    16.36,  190.93,   52.18,  30.59, 2486.4,    0.76,  335.68,  366.21,  366.22,  347.96,  350.04,  349.97, 1471.09, 1529.33, 1498.38, 1477.90, 1475.92, 1473.68, 1554.74, 1553.32,  7253.3, 169,  GPS,   11.5, 110.60, 116.50, 119.000, 121.500, -0.000,       ,  27.02, -63.7,   11.6,   11.6,  -14.1,      1,   GPS,    ALT,  -0.0,   0.3,  11.8, 3DDiff, 3704,      ,     14,  22.5,     19
2018-08-27, 17:20:54,  -04:00,  GRAYM,   41.9081459,  -72.0200272,  7001.4, 30.03,  7352.2,  17.5, 146.31, 154.56,   -3.25,   0.29,  -0.01,   0.00,   0.00,   3.4,  11.6,  27.7,  28.8,   1.7,  27.18,  25.32,    16.37,  190.92,   52.31,  30.55, 2487.5,    0.76,  335.67,  366.22,  366.15,  347.96,  349.98,  350.01, 1470.88, 1529.43, 1498.56, 1478.32, 1475.82, 1473.71, 1555.19, 1553.18,  7253.1, 169,  GPS,   11.5, 110.60, 116.50, 119.000, 121.500, -0.001,       ,  27.02, -63.8,   11.6,   11.6,  -14.1,      1,   GPS,    ALT,  -0.0,   0.3,   3.9, 3DDiff, 3704,      ,     14,  22.5,     20
2018-08-27, 17:20:55,  -04:00,  GRAYM,   41.9088631,  -72.0200729,  7000.4, 30.03,  7352.3,  17.5, 146.25, 154.57,   -4.61,   0.29,  -0.01,  -0.00,  -0.00,   3.4,  11.6,  27.7,  28.8,   1.7,  27.16,  25.33,    16.40,  190.94,   52.43,  30.51, 2487.0,    0.76,  335.69,  366.22,  366.10,  347.96,  349.94,  350.01, 1470.12, 1529.51, 1497.61, 1478.49, 1475.58, 1473.32, 1555.10, 1552.33,  7253.2, 169,  GPS,   11.5, 110.60, 116.50, 119.000, 121.500, -0.001,       ,  27.02, -63.8,   11.5,   11.6,  -14.1,      1,   GPS,    ALT,  -0.0,   0.3,   7.9, 3DDiff, 3704,      ,     14,  23.0,     20
2018-08-27, 17:20:56,  -04:00,  GRAYM,   41.9095764,  -72.0201111,  6999.4, 30.03,  7353.1,  17.5, 146.16, 154.61,  -35.00,   0.33,  -0.07,  -0.00,   0.00,   3.4,  11.6,  27.7,  28.8,   1.7,  27.14,  25.33,    16.41,  190.90,   52.52,  30.51, 2486.7,    0.76,  335.67,  366.25,  366.04,  347.96,  349.91,  350.04, 1469.81, 1529.75, 1498.29, 1478.85, 1475.94, 1472.58, 1555.04, 1552.14,  7254.0, 169,  GPS,   11.5, 110.60, 116.50, 119.000, 121.500, -0.001,       ,  27.02, -63.9,   11.5,   11.6,  -14.1,      1,   GPS,    ALT,  -0.0,   0.3,   7.9, 3DDiff, 3704,      ,     14,  23.5,     19
2018-08-27, 17:20:57,  -04:00,  GRAYM,   41.9102936,  -72.0201492,  7000.4, 30.03,  7353.8,  17.5, 146.19, 154.63,  -20.77,   0.37,  -0.08,   0.00,  -0.00,   3.4,  11.6,  27.7,  28.8,   1.7,  27.13,  25.34,    16.38,  190.91,   52.41,  30.51, 2486.1,    0.76,  335.65,  366.25,  366.01,  347.95,  349.85,  350.04, 1470.40, 1529.32, 1498.23, 1478.08, 1475.15, 1472.24, 1554.06, 1551.65,  7254.7, 169,  GPS,   11.5, 110.60, 116.50, 119.000, 121.500, -0.001,       ,  27.03, -63.9,   11.5,   11.6,  -14.1,      1,   GPS,    ALT,  -0.0,   0.3,  19.7, 3DDiff, 3704,      ,     13,  22.5,     19
2018-08-27, 17:20:58,  -04:00,  GRAYM,   41.9110069,  -72.0202026,  7001.4, 30.03,  7354.7,  17.5, 146.23, 154.65,    6.84,   0.33,  -0.07,   0.01,  -0.00,   3.4,  11.6,  27.7,  28.8,   1.7,  27.11,  25.35,    16.36,  190.88,   52.50,  30.53, 2488.0,    0.76,  335.64,  366.26,  365.98,  347.96,  349.80,  350.07, 1470.97, 1529.78, 1498.28, 1477.94, 1474.82, 1473.30, 1554.79, 1551.85,  7255.6, 169,  GPS,   11.5, 110.60, 116.50, 119.000, 121.500, -0.001,       ,  27.03, -64.0,   11.4,   11.6,  -14.1,      1,   GPS,    ALT,  -0.0,   0.3,  27.6, 3DDiff, 3704,      ,     13,  22.0,     19
2018-08-27, 17:20:59,  -04:00,  GRAYM,   41.9117241,  -72.0202332,  7001.4, 30.03,  7355.0,  17.5, 146.18, 154.69,    2.64,   0.30,  -0.05,  -0.00,  -0.00,   3.4,  11.6,  27.7,  28.8,   1.7,  27.10,  25.35,    16.31,  190.88,   52.53,  30.48, 2487.0,    0.75,  335.66,  366.28,  365.94,  347.96,  349.79,  350.10, 1469.87, 1529.42, 1497.56, 1477.99, 1474.41, 1472.62, 1555.11, 1551.47,  7255.9, 169,  GPS,   11.5, 110.60, 116.50, 119.000, 121.500, -0.001,       ,  27.04, -64.0,   11.4,   11.6,  -14.1,      1,   GPS,    ALT,  -0.0,   0.3,  15.7, 3DDiff, 3704,      ,     14,  22.5,     20
2018-08-27, 17:21:00,  -04:00,  GRAYM,   41.9124374,  -72.0202789,  7001.4, 30.03,  7355.3,  17.5, 146.16, 154.73,    9.92,   0.30,  -0.04,  -0.00,  -0.01,   3.4,  11.6,  27.7,  28.8,   1.7,  27.10,  25.35,    16.29,  190.89,   52.30,  30.48, 2485.6,    0.75,  335.64,  366.30,  365.90,  347.98,  349.73,  350.11, 1469.67, 1528.71, 1498.18, 1477.69, 1473.96, 1471.97, 1554.45, 1551.22,  7256.2, 169,  GPS,   11.5, 110.60, 116.50, 119.000, 121.500, -0.001,       ,  27.04, -64.1,   11.3,   11.6,  -14.1,      1,   GPS,    ALT,  -0.0,   0.3,  11.8, 3DDiff, 3704,      ,     14,  22.5,     20
2018-08-27, 17:21:01,  -04:00,  GRAYM,   41.9131546,  -72.0203247,  7001.4, 30.03,  7355.4,  17.5, 146.14, 154.75,    7.46,   0.27,  -0.08,   0.00,  -0.00,   3.4,  11.6,  27.7,  28.8,   1.7,  27.10,  25.35,    16.29,  190.92,   52.50,  30.51, 2486.6,    0.75,  335.62,  366.31,  365.88,  347.96,  349.70,  350.13, 1469.58, 1529.76, 1497.59, 1477.06, 1473.59, 1472.09, 1554.01, 1551.58,  7256.3, 169,  GPS,   11.5, 110.60, 116.50, 119.000, 121.500, -0.001,       ,  27.04, -64.2,   11.3,   11.6,  -14.1,      1,   GPS,    ALT,  -0.0,   0.3,   3.9, 3DDiff, 3704,      ,     14,  23.0,     20
2018-08-27, 17:21:02,  -04:00,  GRAYM,   41.9138718,  -72.0203629,  7002.4, 30.03,  7355.4,  17.5, 146.15, 154.79,    2.84,   0.25,  -0.04,   0.00,  -0.00,   3.4,  11.6,  27.7,  28.8,   1.7,  27.10,  25.35,    16.31,  190.91,   52.43,  30.49, 2485.1,    0.75,  335.64,  366.34,  365.85,  347.99,  349.67,  350.15, 1470.18, 1528.72, 1496.90, 1477.54, 1472.93, 1472.45, 1554.09, 1551.44,  7256.3, 169,  GPS,   11.5, 110.60, 116.50, 119.000, 121.500, -0.001,       ,  27.05, -64.2,   11.2,   11.6,  -14.1,      1,   GPS,    ALT,  -0.0,   0.3,  -3.9, 3DDiff, 3704,      ,     14,  23.5,     19
2018-08-27, 17:21:03,  -04:00,  GRAYM,   41.9145851,  -72.0204010,  7001.4, 30.03,  7354.8,  17.5, 146.18, 154.83,   -3.41,   0.25,  -0.04,   0.00,  -0.00,   3.3,  11.6,  27.7,  28.8,   1.7,  27.09,  25.35,    16.39,  190.91,   52.55,  30.47, 2487.4,    0.76,  335.64,  366.34,  365.79,  347.99,  349.64,  350.16, 1469.02, 1529.89, 1496.23, 1477.08, 1473.97, 1472.07, 1553.87, 1550.75,  7255.7, 169,  GPS,   11.5, 110.60, 116.50, 119.000, 121.500, -0.001,       ,  27.05, -64.3,   11.2,   11.6,  -14.1,      1,   GPS,    ALT,  -0.0,   0.3,  -7.9, 3DDiff, 3704,      ,     13,  22.5,     19
2018-08-27, 17:21:04,  -04:00,  GRAYM,   41.9153023,  -72.0204544,  7002.4, 30.03,  7354.4,  17.5, 146.27, 154.89,    6.30,   0.26,  -0.08,   0.00,  -0.01,   3.3,  11.6,  27.7,  28.8,   1.7,  27.09,  25.35,    16.33,  190.89,   52.46,  30.50, 2485.4,    0.75,  335.61,  366.37,  365.79,  347.99,  349.64,  350.16, 1469.38, 1528.75, 1497.43, 1476.07, 1474.26, 1473.04, 1553.46, 1551.34,  7255.3, 169,  GPS,   11.5, 110.60, 116.50, 119.000, 121.500, -0.001,       ,  27.06, -64.4,   11.2,   11.6,  -14.1,      1,   GPS,    ALT,  -0.0,   0.3, -11.8, 3DDiff, 3704,      ,     14,  22.0,     19
2018-08-27, 17:21:05,  -04:00,  GRAYM,   41.9160194,  -72.0204849,  7002.4, 30.03,  7354.1,  17.5, 146.31, 154.94,   -2.85,   0.26,  -0.05,   0.00,   0.01,   3.3,  11.6,  27.7,  28.8,   1.7,  27.08,  25.34,    16.39,  190.89,   52.42,  30.54, 2486.6,    0.76,  335.61,  366.38,  365.79,  348.02,  349.63,  350.16, 1469.39, 1529.17, 1497.77, 1476.45, 1473.95, 1474.14, 1554.05, 1551.42,  7255.0, 169,  GPS,   11.5, 110.60, 116.50, 119.000, 121.500, -0.001,       ,  27.06, -64.4,   11.1,   11.6,  -14.1,      1,   GPS,    ALT,  -0.0,   0.3, -19.7, 3DDiff, 3704,      ,     14,  22.5,     20
2018-08-27, 17:21:06,  -04:00,  GRAYM,   41.9167366,  -72.0205307,  7002.4, 30.03,  7353.7,  17.5, 146.34, 154.98,   -7.35,   0.24,  -0.03,  -0.00,  -0.00,   3.3,  11.6,  27.7,  28.8,   1.7,  27.08,  25.34,    16.34,  190.89,   52.39,  30.49, 2485.7,    0.75,  335.61,  366.40,  365.76,  348.02,  349.64,  350.18, 1468.95, 1528.74, 1497.13, 1475.88, 1473.69, 1474.40, 1553.41, 1550.48,  7254.6, 169,  GPS,   11.5, 110.60, 116.50, 119.000, 121.500, -0.001,       ,  27.07, -64.5,   11.1,   11.6,  -14.1,      1,   GPS,    ALT,  -0.0,   0.3, -19.7, 3DDiff, 3704,      ,     14,  22.5,     20
2018-08-27, 17:21:07,  -04:00,  GRAYM,   41.9174538,  -72.0205765,  7001.4, 30.03,  7353.2,  17.5, 146.34, 155.04,  -16.70,   0.25,  -0.01,  -0.00,  -0.00,   3.3,  11.6,  27.7,  28.8,   1.7,  27.07,  25.34,    16.35,  190.89,   52.32,  30.48, 2485.5,    0.75,  335.63,  366.40,  365.73,  348.04,  349.67,  350.18, 1468.63, 1528.48, 1496.78, 1475.78, 1475.17, 1475.24, 1553.51, 1550.47,  7254.1, 169,  GPS,   11.5, 110.60, 116.50, 119.000, 121.500, -0.001,       ,  27.07, -64.6,   11.0,   11.6,  -14.1,      1,   GPS,    ALT,  -0.0,   0.3, -23.6, 3DDiff, 3704,      ,     14,  23.0,     20
2018-08-27, 17:21:08,  -04:00,  GRAYM,   41.9181709,  -72.0206146,  7001.4, 30.03,  7352.5,  17.5, 146.36, 155.08,  -25.28,   0.30,  -0.05,   0.00,   0.00,   3.3,  11.6,  27.7,  28.8,   1.7,  27.07,  25.33,    16.31,  190.88,   52.50,  30.48, 2486.4,    0.75,  335.61,  366.40,  365.73,  348.02,  349.75,  350.19, 1469.23, 1528.09, 1495.84, 1474.69, 1475.00, 1474.68, 1552.86, 1549.78,  7253.4, 169,  GPS,   11.5, 110.60, 116.50, 119.000, 121.500, -0.001,       ,  27.08, -64.7,   11.0,   11.6,  -14.1,      1,   GPS,    ALT,  -0.0,   0.3, -19.7, 3DDiff, 3704,      ,     14,  23.5,     19
2018-08-27, 17:21:09,  -04:00,  GRAYM,   41.9188881,  -72.0206604,  7001.4, 30.03,  7352.9,  17.5, 146.49, 155.12,   -8.30,   0.32,  -0.10,   0.00,   0.01,   3.3,  11.6,  27.7,  28.8,   1.7,  27.06,  25.33,    16.32,  190.90,   52.39,  30.49, 2485.1,    0.75,  335.59,  366.43,  365.72,  348.02,  349.84,  350.17, 1469.32, 1528.70, 1496.14, 1474.49, 1474.43, 1473.79, 1552.74, 1550.39,  7253.8, 169,  GPS,   11.5, 110.60, 116.50, 119.000, 121.500, -0.001,       ,  27.09, -64.8,   10.9,   11.6,  -14.1,      1,   GPS,    ALT,  -0.0,   0.3,  -7.9, 3DDiff, 3704,      ,     13,  22.5,     19
2018-08-27, 17:21:10,  -04:00,  GRAYM,   41.9196053,  -72.0207062,  7000.4, 30.03,  7353.1,  17.5, 146.36, 155.14,  -28.22,   0.31,  -0.12,  -0.00,   0.00,   3.3,  11.5,  27.7,  28.8,   1.7,  27.06,  25.33,    16.29,  190.91,   52.27,  30.50, 2486.4,    0.75,  335.58,  366.43,  365.70,  348.05,  349.96,  350.19, 1469.81, 1529.01, 1496.57, 1476.04, 1474.11, 1473.23, 1553.55, 1550.79,  7254.0, 169,  GPS,   11.5, 110.60, 116.50, 119.000, 121.500, -0.001,       ,  27.10, -64.8,   10.9,   11.6,  -14.1,      1,   GPS,    ALT,  -0.0,   0.3,  -7.9, 3DDiff, 3704,      ,     13,  22.5,     19
2018-08-27, 17:21:11,  -04:00,  GRAYM,   41.9203224,  -72.0207443,  7000.4, 30.03,  7353.1,  17.5, 146.44, 155.18,  -32.87,   0.32,  -0.10,   0.00,  -0.00,   3.3,  11.5,  27.7,  28.8,   1.7,  27.05,  25.33,    16.32,  190.91,   52.51,  30.48, 2485.6,    0.75,  335.58,  366.45,  365.67,  348.05,  350.10,  350.19, 1469.41, 1528.36, 1496.68, 1477.04, 1474.05, 1473.48, 1553.74, 1550.48,  7254.0, 169,  GPS,   11.5, 110.60, 116.50, 119.000, 121.500, -0.001,       ,  27.11, -64.9,   10.9,   11.6,  -14.1,      1,   GPS,    ALT,  -0.0,   0.3,  -3.9, 3DDiff, 3704,      ,     13,  22.5,     19
2018-08-27, 17:21:12,  -04:00,  GRAYM,   41.9210396,  -72.0207901,  6999.4, 30.03,  7353.3,  17.5, 146.38, 155.18,  -40.02,   0.40,  -0.05,   0.00,   0.01,   3.3,  11.5,  27.7,  28.8,   1.7,  27.04,  25.34,    16.35,  190.92,   52.55,  30.51, 2487.9,    0.75,  335.58,  366.43,  365.67,  348.06,  350.25,  350.19, 1468.93, 1527.32, 1497.80, 1477.83, 1473.59, 1473.24, 1553.96, 1549.99,  7254.2, 169,  GPS,   11.5, 110.60, 116.50, 119.000, 121.500, -0.001,       ,  27.12, -65.0,   10.8,   11.6,  -14.1,      1,   GPS,    ALT,  -0.0,   0.4,   7.9, 3DDiff, 3704,      ,     14,  22.5,     20
2018-08-27, 17:21:13,  -04:00,  GRAYM,   41.9217567,  -72.0208359,  7000.4, 30.03,  7353.6,  17.5, 146.45, 155.18,   -4.49,   0.40,   0.00,   0.00,   0.00,   3.3,  11.5,  27.7,  28.8,   1.7,  27.03,  25.34,    16.34,  190.94,   52.58,  30.48, 2486.7,    0.75,  335.57,  366.44,  365.70,  348.08,  350.38,  350.20, 1469.20, 1528.16, 1498.07, 1477.36, 1473.79, 1473.46, 1553.93, 1550.79,  7254.5, 169,  GPS,   11.5, 110.60, 116.50, 119.000, 121.500, -0.001,       ,  27.13, -65.1,   10.8,   11.6,  -14.1,      1,   GPS,    ALT,   0.0,   0.4,  19.7, 3DDiff, 3704,      ,     14,  23.0,     20
2018-08-27, 17:21:14,  -04:00,  GRAYM,   41.9224777,  -72.0208740,  7001.4, 30.03,  7354.5,  17.5, 146.53, 155.18,   23.80,   0.33,  -0.01,  -0.00,  -0.01,   3.3,  11.5,  27.7,  28.8,   1.7,  27.02,  25.35,    16.32,  190.93,   52.47,  30.49, 2487.1,    0.75,  335.55,  366.46,  365.70,  348.08,  350.55,  350.19, 1469.74, 1527.62, 1498.12, 1477.61, 1473.22, 1472.92, 1553.52, 1551.18,  7255.4, 169,  GPS,   11.5, 110.60, 116.50, 119.000, 121.500, -0.001,       ,  27.14, -65.1,   10.7,   11.6,  -14.1,      1,   GPS,    ALT,   0.0,   0.4,  19.7, 3DDiff, 3704,      ,     14,  23.5,     19
2018-08-27, 17:21:15,  -04:00,  GRAYM,   41.9231949,  -72.0209274,  7001.4, 30.03,  7354.4,  17.5, 146.46, 155.20,   20.58,   0.29,   0.00,   0.00,  -0.01,   3.3,  11.5,  27.7,  28.8,   1.7,  27.01,  25.35,    16.33,  190.90,   52.35,  30.50, 2485.7,    0.75,  335.54,  366.46,  365.73,  348.08,  350.67,  350.19, 1469.61, 1527.83, 1497.87, 1477.71, 1472.25, 1473.09, 1553.64, 1551.25,  7255.3, 169,  GPS,   11.5, 110.60, 116.50, 119.000, 121.500, -0.000,       ,  27.14, -65.2,   10.7,   11.6,  -14.1,      1,   GPS,    ALT,   0.0,   0.3,   7.9, 3DDiff, 3704,      ,     13,  22.5,     19
2018-08-27, 17:21:16,  -04:00,  GRAYM,   41.9239082,  -72.0209579,  7001.4, 30.03,  7353.7,  17.5, 146.48, 155.22,    5.21,   0.30,   0.03,   0.00,   0.00,   3.3,  11.5,  27.7,  28.8,   1.7,  27.00,  25.35,    16.36,  190.91,   52.45,  30.50, 2486.4,    0.76,  335.55,  366.47,  365.73,  348.08,  350.79,  350.19, 1469.07, 1528.98, 1497.62, 1477.33, 1472.56, 1473.01, 1553.94, 1550.34,  7254.6, 169,  GPS,   11.5, 110.60, 116.50, 119.000, 121.500, -0.001,       ,  27.14, -65.3,   10.6,   11.6,  -14.1,      1,   GPS,    ALT,   0.0,   0.3,  -3.9, 3DDiff, 3704,      ,     13,  22.0,     19
2018-08-27, 17:21:17,  -04:00,  GRAYM,   41.9246292,  -72.0210037,  7001.4, 30.03,  7353.6,  17.5, 146.53, 155.25,   -8.56,   0.35,  -0.03,  -0.01,   0.01,   3.3,  11.5,  27.7,  28.8,   1.7,  26.98,  25.36,    16.37,  190.90,   52.32,  30.46, 2486.2,    0.76,  335.52,  366.49,  365.75,  348.08,  350.91,  350.22, 1469.21, 1528.21, 1497.03, 1476.86, 1472.70, 1472.96, 1553.12, 1550.30,  7254.5, 169,  GPS,   11.5, 110.60, 116.50, 119.000, 121.500, -0.001,       ,  27.15, -65.3,   10.6,   11.6,  -14.1,      1,   GPS,    ALT,   0.0,   0.3,   0.0, 3DDiff, 3704,      ,     14,  23.0,     19
2018-08-27, 17:21:18,  -04:00,  GRAYM,   41.9253426,  -72.0210495,  7001.4, 30.03,  7353.7,  17.5, 146.60, 155.25,   -4.18,   0.34,  -0.01,  -0.00,  -0.01,   3.4,  11.5,  27.7,  28.8,   1.7,  26.98,  25.36,    16.31,  190.89,   52.47,  30.50, 2486.4,    0.75,  335.52,  366.49,  365.76,  348.06,  351.00,  350.24, 1467.93, 1528.69, 1496.01, 1475.89, 1472.76, 1472.50, 1553.15, 1549.53,  7254.7, 169,  GPS,   11.5, 110.60, 116.50, 119.000, 121.500, -0.001,       ,  27.15, -65.4,   10.6,   11.6,  -14.1,      1,   GPS,    ALT,   0.0,   0.3,   7.9, 3DDiff, 3704,      ,     14,  23.0,     20
2018-08-27, 17:21:19,  -04:00,  GRAYM,   41.9260635,  -72.0210876,  7002.4, 30.03,  7353.8,  17.5, 146.54, 155.27,   -0.63,   0.32,  -0.01,   0.00,  -0.00,   3.3,  11.5,  27.7,  28.8,   1.7,  26.97,  25.35,    16.31,  190.89,   52.66,  30.48, 2485.5,    0.75,  335.52,  366.49,  365.80,  348.08,  351.07,  350.23, 1467.67, 1528.18, 1495.97, 1476.24, 1472.49, 1472.66, 1553.12, 1549.59,  7254.7, 169,  GPS,   11.5, 110.60, 116.50, 119.000, 121.500, -0.001,       ,  27.15, -65.4,   10.5,   11.6,  -14.1,      1,   GPS,    ALT,   0.0,   0.3,   7.9, 3DDiff, 3704,      ,     14,  23.5,     20
2018-08-27, 17:21:20,  -04:00,  GRAYM,   41.9267807,  -72.0211334,  7002.4, 30.03,  7353.1,  17.5, 146.61, 155.25,   14.01,   0.30,  -0.04,   0.00,   0.00,   3.3,  11.5,  27.7,  28.8,   1.7,  26.96,  25.36,    16.28,  190.88,   52.54,  30.45, 2486.7,    0.75,  335.49,  366.50,  365.82,  348.08,  351.14,  350.25, 1467.40, 1526.99, 1496.32, 1475.56, 1472.11, 1471.90, 1552.46, 1549.39,  7254.4, 169,  GPS,   11.5, 110.60, 116.50, 119.000, 121.500, -0.001,       ,  27.15, -65.5,   10.5,   11.6,  -14.1,      1,   GPS,    ALT,   0.0,   0.3,   3.9, 3DDiff, 3704,      ,     14,  24.0,     19
2018-08-27, 17:21:21,  -04:00,  GRAYM,   41.9275017,  -72.0211792,  7000.4, 30.03,  7353.0,  17.5, 146.51, 155.27,  -28.39,   0.33,  -0.01,  -0.00,   0.00,   3.3,  11.5,  27.7,  28.8,   1.7,  26.95,  25.36,    16.35,  190.88,   52.57,  30.50, 2485.4,    0.75,  335.47,  366.49,  365.83,  348.09,  351.17,  350.22, 1467.84, 1527.67, 1496.25, 1476.67, 1473.12, 1471.36, 1552.85, 1550.08,  7254.2, 169,  GPS,   11.5, 110.60, 116.50, 119.000, 121.500, -0.001,       ,  27.15, -65.5,   10.4,   11.6,  -14.1,      1,   GPS,    ALT,   0.0,   0.3,  -7.9, 3DDiff, 3704,      ,     13,  23.0,     19
2018-08-27, 17:21:22,  -04:00,  GRAYM,   41.9282188,  -72.0212173,  7001.4, 30.03,  7352.9,  17.5, 146.61, 155.27,  -13.16,   0.34,  -0.03,   0.00,  -0.01,   3.3,  11.5,  27.7,  28.8,   1.7,  26.94,  25.36,    16.44,  190.88,   52.44,  30.51, 2485.3,    0.76,  335.46,  366.50,  365.88,  348.08,  351.21,  350.25, 1468.69, 1528.55, 1496.68, 1476.79, 1472.58, 1472.11, 1553.65, 1550.26,  7254.1, 169,  GPS,   11.5, 110.60, 116.50, 119.000, 121.500, -0.001,       ,  27.15, -65.5,   10.4,   11.6,  -14.1,      1,   GPS,    ALT,   0.0,   0.3,  -3.9, 3DDiff, 3704,      ,     13,  22.5,     19
2018-08-27, 17:21:23,  -04:00,  GRAYM,   41.9289398,  -72.0212631,  7001.4, 30.03,  7352.8,  17.5, 146.60, 155.27,  -10.09,   0.33,  -0.01,   0.00,   0.00,   3.3,  11.5,  27.7,  28.8,   1.7,  26.93,  25.36,    16.36,  190.88,   52.36,  30.49, 2487.9,    0.76,  335.46,  366.52,  365.91,  348.09,  351.23,  350.27, 1468.73, 1528.67, 1497.30, 1477.05, 1473.11, 1472.68, 1554.09, 1550.13,  7254.0, 169,  GPS,   11.5, 110.60, 116.50, 119.000, 121.500, -0.000,       ,  27.15, -65.6,   10.3,   11.6,  -14.1,      1,   GPS,    ALT,   0.0,   0.3,   0.0, 3DDiff, 3704,      ,     14,  23.0,     19
2018-08-27, 17:21:24,  -04:00,  GRAYM,   41.9296570,  -72.0213089,  7001.4, 30.03,  7352.7,  17.5, 146.63, 155.29,   -1.39,   0.30,   0.02,  -0.00,  -0.01,   3.3,  11.5,  27.7,  28.8,   1.7,  26.93,  25.36,    16.31,  190.89,   52.33,  30.48, 2486.7,    0.75,  335.45,  366.52,  365.94,  348.09,  351.26,  350.28, 1469.58, 1528.60, 1498.75, 1476.55, 1473.72, 1472.59, 1553.90, 1550.47,  7253.9, 169,  GPS,   11.5, 110.60, 116.50, 119.000, 121.500, -0.000,       ,  27.14, -65.6,   10.3,   11.6,  -14.1,      1,   GPS,    ALT,   0.0,   0.3,   0.0, 3DDiff, 3704,      ,     14,  23.0,     20
2018-08-27, 17:21:25,  -04:00,  GRAYM,   41.9303780,  -72.0213470,  7001.4, 30.03,  7352.5,  17.5, 146.65, 155.27,  -13.68,   0.32,   0.03,  -0.00,  -0.00,   3.3,  11.5,  27.7,  28.8,   1.7,  26.92,  25.35,    16.35,  190.89,   52.25,  30.52, 2487.5,    0.75,  335.45,  366.52,  365.97,  348.11,  351.26,  350.28, 1470.51, 1528.03, 1498.00, 1477.40, 1474.51, 1473.07, 1553.50, 1551.41,  7253.7, 169,  GPS,   11.5, 110.60, 116.50, 119.000, 121.500, -0.001,       ,  27.14, -65.6,   10.3,   11.6,  -14.1,      1,   GPS,    ALT,   0.0,   0.3,  -7.9, 3DDiff, 3704,      ,     14,  23.5,     20
2018-08-27, 17:21:26,  -04:00,  GRAYM,   41.9310951,  -72.0213928,  7001.4, 30.03,  7352.9,  17.5, 146.61, 155.29,  -18.55,   0.34,   0.00,   0.00,  -0.00,   3.3,  11.5,  27.7,  28.8,   1.7,  26.91,  25.36,    16.37,  190.88,   52.32,  30.52, 2485.8,    0.76,  335.45,  366.53,  366.01,  348.11,  351.26,  350.28, 1471.23, 1528.45, 1498.32, 1478.03, 1475.29, 1473.60, 1554.25, 1551.93,  7254.1, 169,  GPS,   11.5, 110.60, 116.50, 119.000, 121.500, -0.000,       ,  27.14, -65.6,   10.2,   11.6,  -14.1,      1,   GPS,    ALT,   0.0,   0.3,  -7.9, 3DDiff, 3704,      ,     14,  24.0,     19
2018-08-27, 17:21:27,  -04:00,  GRAYM,   41.9318123,  -72.0214386,  7000.4, 30.03,  7352.7,  17.5, 146.60, 155.29,  -18.93,   0.35,  -0.03,   0.00,   0.00,   3.3,  11.5,  27.7,  28.8,   1.7,  26.91,  25.36,    16.37,  190.89,   52.23,  30.50, 2486.9,    0.76,  335.40,  366.55,  366.03,  348.09,  351.26,  350.33, 1470.48, 1527.78, 1498.14, 1478.12, 1474.57, 1472.70, 1553.96, 1551.56,  7253.9, 169,  GPS,   11.5, 110.60, 116.50, 119.000, 121.500, -0.000,       ,  27.14, -65.7,   10.2,   11.6,  -14.1,      1,   GPS,    ALT,   0.0,   0.3,  -7.9, 3DDiff, 3704,      ,     13,  22.5,     19
2018-08-27, 17:21:28,  -04:00,  GRAYM,   41.9325256,  -72.0214844,  7001.4, 30.03,  7353.2,  17.5, 146.66, 155.27,   -9.55,   0.35,  -0.05,   0.00,  -0.00,   3.3,  11.5,  27.7,  28.8,   1.7,  26.90,  25.36,    16.41,  190.88,   52.48,  30.52, 2485.8,    0.76,  335.39,  366.53,  366.04,  348.11,  351.23,  350.34, 1469.38, 1528.15, 1498.23, 1477.66, 1474.17, 1473.08, 1554.68, 1551.23,  7254.4, 169,  GPS,   11.5, 110.60, 116.50, 119.000, 121.500, -0.000,       ,  27.14, -65.7,   10.1,   11.6,  -14.1,      1,   GPS,    ALT,   0.0,   0.4,  -3.9, 3DDiff, 3704,      ,     13,  22.5,     19
2018-08-27, 17:21:29,  -04:00,  GRAYM,   41.9332466,  -72.0215225,  7002.4, 30.03,  7353.1,  17.5, 146.68, 155.27,    6.92,   0.32,  -0.04,   0.01,  -0.01,   3.2,  11.5,  27.7,  28.8,   1.7,  26.90,  25.35,    16.42,  190.89,   52.43,  30.53, 2486.2,    0.76,  335.40,  366.55,  366.09,  348.11,  351.25,  350.34, 1469.48, 1529.24, 1498.17, 1477.82, 1474.65, 1474.30, 1554.93, 1552.03,  7254.3, 169,  GPS,   11.5, 110.60, 116.50, 119.000, 121.500, -0.000,       ,  27.14, -65.7,   10.1,   11.6,  -14.1,      1,   GPS,    ALT,   0.0,   0.3,  -3.9, 3DDiff, 3704,      ,     14,  22.5,     19
2018-08-27, 17:21:30,  -04:00,  GRAYM,   41.9339638,  -72.0215759,  7002.4, 30.03,  7352.8,  17.5, 146.68, 155.29,   29.61,   0.24,   0.01,   0.00,  -0.01,   3.2,  11.5,  27.7,  28.8,   1.7,  26.90,  25.35,    16.44,  190.88,   52.49,  30.52, 2487.2,    0.76,  335.37,  366.55,  366.12,  348.10,  351.23,  350.36, 1470.56, 1529.28, 1497.58, 1476.91, 1474.58, 1473.52, 1554.50, 1552.42,  7254.1, 169,  GPS,   11.5, 110.60, 116.50, 119.000, 121.500, -0.000,       ,  27.14, -65.7,   10.0,   11.6,  -14.1,      1,   GPS,    ALT,   0.0,   0.3, -19.7, 3DDiff, 3704,      ,     14,  23.0,     20
2018-08-27, 17:21:31,  -04:00,  GRAYM,   41.9346848,  -72.0216141,  7000.4, 30.03,  7352.2,  17.5, 146.55, 155.31,  -25.58,   0.29,  -0.07,  -0.00,   0.01,   3.1,  11.5,  27.7,  28.8,   1.7,  26.89,  25.35,    16.35,  190.89,   52.25,  30.49, 2485.8,    0.75,  335.36,  366.55,  366.18,  348.08,  351.20,  350.37, 1470.18, 1529.27, 1497.18, 1476.98, 1475.14, 1473.09, 1554.25, 1551.73,  7253.4, 169,  GPS,   11.5, 110.60, 116.50, 119.000, 121.500, -0.000,       ,  27.14, -65.7,   10.0,   11.6,  -14.1,      1,   GPS,    ALT,   0.0,   0.3, -39.4, 3DDiff, 3704,      ,     14,  23.0,     20
2018-08-27, 17:21:32,  -04:00,  GRAYM,   41.9354019,  -72.0216599,  7000.4, 30.03,  7351.4,  17.5, 146.58, 155.33,  -28.20,   0.36,  -0.08,  -0.00,   0.01,   3.1,  11.5,  27.7,  28.8,   1.7,  26.90,  25.34,    16.38,  190.88,   52.43,  30.50, 2486.3,    0.76,  335.34,  366.55,  366.22,  348.10,  351.18,  350.37, 1470.91, 1529.49, 1497.64, 1476.22, 1474.74, 1472.90, 1554.34, 1551.86,  7252.7, 169,  GPS,   11.5, 110.60, 116.50, 119.000, 121.500, -0.000,       ,  27.15, -65.7,   10.0,   11.6,  -14.1,      1,   GPS,    ALT,   0.0,   0.3, -31.5, 3DDiff, 3704,      ,     14,  23.5,     19
2018-08-27, 17:21:33,  -04:00,  GRAYM,   41.9361191,  -72.0217056,  7000.4, 30.03,  7351.3,  17.5, 146.62, 155.35,  -22.15,   0.35,   0.00,   0.00,  -0.01,   3.1,  11.4,  27.7,  28.8,   1.7,  26.91,  25.33,    16.30,  190.89,   52.54,  30.52, 2486.0,    0.75,  335.34,  366.55,  366.25,  348.11,  351.16,  350.40, 1470.77, 1529.38, 1497.76, 1475.85, 1474.42, 1472.54, 1553.72, 1552.24,  7252.5, 169,  GPS,   11.5, 110.60, 116.50, 119.000, 121.500, -0.000,       ,  27.16, -65.8,    9.9,   11.6,  -14.1,      1,   GPS,    ALT,   0.0,   0.3, -11.8, 3DDiff, 3704,      ,     13,  22.5,     19
2018-08-27, 17:21:34,  -04:00,  GRAYM,   41.9368401,  -72.0217514,  7000.4, 30.03,  7351.1,  17.5, 146.59, 155.35,  -23.36,   0.36,   0.01,   0.00,   0.01,   3.1,  11.4,  27.7,  28.8,   1.7,  26.91,  25.32,    16.26,  190.86,   52.45,  30.48, 2487.8,    0.75,  335.33,  366.53,  366.28,  348.11,  351.14,  350.38, 1470.37, 1528.69, 1497.48, 1475.98, 1474.46, 1472.37, 1553.76, 1551.97,  7252.4, 169,  GPS,   11.5, 110.60, 116.50, 119.000, 121.500, -0.000,       ,  27.17, -65.8,    9.9,   11.6,  -14.1,      1,   GPS,    ALT,   0.0,   0.4,  -7.9, 3DDiff, 3704,      ,     14,  22.5,     19
2018-08-27, 17:21:35,  -04:00,  GRAYM,   41.9375610,  -72.0217896,  7000.4, 30.03,  7351.1,  17.5, 146.53, 155.35,  -11.96,   0.41,   0.03,  -0.00,  -0.00,   3.1,  11.4,  27.7,  28.8,   1.7,  26.92,  25.31,    16.33,  190.87,   52.51,  30.49, 2488.1,    0.75,  335.30,  366.55,  366.31,  348.11,  351.14,  350.41, 1471.00, 1528.14, 1498.79, 1476.47, 1475.26, 1472.29, 1553.66, 1552.91,  7252.3, 169,  GPS,   11.5, 110.60, 116.50, 119.000, 121.500, -0.000,       ,  27.18, -65.8,    9.8,   11.6,  -14.1,      1,   GPS,    ALT,   0.1,   0.4,  -7.9, 3DDiff, 3704,      ,     14,  22.5,     19
2018-08-27, 17:21:36,  -04:00,  GRAYM,   41.9382782,  -72.0218353,  7000.4, 30.03,  7351.0,  17.5, 146.43, 155.35,  -13.94,   0.40,   0.03,   0.00,  -0.00,   3.1,  11.4,  27.7,  28.8,   1.7,  26.93,  25.30,    16.37,  190.85,   52.31,  30.49, 2488.1,    0.76,  335.27,  366.54,  366.34,  348.16,  351.08,  350.40, 1470.08, 1527.97, 1498.44, 1476.76, 1474.71, 1472.62, 1553.83, 1551.94,  7252.2, 169,  GPS,   11.5, 110.60, 116.50, 119.000, 121.500, -0.000,       ,  27.19, -65.8,    9.8,   11.6,  -14.1,      1,   GPS,    ALT,   0.1,   0.4,  -3.9, 3DDiff, 3704,      ,     14,  23.0,     20
2018-08-27, 17:21:37,  -04:00,  GRAYM,   41.9389954,  -72.0218811,  6999.4, 30.03,  7351.0,  17.5, 146.34, 155.33,  -26.17,   0.44,   0.10,   0.00,   0.01,   3.1,  11.4,  27.7,  28.8,   1.7,  26.93,  25.30,    16.37,  190.86,   52.58,  30.51, 2487.0,    0.76,  335.27,  366.52,  366.34,  348.14,  351.07,  350.40, 1470.38, 1528.84, 1497.86, 1475.81, 1474.62, 1472.20, 1553.71, 1552.00,  7252.2, 169,  GPS,   11.5, 110.60, 116.50, 119.000, 121.500, -0.000,       ,  27.19, -65.8,    9.7,   11.6,  -14.1,      1,   GPS,    ALT,   0.1,   0.4,  -7.9, 3DDiff, 3704,      ,     14,  23.0,     20
2018-08-27, 17:21:38,  -04:00,  GRAYM,   41.9397163,  -72.0219269,  6999.4, 30.03,  7352.1,  17.5, 146.33, 155.35,  -22.07,   0.49,   0.08,   0.00,   0.01,   3.1,  11.4,  27.7,  28.8,   1.7,  26.93,  25.30,    16.35,  190.85,   52.43,  30.48, 2487.2,    0.75,  335.25,  366.52,  366.34,  348.16,  351.04,  350.40, 1470.77, 1529.17, 1497.72, 1475.46, 1475.97, 1470.93, 1553.39, 1552.81,  7253.4, 169,  GPS,   11.5, 110.60, 116.50, 119.000, 121.500,  0.000,       ,  27.20, -65.9,    9.7,   11.6,  -14.1,      1,   GPS,    ALT,   0.1,   0.5,   0.0, 3DDiff, 3704,      ,     14,  23.5,     19
2018-08-27, 17:21:39,  -04:00,  GRAYM,   41.9404373,  -72.0219650,  7000.4, 30.03,  7352.7,  17.5, 146.36, 155.31,    3.63,   0.49,   0.10,  -0.00,  -0.00,   3.1,  11.5,  27.7,  28.8,   1.7,  26.93,  25.30,    16.29,  190.86,   52.43,  30.48, 2485.3,    0.75,  335.24,  366.50,  366.36,  348.14,  350.96,  350.40, 1471.53, 1529.73, 1498.73, 1475.73, 1475.67, 1472.01, 1553.95, 1552.66,  7253.9, 169,  GPS,   11.5, 110.60, 116.50, 119.000, 121.500,  0.000,       ,  27.21, -65.9,    9.6,   11.6,  -14.1,      1,   GPS,    ALT,   0.1,   0.5,  11.8, 3DDiff, 3704,      ,     13,  22.5,     19
2018-08-27, 17:21:40,  -04:00,  GRAYM,   41.9411507,  -72.0220184,  7000.4, 30.03,  7352.4,  17.5, 146.16, 155.33,    2.40,   0.46,   0.11,   0.00,  -0.01,   3.1,  11.5,  27.7,  28.8,   1.7,  26.92,  25.31,    16.27,  190.90,   52.32,  30.44, 2486.7,    0.75,  335.21,  366.49,  366.31,  348.16,  350.92,  350.40, 1470.48, 1529.64, 1498.21, 1474.98, 1474.59, 1471.58, 1553.77, 1551.49,  7253.6, 169,  GPS,   11.5, 110.60, 116.50, 119.000, 121.500,  0.000,       ,  27.21, -65.9,    9.6,   11.6,  -14.1,      1,   GPS,    ALT,   0.1,   0.5,   7.9, 3DDiff, 3704,      ,     14,  22.5,     19
2018-08-27, 17:21:41,  -04:00,  GRAYM,   41.9418716,  -72.0220566,  7000.4, 30.03,  7352.4,  17.5, 146.12, 155.33,    1.57,   0.46,   0.00,   0.00,  -0.00,   3.1,  11.5,  27.7,  28.8,   1.7,  26.91,  25.31,    16.29,  190.92,   52.45,  30.48, 2485.9,    0.75,  335.21,  366.49,  366.31,  348.17,  350.86,  350.43, 1469.88, 1530.06, 1497.63, 1475.39, 1474.31, 1471.93, 1553.89, 1551.24,  7253.7, 169,  GPS,   11.5, 110.60, 116.50, 119.000, 121.500,  0.000,       ,  27.22, -66.0,    9.6,   11.6,  -14.1,      1,   GPS,    ALT,   0.1,   0.5,   0.0, 3DDiff, 3704,      ,     14,  22.5,     20
2018-08-27, 17:21:42,  -04:00,  GRAYM,   41.9425888,  -72.0221024,  7000.4, 30.03,  7352.4,  17.5, 146.09, 155.33,   -8.01,   0.48,  -0.01,  -0.00,   0.00,   3.1,  11.5,  27.7,  28.8,   1.7,  26.90,  25.31,    16.36,  190.93,   52.48,  30.45, 2486.5,    0.76,  335.19,  366.49,  366.31,  348.14,  350.80,  350.44, 1470.76, 1529.90, 1498.61, 1475.28, 1474.10, 1471.99, 1553.36, 1552.41,  7253.7, 169,  GPS,   11.5, 110.60, 116.50, 119.000, 121.500,  0.000,       ,  27.22, -66.0,    9.5,   11.6,  -14.1,      1,   GPS,    ALT,   0.0,   0.5,  -3.9, 3DDiff, 3704,      ,     14,  23.0,     20
2018-08-27, 17:21:43,  -04:00,  GRAYM,   41.9433060,  -72.0221481,  7000.4, 30.03,  7352.5,  17.5, 146.18, 155.31,  -10.09,   0.53,  -0.03,  -0.00,  -0.01,   3.1,  11.5,  27.7,  28.8,   1.7,  26.90,  25.31,    16.34,  190.93,   52.45,  30.46, 2488.1,    0.75,  335.18,  366.46,  366.28,  348.17,  350.77,  350.46, 1471.07, 1528.85, 1498.34, 1475.42, 1474.43, 1471.73, 1553.06, 1552.40,  7253.8, 169,  GPS,   11.5, 110.60, 116.50, 119.000, 121.500,  0.000,       ,  27.23, -66.1,    9.5,   11.6,  -14.1,      1,   GPS,    ALT,   0.0,   0.5,   3.9, 3DDiff, 3704,      ,     14,  23.0,     20
2018-08-27, 17:21:44,  -04:00,  GRAYM,   41.9440231,  -72.0221863,  7000.4, 30.03,  7351.3,  17.5, 146.10, 155.29,   -6.55,   0.49,  -0.01,   0.00,  -0.01,   3.1,  11.5,  27.7,  28.8,   1.7,  26.90,  25.30,    16.32,  190.94,   52.40,  30.47, 2485.0,    0.75,  335.15,  366.44,  366.22,  348.17,  350.71,  350.46, 1469.82, 1529.07, 1498.80, 1474.85, 1474.95, 1471.63, 1553.13, 1552.03,  7252.5, 169,  GPS,   11.5, 110.60, 116.50, 119.000, 121.500,  0.000,       ,  27.23, -66.1,    9.4,   11.6,  -14.1,      1,   GPS,    ALT,   0.0,   0.5,  15.7, 3DDiff, 3704,      ,     14,  23.5,     19
2018-08-27, 17:21:45,  -04:00,  GRAYM,   41.9447403,  -72.0222321,  7000.4, 30.03,  7350.8,  17.5, 146.12, 155.29,    7.84,   0.47,  -0.04,   0.00,   0.00,   3.2,  11.5,  27.7,  28.8,   1.7,  26.91,  25.30,    16.29,  190.93,   52.20,  30.46, 2486.3,    0.75,  335.13,  366.46,  366.22,  348.17,  350.65,  350.49, 1469.44, 1529.35, 1497.87, 1475.24, 1474.65, 1471.58, 1553.02, 1551.69,  7252.0, 169,  GPS,   11.5, 110.60, 116.50, 119.000, 121.500,  0.000,       ,  27.23, -66.2,    9.4,   11.6,  -14.1,      1,   GPS,    ALT,   0.0,   0.5,   3.9, 3DDiff, 3704,      ,     13,  22.5,     19
2018-08-27, 17:21:46,  -04:00,  GRAYM,   41.9454613,  -72.0222855,  7000.4, 30.03,  7351.3,  17.5, 146.12, 155.25,    1.02,   0.47,  -0.01,  -0.00,   0.01,   3.1,  11.5,  27.7,  28.8,   1.7,  26.92,  25.29,    16.33,  190.93,   52.39,  30.47, 2486.0,    0.75,  335.12,  366.45,  366.19,  348.17,  350.59,  350.49, 1468.22, 1529.55, 1497.58, 1475.42, 1475.08, 1472.49, 1553.47, 1551.31,  7252.5, 169,  GPS,   11.5, 110.60, 116.50, 119.000, 121.500,  0.000,       ,  27.24, -66.3,    9.3,   11.6,  -14.1,      1,   GPS,    ALT,   0.0,   0.5,   0.0, 3DDiff, 3704,      ,     14,  22.5,     19
2018-08-27, 17:21:47,  -04:00,  GRAYM,   41.9461784,  -72.0223236,  7000.4, 30.03,  7351.3,  17.5, 146.12, 155.25,   -8.50,   0.46,  -0.01,   0.00,  -0.01,   3.1,  11.5,  27.7,  28.8,   1.7,  26.92,  25.28,    16.27,  190.93,   52.47,  30.46, 2485.6,    0.75,  335.09,  366.43,  366.16,  348.17,  350.52,  350.52, 1467.68, 1529.80, 1498.37, 1475.51, 1475.12, 1473.41, 1553.95, 1551.16,  7252.5, 169,  GPS,   11.5, 110.60, 116.50, 119.000, 121.500,  0.000,       ,  27.24, -66.3,    9.3,   11.6,  -14.1,      1,   GPS,    ALT,   0.0,   0.5,   3.9, 3DDiff, 3704,      ,     14,  22.5,     20
2018-08-27, 17:21:48,  -04:00,  GRAYM,   41.9468956,  -72.0223618,  7001.4, 30.03,  7351.3,  17.5, 146.13, 155.24,    1.36,   0.45,   0.04,   0.00,   0.00,   3.2,  11.5,  27.7,  28.8,   1.7,  26.91,  25.29,    16.30,  190.92,   52.23,  30.46, 2484.5,    0.75,  335.09,  366.43,  366.13,  348.17,  350.47,  350.50, 1467.75, 1528.96, 1497.97, 1475.03, 1474.16, 1473.54, 1553.44, 1550.60,  7252.5, 169,  GPS,   11.5, 110.60, 116.50, 119.000, 121.500,  0.000,       ,  27.24, -66.4,    9.3,   11.6,  -14.1,      1,   GPS,    ALT,   0.0,   0.5,   7.9, 3DDiff, 3704,      ,     14,  22.5,     20
2018-08-27, 17:21:49,  -04:00,  GRAYM,   41.9476166,  -72.0224152,  7001.4, 30.03,  7351.3,  17.5, 146.13, 155.24,    1.45,   0.45,   0.09,  -0.00,  -0.00,   3.2,  11.5,  27.7,  28.8,   1.7,  26.90,  25.29,    16.29,  190.91,   52.41,  30.44, 2486.2,    0.75,  335.09,  366.43,  366.10,  348.18,  350.37,  350.50, 1468.32, 1529.63, 1497.40, 1476.12, 1473.52, 1474.32, 1554.03, 1550.90,  7252.5, 169,  GPS,   11.5, 110.60, 116.50, 119.000, 121.500,  0.000,       ,  27.25, -66.4,    9.2,   11.6,  -14.1,      1,   GPS,    ALT,   0.0,   0.4,   3.9, 3DDiff, 3704,      ,     14,  23.0,     20
2018-08-27, 17:21:50,  -04:00,  GRAYM,   41.9483376,  -72.0224533,  7000.4, 30.03,  7353.0,  17.5, 146.13, 155.25,   -5.75,   0.44,   0.07,  -0.00,  -0.00,   3.2,  11.5,  27.7,  28.8,   1.7,  26.88,  25.30,    16.24,  190.90,   52.47,  30.47, 2488.1,    0.75,  335.06,  366.43,  366.09,  348.17,  350.32,  350.50, 1468.28, 1530.07, 1497.20, 1476.33, 1472.37, 1474.52, 1554.15, 1550.41,  7254.2, 169,  GPS,   11.5, 110.60, 116.50, 119.000, 121.500,  0.000,       ,  27.25, -66.5,    9.2,   11.6,  -14.1,      1,   GPS,    ALT,   0.0,   0.4,   0.0, 3DDiff, 3704,      ,     14,  23.5,     19
2018-08-27, 17:21:51,  -04:00,  GRAYM,   41.9490509,  -72.0224991,  7001.4, 30.03,  7353.5,  17.5, 146.24, 155.25,    7.17,   0.42,   0.01,   0.00,  -0.01,   3.2,  11.5,  27.7,  28.8,   1.7,  26.86,  25.31,    16.26,  190.91,   52.48,  30.49, 2486.3,    0.75,  335.03,  366.43,  366.06,  348.17,  350.25,  350.52, 1468.62, 1529.41, 1497.56, 1476.89, 1472.56, 1473.94, 1553.71, 1550.46,  7254.7, 169,  GPS,   11.5, 110.60, 116.50, 119.000, 121.500,  0.001,       ,  27.25, -66.5,    9.1,   11.6,  -14.1,      1,   GPS,    ALT,   0.0,   0.4,  -3.9, 3DDiff, 3704,      ,     13,  22.5,     19
2018-08-27, 17:21:52,  -04:00,  GRAYM,   41.9497681,  -72.0225449,  7000.4, 30.03,  7352.7,  17.5, 146.18, 155.27,  -10.85,   0.42,   0.02,   0.00,   0.01,   3.2,  11.5,  27.7,  28.8,   1.6,  26.84,  25.32,    16.39,  190.91,   52.51,  30.43, 2487.9,    0.76,  335.02,  366.43,  366.01,  348.17,  350.20,  350.52, 1468.83, 1527.81, 1497.60, 1476.42, 1472.73, 1472.95, 1552.91, 1550.22,  7253.9, 169,  GPS,   11.5, 110.60, 116.50, 119.000, 121.500,  0.000,       ,  27.25, -66.6,    9.1,   11.6,  -14.1,      1,   GPS,    ALT,   0.1,   0.4,  -3.9, 3DDiff, 3704,      ,     14,  22.5,     19
2018-08-27, 17:21:53,  -04:00,  GRAYM,   41.9504890,  -72.0225830,  7001.4, 30.03,  7352.8,  17.5, 146.23, 155.27,  -12.07,   0.43,  -0.01,  -0.00,   0.00,   3.2,  11.5,  27.7,  28.8,   1.7,  26.83,  25.33,    16.42,  190.89,   52.63,  30.44, 2486.4,    0.76,  335.01,  366.43,  366.00,  348.15,  350.14,  350.55, 1467.36, 1528.10, 1497.62, 1478.38, 1472.63, 1473.09, 1554.40, 1549.92,  7254.0, 169,  GPS,   11.5, 110.60, 116.50, 119.000, 121.500,  0.000,       ,  27.25, -66.6,    9.0,   11.6,  -14.1,      1,   GPS,    ALT,   0.1,   0.4,   0.0, 3DDiff, 3704,      ,     14,  22.5,     20
2018-08-27, 17:21:54,  -04:00,  GRAYM,   41.9512024,  -72.0226288,  7000.4, 30.03,  7353.0,  17.5, 146.12, 155.29,  -19.68,   0.40,  -0.04,  -0.00,  -0.01,   3.2,  11.5,  27.7,  28.8,   1.7,  26.82,  25.33,    16.44,  190.91,   52.42,  30.48, 2487.3,    0.76,  335.02,  366.44,  365.99,  348.17,  350.08,  350.55, 1467.99, 1528.88, 1498.33, 1478.24, 1473.51, 1473.05, 1555.00, 1550.94,  7254.2, 169,  GPS,   11.5, 110.60, 116.50, 119.000, 121.500,  0.000,       ,  27.25, -66.7,    9.0,   11.6,  -14.1,      1,   GPS,    ALT,   0.1,   0.4,   7.9, 3DDiff, 3704,      ,     14,  22.5,     20
2018-08-27, 17:21:55,  -04:00,  GRAYM,   41.9519234,  -72.0226746,  7001.4, 30.03,  7353.2,  17.5, 146.23, 155.31,   -2.18,   0.40,  -0.01,   0.00,   0.00,   3.2,  11.5,  27.7,  28.8,   1.7,  26.82,  25.33,    16.49,  190.89,   52.43,  30.46, 2484.9,    0.76,  335.00,  366.48,  365.95,  348.15,  350.04,  350.56, 1468.30, 1528.86, 1498.64, 1477.50, 1473.02, 1473.70, 1554.86, 1550.44,  7254.4, 169,  GPS,   11.5, 110.60, 116.50, 119.000, 121.500,  0.001,       ,  27.25, -66.7,    9.0,   11.6,  -14.1,      1,   GPS,    ALT,   0.1,   0.4,   3.9, 3DDiff, 3704,      ,     14,  23.0,     20
2018-08-27, 17:21:56,  -04:00,  GRAYM,   41.9526405,  -72.0227127,  7001.4, 30.03,  7351.7,  17.5, 146.23, 155.33,    5.57,   0.35,   0.01,   0.00,  -0.00,   3.2,  11.5,  27.7,  28.8,   1.7,  26.82,  25.32,    16.44,  190.90,   52.43,  30.41, 2486.3,    0.76,  335.00,  366.46,  365.95,  348.17,  349.98,  350.56, 1468.13, 1527.44, 1498.43, 1477.20, 1472.81, 1472.24, 1553.48, 1549.95,  7252.9, 169,  GPS,   11.5, 110.60, 116.50, 119.000, 121.500,  0.001,       ,  27.25, -66.7,    8.9,   11.6,  -14.1,      1,   GPS,    ALT,   0.1,   0.4,   7.9, 3DDiff, 3704,      ,     14,  23.5,     19
2018-08-27, 17:21:57,  -04:00,  GRAYM,   41.9533577,  -72.0227509,  7001.4, 30.03,  7350.8,  17.5, 146.23, 155.35,    1.24,   0.32,   0.01,  -0.01,  -0.01,   3.2,  11.5,  27.7,  28.8,   1.7,  26.82,  25.32,    16.33,  190.89,   52.52,  30.43, 2487.4,    0.75,  334.98,  366.49,  365.93,  348.14,  349.92,  350.56, 1468.49, 1527.17, 1497.22, 1476.64, 1472.06, 1472.25, 1553.04, 1549.56,  7252.0, 169,  GPS,   11.5, 110.60, 116.50, 119.000, 121.500,  0.000,       ,  27.25, -66.8,    8.9,   11.6,  -14.1,      1,   GPS,    ALT,   0.1,   0.3,  -3.9, 3DDiff, 3704,      ,     13,  22.5,     19
2018-08-27, 17:21:58,  -04:00,  GRAYM,   41.9540787,  -72.0228043,  7001.4, 30.03,  7351.3,  17.5, 146.28, 155.37,   -5.10,   0.34,   0.05,   0.00,   0.00,   3.2,  11.5,  27.7,  28.8,   1.7,  26.82,  25.31,    16.31,  190.89,   52.57,  30.41, 2487.0,    0.75,  334.97,  366.50,  365.92,  348.14,  349.88,  350.55, 1467.54, 1527.17, 1496.54, 1476.83, 1472.64, 1471.62, 1552.97, 1548.88,  7252.5, 169,  GPS,   11.5, 110.60, 116.50, 119.000, 121.500,  0.001,       ,  27.25, -66.8,    8.8,   11.6,  -14.1,      1,   GPS,    ALT,   0.1,   0.3,  -7.9, 3DDiff, 3704,      ,     13,  22.5,     19
2018-08-27, 17:21:59,  -04:00,  GRAYM,   41.9547997,  -72.0228424,  7001.4, 30.03,  7351.1,  17.5, 146.29, 155.41,   -1.68,   0.30,   0.04,   0.00,  -0.00,   3.2,  11.5,  27.7,  28.8,   1.7,  26.81,  25.32,    16.34,  190.89,   52.43,  30.42, 2488.2,    0.75,  334.97,  366.49,  365.91,  348.14,  349.82,  350.56, 1468.10, 1526.66, 1495.70, 1476.90, 1473.13, 1472.83, 1552.29, 1549.36,  7252.3, 169,  GPS,   11.5, 110.60, 116.50, 119.000, 121.500,  0.001,       ,  27.25, -66.8,    8.8,   11.6,  -14.1,      1,   GPS,    ALT,   0.1,   0.3,  -3.9, 3DDiff, 3704,      ,     14,  22.5,     20
2018-08-27, 17:22:00,  -04:00,  GRAYM,   41.9555206,  -72.0228806,  7002.4, 30.03,  7350.9,  17.5, 146.41, 155.45,   -2.23,   0.31,   0.07,  -0.00,   0.00,   3.2,  11.6,  27.7,  28.8,   1.7,  26.80,  25.32,    16.26,  190.89,   52.33,  30.46, 2485.9,    0.75,  334.97,  366.52,  365.88,  348.13,  349.76,  350.56, 1469.19, 1527.89, 1495.49, 1476.65, 1473.00, 1473.04, 1553.21, 1549.71,  7252.1, 169,  GPS,   11.5, 110.60, 116.50, 119.000, 121.500,  0.001,       ,  27.24, -66.8,    8.7,   11.6,  -14.1,      1,   GPS,    ALT,   0.1,   0.3,  -7.9, 3DDiff, 3704,      ,     14,  22.5,     20
2018-08-27, 17:22:01,  -04:00,  GRAYM,   41.9562378,  -72.0229340,  7000.4, 30.03,  7350.6,  17.5, 146.23, 155.49,  -28.59,   0.29,   0.01,  -0.00,  -0.01,   3.3,  11.6,  27.7,  28.8,   1.6,  26.78,  25.32,    16.29,  190.89,   52.24,  30.50, 2487.0,    0.75,  334.96,  366.52,  365.88,  348.12,  349.72,  350.58, 1470.82, 1529.38, 1495.83, 1476.83, 1473.75, 1473.00, 1553.88, 1551.37,  7251.8, 169,  GPS,   11.5, 110.60, 116.50, 119.000, 121.500,  0.001,       ,  27.24, -66.9,    8.7,   11.6,  -14.1,      1,   GPS,    ALT,   0.0,   0.3,  -7.9, 3DDiff, 3704,      ,     14,  23.0,     20
2018-08-27, 17:22:02,  -04:00,  GRAYM,   41.9569588,  -72.0229721,  7001.4, 30.03,  7351.7,  17.5, 146.39, 155.55,  -16.13,   0.33,  -0.04,   0.00,   0.01,   3.3,  11.6,  27.7,  28.8,   1.7,  26.77,  25.32,    16.34,  190.91,   52.36,  30.47, 2486.0,    0.75,  334.94,  366.53,  365.88,  348.14,  349.64,  350.55, 1469.48, 1530.62, 1496.02, 1478.00, 1473.06, 1472.72, 1554.85, 1550.19,  7252.9, 169,  GPS,   11.5, 110.60, 116.50, 119.000, 121.500,  0.001,       ,  27.24, -66.9,    8.7,   11.6,  -14.1,      1,   GPS,    ALT,   0.0,   0.3,   0.0, 3DDiff, 3704,      ,     14,  23.5,     19
2018-08-27, 17:22:03,  -04:00,  GRAYM,   41.9576759,  -72.0230103,  7001.4, 30.03,  7352.7,  17.5, 146.37, 155.57,   -8.85,   0.30,  -0.08,   0.00,   0.00,   3.3,  11.6,  27.7,  28.8,   1.7,  26.77,  25.32,    16.35,  190.90,   52.43,  30.44, 2487.5,    0.75,  334.94,  366.52,  365.88,  348.12,  349.59,  350.56, 1468.96, 1530.48, 1496.34, 1478.27, 1472.59, 1473.92, 1554.92, 1550.04,  7253.9, 169,  GPS,   11.5, 110.60, 116.50, 119.000, 121.500,  0.001,       ,  27.24, -66.9,    8.6,   11.6,  -14.1,      1,   GPS,    ALT,   0.0,   0.3,  11.8, 3DDiff, 3704,      ,     13,  22.5,     19
2018-08-27, 17:22:04,  -04:00,  GRAYM,   41.9583969,  -72.0230560,  7001.4, 30.03,  7352.5,  17.5, 146.31, 155.59,  -21.55,   0.30,  -0.03,  -0.00,   0.00,   3.4,  11.6,  27.7,  28.8,   1.7,  26.77,  25.32,    16.40,  190.89,   52.65,  30.44, 2486.6,    0.76,  334.94,  366.53,  365.86,  348.11,  349.53,  350.56, 1468.15, 1529.87, 1496.87, 1477.58, 1473.31, 1474.22, 1554.59, 1550.39,  7253.8, 169,  GPS,   11.5, 110.60, 116.50, 119.000, 121.500,  0.001,       ,  27.23, -66.9,    8.6,   11.6,  -14.1,      1,   GPS,    ALT,   0.0,   0.3,   3.9, 3DDiff, 3704,      ,     13,  22.0,     19
2018-08-27, 17:22:05,  -04:00,  GRAYM,   41.9591179,  -72.0230942,  7001.4, 30.03,  7352.7,  17.5, 146.36, 155.64,   -8.77,   0.31,  -0.02,   0.01,  -0.01,   3.4,  11.6,  27.7,  28.8,   1.7,  26.76,  25.32,    16.39,  190.89,   52.56,  30.49, 2484.8,    0.76,  334.94,  366.52,  365.85,  348.11,  349.49,  350.59, 1468.68, 1529.91, 1496.46, 1476.59, 1474.41, 1474.62, 1554.40, 1551.18,  7253.9, 169,  GPS,   11.5, 110.60, 116.50, 119.000, 121.500,  0.000,       ,  27.23, -66.9,    8.5,   11.6,  -14.1,      1,   GPS,    ALT,   0.0,   0.3,   7.9, 3DDiff, 3704,      ,     14,  22.5,     20
2018-08-27, 17:22:06,  -04:00,  GRAYM,   41.9598351,  -72.0231400,  7002.4, 30.03,  7352.9,  17.5, 146.42, 155.66,   15.59,   0.27,   0.00,   0.00,  -0.00,   3.4,  11.6,  27.7,  28.8,   1.7,  26.76,  25.32,    16.33,  190.91,   52.16,  30.47, 2483.6,    0.75,  334.92,  366.53,  365.85,  348.11,  349.43,  350.59, 1469.32, 1530.11, 1496.76, 1476.56, 1474.40, 1475.16, 1554.36, 1551.31,  7254.2, 169,  GPS,   11.5, 110.60, 116.50, 119.000, 121.500,  0.001,       ,  27.22, -66.9,    8.5,   11.6,  -14.1,      1,   GPS,    ALT,   0.0,   0.3,   7.9, 3DDiff, 3704,      ,     14,  22.5,     20
2018-08-27, 17:22:07,  -04:00,  GRAYM,   41.9605522,  -72.0231857,  7001.4, 30.03,  7353.1,  17.5, 146.32, 155.70,  -11.21,   0.26,  -0.02,  -0.00,  -0.00,   3.4,  11.6,  27.7,  28.8,   1.7,  26.75,  25.33,    16.34,  190.92,   52.28,  30.45, 2486.2,    0.75,  334.91,  366.52,  365.82,  348.11,  349.40,  350.59, 1468.25, 1529.86, 1496.49, 1476.90, 1473.88, 1474.94, 1554.14, 1550.85,  7254.3, 169,  GPS,   11.5, 110.60, 116.50, 119.000, 121.500,  0.001,       ,  27.21, -66.9,    8.4,   11.6,  -14.1,      1,   GPS,    ALT,   0.0,   0.3,   0.0, 3DDiff, 3704,      ,     14,  22.5,     20
2018-08-27, 17:22:08,  -04:00,  GRAYM,   41.9612732,  -72.0232239,  7001.4, 30.03,  7351.8,  17.5, 146.35, 155.74,   -7.77,   0.27,  -0.03,  -0.00,  -0.00,   3.4,  11.6,  27.7,  28.8,   1.7,  26.73,  25.34,    16.36,  190.93,   52.47,  30.45, 2488.8,    0.76,  334.90,  366.52,  365.81,  348.13,  349.37,  350.59, 1468.87, 1529.27, 1497.46, 1476.71, 1473.61, 1473.92, 1553.42, 1551.09,  7253.1, 169,  GPS,   11.5, 110.60, 116.50, 119.000, 121.500,  0.001,       ,  27.20, -66.9,    8.4,   11.6,  -14.1,      1,   GPS,    ALT,   0.0,   0.3,  -3.9, 3DDiff, 3704,      ,     14,  23.5,     19
2018-08-27, 17:22:09,  -04:00,  GRAYM,   41.9619980,  -72.0232697,  7001.4, 30.03,  7350.9,  17.5, 146.40, 155.80,   -2.58,   0.26,  -0.01,   0.00,  -0.00,   3.4,  11.6,  27.7,  28.8,   1.7,  26.72,  25.34,    16.35,  190.91,   52.38,  30.46, 2488.5,    0.75,  334.91,  366.52,  365.79,  348.11,  349.34,  350.59, 1469.03, 1530.01, 1497.46, 1476.34, 1474.49, 1473.30, 1553.69, 1551.06,  7252.2, 169,  GPS,   11.5, 110.60, 116.50, 119.000, 121.500,  0.000,       ,  27.19, -66.9,    8.4,   11.6,  -14.1,      1,   GPS,    ALT,  -0.0,   0.3,   0.0, 3DDiff, 3704,      ,     13,  22.5,     19
2018-08-27, 17:22:10,  -04:00,  GRAYM,   41.9627190,  -72.0233078,  7002.4, 30.03,  7350.6,  17.5, 146.39, 155.84,   -0.47,   0.27,  -0.04,  -0.00,   0.00,   3.4,  11.6,  27.7,  28.8,   1.7,  26.70,  25.34,    16.38,  190.94,   52.46,  30.44, 2487.4,    0.76,  334.88,  366.52,  365.76,  348.11,  349.33,  350.62, 1469.14, 1529.34, 1497.78, 1476.47, 1473.84, 1473.33, 1553.67, 1551.12,  7251.8, 169,  GPS,   11.5, 110.60, 116.50, 119.000, 121.500,  0.000,       ,  27.18, -66.9,    8.3,   11.6,  -14.1,      1,   GPS,    ALT,  -0.0,   0.3,   0.0, 3DDiff, 3704,      ,     13,  22.0,     19
2018-08-27, 17:22:11,  -04:00,  GRAYM,   41.9634399,  -72.0233536,  7002.4, 30.03,  7350.4,  17.5, 146.41, 155.90,    9.76,   0.24,  -0.07,  -0.00,  -0.01,   3.4,  11.6,  27.7,  28.8,   1.7,  26.69,  25.34,    16.30,  190.91,   52.53,  30.43, 2486.0,    0.75,  334.85,  366.52,  365.76,  348.11,  349.36,  350.64, 1468.53, 1528.74, 1497.34, 1477.86, 1473.80, 1473.60, 1554.06, 1550.85,  7251.6, 169,  GPS,   11.5, 110.60, 116.50, 119.000, 121.500,  0.001,       ,  27.16, -66.9,    8.3,   11.6,  -14.1,      1,   GPS,    ALT,  -0.0,   0.2,  -3.9, 3DDiff, 3704,      ,     14,  22.0,     19
2018-08-27, 17:22:12,  -04:00,  GRAYM,   41.9641609,  -72.0233917,  7001.4, 30.03,  7349.8,  17.5, 146.35, 155.94,  -13.57,   0.25,  -0.02,  -0.00,  -0.01,   3.4,  11.6,  27.7,  28.8,   1.7,  26.69,  25.34,    16.34,  190.94,   52.28,  30.44, 2487.8,    0.75,  334.85,  366.52,  365.73,  348.15,  349.42,  350.65, 1468.85, 1528.91, 1496.64, 1478.41, 1473.81, 1472.96, 1554.54, 1550.19,  7251.0, 169,  GPS,   11.5, 110.60, 116.50, 119.000, 121.500,  0.000,       ,  27.14, -67.0,    8.2,   11.6,  -14.1,      1,   GPS,    ALT,  -0.0,   0.2, -15.7, 3DDiff, 3704,      ,     14,  22.5,     20
2018-08-27, 17:22:13,  -04:00,  GRAYM,   41.9648819,  -72.0234375,  7001.4, 30.03,  7349.4,  17.5, 146.32, 155.99,  -24.13,   0.27,   0.02,   0.01,   0.01,   3.4,  11.6,  27.7,  28.8,   1.7,  26.68,  25.35,    16.38,  190.94,   52.27,  30.47, 2487.1,    0.76,  334.85,  366.52,  365.73,  348.14,  349.51,  350.67, 1469.45, 1528.48, 1495.94, 1477.57, 1473.80, 1473.41, 1554.38, 1550.67,  7250.7, 169,  GPS,   11.5, 110.60, 116.50, 119.000, 121.500,  0.000,       ,  27.12, -67.0,    8.2,   11.6,  -14.1,      1,   GPS,    ALT,  -0.0,   0.3, -11.8, 3DDiff, 3704,      ,     14,  22.5,     20
2018-08-27, 17:22:14,  -04:00,  GRAYM,   41.9656067,  -72.0234756,  7000.4, 30.03,  7351.2,  17.5, 146.31, 156.05,  -36.38,   0.33,   0.01,  -0.00,   0.00,   3.4,  11.6,  27.7,  28.8,   1.7,  26.67,  25.35,    16.35,  190.92,   52.11,  30.43, 2487.7,    0.75,  334.85,  366.52,  365.70,  348.14,  349.61,  350.65, 1469.05, 1528.65, 1496.40, 1476.91, 1473.82, 1473.39, 1553.91, 1550.59,  7252.4, 169,  GPS,   11.5, 110.60, 116.50, 119.000, 121.500,  0.000,       ,  27.10, -67.0,    8.1,   11.6,  -14.1,      1,   GPS,    ALT,  -0.0,   0.3,  -3.9, 3DDiff, 3704,      ,     14,  23.0,     19
2018-08-27, 17:22:15,  -04:00,  GRAYM,   41.9663239,  -72.0235214,  7001.4, 30.03,  7352.2,  17.5, 146.38, 156.07,  -18.56,   0.35,   0.01,  -0.00,  -0.00,   3.4,  11.8,  27.7,  28.8,   1.7,  26.67,  25.35,    16.37,  190.90,   52.30,  30.44, 2485.2,    0.76,  334.82,  366.53,  365.70,  348.12,  349.76,  350.65, 1468.56, 1528.83, 1496.58, 1477.03, 1473.38, 1472.40, 1554.03, 1550.34,  7253.4, 169,  GPS,   11.5, 110.60, 116.50, 119.000, 121.500,  0.000,       ,  27.08, -67.0,    8.1,   11.6,  -14.1,      1,   GPS,    ALT,  -0.0,   0.3,   3.9, 3DDiff, 3704,      ,     13,  22.0,     19
2018-08-27, 17:22:16,  -04:00,  GRAYM,   41.9670486,  -72.0235519,  7001.4, 30.03,  7352.1,  17.5, 146.34, 156.09,  -12.65,   0.35,   0.00,   0.00,   0.00,   3.5,  11.7,  27.7,  28.8,   1.7,  26.65,  25.35,    16.33,  190.90,   52.58,  30.45, 2486.9,    0.75,  334.82,  366.54,  365.69,  348.14,  349.90,  350.68, 1468.47, 1528.73, 1497.30, 1477.23, 1473.70, 1472.44, 1554.18, 1549.88,  7253.3, 169,  GPS,   11.5, 110.60, 116.50, 119.000, 121.500,  0.000,       ,  27.06, -67.0,    8.1,   11.6,  -14.1,      1,   GPS,    ALT,  -0.0,   0.3,   3.9, 3DDiff, 3704,      ,     13,  22.0,     19
2018-08-27, 17:22:17,  -04:00,  GRAYM,   41.9677658,  -72.0235977,  6999.4, 30.03,  7352.2,  17.5, 146.23, 156.11,  -18.77,   0.34,   0.02,   0.00,  -0.00,   3.5,  11.7,  27.7,  28.8,   1.7,  26.64,  25.36,    16.35,  190.91,   52.49,  30.43, 2487.0,    0.75,  334.82,  366.53,  365.67,  348.14,  350.07,  350.68, 1469.03, 1528.80, 1497.12, 1477.47, 1473.69, 1472.53, 1554.46, 1550.20,  7253.4, 169,  GPS,   11.5, 110.60, 116.50, 119.000, 121.500,  0.000,       ,  27.03, -67.0,    8.0,   11.6,  -14.1,      1,   GPS,    ALT,  -0.0,   0.4,   0.0, 3DDiff, 3704,      ,     14,  22.0,     19
2018-08-27, 17:22:18,  -04:00,  GRAYM,   41.9684944,  -72.0236359,  7000.4, 30.03,  7352.4,  17.5, 146.24, 156.13,  -22.83,   0.44,  -0.03,  -0.00,   0.00,   3.5,  11.7,  27.7,  28.8,   1.7,  26.63,  25.37,    16.29,  190.91,   52.39,  30.44, 2487.2,    0.75,  334.82,  366.57,  365.61,  348.14,  350.22,  350.68, 1469.94, 1528.04, 1496.90, 1478.31, 1474.02, 1472.17, 1554.47, 1550.45,  7253.6, 169,  GPS,   11.5, 110.60, 116.50, 119.000, 121.500,  0.000,       ,  27.01, -67.1,    8.0,   11.6,  -14.1,      1,   GPS,    ALT,  -0.1,   0.4,   3.9, 3DDiff, 3704,      ,     14,  22.5,     20
2018-08-27, 17:22:19,  -04:00,  GRAYM,   41.9692116,  -72.0236740,  7001.4, 30.03,  7352.8,  17.5, 146.24, 156.15,    9.52,   0.40,  -0.07,   0.00,  -0.02,   3.5,  11.7,  27.7,  28.8,   1.7,  26.61,  25.38,    16.35,  190.91,   52.53,  30.42, 2486.4,    0.75,  334.80,  366.57,  365.63,  348.14,  350.36,  350.70, 1469.40, 1527.58, 1496.46, 1478.12, 1473.91, 1473.60, 1554.44, 1550.18,  7254.0, 169,  GPS,   11.5, 110.60, 116.50, 119.000, 121.500,  0.000,       ,  26.99, -67.1,    7.9,   11.6,  -14.1,      1,   GPS,    ALT,  -0.1,   0.4,  15.7, 3DDiff, 3704,      ,     14,  22.5,     20
2018-08-27, 17:22:20,  -04:00,  GRAYM,   41.9699326,  -72.0237274,  7001.4, 30.03,  7351.9,  17.5, 146.16, 156.17,    2.63,   0.38,  -0.07,   0.00,  -0.01,   3.6,  11.7,  27.7,  28.8,   1.7,  26.60,  25.39,    16.29,  190.92,   52.65,  30.43, 2486.6,    0.75,  334.79,  366.58,  365.61,  348.14,  350.49,  350.68, 1469.01, 1527.08, 1497.34, 1477.21, 1474.30, 1472.54, 1553.40, 1550.60,  7253.4, 169,  GPS,   11.5, 110.60, 116.50, 119.000, 121.500,  0.000,       ,  26.96, -67.1,    7.9,   11.6,  -14.1,      1,   GPS,    ALT,  -0.1,   0.4,   3.9, 3DDiff, 3704,      ,     14,  23.0,     19
2018-08-27, 17:22:22,  -04:00,  GRAYM,   41.9706573,  -72.0237579,  7000.4, 30.03,  7350.8,  17.5, 146.05, 156.15,  -16.07,   0.41,  -0.08,  -0.00,  -0.00,   3.6,  11.7,  27.7,  28.8,   1.7,  26.58,  25.40,    16.30,  190.93,   52.49,  30.41, 2485.7,    0.75,  334.78,  366.56,  365.61,  348.14,  350.60,  350.68, 1469.14, 1528.35, 1497.13, 1478.13, 1473.47, 1472.53, 1554.12, 1550.08,  7252.4, 169,  GPS,   11.5, 110.60, 116.50, 119.000, 121.500, -0.000,       ,  26.94, -67.1,    7.8,   11.6,  -14.1,      1,   GPS,    ALT,  -0.1,   0.4,  -7.9, 3DDiff, 3704,      ,     13,  22.0,     19
2018-08-27, 17:22:22,  -04:00,  GRAYM,   41.9713821,  -72.0237961,  7001.4, 30.03,  7351.6,  17.5, 146.09, 156.19,   -5.76,   0.47,  -0.12,   0.01,   0.00,   3.6,  11.7,  27.7,  28.8,   1.7,  26.57,  25.41,    16.42,  190.94,   52.32,  30.44, 2485.1,    0.76,  334.79,  366.58,  365.60,  348.14,  350.68,  350.68, 1468.84, 1528.18, 1497.69, 1478.42, 1473.17, 1473.91, 1553.96, 1550.06,  7253.1, 169,  GPS,   11.5, 110.60, 116.50, 119.000, 121.500, -0.000,       ,  26.91, -67.2,    7.8,   11.6,  -14.1,      1,   GPS,    ALT,  -0.1,   0.4,   0.0, 3DDiff, 3704,      ,     13,  22.0,     19
2018-08-27, 17:22:23,  -04:00,  GRAYM,   41.9721069,  -72.0238419,  7000.4, 30.03,  7351.6,  17.5, 145.93, 156.17,   -4.92,   0.43,  -0.13,   0.00,  -0.01,   3.6,  11.7,  27.7,  28.8,   1.7,  26.56,  25.41,    16.36,  190.94,   52.38,  30.41, 2484.5,    0.75,  334.78,  366.58,  365.57,  348.12,  350.77,  350.68, 1467.71, 1528.19, 1497.90, 1477.63, 1472.64, 1474.07, 1553.12, 1549.79,  7253.2, 169,  GPS,   11.5, 110.60, 116.50, 119.000, 121.500, -0.000,       ,  26.88, -67.2,    7.7,   11.6,  -14.1,      1,   GPS,    ALT,  -0.1,   0.4,   3.9, 3DDiff, 3704,      ,     14,  22.0,     19
2018-08-27, 17:22:24,  -04:00,  GRAYM,   41.9728241,  -72.0238800,  7000.4, 30.03,  7351.5,  17.5, 145.92, 156.19,   -4.96,   0.47,  -0.16,  -0.01,  -0.00,   3.5,  11.7,  27.7,  28.8,   1.7,  26.55,  25.41,    16.25,  190.96,   52.17,  30.39, 2485.5,    0.75,  334.76,  366.58,  365.55,  348.14,  350.83,  350.67, 1467.72, 1527.54, 1497.17, 1477.27, 1471.87, 1473.51, 1553.38, 1548.96,  7253.1, 169,  GPS,   11.5, 110.60, 116.50, 119.000, 121.500, -0.000,       ,  26.85, -67.3,    7.7,   11.6,  -14.1,      1,   GPS,    ALT,  -0.1,   0.5,  -7.9, 3DDiff, 3704,      ,     14,  22.5,     20
2018-08-27, 17:22:25,  -04:00,  GRAYM,   41.9735527,  -72.0239258,  7000.4, 30.03,  7351.4,  17.5, 145.81, 156.15,   -8.92,   0.47,  -0.13,  -0.00,  -0.01,   3.5,  11.7,  27.7,  28.8,   1.7,  26.55,  25.41,    16.15,  190.96,   52.40,  30.39, 2486.0,    0.75,  334.76,  366.56,  365.57,  348.14,  350.89,  350.67, 1467.86, 1527.13, 1496.33, 1476.49, 1472.40, 1473.38, 1553.07, 1549.62,  7252.9, 168,  GPS,   11.5, 110.60, 116.50, 119.000, 121.500, -0.000,       ,  26.81, -67.3,    7.7,   11.6,  -14.1,      1,   GPS,    ALT,  -0.1,   0.5, -11.8, 3DDiff, 3704,      ,     14,  22.5,     20
2018-08-27, 17:22:26,  -04:00,  GRAYM,   41.9742775,  -72.0239639,  7000.4, 30.03,  7351.0,  17.5, 145.74, 156.15,  -17.03,   0.52,  -0.10,   0.00,   0.01,   3.5,  11.7,  27.7,  28.8,   1.7,  26.55,  25.41,    16.26,  190.98,   52.36,  30.42, 2486.7,    0.75,  334.76,  366.56,  365.54,  348.14,  350.92,  350.64, 1467.82, 1527.81, 1496.23, 1477.02, 1473.26, 1473.44, 1553.16, 1549.47,  7252.5, 168,  GPS,   11.5, 110.60, 116.50, 119.000, 121.500, -0.000,       ,  26.78, -67.3,    7.6,   11.6,  -14.1,      1,   GPS,    ALT,  -0.1,   0.5, -11.8, 3DDiff, 3704,      ,     14,  23.0,     19
2018-08-27, 17:22:27,  -04:00,  GRAYM,   41.9749947,  -72.0240021,  7000.4, 30.03,  7351.8,  17.5, 145.81, 156.13,  -18.74,   0.57,  -0.09,  -0.00,   0.00,   3.5,  11.7,  27.7,  28.8,   1.7,  26.55,  25.41,    16.31,  191.00,   52.39,  30.45, 2485.4,    0.75,  334.76,  366.55,  365.54,  348.14,  350.95,  350.64, 1467.75, 1527.77, 1495.87, 1477.80, 1473.66, 1474.56, 1554.00, 1550.10,  7253.3, 168,  GPS,   11.5, 110.60, 116.50, 119.000, 121.500, -0.000,       ,  26.74, -67.4,    7.6,   11.6,  -14.1,      1,   GPS,    ALT,  -0.1,   0.5,  -7.9, 3DDiff, 3704,      ,     13,  22.0,     19
2018-08-27, 17:22:28,  -04:00,  GRAYM,   41.9757118,  -72.0240479,  7000.4, 30.03,  7351.1,  17.5, 145.77, 156.11,  -24.55,   0.63,  -0.05,  -0.00,  -0.00,   3.6,  11.7,  27.7,  28.8,   1.7,  26.55,  25.41,    16.27,  190.99,   52.35,  30.43, 2486.4,    0.75,  334.78,  366.55,  365.54,  348.11,  350.98,  350.62, 1467.22, 1527.49, 1496.36, 1476.47, 1473.67, 1474.75, 1553.68, 1549.52,  7252.7, 168,  GPS,   11.5, 110.60, 116.50, 119.000, 121.500, -0.000,       ,  26.71, -67.5,    7.5,   11.6,  -14.1,      1,   GPS,    ALT,  -0.1,   0.6,   3.9, 3DDiff, 3704,      ,     13,  22.0,     19
2018-08-27, 17:22:29,  -04:00,  GRAYM,   41.9764404,  -72.0240860,  7000.4, 30.03,  7351.3,  17.5, 145.77, 156.11,   -6.46,   0.62,  -0.07,   0.00,  -0.01,   3.6,  11.7,  27.7,  28.8,   1.7,  26.54,  25.42,    16.26,  190.98,   52.53,  30.40, 2485.6,    0.75,  334.74,  366.54,  365.51,  348.11,  350.96,  350.62, 1468.02, 1527.82, 1496.20, 1475.16, 1474.14, 1473.91, 1553.36, 1550.36,  7252.8, 168,  GPS,   11.5, 110.60, 116.50, 119.000, 121.500, -0.000,       ,  26.68, -67.5,    7.5,   11.6,  -14.1,      1,   GPS,    ALT,  -0.1,   0.6,   7.9, 3DDiff, 3704,      ,     14,  22.5,     20
2018-08-27, 17:22:30,  -04:00,  GRAYM,   41.9771576,  -72.0241241,  7000.4, 30.03,  7351.3,  17.5, 145.75, 156.05,   -2.96,   0.64,  -0.07,  -0.00,   0.00,   3.6,  11.7,  27.7,  28.8,   1.7,  26.54,  25.42,    16.27,  190.99,   52.45,  30.42, 2487.2,    0.75,  334.76,  366.55,  365.51,  348.12,  350.95,  350.62, 1468.39, 1527.34, 1496.69, 1475.74, 1474.24, 1472.60, 1552.90, 1550.47,  7252.8, 168,  GPS,   11.5, 110.60, 116.50, 119.000, 121.500, -0.000,       ,  26.64, -67.6,    7.4,   11.6,  -14.1,      1,   GPS,    ALT,  -0.1,   0.6,   3.9, 3DDiff, 3704,      ,     14,  22.5,     20
2018-08-27, 17:22:31,  -04:00,  GRAYM,   41.9778824,  -72.0241699,  7000.4, 30.03,  7351.4,  17.5, 145.67, 156.03,   -0.58,   0.64,  -0.12,  -0.00,  -0.00,   3.6,  11.7,  27.7,  28.8,   1.7,  26.53,  25.42,    16.22,  190.99,   52.48,  30.41, 2484.7,    0.75,  334.75,  366.53,  365.48,  348.11,  350.96,  350.62, 1467.32, 1527.69, 1496.40, 1475.49, 1474.03, 1471.45, 1552.52, 1549.65,  7252.9, 168,  GPS,   11.5, 110.60, 116.50, 119.000, 121.500, -0.000,       ,  26.61, -67.6,    7.4,   11.6,  -14.1,      1,   GPS,    ALT,  -0.1,   0.6,   3.9, 3DDiff, 3704,      ,     14,  22.5,     20
2018-08-27, 17:22:32,  -04:00,  GRAYM,   41.9786034,  -72.0242081,  7000.4, 30.03,  7351.7,  17.5, 145.55, 155.99,   -3.20,   0.66,  -0.13,   0.00,  -0.01,   3.6,  11.7,  27.7,  28.8,   1.7,  26.52,  25.43,    16.28,  190.99,   52.27,  30.36, 2486.2,    0.75,  334.75,  366.50,  365.48,  348.08,  350.95,  350.64, 1467.61, 1527.23, 1495.94, 1474.87, 1473.43, 1472.39, 1552.35, 1549.28,  7253.2, 168,  GPS,   11.5, 110.60, 116.50, 119.000, 121.500, -0.000,       ,  26.57, -67.7,    7.4,   11.6,  -14.1,      1,   GPS,    ALT,  -0.1,   0.6,   0.0, 3DDiff, 3704,      ,     14,  23.0,     19
2018-08-27, 17:22:33,  -04:00,  GRAYM,   41.9793243,  -72.0242462,  7000.4, 30.03,  7350.8,  17.5, 145.55, 155.95,    3.77,   0.69,  -0.12,   0.00,   0.00,   3.6,  11.7,  27.7,  28.8,   1.7,  26.51,  25.44,    16.24,  190.99,   52.33,  30.43, 2487.3,    0.75,  334.73,  366.52,  365.47,  348.08,  350.92,  350.62, 1468.98, 1527.53, 1496.48, 1475.11, 1473.69, 1473.13, 1552.98, 1550.94,  7252.3, 168,  GPS,   11.5, 110.60, 116.50, 119.000, 121.500, -0.001,       ,  26.54, -67.8,    7.3,   11.6,  -14.1,      1,   GPS,    ALT,  -0.1,   0.7,   0.0, 3DDiff, 3704,      ,     13,  22.0,     19
2018-08-27, 17:22:34,  -04:00,  GRAYM,   41.9800453,  -72.0242920,  7001.4, 30.03,  7351.3,  17.5, 145.57, 155.94,    6.16,   0.68,  -0.13,  -0.00,  -0.00,   3.6,  11.7,  27.7,  28.8,   1.7,  26.50,  25.44,    16.30,  190.99,   52.50,  30.45, 2487.5,    0.75,  334.75,  366.52,  365.45,  348.07,  350.92,  350.62, 1470.40, 1528.31, 1496.17, 1475.50, 1474.25, 1474.32, 1553.90, 1551.21,  7252.8, 168,  GPS,   11.5, 110.60, 116.50, 119.000, 121.500, -0.001,       ,  26.50, -67.8,    7.3,   11.6,  -14.1,      1,   GPS,    ALT,  -0.1,   0.7,   3.9, 3DDiff, 3704,      ,     14,  22.0,     19
2018-08-27, 17:22:35,  -04:00,  GRAYM,   41.9807663,  -72.0243301,  7001.4, 30.03,  7351.2,  17.5, 145.61, 155.88,   15.31,   0.66,  -0.13,  -0.00,  -0.01,   3.5,  11.7,  27.7,  28.8,   1.7,  26.50,  25.44,    16.31,  190.97,   52.40,  30.40, 2486.7,    0.75,  334.75,  366.49,  365.43,  348.08,  350.89,  350.62, 1469.91, 1528.06, 1495.43, 1474.76, 1473.92, 1473.85, 1553.00, 1550.44,  7252.7, 168,  GPS,   11.5, 110.60, 116.50, 119.000, 121.500, -0.001,       ,  26.47, -67.9,    7.2,   11.6,  -14.1,      1,   GPS,    ALT,  -0.1,   0.7,  -3.9, 3DDiff, 3704,      ,     14,  22.0,     20
2018-08-27, 17:22:36,  -04:00,  GRAYM,   41.9814835,  -72.0243759,  7001.4, 30.03,  7351.0,  17.5, 145.58, 155.86,    1.55,   0.65,  -0.10,   0.00,  -0.01,   3.6,  11.7,  27.7,  28.8,   1.7,  26.50,  25.43,    16.29,  190.97,   52.38,  30.41, 2487.6,    0.75,  334.75,  366.49,  365.42,  348.08,  350.86,  350.59, 1469.47, 1529.21, 1495.82, 1474.09, 1474.15, 1472.97, 1552.72, 1550.95,  7252.5, 168,  GPS,   11.5, 110.60, 116.50, 119.000, 121.500, -0.001,       ,  26.44, -67.9,    7.2,   11.6,  -14.1,      1,   GPS,    ALT,  -0.1,   0.7, -11.8, 3DDiff, 3704,      ,     14,  22.5,     20
2018-08-27, 17:22:37,  -04:00,  GRAYM,   41.9822006,  -72.0244064,  7000.4, 30.03,  7350.7,  17.5, 145.59, 155.82,  -17.33,   0.67,  -0.09,   0.00,   0.01,   3.6,  11.7,  27.7,  28.8,   1.7,  26.50,  25.43,    16.40,  190.97,   52.59,  30.46, 2485.5,    0.76,  334.73,  366.49,  365.42,  348.08,  350.83,  350.62, 1469.36, 1530.04, 1496.84, 1474.06, 1474.48, 1473.95, 1553.24, 1551.34,  7252.3, 168,  GPS,   11.5, 110.60, 116.50, 119.000, 121.500, -0.001,       ,  26.41, -68.0,    7.1,   11.6,  -14.1,      1,   GPS,    ALT,  -0.1,   0.7, -11.8, 3DDiff, 3704,      ,     14,  22.5,     20
2018-08-27, 17:22:38,  -04:00,  GRAYM,   41.9829292,  -72.0244522,  7001.4, 30.03,  7350.4,  17.5, 145.55, 155.80,  -17.73,   0.70,  -0.09,  -0.01,   0.00,   3.6,  11.7,  27.7,  28.8,   1.7,  26.49,  25.43,    16.33,  190.97,   52.68,  30.49, 2484.8,    0.75,  334.74,  366.49,  365.42,  348.08,  350.80,  350.62, 1469.86, 1530.31, 1497.20, 1475.22, 1474.29, 1473.52, 1553.78, 1551.51,  7251.9, 168,  GPS,   11.5, 110.60, 116.50, 119.000, 121.500, -0.001,       ,  26.38, -68.1,    7.1,   11.6,  -14.1,      1,   GPS,    ALT,  -0.1,   0.7,  -3.9, 3DDiff, 3704,      ,     14,  23.0,     20
2018-08-27, 17:22:39,  -04:00,  GRAYM,   41.9836464,  -72.0244980,  7001.4, 30.03,  7351.5,  17.5, 145.42, 155.78,  -11.03,   0.69,  -0.08,   0.00,  -0.00,   3.6,  11.7,  27.7,  28.8,   1.7,  26.48,  25.44,    16.28,  190.97,   52.28,  30.42, 2484.7,    0.75,  334.73,  366.46,  365.38,  348.08,  350.74,  350.64, 1470.12, 1529.59, 1496.99, 1475.44, 1473.79, 1473.08, 1553.20, 1550.89,  7253.0, 168,  GPS,   11.5, 110.60, 116.50, 119.000, 121.500, -0.001,       ,  26.35, -68.1,    7.1,   11.6,  -14.1,      1,   GPS,    ALT,  -0.1,   0.7,   3.9, 3DDiff, 3704,      ,     13,  22.0,     19
2018-08-27, 17:22:40,  -04:00,  GRAYM,   41.9843674,  -72.0245361,  7001.4, 30.03,  7350.6,  17.5, 145.28, 155.74,    5.33,   0.60,  -0.15,   0.00,  -0.01,   3.6,  11.7,  27.7,  28.8,   1.7,  26.47,  25.44,    16.27,  190.98,   52.58,  30.38, 2486.7,    0.75,  334.73,  366.47,  365.37,  348.08,  350.72,  350.61, 1468.55, 1528.95, 1497.40, 1475.74, 1473.58, 1472.09, 1553.51, 1550.24,  7252.2, 168,  GPS,   11.5, 110.60, 116.50, 119.000, 121.500, -0.001,       ,  26.33, -68.1,    7.0,   11.6,  -14.1,      1,   GPS,    ALT,  -0.1,   0.6,   7.9, 3DDiff, 3704,      ,     14,  22.0,     19
2018-08-27, 17:22:41,  -04:00,  GRAYM,   41.9850883,  -72.0245743,  7002.4, 30.03,  7350.4,  17.5, 145.29, 155.74,   10.51,   0.60,  -0.18,  -0.00,  -0.00,   3.6,  11.7,  27.7,  28.8,   1.7,  26.47,  25.44,    16.25,  190.97,   52.60,  30.41, 2487.2,    0.75,  334.76,  366.46,  365.33,  348.08,  350.71,  350.62, 1469.28, 1529.14, 1496.99, 1476.18, 1474.28, 1471.18, 1553.09, 1551.03,  7252.0, 168,  GPS,   11.5, 110.60, 116.50, 119.000, 121.500, -0.001,       ,  26.30, -68.2,    7.0,   11.6,  -14.1,      1,   GPS,    ALT,  -0.1,   0.6,  -7.9, 3DDiff, 3704,      ,     14,  22.0,     20
2018-08-27, 17:22:42,  -04:00,  GRAYM,   41.9858093,  -72.0246201,  7002.4, 30.03,  7350.1,  17.5, 145.10, 155.72,   12.58,   0.55,  -0.12,  -0.00,  -0.01,   3.7,  11.7,  27.7,  28.8,   1.7,  26.48,  25.44,    16.28,  190.98,   52.50,  30.40, 2486.3,    0.75,  334.73,  366.46,  365.32,  348.11,  350.65,  350.59, 1468.71, 1528.70, 1497.40, 1476.27, 1474.14, 1472.21, 1552.70, 1550.57,  7251.7, 168,  GPS,   11.5, 110.60, 116.50, 119.000, 121.500, -0.001,       ,  26.28, -68.2,    6.9,   11.6,  -14.1,      1,   GPS,    ALT,  -0.1,   0.6, -11.8, 3DDiff, 3704,      ,     14,  22.5,     20
2018-08-27, 17:22:43,  -04:00,  GRAYM,   41.9865303,  -72.0246582,  7002.4, 30.03,  7349.7,  17.5, 145.08, 155.74,    8.97,   0.53,  -0.09,   0.00,  -0.00,   3.7,  11.7,  27.7,  28.8,   1.7,  26.49,  25.43,    16.29,  191.00,   52.37,  30.40, 2484.3,    0.75,  334.73,  366.46,  365.30,  348.11,  350.61,  350.59, 1468.06, 1528.16, 1497.54, 1475.88, 1473.78, 1471.63, 1551.99, 1550.54,  7251.2, 168,  GPS,   11.5, 110.60, 116.50, 119.000, 121.500, -0.001,       ,  26.25, -68.3,    6.9,   11.6,  -14.1,      1,   GPS,    ALT,  -0.1,   0.5, -23.6, 3DDiff, 3704,      ,     14,  22.5,     20
2018-08-27, 17:22:44,  -04:00,  GRAYM,   41.9872513,  -72.0247040,  7002.4, 30.03,  7349.7,  17.5, 145.15, 155.76,    8.04,   0.51,  -0.08,   0.00,  -0.00,   3.7,  11.7,  27.7,  28.8,   1.7,  26.50,  25.41,    16.27,  190.99,   52.46,  30.43, 2483.9,    0.75,  334.73,  366.44,  365.27,  348.10,  350.56,  350.59, 1466.73, 1528.42, 1497.60, 1475.67, 1473.14, 1472.47, 1551.91, 1549.89,  7251.2, 168,  GPS,   11.5, 110.60, 116.50, 119.000, 121.500, -0.001,       ,  26.22, -68.3,    6.8,   11.6,  -14.1,      1,   GPS,    ALT,  -0.1,   0.5, -27.6, 3DDiff, 3704,      ,     14,  23.0,     20
2018-08-27, 17:22:45,  -04:00,  GRAYM,   41.9879684,  -72.0247421,  7001.4, 30.03,  7348.2,  17.5, 145.08, 155.80,  -13.69,   0.53,  -0.13,  -0.00,   0.00,   3.8,  11.7,  27.7,  28.8,   1.7,  26.50,  25.41,    16.33,  191.00,   52.37,  30.41, 2484.4,    0.75,  334.73,  366.46,  365.24,  348.09,  350.53,  350.59, 1466.88, 1529.63, 1496.71, 1475.62, 1473.51, 1472.45, 1552.59, 1549.68,  7249.7, 168,  GPS,   11.5, 110.60, 116.50, 119.000, 121.500, -0.001,       ,  26.19, -68.4,    6.8,   11.6,  -14.1,      1,   GPS,    ALT,  -0.1,   0.5, -27.6, 3DDiff, 3704,      ,     14,  22.0,     20
2018-08-27, 17:22:46,  -04:00,  GRAYM,   41.9886932,  -72.0247726,  7000.4, 30.03,  7348.7,  17.5, 144.93, 155.84,  -34.18,   0.53,  -0.11,   0.00,  -0.00,   3.8,  11.7,  27.7,  28.8,   1.7,  26.50,  25.41,    16.28,  191.01,   52.39,  30.37, 2486.4,    0.75,  334.73,  366.46,  365.21,  348.11,  350.47,  350.56, 1466.24, 1529.31, 1496.46, 1474.88, 1471.64, 1471.71, 1552.61, 1548.92,  7250.2, 167,  GPS,   11.5, 110.60, 116.50, 119.000, 121.500, -0.001,       ,  26.16, -68.4,    6.8,   11.6,  -14.1,      1,   GPS,    ALT,  -0.1,   0.5, -23.6, 3DDiff, 3704,      ,     14,  22.0,     19
2018-08-27, 17:22:47,  -04:00,  GRAYM,   41.9894104,  -72.0248260,  7001.4, 30.03,  7348.4,  17.5, 145.02, 155.88,  -24.12,   0.55,  -0.07,   0.00,   0.01,   3.8,  11.7,  27.7,  28.8,   1.7,  26.50,  25.40,    16.24,  191.01,   52.32,  30.42, 2484.7,    0.75,  334.75,  366.48,  365.18,  348.11,  350.45,  350.56, 1467.24, 1529.68, 1496.86, 1474.26, 1471.94, 1471.84, 1553.08, 1549.47,  7250.0, 168,  GPS,   11.5, 110.60, 116.50, 119.000, 121.500, -0.001,       ,  26.12, -68.4,    6.7,   11.6,  -14.1,      1,   GPS,    ALT,  -0.1,   0.5, -15.7, 3DDiff, 3704,      ,     14,  22.0,     20
2018-08-27, 17:22:48,  -04:00,  GRAYM,   41.9901314,  -72.0248642,  7001.4, 30.03,  7348.3,  17.5, 145.04, 155.94,   -5.84,   0.51,  -0.10,  -0.00,  -0.00,   3.9,  11.7,  27.7,  28.8,   1.7,  26.50,  25.41,    16.22,  190.99,   52.55,  30.41, 2485.2,    0.75,  334.73,  366.44,  365.18,  348.14,  350.38,  350.59, 1467.78, 1529.77, 1497.30, 1474.42, 1471.80, 1471.97, 1553.20, 1549.69,  7249.9, 168,  GPS,   11.5, 110.60, 116.50, 119.000, 121.500, -0.001,       ,  26.08, -68.5,    6.7,   11.6,  -14.1,      1,   GPS,    ALT,  -0.1,   0.5,  -3.9, 3DDiff, 3704,      ,     14,  22.0,     20
2018-08-27, 17:22:49,  -04:00,  GRAYM,   41.9908371,  -72.0249023,  7001.4, 30.03,  7348.2,  17.5, 145.08, 155.97,  -14.90,   0.48,  -0.11,  -0.01,  -0.00,   3.9,  11.7,  27.7,  28.8,   1.7,  26.49,  25.42,    16.29,  191.01,   52.42,  30.41, 2487.4,    0.75,  334.75,  366.46,  365.15,  348.11,  350.34,  350.56, 1467.70, 1529.41, 1496.87, 1474.56, 1472.40, 1471.25, 1552.89, 1549.83,  7249.8, 168,  GPS,   11.5, 110.60, 116.50, 119.000, 121.500, -0.001,       ,  25.99, -68.5,    6.6,   11.6,  -14.1,      1,   GPS,    ALT,  -0.1,   0.5,  -3.9, 3DDiff, 3704,      ,     14,  22.5,     20
2018-08-27, 17:22:50,  -04:00,  GRAYM,   41.9915581,  -72.0249481,  7002.4, 30.03,  7347.8,  17.5, 145.17, 156.03,    2.67,   0.46,  -0.14,   0.00,   0.00,   3.9,  11.7,  27.7,  28.8,   1.7,  26.49,  25.42,    16.36,  191.01,   52.37,  30.39, 2485.6,    0.76,  334.75,  366.46,  365.14,  348.12,  350.31,  350.59, 1468.82, 1528.03, 1495.79, 1474.47, 1472.33, 1470.78, 1551.92, 1549.62,  7249.3, 168,  GPS,   11.5, 110.60, 116.50, 119.000, 121.500, -0.001,       ,  25.94, -68.6,    6.6,   11.6,  -14.1,      1,   GPS,    ALT,  -0.1,   0.5,   3.9, 3DDiff, 3704,      ,     14,  23.0,     20
2018-08-27, 17:22:51,  -04:00,  GRAYM,   41.9922791,  -72.0249863,  7001.4, 30.03,  7348.8,  17.5, 145.06, 156.07,  -10.61,   0.41,  -0.11,   0.01,   0.01,   3.9,  11.7,  27.7,  28.8,   1.7,  26.49,  25.42,    16.33,  191.01,   52.36,  30.42, 2486.9,    0.75,  334.73,  366.48,  365.11,  348.14,  350.28,  350.59, 1468.41, 1528.64, 1496.31, 1474.93, 1471.55, 1471.16, 1551.93, 1549.73,  7250.4, 168,  GPS,   11.5, 110.60, 116.50, 119.000, 121.500, -0.001,       ,  25.89, -68.6,    6.5,   11.6,  -14.1,      1,   GPS,    ALT,  -0.1,   0.4,   3.9, 3DDiff, 3704,      ,     14,  22.0,     20
2018-08-27, 17:22:52,  -04:00,  GRAYM,   41.9930038,  -72.0250320,  7000.4, 30.03,  7348.6,  17.5, 145.10, 156.13,  -22.37,   0.38,  -0.08,  -0.01,  -0.00,   4.0,  11.7,  27.7,  28.8,   1.7,  26.47,  25.43,    16.31,  191.01,   52.45,  30.42, 2485.2,    0.75,  334.75,  366.46,  365.11,  348.14,  350.23,  350.59, 1468.04, 1529.88, 1496.03, 1475.76, 1471.83, 1470.90, 1552.86, 1549.09,  7250.2, 168,  GPS,   11.5, 110.60, 116.50, 119.000, 121.500, -0.001,       ,  25.83, -68.6,    6.5,   11.6,  -14.1,      1,   GPS,    ALT,  -0.1,   0.4,   7.9, 3DDiff, 3704,      ,     14,  22.0,     19
2018-08-27, 17:22:53,  -04:00,  GRAYM,   41.9937286,  -72.0250702,  7000.4, 30.03,  7348.8,  17.5, 145.10, 156.19,  -34.23,   0.43,  -0.08,  -0.00,  -0.00,   4.0,  11.7,  27.7,  28.8,   1.7,  26.45,  25.44,    16.38,  191.02,   52.32,  30.44, 2485.7,    0.76,  334.75,  366.46,  365.09,  348.14,  350.21,  350.59, 1468.66, 1530.17, 1496.61, 1475.95, 1473.04, 1472.00, 1553.31, 1550.52,  7250.3, 168,  GPS,   11.5, 110.60, 116.50, 119.000, 121.500, -0.001,       ,  25.78, -68.6,    6.5,   11.6,  -14.1,      1,   GPS,    ALT,  -0.1,   0.4,  11.8, 3DDiff, 3704,      ,     13,  22.0,     19
2018-08-27, 17:22:54,  -04:00,  GRAYM,   41.9944496,  -72.0251083,  7001.4, 30.03,  7349.3,  17.5, 145.08, 156.25,  -14.39,   0.42,  -0.14,   0.00,   0.00,   4.0,  11.7,  27.7,  28.8,   1.7,  26.44,  25.44,    16.40,  191.03,   52.27,  30.44, 2486.2,    0.76,  334.73,  366.44,  365.08,  348.14,  350.16,  350.59, 1469.18, 1530.15, 1497.98, 1475.56, 1473.34, 1474.32, 1554.25, 1551.31,  7250.8, 168,  GPS,   11.5, 110.60, 116.50, 119.000, 121.500, -0.001,       ,  25.72, -68.6,    6.4,   11.6,  -14.1,      1,   GPS,    ALT,  -0.1,   0.4,  27.6, 3DDiff, 3704,      ,     14,  22.5,     20
2018-08-27, 17:22:55,  -04:00,  GRAYM,   41.9951744,  -72.0251541,  7001.4, 30.03,  7349.8,  17.5, 145.14, 156.30,    1.65,   0.38,  -0.14,   0.00,   0.00,   4.0,  11.7,  27.7,  28.8,   1.7,  26.43,  25.45,    16.34,  191.03,   52.48,  30.43, 2485.1,    0.75,  334.75,  366.44,  365.08,  348.17,  350.12,  350.59, 1469.17, 1529.98, 1497.08, 1476.57, 1473.44, 1474.52, 1554.56, 1550.36,  7251.3, 168,  GPS,   11.5, 110.60, 116.50, 119.000, 121.500, -0.001,       ,  25.66, -68.7,    6.4,   11.6,  -14.1,      1,   GPS,    ALT,  -0.1,   0.4,  27.6, 3DDiff, 3704,      ,     14,  22.5,     20
2018-08-27, 17:22:56,  -04:00,  GRAYM,   41.9958954,  -72.0251923,  7002.4, 30.03,  7350.9,  17.5, 145.20, 156.36,   22.95,   0.33,  -0.14,   0.00,  -0.01,   4.0,  11.7,  27.7,  28.8,   1.7,  26.42,  25.46,    16.33,  191.04,   52.50,  30.39, 2487.3,    0.75,  334.75,  366.43,  365.08,  348.17,  350.07,  350.59, 1469.66, 1529.44, 1497.20, 1474.85, 1472.71, 1473.38, 1553.26, 1550.42,  7252.4, 168,  GPS,   11.5, 110.60, 116.50, 119.000, 121.500, -0.001,       ,  25.59, -68.7,    6.3,   11.6,  -14.1,      1,   GPS,    ALT,  -0.1,   0.4,  23.6, 3DDiff, 3704,      ,     14,  23.0,     19
2018-08-27, 17:22:57,  -04:00,  GRAYM,   41.9966202,  -72.0252304,  7002.4, 30.03,  7350.2,  17.5, 145.14, 156.44,   18.00,   0.27,  -0.14,   0.00,  -0.01,   4.0,  11.7,  27.7,  28.8,   1.7,  26.41,  25.46,    16.32,  191.04,   52.60,  30.40, 2486.7,    0.75,  334.76,  366.43,  365.06,  348.18,  350.05,  350.56, 1469.80, 1528.95, 1496.84, 1475.39, 1472.58, 1472.00, 1552.86, 1550.95,  7251.8, 168,  GPS,   11.5, 110.60, 116.50, 119.000, 121.500, -0.001,       ,  25.53, -68.7,    6.3,   11.6,  -14.1,      1,   GPS,    ALT,  -0.1,   0.3,  15.7, 3DDiff, 3704,      ,     13,  22.0,     19
2018-08-27, 17:22:58,  -04:00,  GRAYM,   41.9973412,  -72.0252686,  7001.4, 30.03,  7350.7,  17.5, 145.20, 156.54,   -1.66,   0.24,  -0.13,   0.00,   0.00,   3.9,  11.7,  27.7,  28.8,   1.7,  26.40,  25.46,    16.27,  191.03,   52.58,  30.39, 2486.0,    0.75,  334.76,  366.41,  365.05,  348.18,  350.01,  350.53, 1469.08, 1528.52, 1497.75, 1474.63, 1471.79, 1472.60, 1552.74, 1550.85,  7252.3, 168,  GPS,   11.5, 110.60, 116.50, 119.000, 121.500, -0.002,       ,  25.47, -68.7,    6.2,   11.6,  -14.1,      1,   GPS,    ALT,  -0.1,   0.3,   7.9, 3DDiff, 3704,      ,     13,  22.0,     19
2018-08-27, 17:22:59,  -04:00,  GRAYM,   41.9980659,  -72.0253067,  7001.4, 30.03,  7350.8,  17.5, 145.27, 156.63,   -8.19,   0.22,  -0.15,  -0.01,  -0.00,   3.9,  11.7,  27.7,  28.8,   1.7,  26.39,  25.47,    16.25,  191.03,   52.45,  30.39, 2486.8,    0.75,  334.75,  366.41,  365.03,  348.20,  349.97,  350.52, 1469.23, 1527.74, 1497.98, 1475.85, 1471.68, 1472.39, 1552.68, 1551.09,  7252.4, 168,  GPS,   11.5, 110.60, 116.50, 119.000, 121.500, -0.002,       ,  25.41, -68.7,    6.2,   11.6,  -14.1,      1,   GPS,    ALT,  -0.1,   0.2,   3.9, 3DDiff, 3704,      ,     14,  22.5,     19
2018-08-27, 17:23:00,  -04:00,  GRAYM,   41.9987907,  -72.0253601,  7002.4, 30.03,  7351.0,  17.5, 145.40, 156.73,    1.42,   0.22,  -0.13,   0.00,  -0.01,   3.8,  11.7,  27.7,  28.8,   1.7,  26.38,  25.46,    16.32,  191.01,   52.32,  30.36, 2486.2,    0.75,  334.78,  366.42,  365.04,  348.23,  349.92,  350.52, 1468.69, 1527.06, 1497.00, 1475.56, 1471.02, 1472.01, 1552.07, 1550.14,  7252.5, 168,  GPS,   11.5, 110.60, 116.50, 119.000, 121.500, -0.002,       ,  25.35, -68.7,    6.1,   11.6,  -14.1,      1,   GPS,    ALT,  -0.1,   0.2,   7.9, 3DDiff, 3704,      ,     14,  23.0,     20
2018-08-27, 17:23:01,  -04:00,  GRAYM,   41.9995193,  -72.0253983,  7002.4, 30.03,  7351.1,  17.5, 145.52, 156.81,    1.83,   0.22,  -0.14,   0.01,  -0.00,   3.8,  11.6,  27.7,  28.8,   1.7,  26.37,  25.47,    16.29,  191.00,   52.10,  30.39, 2484.7,    0.75,  334.79,  366.42,  365.02,  348.23,  349.86,  350.55, 1468.35, 1527.27, 1496.68, 1476.85, 1471.74, 1472.25, 1552.78, 1550.03,  7252.6, 168,  GPS,   11.5, 110.60, 116.50, 119.000, 121.500, -0.002,       ,  25.30, -68.8,    6.1,   11.6,  -14.1,      1,   GPS,    ALT,  -0.1,   0.2,   3.9, 3DDiff, 3704,      ,     14,  23.0,     20
2018-08-27, 17:23:02,  -04:00,  GRAYM,   42.0002441,  -72.0254364,  7001.4, 30.03,  7350.6,  17.5, 145.48, 156.89,  -19.43,   0.22,  -0.15,   0.00,  -0.00,   3.7,  11.6,  27.7,  28.8,   1.7,  26.35,  25.48,    16.33,  191.00,   52.52,  30.40, 2485.4,    0.75,  334.79,  366.40,  365.02,  348.24,  349.85,  350.56, 1468.20, 1527.25, 1496.27, 1476.45, 1471.49, 1472.38, 1552.89, 1549.27,  7252.1, 168,  GPS,   11.5, 110.60, 116.50, 119.000, 121.500, -0.002,       ,  25.24, -68.8,    6.1,   11.6,  -14.1,      1,   GPS,    ALT,  -0.1,   0.2,  -3.9, 3DDiff, 3704,      ,     14,  23.5,     19
2018-08-27, 17:23:03,  -04:00,  GRAYM,   42.0009689,  -72.0254898,  7002.4, 30.03,  7351.4,  17.5, 145.55, 156.98,   -4.10,   0.24,  -0.12,  -0.00,  -0.00,   3.6,  11.6,  27.7,  28.8,   1.7,  26.34,  25.48,    16.34,  191.00,   52.48,  30.38, 2486.3,    0.75,  334.82,  366.43,  365.01,  348.24,  349.82,  350.56, 1467.17, 1526.94, 1496.22, 1476.90, 1471.90, 1474.44, 1553.06, 1548.78,  7252.9, 168,  GPS,   11.5, 110.60, 116.50, 119.000, 121.500, -0.002,       ,  25.20, -68.9,    6.0,   11.6,  -14.1,      1,   GPS,    ALT,  -0.1,   0.2,  -7.9, 3DDiff, 3704,      ,     13,  22.5,     19
2018-08-27, 17:23:04,  -04:00,  GRAYM,   42.0016937,  -72.0255280,  7002.4, 30.03,  7350.4,  17.5, 145.60, 157.08,   -4.68,   0.21,  -0.10,   0.00,  -0.01,   3.6,  11.6,  27.7,  28.8,   1.7,  26.34,  25.48,    16.25,  191.00,   52.27,  30.39, 2487.3,    0.75,  334.81,  366.41,  364.99,  348.26,  349.77,  350.56, 1468.26, 1526.84, 1496.64, 1476.92, 1472.76, 1473.58, 1553.10, 1549.87,  7251.9, 168,  GPS,   11.5, 110.60, 116.50, 119.000, 121.500, -0.002,       ,  25.16, -68.9,    6.0,   11.6,  -14.1,      1,   GPS,    ALT,  -0.1,   0.2,  -7.9, 3DDiff, 3704,      ,     13,  22.5,     19
2018-08-27, 17:23:05,  -04:00,  GRAYM,   42.0024261,  -72.0255661,  7002.4, 30.03,  7350.0,  17.5, 145.67, 157.16,  -15.62,   0.23,  -0.08,  -0.00,   0.00,   3.6,  11.6,  27.7,  28.8,   1.7,  26.34,  25.47,    16.30,  190.99,   52.28,  30.41, 2484.6,    0.75,  334.82,  366.42,  364.98,  348.26,  349.73,  350.56, 1467.81, 1527.49, 1496.37, 1476.22, 1472.37, 1472.92, 1552.43, 1549.00,  7251.5, 168,  GPS,   11.5, 110.60, 116.50, 119.000, 121.500, -0.002,       ,  25.13, -69.0,    5.9,   11.6,  -14.1,      1,   GPS,    ALT,  -0.1,   0.2, -15.7, 3DDiff, 3704,      ,     14,  22.5,     19
2018-08-27, 17:23:06,  -04:00,  GRAYM,   42.0031509,  -72.0256119,  7001.4, 30.03,  7349.6,  17.5, 145.70, 157.24,  -31.46,   0.30,  -0.11,  -0.01,   0.00,   3.6,  11.6,  27.7,  28.8,   1.7,  26.34,  25.46,    16.31,  190.98,   52.55,  30.41, 2485.7,    0.75,  334.84,  366.40,  364.97,  348.26,  349.68,  350.55, 1468.45, 1528.19, 1495.51, 1476.46, 1472.73, 1470.68, 1551.98, 1549.11,  7251.1, 168,  GPS,   11.5, 110.60, 116.50, 119.000, 121.500, -0.002,       ,  25.10, -69.0,    5.9,   11.6,  -14.1,      1,   GPS,    ALT,  -0.1,   0.2, -19.7, 3DDiff, 3704,      ,     14,  23.0,     20
2018-08-27, 17:23:07,  -04:00,  GRAYM,   42.0038795,  -72.0256500,  7001.4, 30.03,  7349.3,  17.5, 145.75, 157.30,  -29.60,   0.33,  -0.10,   0.00,  -0.01,   3.6,  11.6,  27.7,  28.8,   1.7,  26.35,  25.45,    16.33,  190.98,   52.43,  30.39, 2486.7,    0.75,  334.85,  366.43,  364.98,  348.26,  349.67,  350.55, 1468.87, 1528.88, 1496.02, 1476.72, 1472.76, 1470.02, 1552.16, 1549.63,  7250.8, 168,  GPS,   11.5, 110.60, 116.50, 119.000, 121.500, -0.002,       ,  25.08, -69.1,    5.8,   11.6,  -14.1,      1,   GPS,    ALT,  -0.1,   0.3, -15.7, 3DDiff, 3704,      ,     14,  23.0,     20
2018-08-27, 17:23:08,  -04:00,  GRAYM,   42.0046043,  -72.0256882,  7000.4, 30.03,  7349.5,  17.5, 145.76, 157.33,  -17.72,   0.33,  -0.13,   0.00,  -0.00,   3.6,  11.6,  27.7,  28.8,   1.7,  26.35,  25.44,    16.30,  190.97,   52.32,  30.37, 2485.5,    0.75,  334.86,  366.40,  364.97,  348.26,  349.61,  350.53, 1468.58, 1528.83, 1496.06, 1476.54, 1472.09, 1469.44, 1552.09, 1549.19,  7251.1, 168,  GPS,   11.5, 110.60, 116.50, 119.000, 121.500, -0.002,       ,  25.06, -69.2,    5.8,   11.6,  -14.1,      1,   GPS,    ALT,  -0.1,   0.3, -11.8, 3DDiff, 3704,      ,     14,  23.5,     19
2018-08-27, 17:23:09,  -04:00,  GRAYM,   42.0053329,  -72.0257416,  7000.4, 30.03,  7348.2,  17.5, 145.81, 157.39,  -19.78,   0.36,  -0.15,   0.00,   0.00,   3.7,  11.5,  27.7,  28.8,   1.7,  26.36,  25.43,    16.30,  190.97,   52.21,  30.41, 2485.4,    0.75,  334.87,  366.41,  364.96,  348.27,  349.58,  350.56, 1469.80, 1528.84, 1495.34, 1476.56, 1471.24, 1469.67, 1552.46, 1549.41,  7249.8, 168,  GPS,   11.5, 110.60, 116.50, 119.000, 121.500, -0.002,       ,  25.04, -69.3,    5.8,   11.6,  -14.1,      1,   GPS,    ALT,  -0.1,   0.4, -19.7, 3DDiff, 3704,      ,     13,  22.5,     19
2018-08-27, 17:23:10,  -04:00,  GRAYM,   42.0060616,  -72.0257797,  7000.4, 30.03,  7348.6,  17.5, 145.68, 157.41,  -25.96,   0.37,  -0.11,  -0.00,  -0.01,   3.7,  11.5,  27.7,  28.8,   1.7,  26.37,  25.42,    16.27,  190.95,   52.30,  30.38, 2487.6,    0.75,  334.88,  366.43,  364.98,  348.29,  349.55,  350.58, 1469.14, 1528.83, 1495.87, 1476.77, 1471.68, 1469.26, 1552.17, 1549.39,  7250.1, 168,  GPS,   11.5, 110.60, 116.50, 119.000, 121.500, -0.002,       ,  25.03, -69.3,    5.7,   11.6,  -14.1,      1,   GPS,    ALT,  -0.1,   0.4, -15.7, 3DDiff, 3704,      ,     13,  22.5,     19
2018-08-27, 17:23:11,  -04:00,  GRAYM,   42.0067902,  -72.0258255,  7000.4, 30.03,  7348.3,  17.5, 145.72, 157.45,  -24.72,   0.43,  -0.08,   0.00,  -0.00,   3.7,  11.5,  27.7,  28.8,   1.7,  26.37,  25.41,    16.29,  190.94,   52.18,  30.39, 2485.7,    0.75,  334.88,  366.43,  364.96,  348.30,  349.52,  350.59, 1470.01, 1529.21, 1495.64, 1475.20, 1471.56, 1468.11, 1551.58, 1549.51,  7249.9, 168,  GPS,   11.5, 110.60, 116.50, 119.000, 121.500, -0.002,       ,  25.01, -69.4,    5.7,   11.6,  -14.1,      1,   GPS,    ALT,  -0.1,   0.4, -15.7, 3DDiff, 3704,      ,     14,  22.5,     19
2018-08-27, 17:23:12,  -04:00,  GRAYM,   42.0075150,  -72.0258713,  7000.4, 30.03,  7348.2,  17.5, 145.61, 157.49,  -15.74,   0.45,  -0.05,   0.01,   0.01,   3.8,  11.5,  27.7,  28.8,   1.7,  26.37,  25.41,    16.30,  190.94,   52.24,  30.43, 2487.0,    0.75,  334.88,  366.40,  364.97,  348.30,  349.49,  350.61, 1470.39, 1529.19, 1496.28, 1476.26, 1471.64, 1467.51, 1552.16, 1550.17,  7249.8, 168,  GPS,   11.5, 110.60, 116.50, 119.000, 121.500, -0.002,       ,  24.99, -69.5,    5.6,   11.6,  -14.1,      1,   GPS,    ALT,  -0.0,   0.4,  -3.9, 3DDiff, 3704,      ,     14,  22.5,     20
2018-08-27, 17:23:13,  -04:00,  GRAYM,   42.0082474,  -72.0259171,  7000.4, 30.03,  7348.2,  17.5, 145.54, 157.51,  -19.93,   0.47,  -0.04,  -0.01,   0.01,   3.8,  11.5,  27.7,  28.8,   1.7,  26.36,  25.40,    16.26,  190.92,   52.06,  30.42, 2484.8,    0.75,  334.91,  366.42,  364.96,  348.30,  349.48,  350.62, 1469.40, 1528.34, 1495.84, 1477.92, 1471.43, 1467.71, 1552.23, 1549.89,  7249.7, 168,  GPS,   11.5, 110.60, 116.50, 119.000, 121.500, -0.002,       ,  24.97, -69.6,    5.6,   11.6,  -14.1,      1,   GPS,    ALT,  -0.0,   0.4,   0.0, 3DDiff, 3704,      ,     14,  23.0,     20
2018-08-27, 17:23:14,  -04:00,  GRAYM,   42.0089722,  -72.0259552,  6999.4, 30.03,  7348.1,  17.5, 145.46, 157.51,  -17.64,   0.45,  -0.02,   0.00,  -0.01,   3.8,  11.5,  27.7,  28.8,   1.7,  26.35,  25.41,    16.26,  190.93,   52.26,  30.38, 2486.2,    0.75,  334.93,  366.42,  364.94,  348.32,  349.46,  350.62, 1469.26, 1529.27, 1495.27, 1478.75, 1471.65, 1466.79, 1552.53, 1549.47,  7249.6, 168,  GPS,   11.5, 110.60, 116.50, 119.000, 121.500, -0.002,       ,  24.95, -69.7,    5.5,   11.6,  -14.1,      1,   GPS,    ALT,  -0.0,   0.5,   3.9, 3DDiff, 3704,      ,     14,  23.5,     19
2018-08-27, 17:23:16,  -04:00,  GRAYM,   42.0097046,  -72.0260086,  7000.4, 30.03,  7349.2,  17.5, 145.50, 157.53,   -0.64,   0.47,  -0.03,   0.01,   0.01,   3.8,  11.5,  27.7,  28.8,   1.7,  26.34,  25.41,    16.28,  190.93,   52.26,  30.36, 2485.1,    0.75,  334.94,  366.43,  364.93,  348.30,  349.52,  350.64, 1468.44, 1529.20, 1494.49, 1478.16, 1472.42, 1466.73, 1552.06, 1548.95,  7250.7, 168,  GPS,   11.5, 110.60, 116.50, 119.000, 121.500, -0.002,       ,  24.93, -69.7,    5.5,   11.6,  -14.1,      1,   GPS,    ALT,  -0.0,   0.5,   7.9, 3DDiff, 3704,      ,     13,  22.5,     19
2018-08-27, 17:23:16,  -04:00,  GRAYM,   42.0104332,  -72.0260468,  7001.4, 30.03,  7349.1,  17.5, 145.54, 157.55,   22.39,   0.43,  -0.03,  -0.00,  -0.01,   3.8,  11.5,  27.7,  28.8,   1.7,  26.34,  25.42,    16.30,  190.94,   52.37,  30.39, 2485.9,    0.75,  334.94,  366.41,  364.91,  348.30,  349.55,  350.65, 1468.82, 1529.56, 1495.02, 1478.67, 1471.24, 1466.46, 1552.56, 1548.80,  7250.6, 168,  GPS,   11.5, 110.60, 116.50, 119.000, 121.500, -0.002,       ,  24.90, -69.8,    5.4,   11.6,  -14.1,      1,   GPS,    ALT,  -0.0,   0.4,  15.7, 3DDiff, 3704,      ,     13,  22.0,     19
2018-08-27, 17:23:17,  -04:00,  GRAYM,   42.0111656,  -72.0260849,  7001.4, 30.03,  7349.1,  17.5, 145.50, 157.57,   11.36,   0.38,  -0.01,  -0.00,  -0.01,   3.8,  11.5,  27.7,  28.8,   1.7,  26.32,  25.43,    16.29,  190.97,   52.08,  30.37, 2484.9,    0.75,  334.99,  366.41,  364.90,  348.30,  349.61,  350.65, 1469.35, 1529.55, 1495.00, 1477.41, 1469.96, 1467.74, 1552.58, 1549.09,  7250.6, 168,  GPS,   11.5, 110.60, 116.50, 119.000, 121.500, -0.002,       ,  24.87, -69.9,    5.4,   11.6,  -14.1,      1,   GPS,    ALT,  -0.0,   0.4,   0.0, 3DDiff, 3704,      ,     14,  22.5,     19
2018-08-27, 17:23:18,  -04:00,  GRAYM,   42.0118942,  -72.0261383,  7001.4, 30.03,  7348.9,  17.5, 145.51, 157.61,   -6.38,   0.42,  -0.03,   0.00,   0.00,   3.8,  11.5,  27.7,  28.8,   1.7,  26.30,  25.43,    16.29,  190.97,   52.23,  30.35, 2486.5,    0.75,  334.99,  366.40,  364.87,  348.30,  349.73,  350.65, 1468.76, 1529.54, 1495.13, 1477.12, 1469.66, 1468.04, 1552.58, 1548.37,  7250.4, 168,  GPS,   11.5, 110.60, 116.50, 119.000, 121.500, -0.002,       ,  24.84, -70.0,    5.4,   11.6,  -14.1,      1,   GPS,    ALT,  -0.0,   0.4,  -7.9, 3DDiff, 3704,      ,     14,  22.5,     20
2018-08-27, 17:23:19,  -04:00,  GRAYM,   42.0126228,  -72.0261765,  7000.4, 30.03,  7348.8,  17.5, 145.45, 157.61,  -18.67,   0.43,  -0.08,   0.00,   0.00,   3.7,  11.5,  27.7,  28.8,   1.7,  26.29,  25.44,    16.27,  190.99,   52.35,  30.39, 2486.3,    0.75,  335.03,  366.40,  364.84,  348.30,  349.85,  350.63, 1469.20, 1529.52, 1494.53, 1478.57, 1469.46, 1468.21, 1553.10, 1548.45,  7250.3, 168,  GPS,   11.5, 110.60, 116.50, 119.000, 121.500, -0.002,       ,  24.81, -70.1,    5.3,   11.6,  -14.1,      1,   GPS,    ALT,  -0.0,   0.4,  -7.9, 3DDiff, 3704,      ,     14,  23.0,     20
2018-08-27, 17:23:20,  -04:00,  GRAYM,   42.0133514,  -72.0262222,  7001.4, 30.03,  7348.9,  17.5, 145.59, 157.65,  -10.91,   0.45,  -0.09,  -0.00,   0.00,   3.7,  11.5,  27.7,  28.8,   1.7,  26.29,  25.44,    16.25,  190.99,   52.29,  30.38, 2485.6,    0.75,  335.06,  366.40,  364.82,  348.33,  350.03,  350.65, 1469.19, 1529.64, 1494.58, 1478.06, 1469.20, 1468.11, 1552.95, 1547.86,  7250.7, 168,  GPS,   11.5, 110.60, 116.50, 119.000, 121.500, -0.002,       ,  24.79, -70.1,    5.3,   11.6,  -14.1,      1,   GPS,    ALT,  -0.0,   0.4,   0.0, 3DDiff, 3704,      ,     14,  23.5,     19
2018-08-27, 17:23:21,  -04:00,  GRAYM,   42.0140800,  -72.0262680,  7000.4, 30.03,  7348.0,  17.5, 145.60, 157.67,   -8.08,   0.41,  -0.11,  -0.00,  -0.02,   3.6,  11.5,  27.7,  28.8,   1.7,  26.28,  25.44,    16.30,  191.00,   52.46,  30.38, 2487.7,    0.75,  335.06,  366.39,  364.78,  348.33,  350.21,  350.66, 1468.56, 1529.37, 1494.48, 1477.36, 1469.59, 1469.63, 1553.10, 1547.91,  7249.8, 168,  GPS,   11.5, 110.60, 116.50, 119.000, 121.500, -0.002,       ,  24.76, -70.2,    5.2,   11.6,  -14.1,      1,   GPS,    ALT,  -0.0,   0.4,   3.9, 3DDiff, 3704,      ,     13,  22.5,     19
2018-08-27, 17:23:22,  -04:00,  GRAYM,   42.0148087,  -72.0263062,  7000.4, 30.03,  7348.3,  17.5, 145.65, 157.67,   -5.64,   0.43,  -0.09,   0.01,   0.00,   3.6,  11.5,  27.7,  28.8,   1.7,  26.28,  25.44,    16.29,  191.01,   52.46,  30.40, 2486.6,    0.75,  335.11,  366.40,  364.75,  348.33,  350.39,  350.66, 1468.43, 1528.60, 1495.26, 1475.96, 1470.95, 1470.59, 1552.19, 1548.89,  7250.1, 168,  GPS,   11.5, 110.60, 116.50, 119.000, 121.500, -0.002,       ,  24.74, -70.3,    5.2,   11.6,  -14.1,      1,   GPS,    ALT,  -0.0,   0.4,  -3.9, 3DDiff, 3704,      ,     13,  22.0,     19
2018-08-27, 17:23:23,  -04:00,  GRAYM,   42.0155373,  -72.0263519,  7001.4, 30.03,  7348.4,  17.5, 145.68, 157.70,   -6.60,   0.46,  -0.05,  -0.00,  -0.00,   3.6,  11.5,  27.7,  28.8,   1.7,  26.28,  25.42,    16.27,  190.99,   52.27,  30.44, 2484.1,    0.75,  335.14,  366.40,  364.69,  348.33,  350.58,  350.62, 1468.92, 1528.45, 1495.75, 1475.76, 1472.92, 1472.46, 1552.57, 1549.65,  7250.2, 168,  GPS,   11.5, 110.60, 116.50, 119.000, 121.500, -0.002,       ,  24.72, -70.4,    5.1,   11.6,  -14.1,      1,   GPS,    ALT,  -0.0,   0.4,   0.0, 3DDiff, 3704,      ,     14,  22.5,     20
2018-08-27, 17:23:24,  -04:00,  GRAYM,   42.0162659,  -72.0263977,  7001.4, 30.03,  7348.2,  17.5, 145.69, 157.72,   -1.33,   0.43,   0.00,   0.00,  -0.01,   3.6,  11.5,  27.7,  28.8,   1.7,  26.29,  25.41,    16.27,  190.99,   52.19,  30.38, 2486.3,    0.75,  335.18,  366.39,  364.65,  348.33,  350.74,  350.63, 1468.44, 1527.59, 1495.48, 1476.27, 1472.36, 1471.88, 1552.56, 1548.39,  7250.0, 168,  GPS,   11.5, 110.60, 116.50, 119.000, 121.500, -0.002,       ,  24.70, -70.5,    5.1,   11.6,  -14.1,      1,   GPS,    ALT,  -0.0,   0.4,  -3.9, 3DDiff, 3704,      ,     14,  22.5,     20
2018-08-27, 17:23:25,  -04:00,  GRAYM,   42.0169983,  -72.0264435,  7001.4, 30.03,  7348.1,  17.5, 145.67, 157.70,   -7.25,   0.44,   0.02,   0.01,  -0.00,   3.6,  11.5,  27.7,  28.8,   1.7,  26.30,  25.40,    16.27,  191.01,   52.40,  30.41, 2486.2,    0.75,  335.21,  366.38,  364.59,  348.33,  350.88,  350.61, 1467.96, 1527.44, 1495.66, 1476.97, 1471.85, 1471.83, 1553.02, 1548.35,  7249.9, 168,  GPS,   11.5, 110.60, 116.50, 119.000, 121.500, -0.002,       ,  24.69, -70.5,    5.1,   11.6,  -14.1,      1,   GPS,    ALT,  -0.0,   0.4,  -3.9, 3DDiff, 3704,      ,     14,  22.5,     20
2018-08-27, 17:23:26,  -04:00,  GRAYM,   42.0177269,  -72.0264816,  7001.4, 30.03,  7347.6,  17.5, 145.66, 157.72,   -4.83,   0.46,   0.00,   0.00,   0.00,   3.7,  11.5,  27.7,  28.8,   1.7,  26.30,  25.39,    16.29,  191.02,   52.30,  30.39, 2485.5,    0.75,  335.25,  366.36,  364.56,  348.33,  351.03,  350.62, 1467.94, 1526.93, 1495.29, 1477.00, 1472.11, 1472.20, 1552.91, 1548.39,  7249.4, 168,  GPS,   11.5, 110.60, 116.50, 119.000, 121.500, -0.002,       ,  24.68, -70.6,    5.0,   11.6,  -14.1,      1,   GPS,    ALT,  -0.0,   0.4,  -7.9, 3DDiff, 3704,      ,     14,  23.5,     19
2018-08-27, 17:23:27,  -04:00,  GRAYM,   42.0184517,  -72.0265350,  7001.4, 30.03,  7348.4,  17.5, 145.71, 157.72,    4.35,   0.45,  -0.03,  -0.01,  -0.00,   3.7,  11.5,  27.7,  28.8,   1.7,  26.31,  25.38,    16.25,  191.03,   52.29,  30.40, 2484.2,    0.75,  335.30,  366.37,  364.50,  348.35,  351.13,  350.62, 1467.76, 1526.16, 1494.86, 1477.41, 1472.27, 1472.66, 1552.83, 1548.25,  7250.2, 168,  GPS,   11.5, 110.60, 116.50, 119.000, 121.500, -0.001,       ,  24.67, -70.7,    5.0,   11.6,  -14.1,      1,   GPS,    ALT,  -0.0,   0.4, -11.8, 3DDiff, 3704,      ,     13,  22.0,     19
2018-08-27, 17:23:28,  -04:00,  GRAYM,   42.0191879,  -72.0265732,  7001.4, 30.03,  7347.9,  17.5, 145.83, 157.72,   -6.00,   0.43,  -0.02,  -0.00,  -0.01,   3.7,  11.6,  27.7,  28.8,   1.7,  26.31,  25.37,    16.25,  191.01,   52.26,  30.34, 2486.5,    0.75,  335.38,  366.39,  364.44,  348.32,  351.23,  350.59, 1466.89, 1525.76, 1494.64, 1476.59, 1471.87, 1471.82, 1551.91, 1547.68,  7249.7, 168,  GPS,   11.5, 110.60, 116.50, 119.000, 121.500, -0.002,       ,  24.66, -70.8,    4.9,   11.6,  -14.1,      1,   GPS,    ALT,  -0.0,   0.4, -11.8, 3DDiff, 3704,      ,     13,  22.0,     19
2018-08-27, 17:23:29,  -04:00,  GRAYM,   42.0199165,  -72.0266113,  6999.4, 30.03,  7347.8,  17.5, 145.66, 157.74,  -42.67,   0.47,  -0.04,   0.00,   0.01,   3.7,  11.6,  27.7,  28.8,   1.7,  26.31,  25.37,    16.24,  191.02,   52.50,  30.37, 2484.8,    0.75,  335.43,  366.38,  364.41,  348.33,  351.34,  350.59, 1466.84, 1526.53, 1494.90, 1476.99, 1472.05, 1471.38, 1552.06, 1547.89,  7249.6, 168,  GPS,   11.5, 110.60, 116.50, 119.000, 121.500, -0.002,       ,  24.66, -70.8,    4.9,   11.6,  -14.1,      1,   GPS,    ALT,  -0.0,   0.5, -11.8, 3DDiff, 3704,      ,     14,  22.5,     20
2018-08-27, 17:23:30,  -04:00,  GRAYM,   42.0206451,  -72.0266647,  7000.4, 30.03,  7347.8,  17.5, 145.78, 157.74,  -23.65,   0.52,  -0.09,  -0.00,   0.01,   3.7,  11.6,  27.7,  28.8,   1.7,  26.31,  25.36,    16.23,  191.01,   52.60,  30.38, 2486.0,    0.75,  335.52,  366.37,  364.35,  348.35,  351.41,  350.58, 1466.24, 1526.58, 1494.44, 1475.98, 1471.40, 1471.14, 1551.44, 1547.54,  7249.7, 168,  GPS,   11.5, 110.60, 116.50, 119.000, 121.500, -0.001,       ,  24.66, -70.9,    4.8,   11.6,  -14.1,      1,   GPS,    ALT,  -0.0,   0.5,   3.9, 3DDiff, 3704,      ,     14,  22.5,     20
2018-08-27, 17:23:31,  -04:00,  GRAYM,   42.0213737,  -72.0267029,  7002.4, 30.03,  7348.2,  17.5, 145.83, 157.74,   16.74,   0.44,  -0.08,  -0.00,  -0.01,   3.7,  11.6,  27.7,  28.8,   1.7,  26.31,  25.35,    16.28,  190.99,   52.64,  30.37, 2486.2,    0.75,  335.61,  366.37,  364.32,  348.35,  351.48,  350.56, 1466.42, 1527.01, 1494.37, 1475.30, 1472.21, 1469.86, 1551.14, 1548.34,  7250.0, 168,  GPS,   11.5, 110.60, 116.50, 119.000, 121.500, -0.002,       ,  24.66, -71.0,    4.8,   11.6,  -14.1,      1,   GPS,    ALT,  -0.1,   0.5,  15.7, 3DDiff, 3704,      ,     14,  22.5,     20
2018-08-27, 17:23:32,  -04:00,  GRAYM,   42.0221024,  -72.0267487,  7001.4, 30.03,  7348.6,  17.5, 145.69, 157.76,   14.79,   0.34,  -0.07,   0.00,  -0.02,   3.7,  11.6,  27.7,  28.8,   1.7,  26.31,  25.34,    16.30,  190.99,   52.58,  30.33, 2484.6,    0.75,  335.67,  366.37,  364.23,  348.35,  351.53,  350.56, 1466.61, 1527.21, 1494.49, 1475.29, 1471.78, 1468.24, 1551.25, 1547.97,  7250.4, 168,  GPS,   11.5, 110.60, 116.50, 119.000, 121.500, -0.001,       ,  24.66, -71.0,    4.7,   11.6,  -14.1,      1,   GPS,    ALT,  -0.1,   0.4,   3.9, 3DDiff, 3704,      ,     14,  23.0,     19
2018-08-27, 17:23:33,  -04:00,  GRAYM,   42.0228310,  -72.0267868,  7000.4, 30.03,  7347.6,  17.5, 145.67, 157.80,  -12.77,   0.35,  -0.05,   0.00,   0.00,   3.7,  11.6,  27.7,  28.8,   1.7,  26.31,  25.34,    16.31,  190.99,   52.52,  30.37, 2486.0,    0.75,  335.76,  366.38,  364.20,  348.36,  351.59,  350.56, 1466.94, 1528.64, 1494.08, 1474.57, 1471.82, 1467.66, 1551.30, 1548.35,  7249.4, 168,  GPS,   11.5, 110.60, 116.50, 119.000, 121.500, -0.002,       ,  24.66, -71.1,    4.7,   11.6,  -14.1,      1,   GPS,    ALT,  -0.1,   0.4, -11.8, 3DDiff, 3704,      ,     13,  22.0,     19
2018-08-27, 17:23:34,  -04:00,  GRAYM,   42.0235672,  -72.0268326,  7001.4, 30.03,  7347.8,  17.5, 145.80, 157.84,   -8.64,   0.36,  -0.02,  -0.01,  -0.00,   3.7,  11.6,  27.7,  28.8,   1.7,  26.30,  25.35,    16.37,  190.97,   52.34,  30.36, 2484.4,    0.76,  335.85,  366.37,  364.14,  348.35,  351.62,  350.58, 1466.55, 1528.12, 1494.62, 1474.88, 1471.59, 1467.86, 1550.65, 1548.35,  7249.6, 168,  GPS,   11.5, 110.60, 116.50, 119.000, 121.500, -0.002,       ,  24.66, -71.1,    4.7,   11.6,  -14.1,      1,   GPS,    ALT,  -0.1,   0.4,  -7.9, 3DDiff, 3704,      ,     13,  22.0,     19
2018-08-27, 17:23:35,  -04:00,  GRAYM,   42.0242920,  -72.0268707,  7000.4, 30.03,  7347.7,  17.5, 145.89, 157.88,  -15.72,   0.36,  -0.02,   0.00,  -0.01,   3.7,  11.6,  27.7,  28.8,   1.7,  26.29,  25.35,    16.33,  190.96,   52.16,  30.37, 2481.2,    0.75,  335.94,  366.37,  364.07,  348.38,  351.68,  350.58, 1466.19, 1527.41, 1494.40, 1475.28, 1471.65, 1467.59, 1550.68, 1547.83,  7249.5, 168,  GPS,   11.5, 110.60, 116.50, 119.000, 121.500, -0.002,       ,  24.67, -71.2,    4.6,   11.6,  -14.1,      1,   GPS,    ALT,  -0.1,   0.4,   0.0, 3DDiff, 3704,      ,     14,  22.0,     20
2018-08-27, 17:23:36,  -04:00,  GRAYM,   42.0250244,  -72.0269165,  7001.4, 30.03,  7347.7,  17.5, 146.01, 157.92,  -11.64,   0.35,  -0.03,   0.01,   0.01,   3.7,  11.6,  27.7,  28.8,   1.7,  26.27,  25.37,    16.36,  190.97,   52.35,  30.36, 2488.1,    0.75,  336.06,  366.34,  364.01,  348.36,  351.68,  350.59, 1466.51, 1527.85, 1494.58, 1475.38, 1470.47, 1466.72, 1551.11, 1548.24,  7249.5, 169,  GPS,   11.5, 110.60, 116.50, 119.000, 121.500, -0.002,       ,  24.67, -71.2,    4.6,   11.6,  -14.1,      1,   GPS,    ALT,  -0.1,   0.4,   0.0, 3DDiff, 3704,      ,     14,  22.5,     20
2018-08-27, 17:23:37,  -04:00,  GRAYM,   42.0257530,  -72.0269623,  7000.4, 30.03,  7347.7,  17.5, 146.14, 157.92,  -25.82,   0.36,  -0.10,   0.00,  -0.00,   3.7,  11.6,  27.7,  28.8,   1.7,  26.24,  25.39,    16.31,  190.96,   52.35,  30.40, 2484.7,    0.75,  336.15,  366.32,  363.94,  348.39,  351.69,  350.61, 1467.21, 1527.13, 1494.80, 1476.29, 1470.71, 1467.39, 1550.85, 1548.89,  7249.6, 169,  GPS,   11.5, 110.60, 116.50, 119.000, 121.500, -0.002,       ,  24.68, -71.3,    4.5,   11.6,  -14.1,      1,   GPS,    ALT,  -0.1,   0.4,   3.9, 3DDiff, 3704,      ,     14,  22.5,     20
2018-08-27, 17:23:38,  -04:00,  GRAYM,   42.0264854,  -72.0270004,  7001.4, 30.03,  7347.5,  17.2, 146.21, 157.94,  -14.03,   0.41,  -0.14,   0.00,  -0.00,   3.7,  11.6,  27.7,  28.8,   1.7,  26.20,  25.42,    16.31,  190.93,   52.44,  30.40, 2485.7,    0.75,  336.24,  366.33,  363.89,  348.38,  351.69,  350.62, 1467.07, 1526.97, 1494.59, 1476.04, 1470.89, 1466.30, 1550.08, 1548.39,  7249.4, 169,  GPS,   11.5, 110.60, 116.50, 119.000, 121.500, -0.002,       ,  24.69, -71.3,    4.5,   11.6,  -14.1,      1,   GPS,    ALT,  -0.1,   0.4,   3.9, 3DDiff, 3704,      ,     14,  23.0,     19
2018-08-27, 17:23:39,  -04:00,  GRAYM,   42.0272179,  -72.0270462,  7002.4, 30.03,  7348.2,  17.2, 146.39, 157.96,   22.66,   0.34,  -0.16,   0.00,  -0.01,   3.6,  11.6,  27.7,  28.8,   1.7,  26.17,  25.43,    16.26,  190.94,   52.33,  30.37, 2486.6,    0.75,  336.33,  366.31,  363.86,  348.37,  351.69,  350.64, 1467.00, 1527.91, 1494.04, 1476.68, 1471.39, 1467.75, 1551.70, 1548.21,  7250.0, 169,  GPS,   11.5, 110.60, 116.50, 119.000, 121.500, -0.002,       ,  24.70, -71.3,    4.4,   11.6,  -14.1,      1,   GPS,    ALT,  -0.1,   0.4,   7.9, 3DDiff, 3704,      ,     13,  22.0,     19
2018-08-27, 17:23:40,  -04:00,  GRAYM,   42.0279465,  -72.0270920,  7001.4, 30.03,  7347.6,  17.2, 146.36, 157.96,   -4.82,   0.32,  -0.12,   0.00,  -0.00,   3.6,  11.6,  27.7,  28.8,   1.7,  26.14,  25.44,    16.32,  190.93,   52.22,  30.39, 2486.2,    0.75,  336.40,  366.31,  363.79,  348.39,  351.69,  350.62, 1466.88, 1528.05, 1494.83, 1476.56, 1470.75, 1467.24, 1551.57, 1547.73,  7249.4, 169,  GPS,   11.5, 110.60, 116.50, 119.000, 121.500, -0.002,       ,  24.72, -71.3,    4.4,   11.6,  -14.1,      1,   GPS,    ALT,  -0.1,   0.3, -11.8, 3DDiff, 3704,      ,     13,  22.0,     19
2018-08-27, 17:23:41,  -04:00,  GRAYM,   42.0286751,  -72.0271301,  7001.4, 30.03,  7347.3,  17.2, 146.56, 157.96,  -17.31,   0.40,  -0.13,  -0.00,   0.01,   3.6,  11.6,  27.7,  28.8,   1.7,  26.12,  25.45,    16.28,  190.92,   52.35,  30.39, 2486.4,    0.75,  336.49,  366.28,  363.74,  348.41,  351.69,  350.65, 1467.44, 1528.00, 1494.93, 1477.84, 1470.54, 1466.79, 1552.20, 1548.26,  7249.1, 169,  GPS,   11.5, 110.60, 116.50, 119.000, 121.500, -0.002,       ,  24.74, -71.3,    4.4,   11.6,  -14.1,      1,   GPS,    ALT,  -0.1,   0.4, -15.7, 3DDiff, 3704,      ,     14,  22.0,     20
2018-08-27, 17:23:42,  -04:00,  GRAYM,   42.0294075,  -72.0271759,  7000.4, 30.03,  7347.2,  17.2, 146.48, 157.94,  -19.38,   0.38,  -0.14,   0.00,  -0.01,   3.5,  11.6,  27.7,  28.8,   1.7,  26.11,  25.46,    16.28,  190.91,   52.31,  30.38, 2485.0,    0.75,  336.58,  366.28,  363.71,  348.39,  351.66,  350.64, 1468.19, 1528.70, 1495.19, 1477.13, 1470.81, 1466.99, 1552.25, 1548.56,  7249.0, 169,  GPS,   11.5, 110.60, 116.50, 119.000, 121.500, -0.002,       ,  24.76, -71.3,    4.3,   11.6,  -14.1,      1,   GPS,    ALT,  -0.1,   0.4,  -3.9, 3DDiff, 3704,      ,     14,  22.5,     20
2018-08-27, 17:23:43,  -04:00,  GRAYM,   42.0301361,  -72.0272217,  7000.4, 30.03,  7347.2,  17.2, 146.57, 157.92,  -28.55,   0.40,  -0.12,   0.00,   0.00,   3.5,  11.6,  27.7,  28.8,   1.7,  26.09,  25.46,    16.26,  190.91,   52.29,  30.33, 2486.5,    0.75,  336.67,  366.26,  363.64,  348.41,  351.66,  350.65, 1467.74, 1528.06, 1494.83, 1475.30, 1470.08, 1467.61, 1551.70, 1547.96,  7249.0, 169,  GPS,   11.5, 110.60, 116.50, 119.000, 121.500, -0.002,       ,  24.79, -71.3,    4.3,   11.6,  -14.1,      1,   GPS,    ALT,  -0.1,   0.4,  -3.9, 3DDiff, 3704,      ,     14,  22.5,     20
2018-08-27, 17:23:44,  -04:00,  GRAYM,   42.0308685,  -72.0272598,  7000.4, 30.03,  7347.5,  17.2, 146.59, 157.88,  -21.00,   0.46,  -0.13,  -0.00,   0.00,   3.5,  11.6,  27.7,  28.8,   1.7,  26.09,  25.46,    16.23,  190.91,   52.33,  30.37, 2486.8,    0.75,  336.73,  366.25,  363.59,  348.39,  351.63,  350.65, 1467.19, 1528.40, 1494.02, 1475.38, 1469.07, 1467.21, 1551.99, 1547.49,  7249.3, 169,  GPS,   11.5, 110.60, 116.50, 119.000, 121.500, -0.002,       ,  24.82, -71.3,    4.2,   11.6,  -14.1,      1,   GPS,    ALT,  -0.1,   0.4,  -3.9, 3DDiff, 3704,      ,     14,  23.0,     19
2018-08-27, 17:23:45,  -04:00,  GRAYM,   42.0315933,  -72.0273056,  7001.4, 30.03,  7347.3,  17.2, 146.60, 157.86,   -3.15,   0.45,  -0.12,  -0.00,  -0.01,   3.5,  11.6,  27.7,  28.8,   1.7,  26.08,  25.46,    16.25,  190.91,   52.18,  30.38, 2487.9,    0.75,  336.80,  366.24,  363.58,  348.39,  351.60,  350.67, 1467.70, 1528.28, 1494.18, 1476.94, 1469.43, 1467.00, 1552.11, 1547.67,  7249.1, 169,  GPS,   11.5, 110.60, 116.50, 119.000, 121.500, -0.002,       ,  24.86, -71.3,    4.2,   11.6,  -14.1,      1,   GPS,    ALT,  -0.1,   0.4,   3.9, 3DDiff, 3704,      ,     13,  22.0,     19
2018-08-27, 17:23:46,  -04:00,  GRAYM,   42.0323296,  -72.0273438,  7001.4, 30.03,  7347.9,  17.2, 146.59, 157.82,   12.16,   0.41,  -0.11,   0.00,  -0.01,   3.5,  11.6,  27.7,  28.8,   1.7,  26.08,  25.45,    16.29,  190.91,   52.37,  30.39, 2485.7,    0.75,  336.88,  366.22,  363.55,  348.39,  351.57,  350.65, 1468.60, 1529.04, 1494.70, 1476.55, 1469.90, 1466.08, 1552.33, 1548.62,  7249.7, 169,  GPS,   11.5, 110.60, 116.50, 119.000, 121.500, -0.002,       ,  24.90, -71.3,    4.1,   11.5,  -14.1,      1,   GPS,    ALT,  -0.1,   0.4,   0.0, 3DDiff, 3704,      ,     13,  22.0,     19
2018-08-27, 17:23:47,  -04:00,  GRAYM,   42.0330582,  -72.0273819,  7000.4, 30.03,  7347.6,  17.2, 146.50, 157.78,   -8.37,   0.43,  -0.10,   0.00,   0.00,   3.4,  11.6,  27.7,  28.8,   1.7,  26.08,  25.45,    16.22,  190.92,   52.34,  30.37, 2485.9,    0.75,  336.94,  366.19,  363.53,  348.39,  351.56,  350.66, 1467.99, 1527.79, 1494.12, 1475.51, 1469.12, 1467.00, 1551.73, 1547.57,  7249.4, 169,  GPS,   11.5, 110.60, 116.50, 119.000, 121.500, -0.002,       ,  24.94, -71.2,    4.1,   11.5,  -14.1,      1,   GPS,    ALT,  -0.1,   0.4, -15.7, 3DDiff, 3704,      ,     14,  22.0,     20
2018-08-27, 17:23:48,  -04:00,  GRAYM,   42.0337868,  -72.0274353,  7000.4, 30.03,  7347.3,  17.2, 146.44, 157.74,  -29.37,   0.49,  -0.11,  -0.01,   0.00,   3.4,  11.6,  27.7,  28.8,   1.7,  26.08,  25.44,    16.24,  190.92,   52.53,  30.40, 2485.7,    0.75,  336.98,  366.19,  363.54,  348.39,  351.53,  350.67, 1468.30, 1528.28, 1495.27, 1475.69, 1469.86, 1468.96, 1552.52, 1548.61,  7249.1, 169,  GPS,   11.5, 110.60, 116.50, 119.000, 121.500, -0.002,       ,  24.99, -71.2,    4.0,   11.5,  -14.1,      1,   GPS,    ALT,  -0.1,   0.5, -19.7, 3DDiff, 3704,      ,     14,  22.0,     20
2018-08-27, 17:23:49,  -04:00,  GRAYM,   42.0345154,  -72.0274734,  7001.4, 30.03,  7347.2,  17.5, 146.45, 157.70,    1.54,   0.51,  -0.16,  -0.00,  -0.02,   3.4,  11.5,  27.7,  28.8,   1.7,  26.08,  25.43,    16.37,  190.92,   52.42,  30.42, 2486.9,    0.76,  337.01,  366.16,  363.53,  348.36,  351.50,  350.64, 1469.06, 1528.76, 1495.33, 1476.38, 1470.74, 1469.87, 1553.37, 1550.02,  7249.0, 169,  GPS,   11.5, 110.60, 116.50, 119.000, 121.500, -0.002,       ,  25.04, -71.2,    4.0,   11.5,  -14.1,      1,   GPS,    ALT,  -0.1,   0.5,  -7.9, 3DDiff, 3704,      ,     14,  22.5,     20
2018-08-27, 17:23:50,  -04:00,  GRAYM,   42.0352440,  -72.0275192,  7000.4, 30.03,  7346.7,  17.5, 146.27, 157.65,  -14.74,   0.55,  -0.12,   0.00,   0.00,   3.4,  11.5,  27.7,  28.8,   1.7,  26.09,  25.41,    16.26,  190.92,   52.20,  30.43, 2486.5,    0.75,  337.07,  366.18,  363.52,  348.38,  351.47,  350.65, 1468.87, 1528.42, 1495.64, 1476.81, 1471.79, 1469.96, 1553.57, 1550.24,  7248.6, 169,  GPS,   11.5, 110.60, 116.50, 119.000, 121.500, -0.002,       ,  25.09, -71.1,    4.0,   11.5,  -14.1,      1,   GPS,    ALT,  -0.1,   0.5, -11.8, 3DDiff, 3704,      ,     14,  23.0,     19
2018-08-27, 17:23:51,  -04:00,  GRAYM,   42.0359802,  -72.0275650,  6999.4, 30.03,  7346.7,  17.5, 146.24, 157.61,  -18.20,   0.59,  -0.07,   0.00,   0.00,   3.5,  11.5,  27.7,  28.8,   1.7,  26.11,  25.39,    16.22,  190.90,   52.43,  30.40, 2485.2,    0.75,  337.10,  366.15,  363.52,  348.39,  351.41,  350.64, 1467.45, 1528.74, 1495.46, 1477.36, 1471.58, 1469.55, 1552.91, 1549.12,  7248.5, 169,  GPS,   11.5, 110.60, 116.50, 119.000, 121.500, -0.002,       ,  25.13, -71.1,    3.9,   11.5,  -14.1,      1,   GPS,    ALT,  -0.0,   0.6,  -7.9, 3DDiff, 3704,      ,     13,  22.0,     19
2018-08-27, 17:23:52,  -04:00,  GRAYM,   42.0367088,  -72.0276108,  6999.4, 30.03,  7346.2,  17.5, 146.21, 157.55,  -26.40,   0.65,  -0.03,  -0.00,   0.00,   3.5,  11.5,  27.7,  28.8,   1.7,  26.12,  25.39,    16.25,  190.90,   52.64,  30.39, 2483.9,    0.75,  337.13,  366.16,  363.55,  348.36,  351.39,  350.63, 1467.28, 1527.63, 1496.20, 1476.47, 1471.91, 1470.19, 1551.98, 1549.12,  7248.0, 169,  GPS,   11.5, 110.60, 116.50, 119.000, 121.500, -0.002,       ,  25.18, -71.1,    3.9,   11.5,  -14.1,      1,   GPS,    ALT,  -0.0,   0.6,  -3.9, 3DDiff, 3704,      ,     13,  22.0,     19
2018-08-27, 17:23:53,  -04:00,  GRAYM,   42.0374298,  -72.0276489,  6999.4, 30.03,  7346.3,  17.5, 146.07, 157.45,  -18.15,   0.67,   0.00,   0.00,  -0.00,   3.5,  11.5,  27.7,  28.8,   1.7,  26.13,  25.38,    16.32,  190.91,   52.64,  30.39, 2486.5,    0.75,  337.16,  366.10,  363.55,  348.35,  351.35,  350.61, 1467.83, 1528.15, 1495.99, 1477.94, 1472.41, 1472.60, 1553.06, 1549.38,  7248.2, 169,  GPS,   11.5, 110.60, 116.50, 119.000, 121.500, -0.002,       ,  25.22, -71.0,    3.8,   11.5,  -14.1,      1,   GPS,    ALT,  -0.0,   0.7,   3.9, 3DDiff, 3704,      ,     14,  22.0,     19
2018-08-27, 17:23:54,  -04:00,  GRAYM,   42.0381622,  -72.0277023,  7000.4, 30.03,  7346.5,  17.5, 146.08, 157.37,   -2.73,   0.71,  -0.03,   0.00,   0.01,   3.5,  11.5,  27.7,  28.8,   1.7,  26.12,  25.38,    16.35,  190.90,   52.54,  30.42, 2485.8,    0.75,  337.19,  366.10,  363.61,  348.36,  351.29,  350.59, 1467.58, 1527.78, 1495.82, 1477.55, 1471.53, 1473.02, 1552.82, 1549.07,  7248.3, 169,  GPS,   11.5, 110.60, 116.50, 119.000, 121.500, -0.002,       ,  25.25, -71.0,    3.8,   11.5,  -14.1,      1,   GPS,    ALT,  -0.0,   0.7,  11.8, 3DDiff, 3704,      ,     14,  22.0,     20
2018-08-27, 17:23:55,  -04:00,  GRAYM,   42.0388908,  -72.0277405,  6999.4, 30.03,  7346.6,  17.5, 145.92, 157.28,   -8.37,   0.70,  -0.03,  -0.00,   0.00,   3.5,  11.5,  27.7,  28.8,   1.7,  26.11,  25.39,    16.30,  190.91,   52.47,  30.41, 2485.5,    0.75,  337.22,  366.09,  363.66,  348.36,  351.21,  350.59, 1468.20, 1527.78, 1495.77, 1477.40, 1471.24, 1472.87, 1552.75, 1549.30,  7248.4, 169,  GPS,   11.5, 110.60, 116.50, 119.000, 121.500, -0.002,       ,  25.29, -71.0,    3.7,   11.5,  -14.1,      1,   GPS,    ALT,  -0.0,   0.7,  11.8, 3DDiff, 3704,      ,     14,  22.5,     20
2018-08-27, 17:23:56,  -04:00,  GRAYM,   42.0396118,  -72.0277786,  7000.4, 30.03,  7347.1,  17.5, 145.92, 157.22,    5.28,   0.69,  -0.03,  -0.00,  -0.01,   3.5,  11.6,  27.7,  28.8,   1.7,  26.10,  25.39,    16.34,  190.91,   52.40,  30.40, 2485.6,    0.75,  337.25,  366.06,  363.70,  348.38,  351.17,  350.56, 1467.23, 1526.90, 1496.65, 1478.87, 1471.06, 1473.42, 1553.17, 1548.43,  7249.0, 169,  GPS,   11.5, 110.60, 116.50, 119.000, 121.500, -0.002,       ,  25.32, -70.9,    3.7,   11.5,  -14.1,      1,   GPS,    ALT,  -0.0,   0.7,  11.8, 3DDiff, 3704,      ,     14,  23.0,     19
2018-08-27, 17:23:57,  -04:00,  GRAYM,   42.0403404,  -72.0278320,  7000.4, 30.03,  7347.2,  17.5, 145.86, 157.14,    3.92,   0.67,  -0.04,   0.00,   0.00,   3.6,  11.6,  27.7,  28.8,   1.7,  26.10,  25.39,    16.29,  190.93,   52.47,  30.41, 2484.9,    0.75,  337.25,  366.06,  363.76,  348.33,  351.11,  350.56, 1466.94, 1526.56, 1496.93, 1478.43, 1472.18, 1474.74, 1553.19, 1548.89,  7249.0, 168,  GPS,   11.5, 110.60, 116.50, 119.000, 121.500, -0.002,       ,  25.35, -70.9,    3.7,   11.5,  -14.1,      1,   GPS,    ALT,  -0.0,   0.7,  11.8, 3DDiff, 3704,      ,     13,  22.0,     19
2018-08-27, 17:23:58,  -04:00,  GRAYM,   42.0410690,  -72.0278702,  7000.4, 30.03,  7347.6,  17.5, 145.78, 157.08,    5.74,   0.67,  -0.04,  -0.00,   0.00,   3.6,  11.6,  27.7,  28.8,   1.7,  26.08,  25.40,    16.29,  190.94,   52.52,  30.40, 2485.6,    0.75,  337.26,  366.03,  363.85,  348.32,  351.08,  350.53, 1466.27, 1527.31, 1496.42, 1476.98, 1471.88, 1475.10, 1553.04, 1548.10,  7249.4, 168,  GPS,   11.5, 110.60, 116.50, 119.000, 121.500, -0.002,       ,  25.37, -70.9,    3.6,   11.5,  -14.1,      1,   GPS,    ALT,  -0.1,   0.7,  11.8, 3DDiff, 3704,      ,     13,  21.5,     19
2018-08-27, 17:23:59,  -04:00,  GRAYM,   42.0417938,  -72.0279083,  7000.4, 30.03,  7347.8,  17.5, 145.77, 157.02,    1.15,   0.65,  -0.08,   0.00,   0.00,   3.6,  11.6,  27.7,  28.8,   1.7,  26.07,  25.41,    16.24,  190.94,   52.33,  30.39, 2485.6,    0.75,  337.31,  366.03,  363.92,  348.30,  351.04,  350.56, 1466.15, 1527.24, 1496.72, 1475.51, 1471.90, 1474.27, 1552.15, 1548.36,  7249.6, 168,  GPS,   11.5, 110.60, 116.50, 119.000, 121.500, -0.002,       ,  25.39, -70.8,    3.6,   11.5,  -14.1,      1,   GPS,    ALT,  -0.1,   0.7,   7.9, 3DDiff, 3704,      ,     14,  22.0,     19
2018-08-27, 17:24:00,  -04:00,  GRAYM,   42.0425186,  -72.0279541,  7001.4, 30.03,  7348.0,  17.5, 145.65, 156.98,    4.52,   0.62,  -0.08,   0.00,  -0.01,   3.6,  11.6,  27.7,  28.8,   1.7,  26.06,  25.42,    16.25,  190.94,   52.43,  30.36, 2486.5,    0.75,  337.32,  366.03,  364.01,  348.30,  350.96,  350.55, 1466.86, 1526.67, 1496.09, 1475.41, 1473.04, 1472.99, 1552.00, 1548.80,  7249.8, 168,  GPS,   11.5, 110.60, 116.50, 119.000, 121.500, -0.002,       ,  25.41, -70.8,    3.5,   11.5,  -14.1,      1,   GPS,    ALT,  -0.1,   0.6,   7.9, 3DDiff, 3704,      ,     14,  22.0,     20
2018-08-27, 17:24:01,  -04:00,  GRAYM,   42.0432472,  -72.0279922,  7002.4, 30.03,  7348.0,  17.5, 145.59, 156.95,   14.37,   0.59,  -0.10,   0.00,   0.00,   3.6,  11.6,  27.7,  28.8,   1.7,  26.04,  25.43,    16.33,  190.94,   52.27,  30.38, 2486.9,    0.75,  337.31,  366.00,  364.10,  348.30,  350.93,  350.55, 1467.65, 1526.52, 1496.59, 1474.74, 1472.84, 1474.70, 1551.87, 1549.76,  7249.8, 168,  GPS,   11.5, 110.60, 116.50, 119.000, 121.500, -0.002,       ,  25.43, -70.8,    3.5,   11.5,  -14.1,      1,   GPS,    ALT,  -0.1,   0.6,   3.9, 3DDiff, 3704,      ,     14,  22.5,     20
2018-08-27, 17:24:02,  -04:00,  GRAYM,   42.0439682,  -72.0280380,  7001.4, 30.03,  7347.1,  17.5, 145.53, 156.93,    7.82,   0.53,  -0.09,  -0.00,  -0.01,   3.6,  11.6,  27.7,  28.8,   1.7,  26.03,  25.44,    16.33,  190.93,   52.42,  30.39, 2486.0,    0.75,  337.32,  366.03,  364.22,  348.27,  350.87,  350.53, 1467.50, 1526.40, 1496.56, 1474.46, 1472.69, 1473.28, 1551.72, 1549.16,  7248.9, 168,  GPS,   11.5, 110.60, 116.50, 119.000, 121.500, -0.002,       ,  25.45, -70.7,    3.4,   11.5,  -14.1,      1,   GPS,    ALT,  -0.1,   0.6,  -7.9, 3DDiff, 3704,      ,     14,  23.0,     19
2018-08-27, 17:24:03,  -04:00,  GRAYM,   42.0446968,  -72.0280838,  7001.4, 30.03,  7346.9,  17.5, 145.52, 156.91,    0.24,   0.53,  -0.13,  -0.00,  -0.01,   3.6,  11.6,  27.7,  28.8,   1.7,  26.02,  25.45,    16.36,  190.93,   52.12,  30.40, 2484.1,    0.75,  337.32,  366.00,  364.32,  348.29,  350.83,  350.55, 1468.65, 1526.44, 1496.42, 1474.56, 1473.45, 1472.61, 1551.62, 1549.99,  7248.7, 168,  GPS,   11.5, 110.60, 116.50, 119.000, 121.500, -0.002,       ,  25.46, -70.7,    3.4,   11.5,  -14.1,      1,   GPS,    ALT,  -0.1,   0.5, -15.7, 3DDiff, 3704,      ,     13,  22.0,     19
2018-08-27, 17:24:04,  -04:00,  GRAYM,   42.0454216,  -72.0281296,  7000.4, 30.03,  7345.9,  17.5, 145.40, 156.91,  -24.66,   0.56,  -0.15,   0.00,   0.01,   3.6,  11.6,  27.7,  28.8,   1.7,  26.01,  25.45,    16.21,  190.94,   52.25,  30.39, 2484.9,    0.75,  337.34,  366.03,  364.46,  348.26,  350.77,  350.53, 1468.27, 1526.79, 1497.26, 1474.64, 1474.02, 1472.67, 1551.86, 1550.12,  7247.8, 168,  GPS,   11.5, 110.60, 116.50, 119.000, 121.500, -0.002,       ,  25.47, -70.7,    3.3,   11.5,  -14.1,      1,   GPS,    ALT,  -0.1,   0.5, -19.7, 3DDiff, 3704,      ,     13,  21.5,     19
2018-08-27, 17:24:05,  -04:00,  GRAYM,   42.0461464,  -72.0281677,  7000.4, 30.03,  7345.6,  17.5, 145.39, 156.89,  -29.37,   0.59,  -0.14,  -0.00,   0.00,   3.6,  11.6,  27.7,  28.8,   1.7,  26.00,  25.46,    16.21,  190.93,   52.38,  30.41, 2485.3,    0.75,  337.32,  366.03,  364.56,  348.24,  350.75,  350.52, 1467.96, 1526.82, 1496.60, 1475.28, 1473.50, 1472.95, 1552.10, 1549.82,  7247.4, 168,  GPS,   11.5, 110.60, 116.50, 119.000, 121.500, -0.002,       ,  25.48, -70.6,    3.3,   11.5,  -14.1,      1,   GPS,    ALT,  -0.1,   0.6, -15.7, 3DDiff, 3704,      ,     14,  22.0,     19
2018-08-27, 17:24:06,  -04:00,  GRAYM,   42.0468788,  -72.0282135,  7000.4, 30.03,  7345.4,  17.5, 145.39, 156.87,  -23.79,   0.60,  -0.13,  -0.00,   0.00,   3.6,  11.6,  27.7,  28.8,   1.7,  26.00,  25.45,    16.26,  190.93,   52.41,  30.40, 2485.7,    0.75,  337.34,  366.01,  364.71,  348.24,  350.69,  350.52, 1467.71, 1527.62, 1496.61, 1475.60, 1473.70, 1473.22, 1552.60, 1549.75,  7247.3, 168,  GPS,   11.5, 110.60, 116.50, 119.000, 121.500, -0.002,       ,  25.49, -70.6,    3.3,   11.5,  -14.1,      1,   GPS,    ALT,  -0.1,   0.6,   0.0, 3DDiff, 3704,      ,     14,  22.0,     19
2018-08-27, 17:24:07,  -04:00,  GRAYM,   42.0475998,  -72.0282593,  7000.4, 30.03,  7345.3,  17.5, 145.32, 156.85,  -15.78,   0.60,  -0.10,   0.00,  -0.01,   3.6,  11.6,  27.7,  28.8,   1.7,  25.99,  25.45,    16.21,  190.94,   52.27,  30.38, 2484.5,    0.75,  337.31,  366.03,  364.84,  348.23,  350.65,  350.50, 1467.51, 1526.89, 1496.07, 1476.11, 1473.36, 1472.85, 1552.35, 1549.70,  7247.2, 168,  GPS,   11.5, 110.60, 116.50, 119.000, 121.500, -0.002,       ,  25.49, -70.6,    3.2,   11.5,  -14.1,      1,   GPS,    ALT,  -0.1,   0.6,   3.9, 3DDiff, 3704,      ,     14,  22.5,     20
2018-08-27, 17:24:08,  -04:00,  GRAYM,   42.0483246,  -72.0282974,  7000.4, 30.03,  7346.5,  17.5, 145.28, 156.83,  -10.85,   0.62,  -0.07,   0.00,   0.00,   3.6,  11.5,  27.7,  28.8,   1.7,  25.99,  25.45,    16.23,  190.96,   52.24,  30.38, 2487.6,    0.75,  337.32,  366.00,  364.96,  348.21,  350.59,  350.47, 1467.48, 1526.74, 1497.34, 1476.06, 1473.45, 1471.80, 1552.02, 1549.57,  7248.3, 168,  GPS,   11.5, 110.60, 116.50, 119.000, 121.500, -0.002,       ,  25.50, -70.6,    3.2,   11.5,  -14.1,      1,   GPS,    ALT,  -0.1,   0.6,   0.0, 3DDiff, 3704,      ,     14,  23.0,     19
2018-08-27, 17:24:09,  -04:00,  GRAYM,   42.0490494,  -72.0283432,  7000.4, 30.03,  7346.1,  17.5, 145.26, 156.81,   -5.43,   0.62,  -0.04,  -0.00,   0.00,   3.5,  11.5,  27.7,  28.8,   1.7,  25.99,  25.45,    16.28,  190.96,   52.39,  30.42, 2485.3,    0.75,  337.31,  366.00,  365.13,  348.20,  350.53,  350.49, 1467.18, 1527.57, 1497.04, 1476.07, 1474.26, 1471.50, 1552.00, 1549.77,  7247.9, 168,  GPS,   11.5, 110.60, 116.50, 119.000, 121.500, -0.002,       ,  25.50, -70.6,    3.1,   11.5,  -14.1,      1,   GPS,    ALT,  -0.1,   0.6,  -3.9, 3DDiff, 3704,      ,     13,  22.0,     19
2018-08-27, 17:24:10,  -04:00,  GRAYM,   42.0497818,  -72.0283813,  7000.4, 30.03,  7346.7,  17.5, 145.24, 156.79,  -17.65,   0.64,  -0.07,   0.00,  -0.01,   3.5,  11.5,  27.7,  28.8,   1.7,  25.98,  25.45,    16.29,  190.96,   52.44,  30.37, 2485.8,    0.75,  337.28,  365.98,  365.24,  348.18,  350.47,  350.44, 1467.79, 1527.48, 1497.09, 1475.32, 1474.14, 1472.88, 1552.16, 1549.87,  7248.5, 168,  GPS,   11.5, 110.60, 116.50, 119.000, 121.500, -0.002,       ,  25.49, -70.6,    3.1,   11.5,  -14.1,      1,   GPS,    ALT,  -0.0,   0.6,   0.0, 3DDiff, 3704,      ,     13,  21.5,     19
2018-08-27, 17:24:11,  -04:00,  GRAYM,   42.0504990,  -72.0284271,  6998.4, 30.03,  7346.8,  17.5, 145.16, 156.75,  -39.30,   0.69,  -0.02,   0.00,   0.01,   3.5,  11.5,  27.7,  28.8,   1.7,  25.98,  25.45,    16.29,  190.96,   52.36,  30.39, 2485.3,    0.75,  337.26,  365.99,  365.38,  348.18,  350.41,  350.43, 1467.77, 1528.08, 1497.45, 1475.00, 1473.04, 1473.34, 1552.73, 1549.31,  7248.6, 168,  GPS,   11.5, 110.60, 116.50, 119.000, 121.500, -0.002,       ,  25.49, -70.6,    3.0,   11.5,  -14.1,      1,   GPS,    ALT,  -0.0,   0.6,   0.0, 3DDiff, 3704,      ,     14,  21.5,     19
2018-08-27, 17:24:12,  -04:00,  GRAYM,   42.0512276,  -72.0284729,  6999.4, 30.03,  7347.1,  17.5, 145.10, 156.71,  -35.33,   0.78,  -0.08,  -0.00,   0.01,   3.5,  11.5,  27.7,  28.8,   1.7,  25.97,  25.46,    16.27,  190.96,   52.41,  30.41, 2484.4,    0.75,  337.25,  365.95,  365.53,  348.20,  350.35,  350.41, 1468.45, 1528.76, 1497.27, 1474.62, 1473.18, 1474.32, 1553.13, 1549.43,  7248.9, 168,  GPS,   11.5, 110.60, 116.50, 119.000, 121.500, -0.002,       ,  25.48, -70.6,    3.0,   11.5,  -14.1,      1,   GPS,    ALT,  -0.0,   0.7,  15.7, 3DDiff, 3704,      ,     14,  22.0,     19
2018-08-27, 17:24:13,  -04:00,  GRAYM,   42.0519524,  -72.0285187,  7001.4, 30.03,  7347.6,  17.5, 145.18, 156.65,   12.91,   0.78,  -0.10,  -0.01,  -0.01,   3.6,  11.5,  27.7,  28.8,   1.7,  25.97,  25.46,    16.34,  190.97,   52.51,  30.41, 2485.1,    0.75,  337.25,  365.97,  365.66,  348.17,  350.29,  350.40, 1468.11, 1527.68, 1497.09, 1475.66, 1473.01, 1474.24, 1552.96, 1550.12,  7249.4, 168,  GPS,   11.5, 110.60, 116.50, 119.000, 121.500, -0.002,       ,  25.47, -70.6,    3.0,   11.5,  -14.1,      1,   GPS,    ALT,  -0.0,   0.8,  23.6, 3DDiff, 3704,      ,     14,  22.0,     20
2018-08-27, 17:24:14,  -04:00,  GRAYM,   42.0526772,  -72.0285568,  7000.4, 30.03,  7346.8,  17.5, 145.02, 156.60,   28.55,   0.67,  -0.04,   0.01,  -0.02,   3.5,  11.5,  27.7,  28.8,   1.7,  25.97,  25.45,    16.30,  190.97,   52.38,  30.37, 2487.6,    0.75,  337.25,  365.94,  365.81,  348.17,  350.23,  350.35, 1467.99, 1526.50, 1497.06, 1476.36, 1473.90, 1473.42, 1552.46, 1550.48,  7248.6, 168,  GPS,   11.5, 110.60, 116.50, 119.000, 121.500, -0.002,       ,  25.46, -70.6,    2.9,   11.5,  -14.1,      1,   GPS,    ALT,  -0.0,   0.7,  15.7, 3DDiff, 3704,      ,     14,  22.5,     19
2018-08-27, 17:24:15,  -04:00,  GRAYM,   42.0534019,  -72.0286102,  7001.4, 30.03,  7347.2,  17.5, 145.11, 156.58,   14.47,   0.68,  -0.02,   0.00,   0.00,   3.6,  11.5,  27.7,  28.8,   1.7,  25.97,  25.45,    16.33,  190.99,   52.35,  30.40, 2486.3,    0.75,  337.22,  365.92,  365.91,  348.17,  350.17,  350.36, 1467.71, 1526.94, 1497.52, 1476.61, 1473.91, 1473.22, 1552.61, 1550.61,  7249.0, 168,  GPS,   11.5, 110.60, 116.50, 119.000, 121.500, -0.001,       ,  25.44, -70.6,    2.9,   11.5,  -14.1,      1,   GPS,    ALT,  -0.0,   0.7,  -3.9, 3DDiff, 3704,      ,     13,  21.5,     19
2018-08-27, 17:24:16,  -04:00,  GRAYM,   42.0541191,  -72.0286484,  7000.4, 30.03,  7346.4,  17.5, 145.03, 156.52,  -16.12,   0.70,  -0.03,  -0.00,   0.01,   3.6,  11.5,  27.7,  28.8,   1.7,  25.96,  25.44,    16.26,  191.00,   52.35,  30.40, 2484.7,    0.75,  337.17,  365.92,  366.03,  348.17,  350.14,  350.35, 1466.84, 1525.94, 1497.00, 1477.89, 1473.93, 1472.56, 1552.48, 1549.80,  7248.3, 168,  GPS,   11.5, 110.60, 116.50, 119.000, 121.500, -0.002,       ,  25.43, -70.6,    2.8,   11.5,  -14.1,      1,   GPS,    ALT,  -0.0,   0.7,  -7.9, 3DDiff, 3704,      ,     13,  21.5,     19
2018-08-27, 17:24:17,  -04:00,  GRAYM,   42.0548439,  -72.0286865,  7000.4, 30.03,  7346.3,  17.5, 145.06, 156.46,  -11.98,   0.76,  -0.05,   0.00,   0.00,   3.6,  11.5,  27.7,  28.8,   1.7,  25.96,  25.45,    16.28,  190.98,   52.42,  30.40, 2487.7,    0.75,  337.16,  365.93,  366.16,  348.17,  350.09,  350.31, 1466.78, 1526.48, 1496.54, 1477.88, 1474.26, 1472.43, 1552.94, 1549.73,  7248.1, 168,  GPS,   11.5, 110.60, 116.50, 119.000, 121.500, -0.002,       ,  25.41, -70.6,    2.8,   11.5,  -14.1,      1,   GPS,    ALT,  -0.0,   0.7,  -3.9, 3DDiff, 3704,      ,     14,  21.5,     19
2018-08-27, 17:24:18,  -04:00,  GRAYM,   42.0555687,  -72.0287323,  7002.4, 30.03,  7346.3,  17.5, 145.16, 156.40,   27.37,   0.67,  -0.08,   0.00,  -0.01,   3.6,  11.5,  27.7,  28.8,   1.7,  25.95,  25.45,    16.26,  190.99,   52.20,  30.38, 2485.0,    0.75,  337.13,  365.91,  366.27,  348.14,  350.07,  350.31, 1468.18, 1526.34, 1496.78, 1477.75, 1474.11, 1472.26, 1552.54, 1550.87,  7248.2, 168,  GPS,   11.5, 110.60, 116.50, 119.000, 121.500, -0.002,       ,  25.39, -70.6,    2.7,   11.5,  -14.1,      1,   GPS,    ALT,  -0.0,   0.7,   7.9, 3DDiff, 3704,      ,     14,  22.0,     19
2018-08-27, 17:24:19,  -04:00,  GRAYM,   42.0562935,  -72.0287781,  7001.4, 30.03,  7346.0,  17.5, 145.06, 156.34,   10.42,   0.64,  -0.05,  -0.00,  -0.00,   3.6,  11.5,  27.7,  28.8,   1.7,  25.95,  25.45,    16.32,  191.01,   52.19,  30.41, 2485.3,    0.75,  337.11,  365.91,  366.39,  348.16,  350.07,  350.31, 1468.12, 1526.80, 1496.81, 1478.33, 1473.65, 1471.93, 1552.60, 1550.45,  7247.8, 168,  GPS,   11.5, 110.60, 116.50, 119.000, 121.500, -0.002,       ,  25.37, -70.6,    2.7,   11.5,  -14.1,      1,   GPS,    ALT,  -0.0,   0.7, -11.8, 3DDiff, 3704,      ,     14,  22.0,     20
2018-08-27, 17:24:20,  -04:00,  GRAYM,   42.0570145,  -72.0288162,  7001.4, 30.03,  7346.2,  17.5, 145.11, 156.32,   -1.94,   0.67,  -0.07,  -0.00,   0.00,   3.6,  11.5,  27.7,  28.8,   1.7,  25.95,  25.44,    16.23,  191.01,   52.24,  30.38, 2485.0,    0.75,  337.07,  365.91,  366.49,  348.14,  350.07,  350.31, 1468.25, 1527.33, 1496.43, 1479.46, 1472.62, 1470.82, 1553.54, 1549.66,  7248.3, 168,  GPS,   11.5, 110.60, 116.50, 119.000, 121.500, -0.002,       ,  25.35, -70.6,    2.7,   11.5,  -14.1,      1,   GPS,    ALT,  -0.0,   0.7, -23.6, 3DDiff, 3704,      ,     14,  22.5,     19
2018-08-27, 17:24:21,  -04:00,  GRAYM,   42.0577354,  -72.0288620,  7000.4, 30.03,  7345.5,  17.5, 144.98, 156.29,  -38.07,   0.70,  -0.04,   0.00,   0.00,   3.6,  11.5,  27.7,  28.8,   1.7,  25.95,  25.45,    16.28,  191.02,   52.20,  30.37, 2485.9,    0.75,  337.04,  365.89,  366.58,  348.15,  350.10,  350.33, 1468.22, 1529.04, 1496.82, 1478.64, 1471.55, 1469.45, 1553.39, 1549.56,  7247.5, 167,  GPS,   11.5, 110.60, 116.50, 119.000, 121.500, -0.002,       ,  25.33, -70.6,    2.6,   11.5,  -14.1,      1,   GPS,    ALT,  -0.0,   0.7, -15.7, 3DDiff, 3704,      ,     13,  21.5,     19
2018-08-27, 17:24:22,  -04:00,  GRAYM,   42.0584602,  -72.0289001,  7001.4, 30.03,  7345.7,  17.5, 145.06, 156.23,  -14.63,   0.73,  -0.03,   0.00,   0.01,   3.6,  11.5,  27.7,  28.8,   1.7,  25.95,  25.45,    16.26,  191.02,   52.24,  30.35, 2486.4,    0.75,  337.02,  365.91,  366.70,  348.14,  350.18,  350.31, 1466.86, 1528.89, 1496.40, 1477.81, 1471.24, 1468.52, 1552.34, 1548.31,  7247.8, 168,  GPS,   11.5, 110.60, 116.50, 119.000, 121.500, -0.002,       ,  25.31, -70.5,    2.6,   11.5,  -14.1,      1,   GPS,    ALT,  -0.0,   0.7,  -3.9, 3DDiff, 3704,      ,     13,  21.5,     19
2018-08-27, 17:24:23,  -04:00,  GRAYM,   42.0591812,  -72.0289459,  7001.4, 30.03,  7345.8,  17.5, 145.04, 156.19,   -4.34,   0.69,  -0.01,  -0.00,  -0.01,   3.7,  11.5,  27.7,  28.8,   1.7,  25.95,  25.45,    16.27,  191.03,   52.29,  30.37, 2485.1,    0.75,  336.98,  365.90,  366.79,  348.14,  350.27,  350.31, 1468.35, 1529.47, 1495.42, 1477.28, 1471.63, 1466.70, 1551.64, 1549.11,  7247.8, 168,  GPS,   11.5, 110.60, 116.50, 119.000, 121.500, -0.002,       ,  25.29, -70.5,    2.5,   11.5,  -14.1,      1,   GPS,    ALT,  -0.0,   0.7,   3.9, 3DDiff, 3704,      ,     14,  21.5,     19
2018-08-27, 17:24:24,  -04:00,  GRAYM,   42.0599060,  -72.0289917,  7001.4, 30.03,  7345.6,  17.5, 145.04, 156.19,   -2.13,   0.66,  -0.02,  -0.00,  -0.01,   3.7,  11.5,  27.7,  28.8,   1.7,  25.94,  25.45,    16.24,  191.02,   52.23,  30.36, 2486.1,    0.75,  336.93,  365.91,  366.89,  348.11,  350.39,  350.34, 1468.30, 1529.46, 1495.27, 1476.61, 1470.57, 1466.68, 1551.97, 1548.58,  7247.7, 168,  GPS,   11.5, 110.60, 116.50, 119.000, 121.500, -0.002,       ,  25.27, -70.5,    2.5,   11.5,  -14.1,      1,   GPS,    ALT,  -0.0,   0.7,  -3.9, 3DDiff, 3704,      ,     14,  22.0,     19
2018-08-27, 17:24:25,  -04:00,  GRAYM,   42.0606270,  -72.0290298,  7001.4, 30.03,  7345.5,  17.5, 145.00, 156.11,    0.14,   0.65,  -0.02,   0.00,   0.00,   3.7,  11.6,  27.7,  28.8,   1.7,  25.93,  25.46,    16.28,  191.05,   52.37,  30.34, 2485.7,    0.75,  336.89,  365.91,  366.98,  348.11,  350.55,  350.37, 1468.28, 1529.77, 1494.17, 1475.85, 1470.25, 1466.88, 1551.70, 1547.80,  7247.5, 167,  GPS,   11.5, 110.60, 116.50, 119.000, 121.500, -0.002,       ,  25.25, -70.5,    2.4,   11.5,  -14.1,      1,   GPS,    ALT,  -0.0,   0.7,  -7.9, 3DDiff, 3704,      ,     14,  22.0,     20
2018-08-27, 17:24:26,  -04:00,  GRAYM,   42.0613480,  -72.0290756,  7000.4, 30.03,  7344.8,  17.5, 144.96, 156.05,  -14.44,   0.69,  -0.03,   0.00,   0.00,   3.7,  11.6,  27.7,  28.8,   1.7,  25.92,  25.47,    16.22,  191.04,   52.32,  30.39, 2484.1,    0.75,  336.90,  365.89,  367.05,  348.11,  350.73,  350.39, 1467.92, 1530.85, 1494.75, 1475.41, 1469.38, 1466.03, 1551.97, 1547.74,  7246.9, 167,  GPS,   11.5, 110.60, 116.50, 119.000, 121.500, -0.002,       ,  25.23, -70.4,    2.4,   11.5,  -14.1,      1,   GPS,    ALT,  -0.0,   0.7, -11.8, 3DDiff, 3704,      ,     14,  22.5,     19
2018-08-27, 17:24:27,  -04:00,  GRAYM,   42.0620728,  -72.0291290,  7000.4, 30.03,  7345.1,  17.5, 144.95, 156.03,  -12.36,   0.69,  -0.08,  -0.00,  -0.00,   3.7,  11.6,  27.7,  28.8,   1.7,  25.90,  25.48,    16.28,  191.02,   52.48,  30.36, 2486.0,    0.75,  336.86,  365.88,  367.17,  348.11,  350.89,  350.40, 1467.20, 1530.71, 1494.83, 1475.97, 1469.73, 1466.67, 1552.03, 1547.81,  7247.1, 167,  GPS,   11.5, 110.60, 116.50, 119.000, 121.500, -0.001,       ,  25.22, -70.4,    2.3,   11.5,  -14.1,      1,   GPS,    ALT,  -0.1,   0.7,  -7.9, 3DDiff, 3704,      ,     13,  21.5,     19
2018-08-27, 17:24:28,  -04:00,  GRAYM,   42.0627899,  -72.0291672,  7001.4, 30.03,  7344.8,  17.5, 144.94, 155.99,    0.13,   0.68,  -0.12,   0.00,  -0.01,   3.6,  11.6,  27.7,  28.8,   1.7,  25.89,  25.48,    16.19,  191.04,   52.52,  30.36, 2485.2,    0.75,  336.80,  365.88,  367.28,  348.08,  351.04,  350.43, 1466.94, 1529.46, 1495.58, 1476.68, 1469.85, 1466.55, 1551.88, 1547.98,  7246.9, 167,  GPS,   11.5, 110.60, 116.50, 119.000, 121.500, -0.001,       ,  25.20, -70.4,    2.3,   11.5,  -14.1,      1,   GPS,    ALT,  -0.1,   0.7,  -3.9, 3DDiff, 3704,      ,     13,  21.5,     19
2018-08-27, 17:24:29,  -04:00,  GRAYM,   42.0635147,  -72.0292053,  7000.4, 30.03,  7344.6,  17.5, 144.89, 155.95,   -2.05,   0.65,  -0.11,   0.00,   0.00,   3.6,  11.5,  27.7,  28.8,   1.7,  25.88,  25.49,    16.21,  191.04,   52.46,  30.36, 2486.5,    0.75,  336.77,  365.88,  367.38,  348.10,  351.22,  350.46, 1466.33, 1529.69, 1495.25, 1475.99, 1469.16, 1466.26, 1551.50, 1548.03,  7246.6, 167,  GPS,   11.5, 110.60, 116.50, 119.000, 121.500, -0.001,       ,  25.19, -70.3,    2.3,   11.5,  -14.1,      1,   GPS,    ALT,  -0.1,   0.7, -11.8, 3DDiff, 3704,      ,     14,  22.0,     19
2018-08-27, 17:24:30,  -04:00,  GRAYM,   42.0642357,  -72.0292587,  7000.4, 30.03,  7344.2,  17.5, 144.88, 155.94,  -12.89,   0.69,  -0.11,  -0.00,   0.00,   3.6,  11.5,  27.7,  28.8,   1.7,  25.87,  25.49,    16.26,  191.07,   52.38,  30.35, 2485.4,    0.75,  336.73,  365.88,  367.49,  348.09,  351.37,  350.47, 1465.47, 1529.22, 1493.96, 1475.79, 1468.78, 1466.77, 1551.23, 1546.93,  7246.3, 167,  GPS,   11.5, 110.60, 116.50, 119.000, 121.500, -0.001,       ,  25.18, -70.3,    2.2,   11.5,  -14.1,      1,   GPS,    ALT,  -0.1,   0.7, -15.7, 3DDiff, 3704,      ,     14,  22.0,     20
2018-08-27, 17:24:31,  -04:00,  GRAYM,   42.0649567,  -72.0292969,  7001.4, 30.03,  7344.0,  17.5, 144.87, 155.94,  -10.91,   0.73,  -0.10,   0.00,  -0.01,   3.6,  11.5,  27.7,  28.8,   1.7,  25.86,  25.49,    16.33,  191.07,   52.25,  30.33, 2485.0,    0.75,  336.70,  365.88,  367.59,  348.08,  351.47,  350.49, 1465.52, 1528.81, 1494.37, 1474.86, 1468.29, 1468.79, 1551.26, 1546.99,  7246.0, 167,  GPS,   11.5, 110.60, 116.50, 119.000, 121.500, -0.001,       ,  25.17, -70.2,    2.2,   11.5,  -14.1,      1,   GPS,    ALT,  -0.0,   0.7, -11.8, 3DDiff, 3704,      ,     14,  22.0,     20
2018-08-27, 17:24:32,  -04:00,  GRAYM,   42.0656815,  -72.0293350,  7001.4, 30.03,  7344.3,  17.5, 144.85, 155.88,    1.87,   0.69,  -0.03,   0.00,   0.00,   3.6,  11.5,  27.7,  28.8,   1.7,  25.86,  25.49,    16.37,  191.07,   52.33,  30.34, 2486.8,    0.76,  336.67,  365.88,  367.71,  348.08,  351.56,  350.55, 1465.74, 1528.34, 1494.38, 1475.32, 1468.29, 1470.10, 1551.70, 1547.15,  7246.3, 167,  GPS,   11.5, 110.60, 116.50, 119.000, 121.500, -0.001,       ,  25.16, -70.2,    2.1,   11.5,  -14.1,      1,   GPS,    ALT,  -0.0,   0.7, -11.8, 3DDiff, 3704,      ,     14,  22.5,     19
2018-08-27, 17:24:33,  -04:00,  GRAYM,   42.0664024,  -72.0293808,  7000.4, 30.03,  7344.0,  17.5, 144.71, 155.86,  -33.21,   0.71,  -0.04,  -0.00,   0.01,   3.6,  11.5,  27.7,  28.8,   1.7,  25.86,  25.48,    16.27,  191.04,   52.23,  30.39, 2485.9,    0.75,  336.62,  365.86,  367.80,  348.08,  351.65,  350.55, 1466.04, 1528.10, 1494.67, 1476.44, 1469.68, 1472.14, 1552.42, 1548.18,  7246.0, 167,  GPS,   11.5, 110.60, 116.50, 119.000, 121.500, -0.002,       ,  25.15, -70.2,    2.1,   11.5,  -14.1,      1,   GPS,    ALT,  -0.0,   0.7, -15.7, 3DDiff, 3704,      ,     13,  21.5,     19
2018-08-27, 17:24:34,  -04:00,  GRAYM,   42.0671234,  -72.0294189,  6999.4, 30.03,  7343.8,  17.5, 144.65, 155.84,  -35.83,   0.79,  -0.01,  -0.00,   0.01,   3.6,  11.5,  27.7,  28.8,   1.7,  25.86,  25.48,    16.26,  191.02,   52.32,  30.41, 2486.3,    0.75,  336.58,  365.88,  367.90,  348.10,  351.72,  350.56, 1466.42, 1528.39, 1495.22, 1476.97, 1471.49, 1472.48, 1553.02, 1548.82,  7245.9, 167,  GPS,   11.5, 110.60, 116.50, 119.000, 121.500, -0.002,       ,  25.14, -70.1,    2.0,   11.5,  -14.1,      1,   GPS,    ALT,  -0.0,   0.8,  -7.9, 3DDiff, 3704,      ,     13,  21.5,     19
2018-08-27, 17:24:35,  -04:00,  GRAYM,   42.0678444,  -72.0294647,  6999.4, 30.03,  7343.9,  17.5, 144.61, 155.80,  -20.26,   0.80,  -0.07,   0.00,  -0.01,   3.6,  11.5,  27.7,  28.8,   1.7,  25.87,  25.47,    16.30,  191.02,   52.24,  30.38, 2484.9,    0.75,  336.56,  365.88,  368.01,  348.08,  351.80,  350.58, 1466.64, 1527.40, 1495.36, 1478.09, 1472.52, 1473.78, 1553.54, 1549.14,  7246.0, 167,  GPS,   11.5, 110.60, 116.50, 119.000, 121.500, -0.001,       ,  25.13, -70.1,    2.0,   11.5,  -14.1,      1,   GPS,    ALT,  -0.0,   0.8,   3.9, 3DDiff, 3704,      ,     13,  21.5,     19
2018-08-27, 17:24:36,  -04:00,  GRAYM,   42.0685616,  -72.0295105,  7000.4, 30.03,  7344.2,  17.5, 144.66, 155.76,   -6.32,   0.78,  -0.02,   0.00,   0.00,   3.6,  11.5,  27.7,  28.8,   1.7,  25.87,  25.47,    16.27,  191.03,   52.24,  30.38, 2484.5,    0.75,  336.52,  365.88,  368.11,  348.06,  351.84,  350.56, 1467.25, 1527.29, 1495.27, 1477.99, 1471.93, 1474.04, 1553.68, 1548.67,  7246.3, 167,  GPS,   11.5, 110.60, 116.50, 119.000, 121.500, -0.001,       ,  25.12, -70.1,    2.0,   11.5,  -14.1,      1,   GPS,    ALT,  -0.0,   0.8,  11.8, 3DDiff, 3704,      ,     13,  22.0,     19
2018-08-27, 17:24:37,  -04:00,  GRAYM,   42.0692825,  -72.0295563,  6999.4, 30.03,  7344.4,  17.5, 144.48, 155.70,  -19.19,   0.75,  -0.03,  -0.00,  -0.00,   3.5,  11.5,  27.7,  28.8,   1.7,  25.86,  25.47,    16.26,  191.03,   52.37,  30.39, 2485.2,    0.75,  336.49,  365.90,  368.21,  348.08,  351.87,  350.59, 1466.21, 1529.39, 1495.69, 1477.35, 1471.96, 1473.34, 1554.20, 1548.40,  7246.4, 167,  GPS,   11.5, 110.60, 116.50, 119.000, 121.500, -0.001,       ,  25.12, -70.0,    1.9,   11.5,  -14.1,      1,   GPS,    ALT,  -0.0,   0.8,   7.9, 3DDiff, 3704,      ,     14,  22.0,     19
2018-08-27, 17:24:38,  -04:00,  GRAYM,   42.0699997,  -72.0296021,  7001.4, 30.03,  7343.9,  17.5, 144.67, 155.68,   11.48,   0.75,  -0.04,  -0.00,  -0.01,   3.5,  11.5,  27.7,  28.8,   1.7,  25.86,  25.48,    16.25,  191.04,   52.32,  30.36, 2486.7,    0.75,  336.44,  365.88,  368.31,  348.07,  351.90,  350.59, 1466.29, 1529.08, 1496.53, 1476.40, 1471.48, 1472.51, 1552.95, 1548.88,  7246.0, 167,  GPS,   11.5, 110.60, 116.50, 119.000, 121.500, -0.001,       ,  25.11, -70.0,    1.9,   11.5,  -14.1,      1,   GPS,    ALT,  -0.0,   0.8,   3.9, 3DDiff, 3704,      ,     14,  22.5,     19
2018-08-27, 17:24:39,  -04:00,  GRAYM,   42.0707207,  -72.0296478,  7000.4, 30.03,  7344.0,  17.5, 144.64, 155.62,    8.83,   0.68,  -0.02,   0.00,   0.00,   3.5,  11.5,  27.7,  28.8,   1.7,  25.85,  25.48,    16.31,  191.05,   52.33,  30.36, 2486.1,    0.75,  336.41,  365.88,  368.39,  348.08,  351.92,  350.59, 1467.29, 1529.42, 1496.93, 1476.62, 1471.60, 1472.39, 1552.41, 1550.07,  7246.1, 167,  GPS,   11.5, 110.60, 116.50, 119.000, 121.500, -0.001,       ,  25.11, -70.0,    1.8,   11.5,  -14.1,      1,   GPS,    ALT,  -0.0,   0.7,   3.9, 3DDiff, 3704,      ,     13,  21.5,     19
2018-08-27, 17:24:40,  -04:00,  GRAYM,   42.0714378,  -72.0296936,  7000.4, 30.03,  7343.7,  17.5, 144.71, 155.62,   -9.75,   0.68,  -0.03,   0.00,  -0.00,   3.4,  11.5,  27.7,  28.8,   1.7,  25.84,  25.48,    16.28,  191.07,   52.38,  30.39, 2485.1,    0.75,  336.38,  365.91,  368.45,  348.06,  351.92,  350.59, 1466.23, 1528.79, 1497.13, 1476.67, 1472.15, 1472.22, 1552.75, 1549.59,  7245.7, 167,  GPS,   11.5, 110.60, 116.50, 119.000, 121.500, -0.001,       ,  25.11, -70.0,    1.8,   11.5,  -14.1,      1,   GPS,    ALT,  -0.0,   0.7,  -3.9, 3DDiff, 3704,      ,     13,  21.5,     18
2018-08-27, 17:24:41,  -04:00,  GRAYM,   42.0721588,  -72.0297318,  7002.4, 30.03,  7343.7,  17.5, 144.84, 155.62,    7.76,   0.70,  -0.11,  -0.00,  -0.00,   3.4,  11.5,  27.7,  28.8,   1.7,  25.84,  25.49,    16.28,  191.09,   52.46,  30.41, 2486.9,    0.75,  336.37,  365.91,  368.57,  348.08,  351.91,  350.62, 1465.88, 1529.60, 1496.94, 1477.70, 1472.99, 1473.58, 1554.05, 1549.15,  7245.7, 167,  GPS,   11.5, 110.60, 116.50, 119.000, 121.500, -0.001,       ,  25.11, -69.9,    1.7,   11.5,  -14.1,      1,   GPS,    ALT,  -0.0,   0.7,   3.9, 3DDiff, 3704,      ,     13,  21.5,     19
2018-08-27, 17:24:42,  -04:00,  GRAYM,   42.0728798,  -72.0297852,  7001.4, 30.03,  7343.7,  17.5, 144.66, 155.59,   16.02,   0.60,  -0.05,   0.00,  -0.01,   3.4,  11.4,  27.7,  28.8,   1.7,  25.83,  25.49,    16.28,  191.10,   52.37,  30.38, 2486.1,    0.75,  336.34,  365.90,  368.67,  348.05,  351.92,  350.62, 1466.05, 1529.28, 1496.76, 1478.16, 1473.80, 1473.04, 1553.69, 1549.28,  7245.8, 167,  GPS,   11.5, 110.60, 116.50, 119.000, 121.500, -0.001,       ,  25.12, -69.9,    1.7,   11.5,  -14.1,      1,   GPS,    ALT,  -0.0,   0.7,   3.9, 3DDiff, 3704,      ,     13,  22.0,     19
2018-08-27, 17:24:43,  -04:00,  GRAYM,   42.0736008,  -72.0298309,  7001.4, 30.03,  7343.5,  17.5, 144.68, 155.59,   -6.94,   0.62,  -0.03,  -0.00,   0.00,   3.4,  11.4,  27.7,  28.8,   1.7,  25.83,  25.49,    16.27,  191.10,   52.21,  30.41, 2486.0,    0.75,  336.31,  365.93,  368.73,  348.05,  351.90,  350.62, 1466.70, 1529.01, 1496.95, 1477.91, 1474.33, 1473.04, 1553.38, 1549.90,  7245.6, 167,  GPS,   11.5, 110.60, 116.50, 119.000, 121.500, -0.001,       ,  25.13, -69.9,    1.7,   11.5,  -14.1,      1,   GPS,    ALT,   0.0,   0.6,  -7.9, 3DDiff, 3704,      ,     14,  22.5,     19
2018-08-27, 17:24:44,  -04:00,  GRAYM,   42.0743141,  -72.0298691,  7001.4, 30.03,  7344.0,  17.5, 144.69, 155.60,   -0.71,   0.59,  -0.02,  -0.00,  -0.00,   3.3,  11.4,  27.7,  28.8,   1.7,  25.82,  25.48,    16.38,  191.10,   52.17,  30.36, 2483.8,    0.76,  336.28,  365.91,  368.84,  348.08,  351.87,  350.61, 1467.34, 1528.73, 1497.25, 1476.96, 1474.43, 1471.14, 1552.39, 1549.25,  7246.0, 167,  GPS,   11.5, 110.60, 116.50, 119.000, 121.500, -0.001,       ,  25.14, -69.9,    1.6,   11.5,  -14.1,      1,   GPS,    ALT,   0.0,   0.6,  -7.9, 3DDiff, 3704,      ,     14,  23.0,     19
2018-08-27, 17:24:45,  -04:00,  GRAYM,   42.0750389,  -72.0299225,  7002.4, 30.03,  7343.9,  17.5, 144.86, 155.62,   11.68,   0.57,   0.00,   0.00,  -0.00,   3.3,  11.4,  27.7,  28.8,   1.7,  25.82,  25.48,    16.26,  191.11,   52.08,  30.33, 2485.5,    0.75,  336.25,  365.94,  368.91,  348.05,  351.84,  350.65, 1466.31, 1528.73, 1496.35, 1476.50, 1473.83, 1469.82, 1552.05, 1548.44,  7245.9, 167,  GPS,   11.5, 110.60, 116.50, 119.000, 121.500, -0.001,       ,  25.15, -69.9,    1.6,   11.5,  -14.1,      1,   GPS,    ALT,   0.0,   0.6,  -3.9, 3DDiff, 3704,      ,     13,  22.0,     18
2018-08-27, 17:24:46,  -04:00,  GRAYM,   42.0757561,  -72.0299606,  7002.4, 30.03,  7344.2,  17.5, 144.78, 155.64,   11.63,   0.48,  -0.02,   0.00,  -0.00,   3.3,  11.4,  27.7,  28.8,   1.7,  25.82,  25.47,    16.25,  191.12,   52.09,  30.34, 2486.6,    0.75,  336.23,  365.92,  368.97,  348.10,  351.82,  350.62, 1466.13, 1528.28, 1496.63, 1475.72, 1473.01, 1468.69, 1551.40, 1549.18,  7246.3, 167,  GPS,   11.5, 110.60, 116.50, 119.000, 121.500, -0.001,       ,  25.17, -69.9,    1.5,   11.5,  -14.1,      1,   GPS,    ALT,   0.0,   0.5,  -3.9, 3DDiff, 3704,      ,     13,  22.0,     18
2018-08-27, 17:24:47,  -04:00,  GRAYM,   42.0764771,  -72.0300064,  7002.4, 30.03,  7344.2,  17.5, 144.72, 155.66,    3.61,   0.42,   0.01,   0.00,  -0.01,   3.3,  11.4,  27.7,  28.8,   1.7,  25.82,  25.46,    16.26,  191.10,   52.23,  30.36, 2483.6,    0.75,  336.19,  365.92,  369.06,  348.09,  351.78,  350.67, 1466.74, 1527.97, 1496.39, 1475.39, 1472.97, 1467.98, 1551.57, 1549.64,  7246.3, 167,  GPS,   11.5, 110.60, 116.50, 119.000, 121.500, -0.001,       ,  25.19, -69.9,    1.5,   11.5,  -14.1,      1,   GPS,    ALT,   0.1,   0.5, -11.8, 3DDiff, 3704,      ,     14,  22.0,     19
2018-08-27, 17:24:48,  -04:00,  GRAYM,   42.0771980,  -72.0300522,  7001.4, 30.03,  7344.0,  17.5, 144.85, 155.72,  -23.64,   0.45,   0.05,  -0.00,   0.00,   3.4,  11.4,  27.7,  28.8,   1.7,  25.82,  25.46,    16.32,  191.11,   52.34,  30.34, 2485.1,    0.75,  336.18,  365.94,  369.18,  348.11,  351.75,  350.63, 1466.62, 1528.09, 1496.83, 1475.50, 1471.76, 1468.07, 1552.00, 1548.94,  7246.0, 167,  GPS,   11.5, 110.60, 116.50, 119.000, 121.500, -0.001,       ,  25.21, -69.9,    1.4,   11.5,  -14.1,      1,   GPS,    ALT,   0.1,   0.4, -15.7, 3DDiff, 3704,      ,     14,  22.5,     19
2018-08-27, 17:24:49,  -04:00,  GRAYM,   42.0779152,  -72.0300980,  7001.4, 30.03,  7344.0,  17.5, 144.96, 155.76,  -14.14,   0.44,   0.08,   0.00,  -0.00,   3.3,  11.4,  27.7,  28.8,   1.7,  25.83,  25.45,    16.36,  191.12,   52.48,  30.34, 2487.9,    0.75,  336.16,  365.95,  369.25,  348.13,  351.72,  350.67, 1465.87, 1529.11, 1496.21, 1475.32, 1470.87, 1468.62, 1552.30, 1548.39,  7246.1, 167,  GPS,   11.5, 110.60, 116.50, 119.000, 121.500, -0.001,       ,  25.23, -69.8,    1.4,   11.5,  -14.1,      1,   GPS,    ALT,   0.1,   0.4,   0.0, 3DDiff, 3704,      ,     14,  22.5,     19
2018-08-27, 17:24:50,  -04:00,  GRAYM,   42.0786400,  -72.0301437,  7001.4, 30.03,  7344.9,  17.5, 145.01, 155.80,  -17.91,   0.42,   0.04,   0.00,  -0.00,   3.4,  11.4,  27.7,  28.8,   1.7,  25.82,  25.46,    16.24,  191.12,   52.43,  30.38, 2484.0,    0.75,  336.11,  365.94,  369.33,  348.14,  351.69,  350.67, 1467.60, 1529.76, 1496.23, 1475.45, 1470.91, 1468.81, 1552.29, 1548.99,  7246.9, 167,  GPS,   11.5, 110.60, 116.50, 119.000, 121.500, -0.001,       ,  25.25, -69.8,    1.4,   11.5,  -14.1,      1,   GPS,    ALT,   0.1,   0.4,   7.9, 3DDiff, 3704,      ,     14,  23.0,     19
2018-08-27, 17:24:51,  -04:00,  GRAYM,   42.0793610,  -72.0301895,  7002.4, 30.03,  7345.2,  17.5, 145.04, 155.86,   -3.61,   0.40,   0.05,  -0.00,  -0.00,   3.4,  11.4,  27.7,  28.8,   1.7,  25.81,  25.46,    16.29,  191.10,   52.49,  30.39, 2484.9,    0.75,  336.08,  365.94,  369.40,  348.14,  351.66,  350.68, 1466.89, 1531.10, 1495.87, 1475.34, 1471.06, 1469.61, 1552.96, 1548.42,  7247.3, 168,  GPS,   11.5, 110.60, 116.50, 119.000, 121.500, -0.001,       ,  25.27, -69.8,    1.3,   11.6,  -14.1,      1,   GPS,    ALT,   0.1,   0.4,   7.9, 3DDiff, 3704,      ,     13,  22.0,     18
2018-08-27, 17:24:52,  -04:00,  GRAYM,   42.0800781,  -72.0302429,  7002.4, 30.03,  7345.0,  17.5, 144.95, 155.90,    9.04,   0.33,   0.03,   0.00,  -0.02,   3.4,  11.4,  27.7,  28.8,   1.7,  25.80,  25.46,    16.30,  191.08,   52.60,  30.32, 2488.0,    0.75,  336.05,  365.94,  369.46,  348.15,  351.63,  350.68, 1465.97, 1529.78, 1496.52, 1474.95, 1469.87, 1468.38, 1551.98, 1547.67,  7247.0, 167,  GPS,   11.5, 110.60, 116.50, 119.000, 121.500, -0.000,       ,  25.29, -69.8,    1.3,   11.6,  -14.1,      1,   GPS,    ALT,   0.1,   0.4,   0.0, 3DDiff, 3704,      ,     13,  22.0,     18
2018-08-27, 17:24:53,  -04:00,  GRAYM,   42.0807991,  -72.0302887,  7002.4, 30.03,  7345.0,  17.5, 145.06, 155.97,   -7.57,   0.34,   0.01,   0.00,   0.01,   3.4,  11.4,  27.7,  28.8,   1.7,  25.79,  25.47,    16.29,  191.08,   52.53,  30.34, 2487.5,    0.75,  336.01,  365.94,  369.53,  348.17,  351.60,  350.71, 1466.28, 1529.01, 1496.70, 1475.60, 1469.73, 1467.97, 1551.73, 1548.70,  7247.0, 168,  GPS,   11.5, 110.60, 116.50, 119.000, 121.500, -0.000,       ,  25.31, -69.8,    1.2,   11.6,  -14.1,      1,   GPS,    ALT,   0.1,   0.3,  -7.9, 3DDiff, 3704,      ,     14,  22.0,     19
2018-08-27, 17:24:54,  -04:00,  GRAYM,   42.0815239,  -72.0303268,  7001.4, 30.03,  7344.8,  17.5, 145.11, 156.03,  -25.00,   0.35,   0.07,   0.00,   0.00,   3.4,  11.4,  27.7,  28.8,   1.7,  25.78,  25.48,    16.31,  191.06,   52.34,  30.40, 2485.0,    0.75,  336.01,  365.93,  369.59,  348.15,  351.56,  350.74, 1466.62, 1529.13, 1496.47, 1475.07, 1470.38, 1467.81, 1551.64, 1549.12,  7246.9, 168,  GPS,   11.5, 110.60, 116.50, 119.000, 121.500, -0.000,       ,  25.33, -69.8,    1.2,   11.6,  -14.1,      1,   GPS,    ALT,   0.1,   0.3,  -3.9, 3DDiff, 3704,      ,     14,  22.5,     20
2018-08-27, 17:24:55,  -04:00,  GRAYM,   42.0822449,  -72.0303802,  7000.4, 30.03,  7344.9,  17.5, 145.11, 156.09,  -38.47,   0.42,   0.05,  -0.00,   0.01,   3.4,  11.4,  27.7,  28.8,   1.7,  25.76,  25.49,    16.30,  191.06,   52.33,  30.36, 2485.4,    0.75,  335.98,  365.93,  369.62,  348.17,  351.53,  350.76, 1466.32, 1530.20, 1495.63, 1476.20, 1469.53, 1467.15, 1552.63, 1548.20,  7247.0, 168,  GPS,   11.5, 110.60, 116.50, 119.000, 121.500, -0.000,       ,  25.34, -69.8,    1.1,   11.6,  -14.1,      1,   GPS,    ALT,   0.1,   0.4,  -3.9, 3DDiff, 3704,      ,     14,  22.5,     20
2018-08-27, 17:24:56,  -04:00,  GRAYM,   42.0829697,  -72.0304184,  7001.4, 30.03,  7343.6,  17.5, 145.27, 156.15,   -7.64,   0.41,   0.07,   0.00,  -0.01,   3.3,  11.5,  27.7,  28.8,   1.7,  25.74,  25.50,    16.32,  191.07,   52.34,  30.37, 2484.6,    0.75,  335.97,  365.94,  369.70,  348.20,  351.50,  350.80, 1466.00, 1529.80, 1496.03, 1475.64, 1468.85, 1467.63, 1552.38, 1547.69,  7245.6, 168,  GPS,   11.5, 110.60, 116.50, 119.000, 121.500, -0.000,       ,  25.36, -69.8,    1.1,   11.6,  -14.2,      1,   GPS,    ALT,   0.1,   0.4,  11.8, 3DDiff, 3704,      ,     14,  23.0,     19
2018-08-27, 17:24:57,  -04:00,  GRAYM,   42.0836868,  -72.0304642,  7002.4, 30.03,  7343.6,  17.5, 145.36, 156.23,    8.85,   0.36,   0.05,   0.01,   0.00,   3.3,  11.5,  27.7,  28.8,   1.7,  25.72,  25.51,    16.37,  191.07,   52.14,  30.40, 2485.5,    0.76,  335.92,  365.95,  369.73,  348.20,  351.47,  350.83, 1466.31, 1529.87, 1496.34, 1476.58, 1468.98, 1467.76, 1552.63, 1548.43,  7245.6, 168,  GPS,   11.5, 110.60, 116.50, 119.000, 121.500, -0.000,       ,  25.38, -69.8,    1.0,   11.6,  -14.2,      1,   GPS,    ALT,   0.1,   0.4,   7.9, 3DDiff, 3704,      ,     13,  22.0,     19
2018-08-27, 17:24:58,  -04:00,  GRAYM,   42.0844116,  -72.0305099,  7001.4, 30.03,  7343.5,  17.5, 145.21, 156.27,  -14.90,   0.34,   0.00,  -0.00,   0.00,   3.4,  11.5,  27.7,  28.8,   1.7,  25.71,  25.51,    16.40,  191.09,   52.22,  30.39, 2486.6,    0.76,  335.91,  365.95,  369.77,  348.20,  351.43,  350.86, 1466.69, 1530.33, 1496.04, 1477.13, 1468.41, 1468.01, 1553.16, 1547.88,  7245.6, 168,  GPS,   11.5, 110.60, 116.50, 119.000, 121.500, -0.000,       ,  25.39, -69.8,    1.0,   11.6,  -14.2,      1,   GPS,    ALT,   0.1,   0.3,  -3.9, 3DDiff, 3704,      ,     13,  22.0,     19
2018-08-27, 17:24:59,  -04:00,  GRAYM,   42.0851326,  -72.0305557,  7002.4, 30.03,  7343.4,  17.5, 145.39, 156.34,    1.05,   0.36,  -0.03,   0.00,  -0.01,   3.4,  11.5,  27.7,  28.8,   1.7,  25.70,  25.51,    16.37,  191.07,   52.42,  30.37, 2486.1,    0.76,  335.86,  365.97,  369.80,  348.21,  351.41,  350.88, 1466.54, 1530.42, 1496.14, 1477.05, 1469.08, 1467.82, 1553.47, 1548.49,  7245.5, 168,  GPS,   11.5, 110.60, 116.50, 119.000, 121.500, -0.000,       ,  25.41, -69.8,    1.0,   11.6,  -14.2,      1,   GPS,    ALT,   0.1,   0.4,  -3.9, 3DDiff, 3704,      ,     14,  22.0,     19
2018-08-27, 17:25:00,  -04:00,  GRAYM,   42.0858574,  -72.0305939,  7001.4, 30.03,  7343.2,  17.5, 145.36, 156.40,   -7.59,   0.32,   0.00,   0.00,  -0.00,   3.4,  11.5,  27.7,  28.8,   1.7,  25.70,  25.51,    16.35,  191.09,   52.54,  30.35, 2486.9,    0.75,  335.85,  365.95,  369.83,  348.24,  351.40,  350.90, 1466.81, 1530.30, 1496.54, 1476.75, 1469.51, 1467.08, 1552.99, 1548.50,  7245.2, 168,  GPS,   11.5, 110.60, 116.50, 119.000, 121.500, -0.000,       ,  25.43, -69.8,    0.9,   11.6,  -14.2,      1,   GPS,    ALT,   0.1,   0.3,  -3.9, 3DDiff, 3704,      ,     14,  22.5,     20
2018-08-27, 17:25:01,  -04:00,  GRAYM,   42.0865860,  -72.0306396,  7002.4, 30.03,  7342.8,  17.5, 145.42, 156.46,   -3.09,   0.31,   0.05,   0.00,   0.00,   3.4,  11.5,  27.7,  28.8,   1.7,  25.70,  25.50,    16.27,  191.07,   52.42,  30.41, 2485.8,    0.75,  335.80,  365.95,  369.87,  348.26,  351.35,  350.92, 1466.69, 1529.58, 1496.21, 1477.31, 1469.82, 1467.67, 1552.56, 1548.49,  7244.8, 168,  GPS,   11.5, 110.60, 116.50, 119.000, 121.500, -0.000,       ,  25.44, -69.8,    0.9,   11.6,  -14.2,      1,   GPS,    ALT,   0.1,   0.3, -15.7, 3DDiff, 3704,      ,     14,  22.5,     20
2018-08-27, 17:25:02,  -04:00,  GRAYM,   42.0873070,  -72.0306931,  7001.4, 30.03,  7344.2,  17.5, 145.46, 156.54,  -14.62,   0.29,   0.07,  -0.00,  -0.00,   3.4,  11.5,  27.7,  28.8,   1.7,  25.71,  25.49,    16.30,  191.08,   52.38,  30.39, 2486.8,    0.75,  335.79,  365.97,  369.93,  348.26,  351.32,  350.95, 1466.13, 1529.89, 1496.06, 1477.05, 1469.50, 1467.26, 1552.80, 1548.59,  7246.3, 168,  GPS,   11.5, 110.60, 116.50, 119.000, 121.500, -0.000,       ,  25.46, -69.8,    0.8,   11.6,  -14.2,      1,   GPS,    ALT,   0.1,   0.3, -11.8, 3DDiff, 3704,      ,     14,  23.0,     19
2018-08-27, 17:25:03,  -04:00,  GRAYM,   42.0880318,  -72.0307312,  7002.4, 30.03,  7344.1,  17.5, 145.67, 156.62,   -8.36,   0.30,   0.09,   0.00,  -0.00,   3.4,  11.5,  27.7,  28.8,   1.7,  25.71,  25.49,    16.32,  191.10,   52.46,  30.39, 2486.2,    0.75,  335.77,  365.97,  369.96,  348.27,  351.31,  351.00, 1466.28, 1529.52, 1496.06, 1476.93, 1469.50, 1466.60, 1552.28, 1548.49,  7246.1, 168,  GPS,   11.5, 110.60, 116.50, 119.000, 121.500, -0.000,       ,  25.47, -69.8,    0.8,   11.6,  -14.2,      1,   GPS,    ALT,   0.1,   0.3, -11.8, 3DDiff, 3704,      ,     13,  22.0,     19
2018-08-27, 17:25:04,  -04:00,  GRAYM,   42.0887566,  -72.0307770,  7001.4, 30.03,  7343.3,  17.5, 145.52, 156.71,   -2.43,   0.24,   0.04,   0.00,   0.00,   3.4,  11.5,  27.7,  28.8,   1.7,  25.70,  25.49,    16.26,  191.09,   52.58,  30.36, 2486.4,    0.75,  335.73,  365.97,  369.99,  348.30,  351.24,  351.02, 1466.80, 1529.63, 1496.17, 1477.26, 1468.40, 1466.72, 1552.74, 1548.54,  7245.3, 168,  GPS,   11.5, 110.60, 116.50, 119.000, 121.500,  0.000,       ,  25.48, -69.8,    0.7,   11.6,  -14.2,      1,   GPS,    ALT,   0.1,   0.3, -11.8, 3DDiff, 3704,      ,     13,  22.0,     19
2018-08-27, 17:25:05,  -04:00,  GRAYM,   42.0894814,  -72.0308304,  7001.4, 30.03,  7342.9,  17.5, 145.49, 156.79,  -29.98,   0.27,   0.04,  -0.00,   0.01,   3.5,  11.5,  27.7,  28.8,   1.7,  25.70,  25.48,    16.22,  191.09,   52.53,  30.42, 2483.3,    0.75,  335.71,  365.97,  370.02,  348.30,  351.23,  351.07, 1466.60, 1529.66, 1495.86, 1476.71, 1468.24, 1466.43, 1552.65, 1548.63,  7245.0, 168,  GPS,   11.5, 110.60, 116.50, 119.000, 121.500,  0.000,       ,  25.49, -69.8,    0.7,   11.6,  -14.2,      1,   GPS,    ALT,   0.1,   0.2, -15.7, 3DDiff, 3704,      ,     14,  22.0,     19
2018-08-27, 17:25:06,  -04:00,  GRAYM,   42.0902061,  -72.0308685,  7001.4, 30.03,  7342.9,  17.5, 145.66, 156.87,   -9.24,   0.30,   0.07,  -0.00,  -0.00,   3.5,  11.6,  27.7,  28.8,   1.7,  25.69,  25.48,    16.27,  191.07,   52.22,  30.36, 2487.2,    0.75,  335.68,  365.97,  370.07,  348.33,  351.20,  351.11, 1468.36, 1530.05, 1495.50, 1475.18, 1468.88, 1467.25, 1552.37, 1549.30,  7245.0, 168,  GPS,   11.5, 110.60, 116.50, 119.000, 121.500,  0.000,       ,  25.50, -69.8,    0.7,   11.6,  -14.2,      1,   GPS,    ALT,   0.1,   0.3,  -7.9, 3DDiff, 3704,      ,     14,  22.5,     19
2018-08-27, 17:25:07,  -04:00,  GRAYM,   42.0909309,  -72.0309143,  7000.4, 30.03,  7342.9,  17.5, 145.69, 156.97,  -28.99,   0.27,   0.09,   0.01,   0.01,   3.4,  11.6,  27.7,  28.8,   1.7,  25.69,  25.49,    16.29,  191.05,   52.47,  30.41, 2488.2,    0.75,  335.64,  365.97,  370.11,  348.33,  351.19,  351.14, 1468.14, 1529.09, 1495.63, 1475.65, 1469.23, 1468.55, 1552.49, 1549.88,  7244.9, 168,  GPS,   11.5, 110.60, 116.50, 119.000, 121.500,  0.000,       ,  25.51, -69.8,    0.6,   11.6,  -14.2,      1,   GPS,    ALT,   0.1,   0.3,  -3.9, 3DDiff, 3704,      ,     14,  22.5,     20
2018-08-27, 17:25:08,  -04:00,  GRAYM,   42.0916557,  -72.0309601,  6999.4, 30.03,  7341.2,  17.5, 145.66, 157.04,  -39.91,   0.30,   0.08,   0.00,   0.01,   3.5,  11.6,  27.7,  28.8,   1.7,  25.67,  25.49,    16.33,  191.02,   52.33,  30.41, 2486.4,    0.75,  335.62,  365.97,  370.16,  348.36,  351.17,  351.19, 1467.05, 1529.66, 1495.80, 1475.15, 1469.75, 1468.38, 1552.54, 1548.85,  7243.3, 168,  GPS,   11.5, 110.60, 116.50, 119.000, 121.500,  0.000,       ,  25.51, -69.8,    0.6,   11.6,  -14.2,      1,   GPS,    ALT,   0.1,   0.3,   0.0, 3DDiff, 3704,      ,     14,  23.0,     19
2018-08-27, 17:25:09,  -04:00,  GRAYM,   42.0923843,  -72.0310059,  6999.4, 30.03,  7341.2,  17.5, 145.68, 157.10,  -35.46,   0.34,  -0.02,  -0.00,   0.00,   3.5,  11.6,  27.7,  28.8,   1.7,  25.66,  25.49,    16.30,  191.02,   52.49,  30.39, 2485.8,    0.75,  335.59,  365.97,  370.18,  348.38,  351.14,  351.22, 1467.69, 1529.25, 1496.36, 1474.55, 1469.74, 1468.55, 1551.92, 1549.25,  7243.3, 168,  GPS,   11.5, 110.60, 116.50, 119.000, 121.500,  0.000,       ,  25.52, -69.9,    0.5,   11.7,  -14.2,      1,   GPS,    ALT,   0.0,   0.3,  11.8, 3DDiff, 3704,      ,     13,  22.0,     19
2018-08-27, 17:25:10,  -04:00,  GRAYM,   42.0931129,  -72.0310440,  6999.4, 30.03,  7342.5,  17.5, 145.66, 157.16,  -31.05,   0.36,   0.00,   0.00,  -0.00,   3.4,  11.6,  27.7,  28.8,   1.7,  25.66,  25.49,    16.19,  191.03,   52.53,  30.36, 2485.3,    0.75,  335.58,  365.97,  370.25,  348.39,  351.11,  351.23, 1468.10, 1529.35, 1496.36, 1474.83, 1469.73, 1468.46, 1551.65, 1548.70,  7244.6, 168,  GPS,   11.5, 110.60, 116.50, 119.000, 121.500,  0.000,       ,  25.52, -69.9,    0.5,   11.7,  -14.2,      1,   GPS,    ALT,   0.0,   0.3,  23.6, 3DDiff, 3704,      ,     13,  22.0,     19
2018-08-27, 17:25:11,  -04:00,  GRAYM,   42.0938416,  -72.0310974,  7000.4, 30.03,  7343.0,  17.5, 145.73, 157.18,   -6.94,   0.35,   0.09,   0.00,   0.00,   3.5,  11.6,  27.7,  28.8,   1.7,  25.66,  25.49,    16.02,  191.04,   52.40,  30.24, 2484.9,    0.74,  335.57,  365.97,  370.24,  348.39,  351.07,  351.26, 1466.16, 1527.20, 1494.31, 1473.20, 1467.31, 1466.59, 1549.78, 1545.74,  7245.0, 168,  GPS,   11.5, 110.60, 116.50, 119.000, 121.500,  0.000,       ,  25.53, -69.9,    0.4,   11.7,  -14.2,      1,   GPS,    ALT,   0.0,   0.3,  27.6, 3DDiff, 3704,      ,     14,  22.0,     19
2018-08-27, 17:25:12,  -04:00,  GRAYM,   42.0945663,  -72.0311356,  7001.4, 30.03,  7343.4,  17.5, 145.83, 157.18,   25.33,   0.29,   0.03,   0.00,  -0.01,   3.5,  11.6,  27.7,  28.8,   1.7,  25.65,  25.50,    16.03,  191.06,   52.46,  30.26, 2485.3,    0.74,  335.54,  365.97,  370.29,  348.42,  351.02,  351.26, 1464.52, 1525.72, 1491.16, 1470.89, 1465.04, 1464.22, 1547.60, 1542.76,  7245.5, 168,  GPS,   11.5, 110.60, 116.50, 119.000, 121.500,  0.000,       ,  25.53, -70.0,    0.4,   11.7,  -14.2,      1,   GPS,    ALT,   0.0,   0.3,  31.5, 3DDiff, 3704,      ,     14,  22.0,     20
2018-08-27, 17:25:13,  -04:00,  GRAYM,   42.0952950,  -72.0311737,  7000.4, 30.03,  7343.5,  17.5, 145.73, 157.20,    7.74,   0.23,  -0.05,   0.00,  -0.01,   3.5,  11.6,  27.7,  28.8,   1.7,  25.63,  25.51,    16.07,  191.07,   52.41,  30.29, 2485.3,    0.74,  335.52,  365.97,  370.32,  348.45,  350.98,  351.29, 1464.07, 1524.68, 1490.76, 1470.36, 1465.46, 1463.42, 1546.79, 1542.97,  7245.6, 168,  GPS,   11.5, 110.60, 116.50, 119.000, 121.500,  0.000,       ,  25.53, -70.0,    0.4,   11.7,  -14.2,      1,   GPS,    ALT,   0.0,   0.3,  15.7, 3DDiff, 3704,      ,     14,  22.5,     20
2018-08-27, 17:25:14,  -04:00,  GRAYM,   42.0960197,  -72.0312271,  7001.4, 30.03,  7345.4,  17.5, 145.79, 157.22,    9.05,   0.25,  -0.04,   0.01,   0.00,   3.5,  11.6,  27.7,  28.8,   1.7,  25.62,  25.51,    16.05,  191.07,   52.57,  30.29, 2485.5,    0.74,  335.49,  365.94,  370.32,  348.44,  350.93,  351.31, 1463.28, 1524.05, 1489.46, 1468.92, 1464.26, 1462.99, 1545.34, 1541.41,  7247.5, 168,  GPS,   11.5, 110.60, 116.50, 119.000, 121.500,  0.000,       ,  25.53, -70.0,    0.3,   11.7,  -14.2,      1,   GPS,    ALT,   0.0,   0.2,   7.9, 3DDiff, 3704,      ,     14,  23.0,     19
2018-08-27, 17:25:15,  -04:00,  GRAYM,   42.0967484,  -72.0312653,  7001.4, 30.03,  7345.8,  17.5, 145.78, 157.28,   17.60,   0.16,  -0.03,  -0.00,  -0.01,   3.5,  11.6,  27.7,  28.8,   1.7,  25.61,  25.50,    16.03,  191.07,   52.47,  30.30, 2485.6,    0.74,  335.47,  365.94,  370.35,  348.40,  350.87,  351.32, 1461.61, 1523.25, 1488.46, 1469.72, 1463.02, 1461.51, 1544.74, 1540.40,  7247.9, 168,  GPS,   11.5, 110.60, 116.50, 119.000, 121.500,  0.000,       ,  25.54, -70.1,    0.3,   11.7,  -14.2,      1,   GPS,    ALT,   0.0,   0.2,   7.9, 3DDiff, 3704,      ,     13,  22.0,     19
2018-08-27, 17:25:16,  -04:00,  GRAYM,   42.0974770,  -72.0313110,  7001.4, 30.03,  7345.4,  17.5, 145.87, 157.32,   -1.36,   0.15,   0.01,  -0.00,  -0.01,   3.5,  11.6,  27.7,  28.8,   1.7,  25.60,  25.50,    16.03,  191.07,   52.35,  30.28, 2487.1,    0.74,  335.43,  365.94,  370.35,  348.42,  350.85,  351.32, 1461.04, 1522.17, 1488.12, 1468.84, 1461.64, 1461.23, 1543.75, 1539.38,  7247.5, 168,  GPS,   11.5, 110.60, 116.50, 119.000, 121.500,  0.000,       ,  25.54, -70.1,    0.2,   11.8,  -14.2,      1,   GPS,    ALT,   0.0,   0.2,   0.0, 3DDiff, 3704,      ,     13,  21.5,     19
2018-08-27, 17:25:17,  -04:00,  GRAYM,   42.0982056,  -72.0313568,  7002.4, 30.03,  7345.5,  17.5, 145.99, 157.37,    0.34,   0.15,   0.03,   0.00,  -0.00,   3.5,  11.6,  27.7,  28.8,   1.7,  25.60,  25.50,    16.04,  191.07,   52.49,  30.32, 2487.4,    0.74,  335.41,  365.91,  370.38,  348.42,  350.78,  351.32, 1460.68, 1521.42, 1487.92, 1468.70, 1462.42, 1462.67, 1543.84, 1539.93,  7247.6, 169,  GPS,   11.5, 110.60, 116.50, 119.000, 121.500,  0.000,       ,  25.54, -70.2,    0.2,   11.8,  -14.2,      1,   GPS,    ALT,   0.0,   0.2,   0.0, 3DDiff, 3704,      ,     14,  22.0,     19
2018-08-27, 17:25:18,  -04:00,  GRAYM,   42.0989380,  -72.0314026,  7001.4, 30.03,  7345.5,  17.5, 145.98, 157.43,   -8.65,   0.12,   0.09,   0.00,   0.00,   3.5,  11.7,  27.7,  28.8,   1.7,  25.59,  25.50,    16.06,  191.06,   52.52,  30.33, 2487.3,    0.74,  335.37,  365.91,  370.38,  348.42,  350.75,  351.29, 1461.17, 1521.39, 1487.29, 1467.84, 1463.25, 1463.93, 1543.90, 1540.30,  7247.6, 169,  GPS,   11.5, 110.60, 116.50, 119.000, 121.500,  0.000,       ,  25.54, -70.2,    0.1,   11.9,  -14.2,      1,   GPS,    ALT,   0.0,   0.1,  -3.9, 3DDiff, 3704,      ,     14,  22.0,     20
2018-08-27, 17:25:19,  -04:00,  GRAYM,   42.0996628,  -72.0314407,  7001.4, 30.03,  7345.6,  17.5, 146.10, 157.47,  -14.78,   0.14,   0.03,   0.00,   0.00,   3.5,  11.7,  27.7,  28.8,   1.7,  25.58,  25.50,    16.09,  191.06,   52.51,  30.34, 2486.1,    0.74,  335.37,  365.88,  370.38,  348.42,  350.71,  351.29, 1460.69, 1520.21, 1485.85, 1468.24, 1463.25, 1463.99, 1543.41, 1539.63,  7247.7, 169,  GPS,   11.5, 110.60, 116.50, 119.000, 121.500,  0.000,       ,  25.54, -70.2,    0.1,   12.0,  -14.2,      1,   GPS,    ALT,   0.0,   0.1,  -3.9, 3DDiff, 3704,      ,     14,  22.5,     20
2018-08-27, 17:25:20,  -04:00,  GRAYM,   42.1003876,  -72.0314865,  7001.4, 30.03,  7344.1,  17.5, 146.15, 157.53,   -9.33,   0.15,   0.00,  -0.00,  -0.01,   3.5,  11.7,  27.7,  28.8,   1.7,  25.58,  25.49,    16.07,  191.05,   52.34,  30.35, 2484.8,    0.74,  335.34,  365.87,  370.38,  348.42,  350.68,  351.27, 1461.21, 1520.11, 1487.35, 1468.57, 1463.66, 1464.01, 1543.93, 1540.45,  7246.4, 169,  GPS,   11.5, 110.60, 116.50, 119.000, 121.500,  0.000,       ,  25.54, -70.3,    0.0,   12.3,  -14.2,      1,   GPS,    ALT,   0.0,   0.1,   0.0, 3DDiff, 3704,      ,     14,  23.0,     19
2018-08-27, 17:25:21,  -04:00,  GRAYM,   42.1011162,  -72.0315323,  7000.4, 30.03,  7344.0,  17.5, 146.12, 157.61,  -30.91,   0.15,  -0.01,   0.00,  -0.00,   3.5,  11.7,  27.7,  28.8,   1.7,  25.57,  25.49,    16.13,  191.05,   52.30,  30.37, 2486.6,    0.74,  335.28,  365.87,  370.38,  348.39,  350.64,  351.26, 1461.37, 1520.63, 1488.30, 1468.96, 1465.50, 1465.06, 1544.50, 1541.95,  7246.3, 169,  GPS,   11.5, 110.60, 116.50, 119.000, 121.500,  0.000,       ,  25.55, -70.3,    0.0,   23.5,  -14.2,      1,   GPS,    ALT,  -0.0,   0.1,   0.0, 3DDiff, 3704,      ,     13,  22.0,     19
2018-08-27, 17:25:22,  -04:00,    GDM,   42.1018448,  -72.0315704,  7000.4, 30.03,  7344.1,  17.5, 146.28, 157.67,  -26.45,   0.20,  -0.09,   0.00,  -0.00,   3.5,  11.7,  27.7,  28.8,   1.7,  25.57,  25.48,    16.08,  191.05,   52.51,  30.36, 2488.0,    0.74,  335.27,  365.85,  370.38,  348.39,  350.62,  351.26, 1461.33, 1520.19, 1488.81, 1469.30, 1465.99, 1465.87, 1544.58, 1542.10,  7246.4, 169,  GPS,   11.5, 110.60, 116.50, 119.000, 121.500,  0.000,       ,  25.55, -70.4,   26.7,   11.6,  -14.2,      1,   GPS,    ALT,  -0.0,   0.2,   7.9, 3DDiff, 3704,      ,     13,  21.5,     19
2018-08-27, 17:25:23,  -04:00,    GDM,   42.1025734,  -72.0316162,  7002.4, 30.03,  7344.3,  17.5, 146.36, 157.70,    4.44,   0.18,  -0.07,  -0.00,  -0.01,   3.4,  11.7,  27.7,  28.8,   1.7,  25.57,  25.48,    16.12,  191.03,   52.46,  30.37, 2488.8,    0.74,  335.25,  365.85,  370.36,  348.38,  350.64,  351.26, 1461.66, 1520.66, 1489.05, 1469.91, 1467.77, 1465.08, 1544.93, 1542.46,  7246.6, 169,  GPS,   11.5, 110.60, 116.50, 119.000, 121.500,  0.000,       ,  25.56, -70.4,   26.6,   11.6,  -14.2,      1,   GPS,    ALT,  -0.0,   0.2,  15.7, 3DDiff, 3704,      ,     14,  22.0,     19
2018-08-27, 17:25:24,  -04:00,    GDM,   42.1033096,  -72.0316620,  7000.4, 30.03,  7344.3,  17.5, 146.31, 157.80,   -8.90,   0.14,  -0.01,   0.00,  -0.01,   3.4,  11.7,  27.7,  28.8,   1.7,  25.57,  25.47,    16.01,  191.04,   52.40,  30.37, 2486.2,    0.74,  335.21,  365.84,  370.36,  348.33,  350.65,  351.21, 1461.25, 1520.34, 1488.94, 1469.93, 1467.14, 1465.06, 1544.88, 1541.72,  7246.6, 169,  GPS,   11.5, 110.60, 116.50, 119.000, 121.500,  0.000,       ,  25.57, -70.4,   26.6,   11.6,  -14.2,      1,   GPS,    ALT,  -0.0,   0.2,   3.9, 3DDiff, 3704,      ,     14,  22.0,     20
2018-08-27, 17:25:25,  -04:00,    GDM,   42.1040344,  -72.0316925,  7001.4, 30.03,  7344.2,  17.5, 146.41, 157.78,   -1.18,   0.16,  -0.05,  -0.00,   0.00,   3.4,  11.7,  27.7,  28.8,   1.7,  25.56,  25.48,    15.97,  191.02,   52.39,  30.37, 2485.6,    0.74,  335.20,  365.80,  370.35,  348.32,  350.71,  351.17, 1460.90, 1520.76, 1489.12, 1469.61, 1466.55, 1465.75, 1545.22, 1541.73,  7246.5, 169,  GPS,   11.5, 110.60, 116.50, 119.000, 121.500,  0.000,       ,  25.59, -70.5,   26.5,   11.6,  -14.2,      1,   GPS,    ALT,  -0.0,   0.2,   0.0, 3DDiff, 3704,      ,     14,  22.5,     20
2018-08-27, 17:25:26,  -04:00,    GDM,   42.1047668,  -72.0317459,  7001.4, 30.03,  7345.3,  17.5, 146.37, 157.82,   -9.67,   0.19,  -0.05,  -0.00,  -0.01,   3.4,  11.7,  27.7,  28.8,   1.7,  25.55,  25.47,    15.99,  191.03,   52.14,  30.33, 2487.0,    0.74,  335.15,  365.82,  370.35,  348.27,  350.77,  351.14, 1460.97, 1520.17, 1488.80, 1468.41, 1466.06, 1466.05, 1544.76, 1541.47,  7247.6, 169,  GPS,   11.5, 110.60, 116.50, 119.000, 121.500,  0.000,       ,  25.60, -70.5,   26.5,   11.6,  -14.2,      1,   GPS,    ALT,  -0.0,   0.2,   3.9, 3DDiff, 3704,      ,     14,  22.5,     19
2018-08-27, 17:25:27,  -04:00,    GDM,   42.1054955,  -72.0317841,  7002.4, 30.03,  7345.5,  17.5, 146.38, 157.86,    2.89,   0.16,  -0.05,   0.00,  -0.00,   3.4,  11.7,  27.7,  28.8,   1.7,  25.54,  25.46,    16.03,  191.02,   52.31,  30.35, 2486.5,    0.74,  335.12,  365.79,  370.35,  348.27,  350.86,  351.11, 1461.40, 1520.83, 1488.60, 1469.13, 1466.90, 1466.31, 1545.02, 1541.48,  7247.9, 169,  GPS,   11.5, 110.60, 116.50, 119.000, 121.500,  0.000,       ,  25.62, -70.6,   26.4,   11.6,  -14.2,      1,   GPS,    ALT,  -0.0,   0.2,   0.0, 3DDiff, 3704,      ,     13,  21.5,     19
2018-08-27, 17:25:28,  -04:00,    GDM,   42.1062279,  -72.0318298,  7001.4, 30.03,  7345.2,  17.5, 146.41, 157.88,   12.03,   0.13,   0.00,  -0.00,  -0.01,   3.4,  11.7,  27.7,  28.8,   1.7,  25.54,  25.45,    16.09,  191.02,   52.48,  30.36, 2486.8,    0.74,  335.09,  365.77,  370.32,  348.24,  351.00,  351.08, 1461.69, 1520.70, 1488.21, 1468.88, 1465.97, 1465.76, 1545.05, 1541.32,  7247.5, 169,  GPS,   11.5, 110.60, 116.50, 119.000, 121.500,  0.000,       ,  25.64, -70.6,   26.4,   11.6,  -14.2,      1,   GPS,    ALT,  -0.0,   0.1,  -3.9, 3DDiff, 3704,      ,     13,  21.5,     19
2018-08-27, 17:25:29,  -04:00,    GDM,   42.1069603,  -72.0318756,  7001.4, 30.03,  7345.0,  17.5, 146.36, 157.94,  -17.19,   0.16,  -0.02,  -0.00,  -0.00,   3.4,  11.7,  27.7,  28.8,   1.7,  25.54,  25.44,    16.13,  191.02,   52.18,  30.35, 2485.8,    0.74,  335.04,  365.76,  370.32,  348.20,  351.13,  351.07, 1461.04, 1520.40, 1487.34, 1468.55, 1465.43, 1466.44, 1545.13, 1540.21,  7247.3, 169,  GPS,   11.5, 110.60, 116.50, 119.000, 121.500,  0.000,       ,  25.66, -70.7,   26.4,   11.6,  -14.2,      1,   GPS,    ALT,  -0.0,   0.2, -15.7, 3DDiff, 3704,      ,     14,  21.5,     19
2018-08-27, 17:25:30,  -04:00,    GDM,   42.1076889,  -72.0319214,  7001.4, 30.03,  7344.8,  17.5, 146.40, 157.98,  -18.15,   0.21,  -0.02,   0.00,  -0.00,   3.4,  11.7,  27.7,  28.8,   1.7,  25.54,  25.43,    16.12,  191.02,   52.36,  30.36, 2485.9,    0.74,  335.03,  365.75,  370.32,  348.17,  351.25,  351.04, 1460.81, 1520.03, 1487.13, 1468.57, 1464.84, 1465.58, 1544.82, 1540.64,  7247.1, 169,  GPS,   11.5, 110.60, 116.50, 119.000, 121.500,  0.000,       ,  25.68, -70.7,   26.3,   11.6,  -14.2,      1,   GPS,    ALT,  -0.0,   0.2, -15.7, 3DDiff, 3704,      ,     14,  22.0,     20
2018-08-27, 17:25:31,  -04:00,    GDM,   42.1084213,  -72.0319595,  7002.4, 30.03,  7344.6,  17.5, 146.47, 158.00,   -1.36,   0.21,  -0.02,   0.01,  -0.00,   3.4,  11.7,  27.7,  28.8,   1.7,  25.54,  25.42,    16.09,  191.02,   52.29,  30.34, 2486.1,    0.74,  334.98,  365.73,  370.29,  348.17,  351.35,  351.01, 1460.82, 1519.44, 1487.73, 1470.01, 1464.75, 1465.50, 1544.89, 1540.85,  7246.9, 169,  GPS,   11.5, 110.60, 116.50, 119.000, 121.500,  0.000,       ,  25.70, -70.7,   26.3,   11.6,  -14.2,      1,   GPS,    ALT,  -0.0,   0.2, -11.8, 3DDiff, 3704,      ,     14,  22.0,     20
2018-08-27, 17:25:32,  -04:00,    GDM,   42.1091499,  -72.0320053,  7001.4, 30.03,  7343.2,  17.5, 146.37, 158.02,   -1.59,   0.20,   0.00,  -0.00,  -0.01,   3.4,  11.7,  27.7,  28.8,   1.7,  25.54,  25.43,    16.07,  191.03,   52.35,  30.32, 2486.3,    0.74,  334.94,  365.70,  370.29,  348.11,  351.44,  350.96, 1461.01, 1518.18, 1488.76, 1469.66, 1464.54, 1465.36, 1544.21, 1540.51,  7245.5, 169,  GPS,   11.5, 110.60, 116.50, 119.000, 121.500,  0.000,       ,  25.72, -70.8,   26.2,   11.6,  -14.2,      1,   GPS,    ALT,  -0.0,   0.2, -19.7, 3DDiff, 3704,      ,     14,  22.5,     19
2018-08-27, 17:25:33,  -04:00,    GDM,   42.1098824,  -72.0320511,  7000.4, 30.03,  7342.5,  17.5, 146.36, 158.07,  -26.34,   0.23,  -0.05,   0.00,  -0.00,   3.4,  11.7,  27.7,  28.8,   1.7,  25.53,  25.43,    16.12,  191.05,   52.33,  30.37, 2482.8,    0.74,  334.89,  365.70,  370.26,  348.08,  351.53,  350.95, 1460.74, 1519.15, 1488.27, 1468.98, 1465.52, 1464.70, 1544.13, 1540.95,  7244.8, 169,  GPS,   11.5, 110.60, 116.50, 119.000, 121.500,  0.000,       ,  25.74, -70.8,   26.2,   11.6,  -14.2,      1,   GPS,    ALT,  -0.0,   0.2, -27.6, 3DDiff, 3704,      ,     13,  21.5,     19
2018-08-27, 17:25:34,  -04:00,    GDM,   42.1106110,  -72.0320892,  7000.4, 30.03,  7342.5,  17.5, 146.35, 158.09,  -33.93,   0.30,  -0.05,   0.01,   0.01,   3.4,  11.7,  27.7,  28.8,   1.7,  25.53,  25.42,    16.09,  191.03,   52.38,  30.34, 2484.9,    0.74,  334.87,  365.67,  370.25,  348.03,  351.62,  350.92, 1461.17, 1519.32, 1489.40, 1468.96, 1465.23, 1464.99, 1543.98, 1541.83,  7244.8, 169,  GPS,   11.5, 110.60, 116.50, 119.000, 121.500,  0.000,       ,  25.76, -70.9,   26.1,   11.6,  -14.2,      1,   GPS,    ALT,  -0.0,   0.3, -23.6, 3DDiff, 3704,      ,     13,  21.5,     19
2018-08-27, 17:25:35,  -04:00,    GDM,   42.1113434,  -72.0321350,  7000.4, 30.03,  7342.3,  17.5, 146.40, 158.11,  -18.53,   0.34,  -0.04,  -0.00,   0.00,   3.4,  11.7,  27.7,  28.8,   1.7,  25.53,  25.42,    16.04,  191.04,   52.37,  30.31, 2487.0,    0.74,  334.84,  365.64,  370.20,  348.00,  351.68,  350.91, 1460.27, 1518.77, 1489.08, 1468.21, 1465.58, 1464.65, 1543.09, 1541.07,  7244.6, 169,  GPS,   11.5, 110.60, 116.50, 119.000, 121.500,  0.000,       ,  25.77, -70.9,   26.1,   11.6,  -14.2,      1,   GPS,    ALT,  -0.0,   0.3,  -7.9, 3DDiff, 3704,      ,     14,  21.5,     19
2018-08-27, 17:25:36,  -04:00,    GDM,   42.1120720,  -72.0321808,  6999.4, 30.03,  7342.2,  17.5, 146.28, 158.09,  -46.08,   0.40,  -0.04,  -0.00,   0.00,   3.5,  11.7,  27.7,  28.8,   1.6,  25.52,  25.42,    16.09,  191.03,   52.39,  30.33, 2486.2,    0.74,  334.79,  365.63,  370.17,  347.96,  351.72,  350.89, 1459.89, 1518.44, 1489.20, 1468.72, 1465.93, 1464.85, 1543.61, 1540.83,  7244.5, 169,  GPS,   11.5, 110.60, 116.50, 119.000, 121.500,  0.000,       ,  25.79, -71.0,   26.0,   11.6,  -14.2,      1,   GPS,    ALT,  -0.0,   0.3,   0.0, 3DDiff, 3704,      ,     14,  22.0,     20
2018-08-27, 17:25:37,  -04:00,    GDM,   42.1128044,  -72.0322189,  6999.4, 30.03,  7342.3,  17.5, 146.27, 158.02,  -36.41,   0.45,   0.05,   0.01,   0.00,   3.5,  11.7,  27.7,  28.8,   1.7,  25.52,  25.42,    15.98,  191.02,   52.52,  30.27, 2484.3,    0.74,  334.76,  365.58,  370.13,  347.93,  351.74,  350.86, 1459.96, 1517.77, 1488.93, 1469.40, 1465.87, 1465.40, 1543.37, 1540.78,  7244.6, 169,  GPS,   11.5, 110.60, 116.50, 119.000, 121.500,  0.000,       ,  25.80, -71.0,   26.0,   11.6,  -14.2,      1,   GPS,    ALT,  -0.0,   0.4,   7.9, 3DDiff, 3704,      ,     14,  22.0,     20
2018-08-27, 17:25:38,  -04:00,    GDM,   42.1135330,  -72.0322647,  7000.4, 30.03,  7343.7,  17.5, 146.23, 157.90,   10.20,   0.45,   0.03,   0.00,  -0.00,   3.6,  11.7,  27.7,  28.8,   1.7,  25.50,  25.44,    16.05,  191.01,   52.39,  30.27, 2485.6,    0.74,  334.71,  365.55,  370.08,  347.87,  351.75,  350.83, 1459.33, 1517.34, 1488.90, 1469.73, 1465.82, 1464.99, 1543.38, 1540.83,  7246.0, 169,  GPS,   11.5, 110.60, 116.50, 119.000, 121.500,  0.000,       ,  25.81, -71.0,   26.0,   11.6,  -14.2,      1,   GPS,    ALT,  -0.0,   0.4,  15.7, 3DDiff, 3704,      ,     14,  22.5,     19
2018-08-27, 17:25:39,  -04:00,    GDM,   42.1142654,  -72.0323105,  7001.4, 30.03,  7343.9,  17.5, 146.15, 157.76,   24.64,   0.40,   0.02,  -0.00,  -0.01,   3.6,  11.7,  27.7,  28.8,   1.7,  25.47,  25.46,    16.09,  191.02,   52.33,  30.27, 2485.5,    0.74,  334.70,  365.52,  370.05,  347.84,  351.75,  350.83, 1459.20, 1517.41, 1489.00, 1469.81, 1465.81, 1465.64, 1543.17, 1540.87,  7246.3, 169,  GPS,   11.5, 110.60, 116.50, 119.000, 121.500,  0.000,       ,  25.82, -71.1,   25.9,   11.6,  -14.2,      1,   GPS,    ALT,  -0.0,   0.4,   3.9, 3DDiff, 3704,      ,     13,  21.5,     19
2018-08-27, 17:25:40,  -04:00,    GDM,   42.1149979,  -72.0323410,  7000.4, 30.03,  7343.7,  17.5, 146.05, 157.67,   12.08,   0.38,  -0.04,   0.01,  -0.01,   3.5,  11.8,  27.7,  28.8,   1.7,  25.44,  25.47,    16.12,  191.00,   52.22,  30.29, 2484.4,    0.74,  334.64,  365.51,  370.00,  347.81,  351.75,  350.80, 1458.14, 1517.59, 1489.81, 1469.86, 1465.77, 1466.43, 1543.64, 1540.88,  7246.0, 169,  GPS,   11.5, 110.60, 116.50, 119.000, 121.500,  0.000,       ,  25.83, -71.1,   25.9,   11.6,  -14.2,      1,   GPS,    ALT,  -0.0,   0.4, -11.8, 3DDiff, 3704,      ,     13,  21.5,     19
2018-08-27, 17:25:41,  -04:00,    GDM,   42.1157265,  -72.0323944,  7000.4, 30.03,  7343.4,  17.5, 146.00, 157.59,   -3.85,   0.43,  -0.07,  -0.00,   0.01,   3.5,  11.8,  27.7,  28.8,   1.7,  25.41,  25.48,    16.08,  190.99,   52.48,  30.27, 2486.0,    0.74,  334.61,  365.46,  369.96,  347.75,  351.74,  350.77, 1457.78, 1517.47, 1489.59, 1470.42, 1466.05, 1466.45, 1543.67, 1540.97,  7245.7, 169,  GPS,   11.5, 110.60, 116.50, 119.000, 121.500,  0.000,       ,  25.83, -71.1,   25.8,   11.6,  -14.2,      1,   GPS,    ALT,  -0.0,   0.4, -23.6, 3DDiff, 3704,      ,     14,  21.5,     19
2018-08-27, 17:25:42,  -04:00,    GDM,   42.1164551,  -72.0324326,  7001.4, 30.03,  7343.1,  17.5, 146.03, 157.51,    3.26,   0.44,  -0.13,  -0.00,   0.00,   3.5,  11.8,  27.7,  28.8,   1.7,  25.40,  25.48,    15.98,  190.99,   52.22,  30.27, 2485.7,    0.74,  334.57,  365.44,  369.95,  347.72,  351.71,  350.72, 1457.63, 1516.93, 1489.26, 1469.72, 1466.90, 1466.46, 1543.08, 1540.95,  7245.4, 169,  GPS,   11.5, 110.60, 116.50, 119.000, 121.500,  0.000,       ,  25.83, -71.2,   25.8,   11.6,  -14.2,      1,   GPS,    ALT,  -0.1,   0.4, -19.7, 3DDiff, 3704,      ,     14,  22.0,     20
2018-08-27, 17:25:43,  -04:00,    GDM,   42.1171837,  -72.0324707,  7001.4, 30.03,  7342.9,  17.5, 146.04, 157.45,   18.31,   0.38,  -0.14,   0.00,  -0.02,   3.5,  11.8,  27.7,  28.8,   1.7,  25.39,  25.48,    16.03,  190.97,   52.08,  30.26, 2486.2,    0.74,  334.52,  365.41,  369.90,  347.69,  351.69,  350.68, 1457.28, 1517.58, 1489.41, 1469.93, 1466.86, 1466.25, 1543.46, 1540.87,  7245.2, 169,  GPS,   11.5, 110.60, 116.50, 119.000, 121.500,  0.000,       ,  25.83, -71.2,   25.7,   11.6,  -14.2,      1,   GPS,    ALT,  -0.1,   0.4, -15.7, 3DDiff, 3704,      ,     14,  22.0,     20
2018-08-27, 17:25:44,  -04:00,    GDM,   42.1179085,  -72.0325165,  7000.4, 30.03,  7341.3,  17.5, 145.97, 157.37,  -14.76,   0.40,  -0.13,   0.00,   0.00,   3.5,  11.8,  27.7,  28.8,   1.7,  25.39,  25.47,    16.08,  190.97,   52.09,  30.26, 2484.2,    0.74,  334.48,  365.38,  369.87,  347.65,  351.60,  350.65, 1457.20, 1517.82, 1490.00, 1469.88, 1467.68, 1465.93, 1543.48, 1541.58,  7243.6, 169,  GPS,   11.5, 110.60, 116.50, 119.000, 121.500,  0.000,       ,  25.83, -71.2,   25.7,   11.6,  -14.2,      1,   GPS,    ALT,  -0.1,   0.4, -31.5, 3DDiff, 3704,      ,     14,  22.5,     19
2018-08-27, 17:25:45,  -04:00,    GDM,   42.1186371,  -72.0325470,  7000.4, 30.03,  7340.6,  17.5, 146.01, 157.30,  -24.04,   0.44,  -0.11,  -0.00,   0.01,   3.5,  11.8,  27.7,  28.8,   1.7,  25.40,  25.46,    16.08,  190.95,   52.14,  30.28, 2483.6,    0.74,  334.46,  365.37,  369.83,  347.59,  351.57,  350.62, 1457.64, 1518.25, 1489.56, 1470.16, 1467.23, 1466.25, 1543.76, 1541.36,  7243.0, 169,  GPS,   11.5, 110.60, 116.50, 119.000, 121.500, -0.000,       ,  25.84, -71.2,   25.7,   11.6,  -14.2,      1,   GPS,    ALT,  -0.1,   0.4, -27.6, 3DDiff, 3704,      ,     13,  21.5,     19
2018-08-27, 17:25:46,  -04:00,    GDM,   42.1193581,  -72.0325928,  6999.4, 30.03,  7340.7,  17.5, 145.91, 157.20,  -30.73,   0.45,  -0.09,  -0.01,  -0.00,   3.4,  11.8,  27.7,  28.8,   1.7,  25.41,  25.45,    16.03,  190.93,   52.28,  30.27, 2485.2,    0.74,  334.44,  365.36,  369.79,  347.53,  351.50,  350.58, 1457.80, 1518.19, 1490.25, 1470.35, 1466.36, 1466.53, 1543.40, 1541.64,  7243.0, 169,  GPS,   11.5, 110.60, 116.50, 119.000, 121.500, -0.000,       ,  25.85, -71.2,   25.6,   11.6,  -14.2,      1,   GPS,    ALT,  -0.1,   0.4, -19.7, 3DDiff, 3704,      ,     13,  21.5,     19
2018-08-27, 17:25:47,  -04:00,    GDM,   42.1200905,  -72.0326385,  6999.4, 30.03,  7340.4,  17.5, 145.81, 157.12,  -38.69,   0.48,  -0.12,   0.00,   0.00,   3.4,  11.8,  27.7,  28.8,   1.7,  25.42,  25.43,    16.05,  190.93,   52.24,  30.30, 2481.2,    0.74,  334.37,  365.33,  369.76,  347.50,  351.44,  350.50, 1458.92, 1518.82, 1490.12, 1472.14, 1465.61, 1467.60, 1544.50, 1541.78,  7242.7, 168,  GPS,   11.5, 110.60, 116.50, 119.000, 121.500, -0.000,       ,  25.85, -71.3,   25.6,   11.6,  -14.2,      1,   GPS,    ALT,  -0.1,   0.5, -15.7, 3DDiff, 3704,      ,     14,  21.5,     19
2018-08-27, 17:25:48,  -04:00,    GDM,   42.1208153,  -72.0326767,  6999.4, 30.03,  7340.3,  17.5, 145.81, 157.02,  -27.37,   0.52,  -0.12,   0.00,   0.01,   3.4,  11.8,  27.7,  28.8,   1.7,  25.43,  25.42,    16.04,  190.94,   52.17,  30.25, 2484.5,    0.74,  334.33,  365.32,  369.71,  347.45,  351.36,  350.44, 1458.66, 1518.19, 1491.06, 1471.31, 1464.98, 1466.63, 1543.90, 1540.65,  7242.6, 168,  GPS,   11.5, 110.60, 116.50, 119.000, 121.500, -0.000,       ,  25.87, -71.3,   25.5,   11.6,  -14.2,      1,   GPS,    ALT,  -0.1,   0.5,  -3.9, 3DDiff, 3704,      ,     14,  21.5,     20
2018-08-27, 17:25:49,  -04:00,    GDM,   42.1215439,  -72.0327225,  7000.4, 30.03,  7340.3,  17.5, 145.79, 156.93,   -2.77,   0.51,  -0.09,   0.00,   0.00,   3.4,  11.7,  27.7,  28.8,   1.7,  25.44,  25.41,    16.06,  190.94,   52.34,  30.26, 2485.5,    0.74,  334.28,  365.30,  369.65,  347.43,  351.29,  350.40, 1459.54, 1517.62, 1490.29, 1471.16, 1466.24, 1465.79, 1543.18, 1541.15,  7242.6, 168,  GPS,   11.5, 110.60, 116.50, 119.000, 121.500, -0.000,       ,  25.88, -71.3,   25.5,   11.6,  -14.2,      1,   GPS,    ALT,  -0.1,   0.5,   0.0, 3DDiff, 3704,      ,     14,  22.0,     20
2018-08-27, 17:25:50,  -04:00,    GDM,   42.1222687,  -72.0327682,  6999.4, 30.03,  7341.6,  17.5, 145.64, 156.85,   -3.44,   0.45,  -0.05,   0.00,  -0.02,   3.4,  11.7,  27.7,  28.8,   1.7,  25.44,  25.40,    16.12,  190.95,   52.34,  30.29, 2485.2,    0.74,  334.24,  365.29,  369.62,  347.36,  351.20,  350.37, 1460.41, 1518.45, 1490.69, 1471.06, 1466.25, 1466.61, 1543.70, 1541.68,  7243.9, 168,  GPS,   11.5, 110.60, 116.50, 119.000, 121.500, -0.000,       ,  25.89, -71.3,   25.4,   11.6,  -14.2,      1,   GPS,    ALT,  -0.1,   0.5,  -3.9, 3DDiff, 3704,      ,     14,  22.5,     19
2018-08-27, 17:25:51,  -04:00,    GDM,   42.1229935,  -72.0327988,  6999.4, 30.03,  7341.7,  17.5, 145.56, 156.77,  -15.07,   0.51,  -0.02,   0.00,   0.01,   3.4,  11.8,  27.7,  28.8,   1.7,  25.44,  25.39,    16.15,  190.95,   52.32,  30.28, 2485.7,    0.74,  334.21,  365.26,  369.57,  347.34,  351.11,  350.31, 1460.30, 1518.27, 1491.06, 1470.40, 1465.46, 1466.99, 1543.30, 1541.67,  7244.1, 168,  GPS,   11.5, 110.60, 116.50, 119.000, 121.500, -0.000,       ,  25.90, -71.3,   25.4,   11.6,  -14.2,      1,   GPS,    ALT,  -0.0,   0.5, -15.7, 3DDiff, 3704,      ,     13,  21.5,     19
2018-08-27, 17:25:52,  -04:00,    GDM,   42.1237183,  -72.0328522,  7000.4, 30.03,  7340.9,  17.5, 145.55, 156.69,   -7.42,   0.53,  -0.02,  -0.00,   0.00,   3.4,  11.8,  27.7,  28.8,   1.7,  25.44,  25.39,    16.11,  190.95,   52.29,  30.27, 2484.2,    0.74,  334.17,  365.21,  369.53,  347.29,  350.99,  350.26, 1460.30, 1518.00, 1491.54, 1469.34, 1465.14, 1466.56, 1542.79, 1541.36,  7243.2, 168,  GPS,   11.5, 110.60, 116.50, 119.000, 121.500, -0.000,       ,  25.92, -71.3,   25.3,   11.6,  -14.2,      1,   GPS,    ALT,  -0.0,   0.5,  -3.9, 3DDiff, 3704,      ,     13,  21.5,     19
2018-08-27, 17:25:53,  -04:00,    GDM,   42.1244392,  -72.0328903,  6999.4, 30.03,  7341.0,  17.5, 145.41, 156.62,   -5.91,   0.49,  -0.05,  -0.00,  -0.01,   3.4,  11.8,  27.7,  28.8,   1.7,  25.44,  25.39,    15.97,  190.93,   52.41,  30.22, 2485.2,    0.74,  334.12,  365.21,  369.47,  347.23,  350.90,  350.22, 1459.25, 1517.12, 1489.49, 1468.68, 1464.57, 1465.80, 1542.53, 1539.59,  7243.3, 168,  GPS,   11.5, 110.60, 116.50, 119.000, 121.500, -0.000,       ,  25.93, -71.2,   25.3,   11.6,  -14.2,      1,   GPS,    ALT,  -0.1,   0.5,   0.0, 3DDiff, 3704,      ,     14,  21.5,     19
2018-08-27, 17:25:54,  -04:00,    GDM,   42.1251640,  -72.0329285,  6999.4, 30.03,  7341.1,  17.5, 145.38, 156.50,  -13.17,   0.52,  -0.04,   0.01,  -0.00,   3.4,  11.8,  27.7,  28.8,   1.7,  25.44,  25.39,    15.83,  190.94,   52.22,  30.18, 2483.4,    0.73,  334.07,  365.20,  369.41,  347.20,  350.81,  350.20, 1456.79, 1516.10, 1487.36, 1467.81, 1463.44, 1464.83, 1540.96, 1537.36,  7243.4, 168,  GPS,   11.5, 110.60, 116.50, 119.000, 121.500, -0.000,       ,  25.95, -71.2,   25.3,   11.6,  -14.2,      1,   GPS,    ALT,  -0.1,   0.5,   3.9, 3DDiff, 3704,      ,     14,  21.5,     20
2018-08-27, 17:25:55,  -04:00,    GDM,   42.1258888,  -72.0329742,  7000.4, 30.03,  7341.2,  17.5, 145.28, 156.40,    1.28,   0.51,  -0.07,   0.00,   0.00,   3.5,  11.8,  27.7,  28.8,   1.7,  25.43,  25.39,    15.89,  190.94,   52.15,  30.19, 2486.2,    0.73,  334.03,  365.15,  369.37,  347.14,  350.71,  350.13, 1456.65, 1515.44, 1485.25, 1467.73, 1462.65, 1464.73, 1540.53, 1536.72,  7243.5, 168,  GPS,   11.5, 110.60, 116.50, 119.000, 121.500, -0.000,       ,  25.96, -71.2,   25.2,   11.6,  -14.2,      1,   GPS,    ALT,  -0.1,   0.5,   3.9, 3DDiff, 3704,      ,     14,  22.0,     20
2018-08-27, 17:25:56,  -04:00,    GDM,   42.1266098,  -72.0330048,  7000.4, 30.03,  7339.5,  17.5, 145.28, 156.30,   13.27,   0.48,  -0.12,  -0.00,  -0.00,   3.5,  11.8,  27.7,  28.8,   1.7,  25.41,  25.40,    15.88,  190.94,   52.23,  30.20, 2486.7,    0.73,  334.00,  365.15,  369.30,  347.08,  350.62,  350.10, 1456.95, 1515.39, 1486.30, 1467.17, 1461.78, 1464.70, 1540.80, 1536.99,  7241.9, 168,  GPS,   11.5, 110.60, 116.50, 119.000, 121.500, -0.001,       ,  25.98, -71.2,   25.2,   11.6,  -14.2,      1,   GPS,    ALT,  -0.1,   0.5,   3.9, 3DDiff, 3704,      ,     14,  22.5,     19
2018-08-27, 17:25:57,  -04:00,    GDM,   42.1273384,  -72.0330505,  7000.4, 30.03,  7339.2,  17.5, 145.15, 156.23,    7.20,   0.48,  -0.09,  -0.00,  -0.02,   3.5,  11.8,  27.7,  28.8,   1.7,  25.39,  25.40,    15.85,  190.95,   52.18,  30.22, 2485.6,    0.73,  333.96,  365.14,  369.25,  347.02,  350.52,  350.06, 1456.09, 1515.63, 1485.59, 1466.63, 1461.74, 1464.82, 1540.67, 1536.27,  7241.5, 168,  GPS,   11.5, 110.60, 116.50, 119.000, 121.500, -0.001,       ,  25.99, -71.2,   25.1,   11.6,  -14.2,      1,   GPS,    ALT,  -0.1,   0.5,  -3.9, 3DDiff, 3704,      ,     13,  21.5,     19
2018-08-27, 17:25:58,  -04:00,    GDM,   42.1280556,  -72.0330887,  7000.4, 30.03,  7339.8,  17.5, 145.05, 156.13,   -5.92,   0.51,  -0.10,   0.01,   0.00,   3.5,  11.8,  27.7,  28.8,   1.7,  25.38,  25.41,    15.89,  190.96,   52.53,  30.20, 2485.6,    0.73,  333.91,  365.11,  369.19,  346.96,  350.38,  349.98, 1455.87, 1515.10, 1484.89, 1465.87, 1461.79, 1464.06, 1539.57, 1536.26,  7242.1, 168,  GPS,   11.5, 110.60, 116.50, 119.000, 121.500, -0.001,       ,  26.00, -71.2,   25.1,   11.6,  -14.2,      1,   GPS,    ALT,  -0.1,   0.5, -11.8, 3DDiff, 3704,      ,     13,  21.0,     19
2018-08-27, 17:25:59,  -04:00,    GDM,   42.1287766,  -72.0331268,  6999.4, 30.03,  7339.6,  17.5, 144.99, 156.07,  -13.81,   0.52,  -0.10,  -0.00,  -0.00,   3.5,  11.8,  27.7,  28.8,   1.7,  25.37,  25.42,    15.92,  190.97,   52.36,  30.20, 2484.4,    0.73,  333.87,  365.09,  369.10,  346.92,  350.32,  349.92, 1455.20, 1514.11, 1484.09, 1465.94, 1460.20, 1463.39, 1539.01, 1535.61,  7241.9, 168,  GPS,   11.5, 110.60, 116.50, 119.000, 121.500, -0.001,       ,  26.01, -71.1,   25.0,   11.6,  -14.2,      1,   GPS,    ALT,  -0.1,   0.5,  -3.9, 3DDiff, 3704,      ,     14,  21.5,     19
2018-08-27, 17:26:00,  -04:00,    GDM,   42.1294975,  -72.0331726,  6998.4, 30.03,  7339.4,  17.5, 144.81, 155.99,  -47.33,   0.56,  -0.10,  -0.00,   0.00,   3.5,  11.8,  27.7,  28.8,   1.7,  25.36,  25.43,    15.95,  190.99,   52.15,  30.18, 2485.8,    0.74,  333.82,  365.05,  369.04,  346.86,  350.20,  349.86, 1454.70, 1513.12, 1483.71, 1465.69, 1459.12, 1461.86, 1538.27, 1534.51,  7241.7, 167,  GPS,   11.5, 110.60, 116.50, 119.000, 121.500, -0.001,       ,  26.02, -71.1,   25.0,   11.6,  -14.2,      1,   GPS,    ALT,  -0.1,   0.5,  -3.9, 3DDiff, 3704,      ,     14,  21.5,     20
2018-08-27, 17:26:01,  -04:00,    GDM,   42.1302185,  -72.0332108,  6999.4, 30.03,  7339.6,  17.5, 144.87, 155.90,  -14.85,   0.62,  -0.12,   0.00,   0.01,   3.5,  11.8,  27.7,  28.8,   1.7,  25.35,  25.44,    15.88,  190.99,   52.44,  30.24, 2486.2,    0.73,  333.77,  365.02,  368.97,  346.80,  350.07,  349.79, 1454.54, 1513.95, 1484.33, 1464.37, 1459.01, 1461.54, 1537.97, 1534.68,  7241.9, 167,  GPS,   11.5, 110.60, 116.50, 119.000, 121.500, -0.001,       ,  26.02, -71.1,   25.0,   11.6,  -14.2,      1,   GPS,    ALT,  -0.1,   0.6,   7.9, 3DDiff, 3704,      ,     14,  22.0,     20
2018-08-27, 17:26:02,  -04:00,    GDM,   42.1309433,  -72.0332489,  7000.4, 30.03,  7341.3,  17.5, 144.74, 155.82,    7.37,   0.58,  -0.12,   0.00,  -0.00,   3.4,  11.8,  27.7,  28.8,   1.7,  25.35,  25.44,    15.89,  190.98,   52.35,  30.24, 2483.7,    0.73,  333.74,  365.00,  368.89,  346.74,  349.98,  349.74, 1454.15, 1513.71, 1483.39, 1465.80, 1459.42, 1462.72, 1538.85, 1533.84,  7243.6, 167,  GPS,   11.5, 110.60, 116.50, 119.000, 121.500, -0.001,       ,  26.03, -71.1,   24.9,   11.6,  -14.2,      1,   GPS,    ALT,  -0.1,   0.6,  23.6, 3DDiff, 3704,      ,     14,  22.5,     19
2018-08-27, 17:26:03,  -04:00,    GDM,   42.1316643,  -72.0332947,  7000.4, 30.03,  7341.8,  17.5, 144.62, 155.74,    9.43,   0.55,  -0.12,  -0.00,  -0.01,   3.5,  11.8,  27.7,  28.8,   1.7,  25.35,  25.44,    15.93,  190.99,   52.43,  30.24, 2484.3,    0.73,  333.69,  364.97,  368.82,  346.68,  349.86,  349.67, 1453.96, 1513.51, 1483.09, 1466.26, 1459.66, 1462.47, 1538.99, 1533.97,  7244.1, 167,  GPS,   11.5, 110.60, 116.50, 119.000, 121.500, -0.001,       ,  26.03, -71.0,   24.9,   11.6,  -14.2,      1,   GPS,    ALT,  -0.1,   0.6,  15.7, 3DDiff, 3704,      ,     13,  21.5,     19
2018-08-27, 17:26:04,  -04:00,    GDM,   42.1323853,  -72.0333405,  7000.4, 30.03,  7341.1,  17.5, 144.55, 155.66,    5.37,   0.54,  -0.11,   0.00,  -0.00,   3.4,  11.8,  27.7,  28.8,   1.7,  25.34,  25.44,    15.91,  191.00,   52.36,  30.22, 2485.3,    0.73,  333.66,  364.94,  368.76,  346.64,  349.73,  349.63, 1454.74, 1512.71, 1483.38, 1466.28, 1460.13, 1461.19, 1538.54, 1534.14,  7243.4, 167,  GPS,   11.5, 110.60, 116.50, 119.000, 121.500, -0.001,       ,  26.04, -71.0,   24.8,   11.6,  -14.2,      1,   GPS,    ALT,  -0.1,   0.6,   7.9, 3DDiff, 3704,      ,     13,  21.0,     19
2018-08-27, 17:26:05,  -04:00,    GDM,   42.1331062,  -72.0333786,  7001.4, 30.03,  7341.2,  17.5, 144.51, 155.59,   12.75,   0.53,  -0.15,   0.00,   0.00,   3.4,  11.8,  27.7,  28.8,   1.7,  25.34,  25.44,    15.88,  190.99,   52.19,  30.20, 2484.9,    0.73,  333.63,  364.92,  368.67,  346.58,  349.59,  349.58, 1454.06, 1512.45, 1482.90, 1466.61, 1460.57, 1460.66, 1538.25, 1533.69,  7243.5, 167,  GPS,   11.5, 110.60, 116.50, 119.000, 121.500, -0.001,       ,  26.04, -71.0,   24.8,   11.6,  -14.2,      1,   GPS,    ALT,  -0.1,   0.5,   7.9, 3DDiff, 3704,      ,     14,  21.5,     19
2018-08-27, 17:26:06,  -04:00,    GDM,   42.1338196,  -72.0334167,  7001.4, 30.03,  7341.1,  17.5, 144.46, 155.49,   15.91,   0.49,  -0.12,  -0.00,  -0.01,   3.4,  11.8,  27.7,  28.8,   1.7,  25.34,  25.44,    15.76,  191.01,   52.24,  30.17, 2478.5,    0.73,  333.58,  364.90,  368.61,  346.48,  349.49,  349.52, 1453.07, 1512.32, 1482.40, 1465.24, 1458.61, 1459.38, 1537.26, 1532.56,  7243.5, 167,  GPS,   11.5, 110.60, 116.50, 119.000, 121.500, -0.001,       ,  26.04, -71.0,   24.7,   11.6,  -14.2,      1,   GPS,    ALT,  -0.1,   0.5,   0.0, 3DDiff, 3704,      ,     14,  21.5,     20
2018-08-27, 17:26:07,  -04:00,    GDM,   42.1345406,  -72.0334549,  7000.4, 30.03,  7340.9,  17.5, 144.20, 155.41,   -5.11,   0.48,  -0.14,   0.00,  -0.01,   3.4,  11.8,  27.7,  28.8,   1.7,  25.33,  25.44,    15.79,  191.02,   52.32,  30.20, 2479.9,    0.73,  333.52,  364.85,  368.50,  346.41,  349.37,  349.46, 1452.56, 1510.74, 1481.54, 1464.33, 1457.97, 1459.78, 1535.94, 1531.96,  7243.2, 167,  GPS,   11.5, 110.60, 116.50, 119.000, 121.500, -0.001,       ,  26.04, -71.0,   24.7,   11.6,  -14.2,      1,   GPS,    ALT,  -0.1,   0.5, -11.8, 3DDiff, 3704,      ,     14,  21.5,     20
2018-08-27, 17:26:08,  -04:00,    GDM,   42.1352615,  -72.0335007,  7000.4, 30.03,  7339.3,  17.5, 144.19, 155.35,   -6.39,   0.52,  -0.13,   0.00,   0.00,   3.4,  11.8,  27.7,  28.8,   1.7,  25.33,  25.44,    15.78,  191.04,   52.33,  30.18, 2484.0,    0.73,  333.50,  364.84,  368.43,  346.35,  349.24,  349.40, 1451.81, 1510.41, 1481.51, 1463.56, 1457.56, 1459.88, 1535.51, 1531.70,  7241.6, 167,  GPS,   11.5, 110.60, 116.50, 119.000, 121.500, -0.001,       ,  26.05, -70.9,   24.7,   11.6,  -14.2,      1,   GPS,    ALT,  -0.1,   0.5, -15.7, 3DDiff, 3704,      ,     14,  22.0,     19
2018-08-27, 17:26:09,  -04:00,    GDM,   42.1359749,  -72.0335388,  7000.4, 30.03,  7338.7,  17.5, 144.09, 155.29,   -5.96,   0.51,  -0.10,  -0.00,  -0.01,   3.4,  11.8,  27.7,  28.8,   1.7,  25.33,  25.44,    15.72,  191.04,   52.27,  30.19, 2485.2,    0.72,  333.45,  364.78,  368.33,  346.28,  349.09,  349.36, 1451.42, 1509.82, 1480.14, 1462.64, 1457.44, 1459.18, 1534.49, 1530.55,  7241.0, 166,  GPS,   11.5, 110.60, 116.50, 119.000, 121.500, -0.001,       ,  26.05, -70.9,   24.6,   11.6,  -14.2,      1,   GPS,    ALT,  -0.1,   0.5, -11.8, 3DDiff, 3704,      ,     13,  21.0,     19
2018-08-27, 17:26:10,  -04:00,    GDM,   42.1366959,  -72.0335770,  6999.4, 30.03,  7339.1,  17.5, 143.98, 155.22,  -26.13,   0.53,  -0.16,   0.00,  -0.00,   3.4,  11.8,  27.7,  28.8,   1.7,  25.33,  25.44,    15.76,  191.07,   52.39,  30.24, 2484.4,    0.73,  333.39,  364.76,  368.27,  346.20,  348.98,  349.27, 1450.44, 1509.30, 1479.19, 1462.69, 1457.53, 1459.60, 1534.51, 1529.72,  7241.4, 166,  GPS,   11.5, 110.60, 116.50, 119.000, 121.500, -0.001,       ,  26.05, -70.9,   24.6,   11.6,  -14.2,      1,   GPS,    ALT,  -0.1,   0.5, -15.7, 3DDiff, 3704,      ,     13,  21.0,     19
2018-08-27, 17:26:11,  -04:00,    GDM,   42.1374130,  -72.0336227,  7000.4, 30.03,  7338.8,  17.5, 144.02, 155.16,  -19.26,   0.55,  -0.20,   0.00,  -0.01,   3.4,  11.7,  27.7,  28.8,   1.7,  25.32,  25.44,    15.77,  191.07,   52.44,  30.22, 2486.4,    0.73,  333.34,  364.74,  368.18,  346.11,  348.82,  349.21, 1451.04, 1508.07, 1479.39, 1462.66, 1458.34, 1458.96, 1533.71, 1531.00,  7241.1, 166,  GPS,   11.5, 110.60, 116.50, 119.000, 121.500, -0.001,       ,  26.05, -70.9,   24.5,   11.6,  -14.2,      1,   GPS,    ALT,  -0.1,   0.6, -15.7, 3DDiff, 3704,      ,     14,  21.0,     19
2018-08-27, 17:26:12,  -04:00,    GDM,   42.1381302,  -72.0336533,  6999.4, 30.03,  7338.5,  17.5, 143.86, 155.10,  -36.90,   0.60,  -0.15,   0.00,   0.02,   3.3,  11.7,  27.7,  28.8,   1.7,  25.32,  25.44,    15.80,  191.07,   52.30,  30.23, 2484.7,    0.73,  333.33,  364.69,  368.09,  346.05,  348.71,  349.12, 1450.47, 1507.44, 1479.35, 1462.65, 1457.87, 1458.99, 1533.82, 1530.80,  7240.8, 166,  GPS,   11.5, 110.60, 116.50, 119.000, 121.500, -0.001,       ,  26.04, -70.9,   24.5,   11.6,  -14.2,      1,   GPS,    ALT,  -0.1,   0.6, -11.8, 3DDiff, 3704,      ,     14,  21.5,     20
2018-08-27, 17:26:13,  -04:00,    GDM,   42.1388474,  -72.0337067,  6999.4, 30.03,  7338.4,  17.5, 143.94, 155.02,  -23.51,   0.65,  -0.12,  -0.00,   0.01,   3.3,  11.7,  27.7,  28.8,   1.7,  25.32,  25.44,    15.83,  191.08,   52.41,  30.27, 2482.7,    0.73,  333.27,  364.65,  367.97,  345.95,  348.57,  349.06, 1450.73, 1507.70, 1480.80, 1462.76, 1458.78, 1458.99, 1533.91, 1532.00,  7240.7, 166,  GPS,   11.5, 110.60, 116.50, 119.000, 121.500, -0.001,       ,  26.04, -70.9,   24.4,   11.6,  -14.2,      1,   GPS,    ALT,  -0.1,   0.6,   0.0, 3DDiff, 3704,      ,     14,  21.5,     20
2018-08-27, 17:26:14,  -04:00,    GDM,   42.1395645,  -72.0337448,  7000.4, 30.03,  7340.3,  17.5, 143.99, 154.92,    3.27,   0.66,  -0.18,   0.00,  -0.01,   3.3,  11.7,  27.7,  28.8,   1.7,  25.32,  25.44,    15.80,  191.06,   52.41,  30.26, 2482.1,    0.73,  333.23,  364.62,  367.90,  345.91,  348.43,  349.00, 1450.26, 1508.06, 1480.18, 1461.46, 1458.90, 1458.22, 1533.50, 1531.66,  7242.6, 166,  GPS,   11.5, 110.60, 116.50, 119.000, 121.500, -0.001,       ,  26.04, -70.9,   24.4,   11.6,  -14.2,      1,   GPS,    ALT,  -0.1,   0.6,  11.8, 3DDiff, 3704,      ,     14,  22.0,     19
2018-08-27, 17:26:15,  -04:00,    GDM,   42.1402817,  -72.0337830,  7000.4, 30.03,  7340.7,  17.5, 143.89, 154.83,    1.01,   0.63,  -0.07,   0.00,  -0.00,   3.3,  11.7,  27.7,  28.8,   1.7,  25.33,  25.43,    15.71,  191.06,   52.26,  30.20, 2485.1,    0.72,  333.20,  364.57,  367.81,  345.80,  348.30,  348.94, 1449.38, 1507.88, 1479.03, 1462.24, 1457.94, 1458.02, 1533.42, 1530.42,  7243.0, 166,  GPS,   11.5, 110.60, 116.50, 119.000, 121.500, -0.001,       ,  26.04, -70.9,   24.4,   11.6,  -14.2,      1,   GPS,    ALT,  -0.1,   0.6,   7.9, 3DDiff, 3704,      ,     13,  21.0,     19
2018-08-27, 17:26:16,  -04:00,    GDM,   42.1409988,  -72.0338364,  6999.4, 30.03,  7340.1,  17.5, 143.69, 154.77,  -11.90,   0.65,  -0.09,   0.00,   0.01,   3.3,  11.7,  27.7,  28.8,   1.7,  25.33,  25.43,    15.75,  191.05,   52.32,  30.18, 2483.5,    0.73,  333.14,  364.51,  367.69,  345.74,  348.15,  348.85, 1449.20, 1507.94, 1479.37, 1461.12, 1456.26, 1459.02, 1533.32, 1529.92,  7242.4, 166,  GPS,   11.5, 110.60, 116.50, 119.000, 121.500, -0.001,       ,  26.03, -70.9,   24.3,   11.6,  -14.2,      1,   GPS,    ALT,  -0.1,   0.6,  -3.9, 3DDiff, 3704,      ,     13,  21.0,     19
2018-08-27, 17:26:17,  -04:00,    GDM,   42.1417122,  -72.0338745,  7000.4, 30.03,  7340.1,  17.5, 143.72, 154.69,    6.57,   0.65,  -0.10,   0.00,  -0.01,   3.3,  11.7,  27.7,  28.8,   1.7,  25.32,  25.43,    15.81,  191.06,   52.12,  30.26, 2483.6,    0.73,  333.11,  364.48,  367.57,  345.67,  348.02,  348.81, 1449.67, 1508.11, 1478.64, 1460.97, 1456.37, 1458.30, 1532.91, 1530.16,  7242.4, 166,  GPS,   11.5, 110.60, 116.50, 119.000, 121.500, -0.001,       ,  26.03, -70.9,   24.3,   11.6,  -14.2,      1,   GPS,    ALT,  -0.1,   0.7,   0.0, 3DDiff, 3704,      ,     14,  21.0,     19
2018-08-27, 17:26:18,  -04:00,    GDM,   42.1424294,  -72.0339127,  7001.4, 30.03,  7340.0,  17.5, 143.62, 154.61,   17.41,   0.63,  -0.07,   0.00,  -0.01,   3.3,  11.7,  27.7,  28.8,   1.7,  25.33,  25.42,    15.80,  191.08,   52.35,  30.21, 2481.3,    0.73,  333.08,  364.44,  367.45,  345.59,  347.88,  348.75, 1449.12, 1507.47, 1479.29, 1460.36, 1456.64, 1458.65, 1532.58, 1530.19,  7242.3, 166,  GPS,   11.5, 110.60, 116.50, 119.000, 121.500, -0.001,       ,  26.03, -70.9,   24.2,   11.6,  -14.2,      1,   GPS,    ALT,  -0.1,   0.6,   0.0, 3DDiff, 3704,      ,     14,  21.5,     20
2018-08-27, 17:26:19,  -04:00,    GDM,   42.1431389,  -72.0339584,  7000.4, 30.03,  7339.9,  17.5, 143.46, 154.54,    2.45,   0.60,  -0.03,  -0.00,  -0.00,   3.3,  11.7,  27.7,  28.8,   1.7,  25.34,  25.42,    15.82,  191.06,   52.59,  30.19, 2486.0,    0.73,  333.02,  364.38,  367.32,  345.49,  347.78,  348.69, 1448.52, 1508.60, 1478.29, 1460.93, 1456.60, 1458.20, 1532.83, 1529.65,  7242.2, 166,  GPS,   11.5, 110.60, 116.50, 119.000, 121.500, -0.001,       ,  26.03, -70.9,   24.2,   11.6,  -14.2,      1,   GPS,    ALT,  -0.1,   0.6,  -7.9, 3DDiff, 3704,      ,     14,  22.0,     20
2018-08-27, 17:26:20,  -04:00,    GDM,   42.1438522,  -72.0339966,  7000.4, 30.03,  7337.7,  17.5, 143.54, 154.48,  -13.52,   0.59,  -0.09,  -0.01,  -0.01,   3.4,  11.7,  27.7,  28.8,   1.7,  25.33,  25.42,    15.80,  191.06,   52.36,  30.24, 2484.2,    0.73,  332.97,  364.35,  367.18,  345.46,  347.69,  348.60, 1448.49, 1508.22, 1478.57, 1460.87, 1456.88, 1457.76, 1532.46, 1529.95,  7240.3, 166,  GPS,   11.5, 110.60, 116.50, 119.000, 121.500, -0.001,       ,  26.02, -70.9,   24.1,   11.6,  -14.2,      1,   GPS,    ALT,  -0.1,   0.6, -15.7, 3DDiff, 3704,      ,     14,  22.5,     19
2018-08-27, 17:26:21,  -04:00,    GDM,   42.1445656,  -72.0340347,  6999.4, 30.03,  7337.1,  17.5, 143.39, 154.44,  -35.51,   0.57,  -0.13,   0.00,  -0.00,   3.3,  11.7,  27.7,  28.8,   1.7,  25.33,  25.42,    15.79,  191.06,   52.15,  30.26, 2486.7,    0.73,  332.93,  364.29,  367.05,  345.34,  347.53,  348.53, 1448.22, 1508.50, 1478.27, 1462.58, 1456.30, 1457.99, 1533.21, 1529.27,  7239.6, 166,  GPS,   11.5, 110.60, 116.50, 119.000, 121.500, -0.001,       ,  26.01, -70.9,   24.1,   11.6,  -14.2,      1,   GPS,    ALT,  -0.1,   0.6, -19.7, 3DDiff, 3704,      ,     13,  21.5,     19
2018-08-27, 17:26:22,  -04:00,    GDM,   42.1452789,  -72.0340805,  7000.4, 30.03,  7337.5,  17.5, 143.59, 154.38,  -14.74,   0.62,  -0.12,   0.00,   0.00,   3.3,  11.7,  27.7,  28.8,   1.7,  25.34,  25.42,    15.83,  191.07,   52.12,  30.27, 2483.5,    0.73,  332.88,  364.26,  366.89,  345.27,  347.42,  348.45, 1448.15, 1509.01, 1477.62, 1461.89, 1456.40, 1457.90, 1533.54, 1528.84,  7240.1, 166,  GPS,   11.5, 110.60, 116.50, 119.000, 121.500, -0.001,       ,  26.01, -70.9,   24.1,   11.6,  -14.2,      1,   GPS,    ALT,  -0.1,   0.7, -15.7, 3DDiff, 3704,      ,     13,  21.0,     19
2018-08-27, 17:26:23,  -04:00,    GDM,   42.1459961,  -72.0341263,  6999.4, 30.03,  7337.4,  17.5, 143.42, 154.32,  -30.49,   0.63,  -0.11,   0.00,   0.01,   3.3,  11.7,  27.7,  28.8,   1.7,  25.34,  25.41,    15.84,  191.08,   52.24,  30.19, 2485.1,    0.73,  332.82,  364.23,  366.72,  345.21,  347.29,  348.39, 1447.95, 1508.32, 1478.25, 1461.55, 1456.69, 1457.24, 1532.84, 1528.33,  7240.0, 166,  GPS,   11.5, 110.60, 116.50, 119.000, 121.500, -0.001,       ,  26.00, -70.9,   24.0,   11.6,  -14.2,      1,   GPS,    ALT,  -0.1,   0.6,  -7.9, 3DDiff, 3704,      ,     13,  21.5,     19
2018-08-27, 17:26:24,  -04:00,    GDM,   42.1467056,  -72.0341644,  6997.4, 30.03,  7337.3,  17.5, 143.27, 154.36,  -47.57,   0.66,  -0.08,   0.01,   0.00,   3.2,  11.7,  27.7,  28.8,   1.7,  25.33,  25.42,    15.82,  191.09,   52.28,  30.23, 2484.3,    0.73,  332.81,  364.20,  366.53,  345.12,  347.17,  348.30, 1447.26, 1507.78, 1478.50, 1460.81, 1455.53, 1456.15, 1531.90, 1527.85,  7239.9, 166,  GPS,   11.5, 110.60, 116.50, 119.000, 121.500, -0.001,       ,  26.00, -70.9,   24.0,   11.6,  -14.2,      1,   GPS,    ALT,  -0.1,   0.7,   0.0, 3DDiff, 3704,      ,     13,  21.5,     19
2018-08-27, 17:26:25,  -04:00,    GDM,   42.1474228,  -72.0342102,  6999.4, 30.03,  7337.6,  17.5, 143.39, 154.21,  -27.11,   0.70,  -0.09,   0.00,   0.02,   3.2,  11.7,  27.7,  28.8,   1.7,  25.32,  25.42,    15.70,  191.08,   52.47,  30.28, 2481.4,    0.72,  332.75,  364.16,  366.38,  345.03,  347.02,  348.21, 1448.24, 1508.72, 1478.85, 1459.40, 1455.35, 1456.75, 1532.49, 1528.60,  7240.1, 166,  GPS,   11.5, 110.60, 116.50, 119.000, 121.500, -0.001,       ,  25.99, -70.9,   23.9,   11.6,  -14.2,      1,   GPS,    ALT,  -0.1,   0.7,  15.7, 3DDiff, 3704,      ,     14,  21.5,     20
2018-08-27, 17:26:26,  -04:00,    GDM,   42.1481361,  -72.0342560,  6999.4, 30.03,  7339.8,  17.5, 143.28, 154.13,    1.92,   0.71,  -0.12,  -0.00,   0.00,   3.2,  11.7,  27.7,  28.8,   1.7,  25.31,  25.42,    15.82,  191.09,   52.54,  30.23, 2483.6,    0.73,  332.69,  364.11,  366.19,  344.97,  346.90,  348.15, 1449.25, 1509.01, 1479.61, 1458.72, 1456.60, 1456.37, 1532.81, 1529.87,  7242.4, 166,  GPS,   11.5, 110.60, 116.50, 119.000, 121.500, -0.001,       ,  25.99, -70.9,   23.9,   11.6,  -14.2,      1,   GPS,    ALT,  -0.1,   0.7,  31.5, 3DDiff, 3704,      ,     14,  22.0,     19
2018-08-27, 17:26:27,  -04:00,    GDM,   42.1488495,  -72.0342941,  7000.4, 30.03,  7340.7,  17.5, 143.40, 154.05,   23.70,   0.69,  -0.10,  -0.00,  -0.01,   3.2,  11.7,  27.7,  28.8,   1.7,  25.31,  25.42,    15.82,  191.07,   52.25,  30.26, 2485.3,    0.73,  332.66,  364.04,  365.98,  344.88,  346.80,  348.06, 1449.20, 1509.31, 1479.31, 1459.16, 1455.74, 1456.06, 1533.31, 1529.50,  7243.3, 166,  GPS,   11.5, 110.60, 116.50, 119.000, 121.500, -0.001,       ,  25.99, -70.9,   23.8,   11.6,  -14.2,      1,   GPS,    ALT,  -0.1,   0.7,  35.4, 3DDiff, 3704,      ,     13,  21.0,     19
2018-08-27, 17:26:28,  -04:00,    GDM,   42.1495628,  -72.0343399,  7001.4, 30.03,  7340.6,  17.5, 143.28, 153.97,   38.63,   0.65,  -0.11,   0.00,  -0.01,   3.1,  11.6,  27.7,  28.8,   1.7,  25.31,  25.42,    15.86,  191.07,   52.11,  30.28, 2482.5,    0.73,  332.60,  364.02,  365.79,  344.79,  346.66,  347.99, 1449.17, 1509.93, 1479.40, 1460.85, 1456.47, 1455.75, 1533.87, 1529.70,  7243.2, 166,  GPS,   11.5, 110.60, 116.50, 119.000, 121.500, -0.001,       ,  25.99, -70.9,   23.8,   11.6,  -14.2,      1,   GPS,    ALT,  -0.1,   0.6,  35.4, 3DDiff, 3704,      ,     13,  21.0,     19
2018-08-27, 17:26:29,  -04:00,    GDM,   42.1502724,  -72.0343781,  7000.4, 30.03,  7340.9,  17.5, 143.16, 153.91,   19.82,   0.58,  -0.09,  -0.00,  -0.01,   3.2,  11.6,  27.7,  28.8,   1.7,  25.31,  25.42,    15.83,  191.07,   52.15,  30.26, 2483.9,    0.73,  332.56,  363.97,  365.56,  344.73,  346.53,  347.91, 1449.94, 1510.73, 1478.73, 1461.85, 1456.82, 1456.23, 1534.21, 1529.83,  7243.5, 165,  GPS,   11.5, 110.60, 116.50, 119.000, 121.500, -0.001,       ,  26.00, -70.9,   23.8,   11.6,  -14.2,      1,   GPS,    ALT,  -0.0,   0.6,  15.7, 3DDiff, 3704,      ,     13,  21.0,     19
2018-08-27, 17:26:30,  -04:00,    GDM,   42.1509819,  -72.0344238,  7001.4, 30.03,  7341.0,  17.5, 143.28, 153.86,   11.84,   0.57,  -0.09,   0.00,  -0.01,   3.2,  11.6,  27.7,  28.8,   1.7,  25.31,  25.42,    15.84,  191.07,   52.08,  30.28, 2483.6,    0.73,  332.51,  363.93,  365.36,  344.64,  346.44,  347.84, 1449.54, 1511.03, 1478.84, 1461.06, 1457.22, 1456.39, 1534.03, 1529.67,  7243.5, 166,  GPS,   11.5, 110.60, 116.50, 119.000, 121.500, -0.001,       ,  26.00, -70.9,   23.7,   11.6,  -14.2,      1,   GPS,    ALT,  -0.0,   0.6,   0.0, 3DDiff, 3704,      ,     14,  22.0,     19
2018-08-27, 17:26:31,  -04:00,    GDM,   42.1516953,  -72.0344696,  7001.4, 30.03,  7341.0,  17.5, 143.26, 153.82,   16.99,   0.57,  -0.02,   0.01,  -0.00,   3.2,  11.6,  27.7,  28.8,   1.7,  25.31,  25.42,    15.85,  191.07,   52.20,  30.26, 2484.8,    0.73,  332.45,  363.86,  365.15,  344.57,  346.34,  347.78, 1449.63, 1510.16, 1479.37, 1461.50, 1457.85, 1455.96, 1533.59, 1530.33,  7243.5, 166,  GPS,   11.5, 110.60, 116.50, 119.000, 121.500, -0.001,       ,  26.00, -70.9,   23.7,   11.6,  -14.2,      1,   GPS,    ALT,  -0.0,   0.6,  -3.9, 3DDiff, 3704,      ,     14,  22.5,     20
2018-08-27, 17:26:32,  -04:00,    GDM,   42.1524048,  -72.0345078,  7000.4, 30.03,  7339.2,  17.5, 143.19, 153.78,  -12.15,   0.57,   0.04,   0.00,   0.00,   3.2,  11.6,  27.7,  28.8,   1.7,  25.31,  25.42,    15.78,  191.08,   52.26,  30.22, 2485.2,    0.73,  332.41,  363.83,  364.91,  344.48,  346.23,  347.72, 1449.10, 1509.63, 1479.18, 1460.28, 1458.02, 1456.35, 1532.96, 1529.03,  7241.8, 165,  GPS,   11.5, 110.60, 116.50, 119.000, 121.500, -0.001,       ,  26.01, -70.8,   23.6,   11.6,  -14.2,      1,   GPS,    ALT,  -0.0,   0.6,  -3.9, 3DDiff, 3704,      ,     14,  22.5,     19
2018-08-27, 17:26:33,  -04:00,    GDM,   42.1531181,  -72.0345535,  7001.4, 30.03,  7338.8,  17.5, 143.20, 153.76,    1.52,   0.57,   0.03,  -0.00,  -0.01,   3.3,  11.5,  27.7,  28.8,   1.7,  25.30,  25.43,    15.73,  191.06,   52.36,  30.26, 2482.2,    0.73,  332.35,  363.79,  364.70,  344.42,  346.13,  347.66, 1449.75, 1510.68, 1478.10, 1460.20, 1457.19, 1457.16, 1533.66, 1529.07,  7241.3, 165,  GPS,   11.5, 110.60, 116.50, 119.000, 121.500, -0.001,       ,  26.01, -70.8,   23.6,   11.6,  -14.2,      1,   GPS,    ALT,  -0.0,   0.6, -11.8, 3DDiff, 3704,      ,     13,  22.0,     19
2018-08-27, 17:26:34,  -04:00,    GDM,   42.1538277,  -72.0345917,  7000.4, 30.03,  7338.8,  17.5, 143.02, 153.72,  -16.82,   0.57,  -0.02,   0.00,  -0.01,   3.3,  11.7,  27.7,  28.8,   1.7,  25.29,  25.43,    15.75,  191.06,   52.07,  30.25, 2480.1,    0.73,  332.32,  363.74,  364.45,  344.34,  346.04,  347.60, 1449.50, 1509.28, 1477.52, 1459.39, 1455.54, 1456.22, 1532.57, 1528.93,  7241.4, 165,  GPS,   11.5, 110.60, 116.50, 119.000, 121.500, -0.001,       ,  26.01, -70.8,   23.5,   11.6,  -14.2,      1,   GPS,    ALT,  -0.0,   0.6, -19.7, 3DDiff, 3704,      ,     13,  21.5,     19
2018-08-27, 17:26:35,  -04:00,    GDM,   42.1545372,  -72.0346375,  6999.4, 30.03,  7338.3,  17.5, 142.93, 153.72,  -45.83,   0.69,  -0.05,   0.00,   0.02,   3.3,  11.7,  27.7,  28.8,   1.7,  25.28,  25.43,    15.81,  191.05,   52.27,  30.22, 2484.9,    0.73,  332.27,  363.68,  364.23,  344.26,  345.98,  347.53, 1448.30, 1509.33, 1477.94, 1460.13, 1455.00, 1457.02, 1533.16, 1528.15,  7240.9, 165,  GPS,   11.5, 110.60, 116.50, 119.000, 121.500, -0.001,       ,  26.01, -70.8,   23.5,   11.6,  -14.2,      1,   GPS,    ALT,  -0.0,   0.6, -23.6, 3DDiff, 3704,      ,     14,  21.5,     19
2018-08-27, 17:26:36,  -04:00,    GDM,   42.1552467,  -72.0346756,  7000.4, 30.03,  7338.2,  17.5, 143.06, 153.70,  -23.29,   0.75,  -0.10,  -0.00,   0.00,   3.3,  11.7,  27.7,  28.8,   1.7,  25.27,  25.44,    15.81,  191.05,   52.47,  30.24, 2482.7,    0.73,  332.25,  363.64,  364.02,  344.18,  345.95,  347.47, 1448.11, 1509.98, 1478.15, 1459.41, 1454.84, 1456.68, 1533.26, 1527.72,  7240.8, 165,  GPS,   11.5, 110.60, 116.50, 119.000, 121.500, -0.001,       ,  26.00, -70.7,   23.5,   11.6,  -14.2,      1,   GPS,    ALT,  -0.1,   0.7,  -3.9, 3DDiff, 3704,      ,     14,  22.0,     19
2018-08-27, 17:26:37,  -04:00,    GDM,   42.1559601,  -72.0347137,  7000.4, 30.03,  7338.2,  17.5, 142.91, 153.62,   -4.21,   0.73,  -0.09,   0.00,  -0.01,   3.4,  11.7,  27.7,  28.8,   1.7,  25.26,  25.44,    15.74,  191.06,   52.41,  30.25, 2482.5,    0.73,  332.22,  363.59,  363.81,  344.12,  345.95,  347.40, 1448.16, 1508.50, 1476.88, 1460.26, 1454.35, 1455.76, 1532.59, 1527.13,  7240.7, 165,  GPS,   11.5, 110.60, 116.50, 119.000, 121.500, -0.001,       ,  26.00, -70.7,   23.4,   11.6,  -14.2,      1,   GPS,    ALT,  -0.1,   0.7,   3.9, 3DDiff, 3704,      ,     14,  22.0,     20
2018-08-27, 17:26:38,  -04:00,    GDM,   42.1566734,  -72.0347595,  6999.4, 30.03,  7339.9,  17.5, 142.85, 153.54,  -20.48,   0.71,  -0.13,   0.00,   0.00,   3.4,  11.7,  27.7,  28.8,   1.7,  25.26,  25.45,    15.79,  191.08,   52.24,  30.26, 2485.5,    0.73,  332.15,  363.55,  363.56,  344.03,  345.98,  347.35, 1448.21, 1509.02, 1476.31, 1460.56, 1454.95, 1455.75, 1532.72, 1527.04,  7242.4, 165,  GPS,   11.5, 110.60, 116.50, 119.000, 121.500, -0.001,       ,  25.99, -70.7,   23.4,   11.6,  -14.2,      1,   GPS,    ALT,  -0.1,   0.7,   0.0, 3DDiff, 3704,      ,     14,  22.5,     19
2018-08-27, 17:26:39,  -04:00,    GDM,   42.1573830,  -72.0348053,  7000.4, 30.03,  7340.0,  17.5, 142.89, 153.49,   -5.47,   0.76,  -0.13,  -0.00,   0.01,   3.4,  11.7,  27.7,  28.8,   1.7,  25.26,  25.44,    15.79,  191.05,   52.33,  30.21, 2484.7,    0.73,  332.09,  363.50,  363.34,  343.96,  346.06,  347.29, 1447.95, 1508.36, 1475.79, 1461.77, 1454.82, 1454.80, 1532.13, 1526.57,  7242.6, 165,  GPS,   11.5, 110.60, 116.50, 119.000, 121.500, -0.001,       ,  25.99, -70.6,   23.3,   11.6,  -14.2,      1,   GPS,    ALT,  -0.1,   0.7,  -3.9, 3DDiff, 3704,      ,     13,  21.5,     19
2018-08-27, 17:26:40,  -04:00,    GDM,   42.1580887,  -72.0348511,  7000.4, 30.03,  7339.8,  17.5, 142.84, 153.41,   -5.20,   0.75,  -0.07,  -0.00,  -0.01,   3.4,  11.7,  27.7,  28.8,   1.7,  25.26,  25.43,    15.77,  191.04,   52.41,  30.22, 2485.4,    0.73,  332.06,  363.46,  363.11,  343.87,  346.10,  347.20, 1447.73, 1508.40, 1476.49, 1460.26, 1453.92, 1453.93, 1531.67, 1526.38,  7242.4, 165,  GPS,   11.5, 110.60, 116.50, 119.000, 121.500, -0.001,       ,  25.98, -70.6,   23.3,   11.6,  -14.2,      1,   GPS,    ALT,  -0.1,   0.7,   3.9, 3DDiff, 3704,      ,     13,  21.5,     19
2018-08-27, 17:26:41,  -04:00,    GDM,   42.1588020,  -72.0348892,  7000.4, 30.03,  7340.0,  17.5, 142.86, 153.35,   -7.75,   0.75,  -0.08,   0.00,  -0.01,   3.4,  11.7,  27.7,  28.8,   1.7,  25.26,  25.43,    15.77,  191.05,   52.47,  30.23, 2484.3,    0.73,  332.02,  363.40,  362.89,  343.79,  346.16,  347.14, 1447.72, 1507.75, 1475.99, 1460.66, 1453.00, 1453.80, 1531.54, 1526.16,  7242.5, 165,  GPS,   11.5, 110.60, 116.50, 119.000, 121.500, -0.001,       ,  25.97, -70.6,   23.2,   11.6,  -14.2,      1,   GPS,    ALT,  -0.1,   0.7,   3.9, 3DDiff, 3704,      ,     14,  21.5,     19
2018-08-27, 17:26:42,  -04:00,    GDM,   42.1595116,  -72.0349350,  7000.4, 30.03,  7340.1,  17.5, 142.78, 153.27,  -24.58,   0.79,  -0.08,   0.00,   0.01,   3.5,  11.7,  27.7,  28.8,   1.7,  25.26,  25.43,    15.75,  191.02,   52.40,  30.21, 2485.8,    0.73,  331.99,  363.37,  362.68,  343.75,  346.25,  347.08, 1448.09, 1508.70, 1475.72, 1461.09, 1453.00, 1454.52, 1532.17, 1526.28,  7242.7, 165,  GPS,   11.5, 110.60, 116.50, 119.000, 121.500, -0.001,       ,  25.96, -70.5,   23.2,   11.6,  -14.2,      1,   GPS,    ALT,  -0.1,   0.8,   3.9, 3DDiff, 3704,      ,     14,  22.0,     19
2018-08-27, 17:26:43,  -04:00,    GDM,   42.1602211,  -72.0349731,  7000.4, 30.03,  7340.4,  17.5, 142.86, 153.19,    3.69,   0.80,  -0.03,  -0.00,  -0.00,   3.5,  11.7,  27.7,  28.8,   1.7,  25.25,  25.44,    15.76,  191.01,   52.44,  30.21, 2486.0,    0.73,  331.93,  363.34,  362.46,  343.71,  346.31,  346.98, 1448.75, 1508.80, 1474.92, 1461.04, 1452.83, 1454.28, 1531.97, 1526.75,  7242.9, 165,  GPS,   11.5, 110.60, 116.50, 119.000, 121.500, -0.001,       ,  25.94, -70.5,   23.2,   11.6,  -14.2,      1,   GPS,    ALT,  -0.1,   0.8,  11.8, 3DDiff, 3704,      ,     14,  22.0,     20
2018-08-27, 17:26:44,  -04:00,    GDM,   42.1609230,  -72.0350189,  7000.4, 30.03,  7339.6,  17.5, 142.89, 153.10,   -5.94,   0.80,  -0.04,   0.00,  -0.00,   3.5,  11.7,  27.7,  28.8,   1.7,  25.24,  25.44,    15.81,  190.99,   52.46,  30.25, 2484.8,    0.73,  331.90,  363.30,  362.28,  343.62,  346.37,  346.92, 1448.79, 1508.31, 1475.67, 1461.56, 1453.06, 1454.74, 1532.33, 1526.96,  7242.1, 165,  GPS,   11.5, 110.60, 116.50, 119.000, 121.500, -0.001,       ,  25.93, -70.4,   23.1,   11.6,  -14.2,      1,   GPS,    ALT,  -0.1,   0.8,  11.8, 3DDiff, 3704,      ,     14,  22.5,     19
2018-08-27, 17:26:45,  -04:00,    GDM,   42.1616364,  -72.0350571,  7000.4, 30.03,  7339.5,  17.5, 142.95, 153.00,    2.20,   0.80,  -0.02,   0.00,   0.00,   3.5,  11.7,  27.7,  28.8,   1.7,  25.23,  25.45,    15.82,  190.99,   52.54,  30.22, 2485.3,    0.73,  331.84,  363.25,  362.09,  343.54,  346.42,  346.86, 1448.31, 1508.88, 1476.00, 1459.83, 1453.52, 1453.92, 1531.71, 1527.14,  7242.1, 165,  GPS,   11.5, 110.60, 116.50, 119.000, 121.500, -0.001,       ,  25.91, -70.4,   23.1,   11.6,  -14.2,      1,   GPS,    ALT,  -0.1,   0.8,   7.9, 3DDiff, 3704,      ,     13,  21.5,     19
2018-08-27, 17:26:46,  -04:00,    GDM,   42.1623421,  -72.0350952,  6999.4, 30.03,  7340.3,  17.5, 142.69, 152.92,  -17.93,   0.80,  -0.05,  -0.00,  -0.00,   3.6,  11.7,  27.7,  28.8,   1.7,  25.22,  25.45,    15.81,  190.96,   52.32,  30.23, 2486.5,    0.73,  331.80,  363.22,  361.88,  343.45,  346.46,  346.80, 1449.60, 1508.55, 1476.92, 1460.33, 1453.62, 1455.83, 1532.11, 1528.16,  7242.8, 165,  GPS,   11.5, 110.60, 116.50, 119.000, 121.500, -0.001,       ,  25.89, -70.3,   23.0,   11.6,  -14.2,      1,   GPS,    ALT,  -0.1,   0.8,   7.9, 3DDiff, 3704,      ,     13,  21.5,     19
2018-08-27, 17:26:47,  -04:00,    GDM,   42.1630478,  -72.0351410,  7000.4, 30.03,  7340.4,  17.5, 142.71, 152.84,   -8.95,   0.81,  -0.11,  -0.00,  -0.01,   3.6,  11.7,  27.7,  28.8,   1.7,  25.20,  25.46,    15.79,  190.96,   52.20,  30.26, 2483.6,    0.73,  331.77,  363.16,  361.71,  343.39,  346.47,  346.74, 1449.78, 1508.80, 1477.39, 1460.58, 1452.56, 1456.83, 1532.39, 1527.32,  7242.9, 165,  GPS,   11.5, 110.60, 116.50, 119.000, 121.500, -0.001,       ,  25.88, -70.2,   23.0,   11.6,  -14.2,      1,   GPS,    ALT,  -0.1,   0.8,   3.9, 3DDiff, 3704,      ,     14,  22.0,     19
2018-08-27, 17:26:48,  -04:00,    GDM,   42.1637573,  -72.0351868,  7000.4, 30.03,  7340.5,  17.5, 142.67, 152.77,  -12.49,   0.81,  -0.09,   0.00,  -0.00,   3.7,  11.7,  27.7,  28.8,   1.7,  25.19,  25.47,    15.73,  190.97,   52.29,  30.21, 2482.7,    0.73,  331.74,  363.12,  361.54,  343.35,  346.49,  346.71, 1448.85, 1507.58, 1477.78, 1459.77, 1451.35, 1455.81, 1531.72, 1526.78,  7243.0, 165,  GPS,   11.5, 110.60, 116.50, 119.000, 121.500, -0.001,       ,  25.85, -70.1,   22.9,   11.6,  -14.2,      1,   GPS,    ALT,  -0.1,   0.8,   7.9, 3DDiff, 3704,      ,     14,  22.0,     19
2018-08-27, 17:26:49,  -04:00,    GDM,   42.1644630,  -72.0352173,  7000.4, 30.03,  7340.6,  17.5, 142.67, 152.67,   -2.89,   0.83,  -0.11,   0.00,   0.00,   3.7,  11.7,  27.7,  28.8,   1.7,  25.18,  25.48,    15.86,  190.96,   52.57,  30.22, 2485.3,    0.73,  331.67,  363.07,  361.33,  343.29,  346.49,  346.67, 1448.98, 1507.44, 1476.86, 1460.36, 1451.19, 1455.83, 1531.77, 1526.78,  7243.1, 165,  GPS,   11.5, 110.60, 116.50, 119.000, 121.500, -0.002,       ,  25.83, -70.0,   22.9,   11.6,  -14.2,      1,   GPS,    ALT,  -0.1,   0.8,   7.9, 3DDiff, 3704,      ,     14,  22.5,     20
2018-08-27, 17:26:50,  -04:00,    GDM,   42.1651649,  -72.0352631,  7001.4, 30.03,  7341.1,  17.5, 142.63, 152.55,   21.69,   0.83,  -0.09,  -0.00,  -0.00,   3.7,  11.7,  27.7,  28.8,   1.7,  25.18,  25.48,    15.74,  190.96,   52.37,  30.28, 2485.9,    0.73,  331.65,  363.06,  361.17,  343.24,  346.47,  346.62, 1449.40, 1507.83, 1476.79, 1461.10, 1452.82, 1457.35, 1532.94, 1527.76,  7243.7, 165,  GPS,   11.5, 110.60, 116.50, 119.000, 121.500, -0.002,       ,  25.80, -69.9,   22.9,   11.6,  -14.2,      1,   GPS,    ALT,  -0.1,   0.8,   7.9, 3DDiff, 3704,      ,     14,  23.0,     19
2018-08-27, 17:26:51,  -04:00,    GDM,   42.1658707,  -72.0353088,  7001.4, 30.03,  7341.3,  17.5, 142.57, 152.48,    7.09,   0.82,  -0.11,   0.00,  -0.01,   3.7,  11.7,  27.7,  28.8,   1.7,  25.16,  25.49,    15.79,  190.97,   52.46,  30.29, 2484.1,    0.73,  331.60,  362.98,  361.01,  343.17,  346.44,  346.59, 1449.48, 1508.61, 1477.30, 1460.45, 1452.32, 1457.85, 1532.88, 1527.77,  7243.9, 165,  GPS,   11.5, 110.60, 116.50, 119.000, 121.500, -0.001,       ,  25.77, -69.8,   22.8,   11.6,  -14.2,      1,   GPS,    ALT,  -0.1,   0.8,   0.0, 3DDiff, 3704,      ,     13,  22.0,     19
2018-08-27, 17:26:52,  -04:00,    GDM,   42.1665726,  -72.0353470,  7000.4, 30.03,  7340.6,  17.5, 142.40, 152.40,  -12.25,   0.80,  -0.12,   0.00,   0.01,   3.7,  11.7,  27.7,  28.8,   1.7,  25.15,  25.50,    15.83,  190.96,   52.27,  30.25, 2485.5,    0.73,  331.56,  362.97,  360.81,  343.11,  346.41,  346.53, 1449.68, 1508.24, 1476.96, 1460.21, 1452.54, 1457.58, 1532.82, 1527.61,  7243.1, 165,  GPS,   11.5, 110.60, 116.50, 119.000, 121.500, -0.001,       ,  25.75, -69.7,   22.8,   11.6,  -14.2,      1,   GPS,    ALT,  -0.1,   0.8,  -7.9, 3DDiff, 3704,      ,     13,  21.5,     19
2018-08-27, 17:26:53,  -04:00,    GDM,   42.1672783,  -72.0353928,  7001.4, 30.03,  7340.4,  17.5, 142.42, 152.30,   -6.82,   0.83,  -0.16,  -0.00,   0.00,   3.6,  11.7,  27.7,  28.8,   1.7,  25.15,  25.50,    15.82,  190.97,   52.48,  30.24, 2486.2,    0.73,  331.53,  362.94,  360.65,  343.04,  346.40,  346.47, 1449.62, 1506.87, 1476.81, 1460.52, 1453.09, 1456.37, 1532.08, 1527.77,  7242.9, 165,  GPS,   11.5, 110.60, 116.50, 119.000, 121.500, -0.001,       ,  25.72, -69.6,   22.7,   11.6,  -14.2,      1,   GPS,    ALT,  -0.1,   0.8, -11.8, 3DDiff, 3704,      ,     14,  22.0,     19
2018-08-27, 17:26:54,  -04:00,    GDM,   42.1679840,  -72.0354309,  7001.4, 30.03,  7340.3,  17.5, 142.41, 152.24,    7.78,   0.80,  -0.12,   0.00,  -0.01,   3.6,  11.7,  27.7,  28.8,   1.7,  25.14,  25.50,    15.85,  190.96,   52.56,  30.29, 2485.6,    0.73,  331.50,  362.88,  360.52,  342.99,  346.34,  346.41, 1450.87, 1506.87, 1476.87, 1461.95, 1453.35, 1456.90, 1532.47, 1529.04,  7242.9, 165,  GPS,   11.5, 110.60, 116.50, 119.000, 121.500, -0.001,       ,  25.69, -69.5,   22.7,   11.6,  -14.2,      1,   GPS,    ALT,  -0.1,   0.8,  -3.9, 3DDiff, 3704,      ,     14,  22.0,     19
2018-08-27, 17:26:55,  -04:00,    GDM,   42.1686859,  -72.0354767,  7001.4, 30.03,  7340.3,  17.5, 142.38, 152.18,   -0.22,   0.76,  -0.12,   0.00,   0.00,   3.6,  11.7,  27.7,  28.8,   1.7,  25.15,  25.50,    15.84,  190.96,   52.30,  30.25, 2485.4,    0.73,  331.47,  362.85,  360.35,  342.90,  346.28,  346.37, 1451.01, 1506.68, 1476.13, 1461.22, 1453.38, 1456.85, 1532.06, 1528.57,  7242.9, 165,  GPS,   11.5, 110.60, 116.50, 119.000, 121.500, -0.001,       ,  25.66, -69.4,   22.6,   11.6,  -14.2,      1,   GPS,    ALT,  -0.1,   0.8,  -7.9, 3DDiff, 3704,      ,     14,  22.0,     20
2018-08-27, 17:26:56,  -04:00,    GDM,   42.1693916,  -72.0355148,  7000.4, 30.03,  7339.3,  17.8, 142.27, 152.14,  -14.38,   0.76,  -0.11,   0.00,  -0.00,   3.6,  11.7,  27.7,  28.8,   1.7,  25.15,  25.49,    15.83,  190.97,   52.37,  30.21, 2485.5,    0.73,  331.41,  362.82,  360.22,  342.84,  346.23,  346.31, 1449.62, 1506.62, 1475.25, 1461.42, 1452.96, 1458.27, 1532.46, 1527.22,  7241.8, 164,  GPS,   11.5, 110.60, 116.50, 119.000, 121.500, -0.002,       ,  25.63, -69.2,   22.6,   11.6,  -14.2,      1,   GPS,    ALT,  -0.1,   0.8, -11.8, 3DDiff, 3704,      ,     14,  22.5,     19
2018-08-27, 17:26:57,  -04:00,    GDM,   42.1700935,  -72.0355530,  7001.4, 30.03,  7338.9,  17.8, 142.31, 152.07,   -7.23,   0.79,  -0.09,  -0.00,   0.00,   3.6,  11.7,  27.7,  28.8,   1.7,  25.16,  25.48,    15.81,  190.97,   52.53,  30.23, 2485.9,    0.73,  331.39,  362.79,  360.07,  342.77,  346.17,  346.25, 1450.18, 1506.79, 1475.46, 1461.43, 1453.00, 1458.99, 1532.58, 1527.63,  7241.5, 165,  GPS,   11.5, 110.60, 116.50, 119.000, 121.500, -0.002,       ,  25.61, -69.1,   22.6,   11.6,  -14.2,      1,   GPS,    ALT,  -0.1,   0.8, -11.8, 3DDiff, 3704,      ,     13,  21.5,     19
2018-08-27, 17:26:58,  -04:00,    GDM,   42.1707993,  -72.0355988,  7001.4, 30.03,  7339.0,  17.8, 142.25, 152.03,    2.33,   0.75,  -0.05,   0.00,  -0.01,   3.6,  11.7,  27.7,  28.8,   1.7,  25.16,  25.48,    15.80,  190.99,   52.39,  30.27, 2485.1,    0.73,  331.35,  362.75,  359.92,  342.72,  346.10,  346.17, 1450.59, 1507.16, 1476.26, 1461.83, 1454.13, 1457.94, 1532.46, 1528.78,  7241.5, 164,  GPS,   11.5, 110.60, 116.50, 119.000, 121.500, -0.002,       ,  25.59, -69.0,   22.5,   11.6,  -14.2,      1,   GPS,    ALT,  -0.1,   0.8,  -7.9, 3DDiff, 3704,      ,     13,  21.5,     19
2018-08-27, 17:26:59,  -04:00,    GDM,   42.1715012,  -72.0356445,  7000.4, 30.03,  7338.6,  17.8, 142.17, 151.97,  -27.66,   0.77,  -0.03,   0.00,   0.01,   3.6,  11.7,  27.7,  28.8,   1.7,  25.16,  25.47,    15.82,  191.00,   52.25,  30.22, 2484.7,    0.73,  331.29,  362.70,  359.77,  342.67,  346.01,  346.13, 1450.64, 1507.06, 1475.11, 1460.70, 1454.88, 1456.52, 1531.55, 1528.17,  7241.2, 164,  GPS,   11.5, 110.60, 116.50, 119.000, 121.500, -0.001,       ,  25.57, -68.9,   22.5,   11.6,  -14.2,      1,   GPS,    ALT,  -0.1,   0.8, -19.7, 3DDiff, 3704,      ,     14,  21.5,     19
2018-08-27, 17:27:00,  -04:00,    GDM,   42.1722031,  -72.0356750,  7000.4, 30.03,  7338.4,  17.8, 142.15, 151.95,  -28.35,   0.81,  -0.09,  -0.00,   0.00,   3.6,  11.7,  27.7,  28.8,   1.7,  25.16,  25.48,    15.79,  191.00,   52.32,  30.25, 2484.5,    0.73,  331.26,  362.69,  359.64,  342.62,  345.95,  346.07, 1450.53, 1507.49, 1475.79, 1459.92, 1454.86, 1456.54, 1531.76, 1528.18,  7240.9, 164,  GPS,   11.5, 110.60, 116.50, 119.000, 121.500, -0.002,       ,  25.55, -68.8,   22.4,   11.6,  -14.2,      1,   GPS,    ALT,  -0.1,   0.8, -11.8, 3DDiff, 3704,      ,     14,  22.0,     19
2018-08-27, 17:27:01,  -04:00,    GDM,   42.1729050,  -72.0357285,  6999.4, 30.03,  7338.3,  17.8, 142.10, 151.87,  -33.01,   0.86,  -0.09,  -0.00,  -0.00,   3.6,  11.7,  27.7,  28.8,   1.7,  25.16,  25.48,    15.78,  190.99,   52.33,  30.28, 2485.1,    0.73,  331.23,  362.64,  359.49,  342.55,  345.85,  346.01, 1450.33, 1508.26, 1475.69, 1460.97, 1455.35, 1456.97, 1532.66, 1528.73,  7240.8, 164,  GPS,   11.5, 110.60, 116.50, 119.000, 121.500, -0.001,       ,  25.53, -68.7,   22.4,   11.6,  -14.2,      1,   GPS,    ALT,  -0.1,   0.8,   0.0, 3DDiff, 3704,      ,     14,  22.0,     20
2018-08-27, 17:27:02,  -04:00,    GDM,   42.1736031,  -72.0357666,  7000.4, 30.03,  7339.1,  17.8, 142.17, 151.83,   -3.82,   0.85,  -0.07,   0.00,  -0.00,   3.6,  11.7,  27.7,  28.8,   1.7,  25.16,  25.48,    15.73,  190.98,   52.25,  30.25, 2483.7,    0.72,  331.19,  362.60,  359.36,  342.50,  345.75,  345.97, 1449.86, 1507.93, 1476.22, 1461.82, 1455.46, 1456.35, 1532.73, 1528.18,  7241.7, 164,  GPS,   11.5, 110.60, 116.50, 119.000, 121.500, -0.001,       ,  25.52, -68.6,   22.4,   11.6,  -14.2,      1,   GPS,    ALT,  -0.1,   0.9,   7.9, 3DDiff, 3704,      ,     14,  22.5,     19
2018-08-27, 17:27:03,  -04:00,    GDM,   42.1743126,  -72.0358047,  7000.4, 30.03,  7339.3,  17.8, 142.05, 151.78,  -10.49,   0.85,  -0.05,   0.00,   0.00,   3.6,  11.7,  27.7,  28.8,   1.7,  25.15,  25.49,    15.77,  190.98,   52.32,  30.25, 2484.5,    0.73,  331.13,  362.58,  359.21,  342.47,  345.67,  345.91, 1449.30, 1508.56, 1476.63, 1462.04, 1456.34, 1456.95, 1533.13, 1528.47,  7241.8, 164,  GPS,   11.5, 110.60, 116.50, 119.000, 121.500, -0.002,       ,  25.50, -68.5,   22.3,   11.6,  -14.2,      1,   GPS,    ALT,  -0.1,   0.8,   0.0, 3DDiff, 3704,      ,     13,  21.5,     19
2018-08-27, 17:27:04,  -04:00,    GDM,   42.1750145,  -72.0358505,  7000.4, 30.03,  7339.3,  17.8, 142.10, 151.72,    0.29,   0.85,  -0.07,   0.00,  -0.01,   3.6,  11.7,  27.7,  28.8,   1.7,  25.15,  25.49,    15.82,  190.98,   52.46,  30.25, 2482.1,    0.73,  331.12,  362.54,  359.08,  342.42,  345.60,  345.86, 1449.01, 1509.54, 1477.48, 1462.36, 1457.30, 1455.53, 1533.56, 1528.20,  7241.8, 164,  GPS,   11.5, 110.60, 116.50, 119.000, 121.500, -0.002,       ,  25.49, -68.4,   22.3,   11.6,  -14.2,      1,   GPS,    ALT,  -0.1,   0.9,   0.0, 3DDiff, 3704,      ,     13,  21.5,     19
2018-08-27, 17:27:05,  -04:00,    GDM,   42.1756935,  -72.0358963,  7001.4, 30.03,  7339.3,  17.8, 142.12, 151.66,    8.82,   0.83,  -0.07,   0.00,  -0.00,   3.6,  11.7,  27.7,  28.8,   1.7,  25.14,  25.50,    15.80,  190.98,   52.47,  30.26, 2483.8,    0.73,  331.07,  362.51,  358.93,  342.35,  345.52,  345.82, 1449.63, 1509.49, 1476.84, 1461.60, 1456.85, 1455.89, 1533.31, 1528.63,  7241.8, 164,  GPS,   11.5, 110.60, 116.50, 119.000, 121.500, -0.001,       ,  25.49, -68.4,   22.2,   11.6,  -14.2,      1,   GPS,    ALT,  -0.1,   0.8,   0.0, 3DDiff, 3704,      ,     14,  21.5,     19
2018-08-27, 17:27:06,  -04:00,    GDM,   42.1763954,  -72.0359268,  7001.4, 30.03,  7339.2,  17.8, 142.05, 151.62,    4.28,   0.79,  -0.07,   0.00,  -0.00,   3.6,  11.7,  27.7,  28.8,   1.7,  25.13,  25.50,    15.84,  190.99,   52.37,  30.25, 2483.4,    0.73,  331.04,  362.48,  358.79,  342.29,  345.43,  345.79, 1449.49, 1509.52, 1477.38, 1461.99, 1456.62, 1457.09, 1533.28, 1528.99,  7241.8, 164,  GPS,   11.5, 110.60, 116.50, 119.000, 121.500, -0.002,       ,  25.48, -68.3,   22.2,   11.6,  -14.2,      1,   GPS,    ALT,  -0.1,   0.8,  -3.9, 3DDiff, 3704,      ,     14,  21.5,     19
2018-08-27, 17:27:07,  -04:00,    GDM,   42.1770973,  -72.0359726,  7000.4, 30.03,  7339.1,  17.8, 141.97, 151.58,  -13.24,   0.80,  -0.05,  -0.00,  -0.00,   3.6,  11.7,  27.7,  28.8,   1.7,  25.12,  25.50,    15.83,  191.01,   52.09,  30.24, 2487.0,    0.73,  330.99,  362.46,  358.66,  342.26,  345.34,  345.73, 1449.98, 1508.40, 1477.43, 1462.00, 1456.85, 1457.18, 1532.66, 1529.03,  7241.6, 164,  GPS,   11.5, 110.60, 116.50, 119.000, 121.500, -0.002,       ,  25.45, -68.1,   22.1,   11.6,  -14.2,      1,   GPS,    ALT,  -0.1,   0.8,  -7.9, 3DDiff, 3704,      ,     14,  22.0,     20
2018-08-27, 17:27:08,  -04:00,    GDM,   42.1778030,  -72.0360184,  7000.4, 30.03,  7338.5,  17.8, 142.03, 151.54,  -10.69,   0.82,  -0.08,   0.00,  -0.00,   3.6,  11.7,  27.7,  28.8,   1.7,  25.11,  25.50,    15.83,  191.01,   52.26,  30.22, 2486.7,    0.73,  330.95,  362.44,  358.54,  342.20,  345.27,  345.67, 1449.09, 1507.87, 1477.05, 1461.49, 1456.34, 1456.30, 1532.70, 1527.82,  7241.1, 164,  GPS,   11.5, 110.60, 116.50, 119.000, 121.500, -0.001,       ,  25.45, -68.1,   22.1,   11.6,  -14.2,      1,   GPS,    ALT,  -0.1,   0.8,  -3.9, 3DDiff, 3704,      ,     14,  22.5,     19
2018-08-27, 17:27:09,  -04:00,    GDM,   42.1784973,  -72.0360489,  7001.4, 30.03,  7338.4,  17.8, 142.05, 151.50,   -0.11,   0.81,  -0.08,   0.00,   0.00,   3.6,  11.7,  27.7,  28.8,   1.7,  25.10,  25.51,    15.78,  191.01,   52.43,  30.21, 2484.7,    0.73,  330.92,  362.42,  358.39,  342.16,  345.18,  345.65, 1448.89, 1506.98, 1476.40, 1460.66, 1455.69, 1455.42, 1531.51, 1527.22,  7240.9, 164,  GPS,   11.5, 110.60, 116.50, 119.000, 121.500, -0.002,       ,  25.44, -68.0,   22.1,   11.6,  -14.2,      1,   GPS,    ALT,  -0.1,   0.8,   0.0, 3DDiff, 3704,      ,     13,  21.5,     19
2018-08-27, 17:27:10,  -04:00,    GDM,   42.1791992,  -72.0360947,  7000.4, 30.03,  7339.0,  17.8, 141.98, 151.44,   -5.67,   0.78,  -0.10,  -0.00,  -0.00,   3.6,  11.7,  27.7,  28.8,   1.7,  25.09,  25.51,    15.77,  190.99,   52.32,  30.24, 2485.5,    0.73,  330.89,  362.39,  358.29,  342.13,  345.07,  345.59, 1448.89, 1507.40, 1476.39, 1460.80, 1456.26, 1456.73, 1532.11, 1528.08,  7241.6, 164,  GPS,   11.5, 110.60, 116.50, 119.000, 121.500, -0.002,       ,  25.44, -67.9,   22.0,   11.6,  -14.2,      1,   GPS,    ALT,  -0.1,   0.8,   0.0, 3DDiff, 3704,      ,     13,  21.0,     19
2018-08-27, 17:27:11,  -04:00,    GDM,   42.1799011,  -72.0361328,  7001.4, 30.03,  7339.1,  17.8, 142.02, 151.43,    0.86,   0.80,  -0.15,   0.00,  -0.00,   3.6,  11.7,  27.7,  28.8,   1.7,  25.08,  25.51,    15.78,  190.99,   52.34,  30.24, 2484.0,    0.73,  330.86,  362.36,  358.18,  342.09,  344.98,  345.56, 1449.38, 1507.94, 1476.49, 1460.05, 1456.17, 1458.34, 1532.46, 1528.28,  7241.7, 164,  GPS,   11.5, 110.60, 116.50, 119.000, 121.500, -0.002,       ,  25.43, -67.8,   22.0,   11.6,  -14.2,      1,   GPS,    ALT,  -0.1,   0.8,   0.0, 3DDiff, 3704,      ,     14,  21.5,     19
2018-08-27, 17:27:12,  -04:00,    GDM,   42.1805992,  -72.0361786,  7001.4, 30.03,  7339.3,  17.8, 142.01, 151.39,    5.79,   0.77,  -0.12,   0.00,   0.00,   3.5,  11.7,  27.7,  28.8,   1.7,  25.07,  25.51,    15.84,  190.97,   52.67,  30.27, 2485.0,    0.73,  330.80,  362.33,  358.05,  342.06,  344.88,  345.52, 1450.22, 1508.55, 1477.12, 1459.82, 1456.62, 1457.88, 1532.66, 1528.15,  7241.8, 164,  GPS,   11.5, 110.60, 116.50, 119.000, 121.500, -0.002,       ,  25.43, -67.7,   21.9,   11.6,  -14.2,      1,   GPS,    ALT,  -0.1,   0.8,   7.9, 3DDiff, 3704,      ,     14,  21.5,     19
2018-08-27, 17:27:13,  -04:00,    GDM,   42.1813011,  -72.0362167,  7001.4, 30.03,  7339.5,  17.8, 141.98, 151.37,    1.02,   0.74,  -0.10,  -0.00,   0.00,   3.5,  11.7,  27.7,  28.8,   1.7,  25.07,  25.51,    15.83,  190.97,   52.66,  30.23, 2484.4,    0.73,  330.77,  362.32,  357.95,  342.01,  344.76,  345.49, 1449.80, 1508.08, 1476.44, 1461.36, 1456.47, 1456.36, 1532.82, 1527.36,  7242.1, 164,  GPS,   11.5, 110.60, 116.50, 119.000, 121.500, -0.002,       ,  25.42, -67.7,   21.9,   11.6,  -14.2,      1,   GPS,    ALT,  -0.1,   0.7,  11.8, 3DDiff, 3704,      ,     14,  21.5,     20
2018-08-27, 17:27:14,  -04:00,    GDM,   42.1819992,  -72.0362549,  7001.4, 30.03,  7340.5,  17.8, 141.90, 151.37,   -5.05,   0.70,  -0.13,  -0.00,  -0.00,   3.5,  11.7,  27.7,  28.8,   1.7,  25.08,  25.50,    15.80,  190.98,   52.44,  30.22, 2483.4,    0.73,  330.74,  362.28,  357.84,  341.97,  344.64,  345.43, 1449.47, 1507.73, 1475.80, 1461.01, 1456.80, 1455.35, 1532.41, 1527.92,  7243.1, 164,  GPS,   11.5, 110.60, 116.50, 119.000, 121.500, -0.002,       ,  25.42, -67.6,   21.8,   11.6,  -14.2,      1,   GPS,    ALT,  -0.1,   0.7,  15.7, 3DDiff, 3704,      ,     14,  22.0,     19
2018-08-27, 17:27:15,  -04:00,    GDM,   42.1827011,  -72.0363007,  7002.4, 30.03,  7341.0,  17.8, 141.94, 151.35,   14.83,   0.68,  -0.15,   0.00,  -0.00,   3.5,  11.7,  27.7,  28.8,   1.7,  25.09,  25.49,    15.80,  190.97,   52.25,  30.21, 2480.7,    0.73,  330.69,  362.24,  357.75,  341.92,  344.57,  345.40, 1450.11, 1507.10, 1475.77, 1461.18, 1456.19, 1455.13, 1531.92, 1528.11,  7243.6, 164,  GPS,   11.5, 110.60, 116.50, 119.000, 121.500, -0.002,       ,  25.43, -67.5,   21.8,   11.6,  -14.2,      1,   GPS,    ALT,  -0.1,   0.7,  11.8, 3DDiff, 3704,      ,     13,  21.0,     19
2018-08-27, 17:27:16,  -04:00,    GDM,   42.1833992,  -72.0363388,  7002.4, 30.03,  7340.5,  17.8, 141.89, 151.35,    4.62,   0.64,  -0.12,   0.00,  -0.00,   3.5,  11.7,  27.7,  28.8,   1.7,  25.10,  25.47,    15.76,  190.96,   52.23,  30.26, 2483.1,    0.73,  330.65,  362.24,  357.67,  341.89,  344.46,  345.37, 1450.25, 1506.70, 1476.09, 1460.18, 1455.82, 1454.57, 1531.33, 1527.84,  7243.0, 164,  GPS,   11.5, 110.60, 116.50, 119.000, 121.500, -0.002,       ,  25.43, -67.4,   21.8,   11.6,  -14.2,      1,   GPS,    ALT,  -0.1,   0.7,   7.9, 3DDiff, 3704,      ,     13,  21.0,     19
2018-08-27, 17:27:17,  -04:00,    GDM,   42.1841011,  -72.0363846,  7003.4, 30.03,  7340.5,  17.8, 141.98, 151.35,   18.28,   0.62,  -0.10,  -0.00,  -0.00,   3.5,  11.7,  27.7,  28.8,   1.7,  25.11,  25.46,    15.80,  190.98,   52.35,  30.29, 2483.1,    0.73,  330.62,  362.21,  357.56,  341.86,  344.34,  345.33, 1448.92, 1506.28, 1475.87, 1460.28, 1456.35, 1455.85, 1531.16, 1527.94,  7243.0, 164,  GPS,   11.5, 110.60, 116.50, 119.000, 121.500, -0.002,       ,  25.44, -67.4,   21.7,   11.6,  -14.2,      1,   GPS,    ALT,  -0.1,   0.6,   3.9, 3DDiff, 3704,      ,     14,  21.0,     19
2018-08-27, 17:27:18,  -04:00,    GDM,   42.1847992,  -72.0364304,  7001.4, 30.03,  7340.4,  17.8, 141.86, 151.37,   -7.28,   0.56,  -0.10,   0.01,  -0.01,   3.4,  11.7,  27.7,  28.8,   1.7,  25.12,  25.44,    15.76,  190.99,   52.54,  30.40, 2485.0,    0.73,  330.58,  362.18,  357.42,  341.82,  344.27,  345.28, 1448.81, 1506.78, 1475.66, 1460.11, 1456.40, 1456.27, 1531.54, 1527.29,  7243.0, 164,  GPS,   11.5, 110.60, 116.50, 119.000, 121.500, -0.002,       ,  25.45, -67.3,   21.7,   11.6,  -14.2,      1,   GPS,    ALT,  -0.1,   0.6,  -3.9, 3DDiff, 3704,      ,     14,  21.5,     19
2018-08-27, 17:27:19,  -04:00,    GDM,   42.1855011,  -72.0364685,  7001.4, 30.03,  7340.3,  17.8, 141.93, 151.44,  -30.97,   0.58,  -0.08,  -0.00,   0.00,   3.4,  11.7,  27.7,  28.8,   1.7,  25.13,  25.43,    15.78,  190.99,   52.25,  30.51, 2482.1,    0.73,  330.56,  362.17,  357.34,  341.77,  344.15,  345.24, 1448.22, 1507.28, 1475.24, 1459.45, 1455.37, 1454.49, 1531.08, 1526.25,  7242.8, 164,  GPS,   11.5, 110.60, 116.50, 119.000, 121.500, -0.002,       ,  25.46, -67.3,   21.6,   11.6,  -14.2,      1,   GPS,    ALT,  -0.1,   0.6, -11.8, 3DDiff, 3704,      ,     14,  21.5,     20
2018-08-27, 17:27:20,  -04:00,    GDM,   42.1862068,  -72.0365067,  7002.4, 30.03,  7338.9,  17.8, 142.07, 151.48,   -0.33,   0.58,  -0.08,  -0.00,   0.00,   3.4,  11.7,  27.7,  28.8,   1.7,  25.14,  25.42,    15.87,  191.02,   52.27,  30.51, 2486.7,    0.73,  330.53,  362.14,  357.23,  341.74,  344.03,  345.21, 1449.24, 1506.74, 1474.68, 1459.12, 1455.19, 1453.66, 1530.69, 1525.64,  7241.6, 164,  GPS,   11.5, 110.60, 116.50, 119.000, 121.500, -0.002,       ,  25.48, -67.2,   21.6,   11.6,  -14.2,      1,   GPS,    ALT,  -0.1,   0.6,  -3.9, 3DDiff, 3704,      ,     14,  22.0,     19
2018-08-27, 17:27:21,  -04:00,    GDM,   42.1869011,  -72.0365524,  7001.4, 30.03,  7338.6,  17.8, 142.02, 151.56,  -15.39,   0.59,  -0.10,  -0.00,  -0.00,   3.4,  11.5,  27.7,  28.8,   1.7,  25.14,  25.42,    15.98,  191.01,   52.40,  30.55, 2483.2,    0.74,  330.49,  362.11,  357.14,  341.70,  343.94,  345.18, 1449.50, 1508.26, 1475.60, 1458.86, 1455.18, 1453.35, 1531.14, 1526.86,  7241.4, 164,  GPS,   11.5, 110.60, 116.50, 119.000, 121.500, -0.002,       ,  25.50, -67.2,   21.6,   11.6,  -14.2,      1,   GPS,    ALT,  -0.1,   0.6,   0.0, 3DDiff, 3704,      ,     13,  21.0,     19
2018-08-27, 17:27:22,  -04:00,    GDM,   42.1876030,  -72.0365906,  7001.4, 30.03,  7339.2,  17.8, 142.04, 151.62,  -15.43,   0.57,  -0.08,   0.00,   0.00,   3.3,  11.6,  27.7,  28.8,   1.7,  25.14,  25.41,    15.99,  191.00,   52.32,  30.56, 2485.3,    0.74,  330.44,  362.13,  357.07,  341.64,  343.87,  345.15, 1449.22, 1508.70, 1475.95, 1461.13, 1454.82, 1452.18, 1532.02, 1526.58,  7242.0, 164,  GPS,   11.5, 110.60, 116.50, 119.000, 121.500, -0.002,       ,  25.52, -67.2,   21.5,   11.6,  -14.2,      1,   GPS,    ALT,  -0.1,   0.6,   7.9, 3DDiff, 3704,      ,     13,  21.0,     19
2018-08-27, 17:27:23,  -04:00,    GDM,   42.1883049,  -72.0366364,  7002.4, 30.03,  7339.2,  17.8, 142.10, 151.66,    6.82,   0.54,  -0.07,  -0.00,  -0.01,   3.3,  11.6,  27.7,  28.8,   1.7,  25.15,  25.40,    15.96,  190.98,   52.27,  30.55, 2483.4,    0.74,  330.41,  362.11,  356.95,  341.62,  343.78,  345.12, 1449.29, 1508.75, 1476.20, 1461.08, 1455.04, 1452.38, 1532.33, 1526.57,  7242.0, 164,  GPS,   11.5, 110.60, 116.50, 119.000, 121.500, -0.002,       ,  25.54, -67.2,   21.5,   11.6,  -14.2,      1,   GPS,    ALT,  -0.1,   0.6,   7.9, 3DDiff, 3704,      ,     14,  21.0,     19
2018-08-27, 17:27:24,  -04:00,    GDM,   42.1890106,  -72.0366745,  7002.4, 30.03,  7339.1,  17.8, 142.07, 151.79,   10.75,   0.51,  -0.04,  -0.00,  -0.01,   3.4,  11.6,  27.7,  28.8,   1.7,  25.15,  25.39,    15.98,  190.98,   52.35,  30.56, 2483.0,    0.74,  330.40,  362.08,  356.88,  341.56,  343.69,  345.10, 1450.02, 1508.11, 1476.80, 1461.19, 1455.11, 1453.12, 1532.42, 1527.12,  7241.9, 164,  GPS,   11.5, 110.60, 116.50, 119.000, 121.500, -0.002,       ,  25.56, -67.2,   21.4,   11.6,  -14.2,      1,   GPS,    ALT,  -0.0,   0.5,  -3.9, 3DDiff, 3704,      ,     14,  21.5,     19
2018-08-27, 17:27:25,  -04:00,    GDM,   42.1897125,  -72.0367203,  7002.4, 30.03,  7338.9,  17.8, 142.03, 151.79,   -4.80,   0.48,  -0.04,   0.00,  -0.00,   3.3,  11.6,  27.7,  28.8,   1.7,  25.15,  25.39,    15.95,  190.96,   52.29,  30.55, 2484.2,    0.74,  330.35,  362.05,  356.82,  341.51,  343.60,  345.09, 1451.14, 1507.52, 1475.76, 1461.11, 1454.67, 1452.88, 1531.99, 1526.98,  7241.7, 164,  GPS,   11.5, 110.60, 116.50, 119.000, 121.500, -0.002,       ,  25.59, -67.2,   21.4,   11.6,  -14.2,      1,   GPS,    ALT,  -0.0,   0.5, -11.8, 3DDiff, 3704,      ,     14,  21.5,     19
2018-08-27, 17:27:26,  -04:00,    GDM,   42.1904106,  -72.0367584,  7002.4, 30.03,  7339.3,  17.8, 142.08, 151.89,   -2.80,   0.48,  -0.01,   0.00,  -0.00,   3.4,  11.6,  27.7,  28.8,   1.7,  25.16,  25.39,    15.96,  190.96,   52.34,  30.55, 2483.5,    0.74,  330.32,  362.05,  356.78,  341.49,  343.50,  345.06, 1450.80, 1507.75, 1475.35, 1461.30, 1454.72, 1453.55, 1532.25, 1527.21,  7242.1, 164,  GPS,   11.5, 110.60, 116.50, 119.000, 121.500, -0.002,       ,  25.61, -67.2,   21.3,   11.6,  -14.2,      1,   GPS,    ALT,  -0.0,   0.5, -15.7, 3DDiff, 3704,      ,     14,  22.0,     19
2018-08-27, 17:27:27,  -04:00,    GDM,   42.1911163,  -72.0368042,  7001.4, 30.03,  7339.3,  17.8, 142.08, 151.97,  -25.76,   0.51,  -0.02,  -0.00,  -0.00,   3.4,  11.6,  27.7,  28.8,   1.7,  25.16,  25.39,    15.92,  190.94,   52.57,  30.54, 2485.2,    0.73,  330.31,  362.05,  356.71,  341.46,  343.42,  345.00, 1450.98, 1509.03, 1474.55, 1461.93, 1454.37, 1453.59, 1532.80, 1527.43,  7242.1, 164,  GPS,   11.5, 110.60, 116.50, 119.000, 121.500, -0.002,       ,  25.63, -67.2,   21.3,   11.6,  -14.2,      1,   GPS,    ALT,  -0.0,   0.5, -19.7, 3DDiff, 3704,      ,     13,  21.0,     18
2018-08-27, 17:27:28,  -04:00,    GDM,   42.1918182,  -72.0368423,  7001.4, 30.03,  7338.7,  17.8, 142.16, 152.05,  -33.04,   0.52,  -0.03,   0.00,  -0.01,   3.4,  11.7,  27.7,  28.8,   1.7,  25.15,  25.39,    15.87,  190.93,   52.46,  30.54, 2483.6,    0.73,  330.26,  362.05,  356.69,  341.43,  343.33,  344.98, 1450.29, 1508.75, 1474.61, 1459.87, 1453.55, 1453.41, 1532.11, 1526.42,  7241.5, 164,  GPS,   11.5, 110.60, 116.50, 119.000, 121.500, -0.002,       ,  25.64, -67.2,   21.3,   11.6,  -14.2,      1,   GPS,    ALT,  -0.0,   0.5, -15.7, 3DDiff, 3704,      ,     13,  21.0,     18
2018-08-27, 17:27:29,  -04:00,    GDM,   42.1925201,  -72.0368881,  7000.4, 30.03,  7338.5,  17.8, 142.11, 152.13,  -39.35,   0.56,  -0.05,   0.00,   0.01,   3.5,  11.7,  27.7,  28.8,   1.7,  25.14,  25.40,    15.83,  190.91,   52.25,  30.56, 2486.9,    0.73,  330.23,  362.03,  356.64,  341.37,  343.25,  344.96, 1449.30, 1509.61, 1474.83, 1460.17, 1454.12, 1453.52, 1532.62, 1526.28,  7241.3, 164,  GPS,   11.5, 110.60, 116.50, 119.000, 121.500, -0.002,       ,  25.66, -67.2,   21.2,   11.6,  -14.2,      1,   GPS,    ALT,  -0.0,   0.6, -15.7, 3DDiff, 3704,      ,     14,  21.0,     19
2018-08-27, 17:27:30,  -04:00,    GDM,   42.1932259,  -72.0369339,  7000.4, 30.03,  7338.4,  17.8, 142.15, 152.16,  -25.14,   0.60,  -0.04,  -0.00,   0.01,   3.5,  11.7,  27.7,  28.8,   1.7,  25.13,  25.41,    15.88,  190.89,   52.43,  30.56, 2483.6,    0.73,  330.25,  362.04,  356.64,  341.36,  343.15,  344.93, 1449.03, 1509.72, 1475.55, 1460.09, 1453.74, 1455.78, 1533.00, 1526.25,  7241.2, 164,  GPS,   11.5, 110.60, 116.50, 119.000, 121.500, -0.002,       ,  25.67, -67.2,   21.2,   11.6,  -14.2,      1,   GPS,    ALT,  -0.1,   0.6,  -3.9, 3DDiff, 3704,      ,     14,  21.5,     19
2018-08-27, 17:27:31,  -04:00,    GDM,   42.1939316,  -72.0369720,  6999.4, 30.03,  7338.5,  17.8, 142.12, 152.20,  -29.17,   0.65,  -0.04,   0.00,  -0.00,   3.5,  11.7,  27.7,  28.8,   1.7,  25.12,  25.41,    15.90,  190.88,   52.47,  30.55, 2482.6,    0.73,  330.19,  362.02,  356.64,  341.31,  343.07,  344.87, 1448.41, 1510.14, 1475.22, 1461.36, 1452.64, 1455.70, 1533.32, 1526.45,  7241.3, 164,  GPS,   11.5, 110.60, 116.50, 119.000, 121.500, -0.002,       ,  25.68, -67.2,   21.1,   11.6,  -14.2,      1,   GPS,    ALT,  -0.1,   0.6,   3.9, 3DDiff, 3704,      ,     14,  21.5,     19
2018-08-27, 17:27:32,  -04:00,    GDM,   42.1946373,  -72.0370178,  7000.4, 30.03,  7338.2,  17.8, 142.19, 152.22,  -22.58,   0.69,  -0.09,   0.01,   0.01,   3.5,  11.7,  27.7,  28.8,   1.7,  25.11,  25.43,    15.94,  190.88,   52.24,  30.61, 2484.2,    0.74,  330.17,  362.02,  356.63,  341.25,  343.02,  344.85, 1449.82, 1510.00, 1476.53, 1460.92, 1453.12, 1455.90, 1533.45, 1527.43,  7241.0, 164,  GPS,   11.5, 110.60, 116.50, 119.000, 121.500, -0.002,       ,  25.69, -67.3,   21.1,   11.6,  -14.2,      1,   GPS,    ALT,  -0.1,   0.6,  15.7, 3DDiff, 3704,      ,     14,  22.0,     19
2018-08-27, 17:27:33,  -04:00,    GDM,   42.1953392,  -72.0370483,  7001.4, 30.03,  7338.4,  17.8, 142.16, 152.24,    1.52,   0.65,  -0.12,   0.00,  -0.01,   3.5,  11.7,  27.7,  28.8,   1.7,  25.10,  25.44,    15.98,  190.86,   52.43,  30.58, 2486.6,    0.74,  330.13,  362.00,  356.61,  341.20,  342.93,  344.81, 1450.05, 1510.55, 1475.26, 1461.70, 1453.02, 1454.25, 1533.21, 1527.35,  7241.2, 164,  GPS,   11.5, 110.60, 116.50, 119.000, 121.500, -0.002,       ,  25.70, -67.3,   21.0,   11.6,  -14.2,      1,   GPS,    ALT,  -0.1,   0.7,  23.6, 3DDiff, 3704,      ,     13,  21.0,     18
2018-08-27, 17:27:34,  -04:00,    GDM,   42.1960449,  -72.0370941,  7001.4, 30.03,  7339.1,  17.8, 142.20, 152.26,   19.89,   0.62,  -0.10,  -0.00,  -0.01,   3.5,  11.7,  27.7,  28.8,   1.7,  25.08,  25.45,    15.95,  190.87,   52.31,  30.61, 2481.8,    0.74,  330.13,  362.01,  356.63,  341.19,  342.84,  344.79, 1451.21, 1510.67, 1475.22, 1462.99, 1453.27, 1455.13, 1533.85, 1527.90,  7241.9, 164,  GPS,   11.5, 110.60, 116.50, 119.000, 132.050, -0.002,       ,  25.71, -67.4,   21.0,   11.6,  -14.2,      1,   GPS,    ALT,  -0.1,   0.6,  15.7, 3DDiff, 3704,      ,     13,  21.0,     18
2018-08-27, 17:27:35,  -04:00,    GDM,   42.1967468,  -72.0371399,  7001.4, 30.03,  7338.9,  17.8, 142.18, 152.30,    3.40,   0.55,  -0.13,   0.00,  -0.01,   3.5,  11.7,  27.7,  28.8,   1.7,  25.07,  25.46,    15.92,  190.86,   52.39,  30.53, 2485.2,    0.73,  330.08,  361.99,  356.64,  341.16,  342.80,  344.75, 1451.28, 1509.83, 1475.95, 1462.40, 1452.22, 1455.37, 1533.30, 1527.17,  7241.7, 164,  GPS,   11.5, 110.60, 116.50, 119.000, 132.050, -0.002,       ,  25.72, -67.4,   21.0,   11.6,  -14.2,      1,   GPS,    ALT,  -0.1,   0.6,  -3.9, 3DDiff, 3704,      ,     14,  21.0,     19
2018-08-27, 17:27:36,  -04:00,    GDM,   42.1974564,  -72.0371780,  7001.4, 30.03,  7338.5,  17.8, 142.25, 152.32,   -1.73,   0.54,  -0.10,   0.00,  -0.00,   3.4,  11.7,  27.7,  28.8,   1.7,  25.05,  25.46,    16.00,  190.86,   52.30,  30.57, 2485.5,    0.74,  330.07,  361.97,  356.64,  341.13,  342.74,  344.73, 1450.28, 1510.02, 1476.80, 1461.11, 1452.49, 1455.14, 1533.30, 1527.02,  7241.3, 164,  GPS,   11.5, 110.60, 116.50, 119.000, 132.050, -0.002,       ,  25.72, -67.5,   20.9,   11.6,  -14.2,      1,   GPS,    ALT,  -0.1,   0.6, -19.7, 3DDiff, 3704,      ,     14,  21.0,     19
2018-08-27, 17:27:37,  -04:00,    GDM,   42.1981544,  -72.0372238,  7001.4, 30.03,  7338.0,  17.8, 142.24, 152.36,  -10.40,   0.59,  -0.11,  -0.00,   0.00,   3.4,  11.7,  27.7,  28.8,   1.7,  25.04,  25.46,    16.01,  190.85,   52.19,  30.58, 2484.8,    0.74,  330.03,  361.99,  356.67,  341.09,  342.66,  344.72, 1450.18, 1510.11, 1477.44, 1461.51, 1451.74, 1455.72, 1533.55, 1527.19,  7240.8, 164,  GPS,   11.5, 110.60, 116.50, 119.000, 132.050, -0.002,       ,  25.73, -67.5,   20.9,   11.6,  -14.2,      1,   GPS,    ALT,  -0.1,   0.6, -31.5, 3DDiff, 3704,      ,     14,  21.5,     19
2018-08-27, 17:27:38,  -04:00,    GDM,   42.1988602,  -72.0372620,  7000.4, 30.03,  7337.9,  17.8, 142.26, 152.42,  -31.49,   0.64,  -0.13,   0.00,  -0.01,   3.4,  11.7,  27.7,  28.8,   1.7,  25.03,  25.47,    15.99,  190.86,   52.23,  30.61, 2486.8,    0.74,  330.01,  361.96,  356.69,  341.06,  342.59,  344.66, 1450.85, 1509.90, 1477.30, 1461.04, 1452.28, 1455.29, 1533.01, 1527.87,  7240.7, 164,  GPS,   11.5, 110.60, 116.50, 119.000, 132.050, -0.002,       ,  25.73, -67.6,   20.8,   11.6,  -14.2,      1,   GPS,    ALT,  -0.1,   0.6, -31.5, 3DDiff, 3704,      ,     14,  22.0,     19
2018-08-27, 17:27:39,  -04:00,    GDM,   42.1995659,  -72.0373001,  7000.4, 30.03,  7337.7,  17.8, 142.38, 152.40,  -15.17,   0.71,  -0.13,   0.00,   0.01,   3.3,  11.7,  27.7,  28.8,   1.7,  25.02,  25.47,    16.03,  190.85,   52.32,  30.58, 2486.0,    0.74,  329.99,  361.94,  356.72,  341.03,  342.53,  344.66, 1451.55, 1510.01, 1476.61, 1461.82, 1452.78, 1455.55, 1533.20, 1528.03,  7240.4, 165,  GPS,   11.5, 110.60, 116.50, 119.000, 132.050, -0.002,       ,  25.73, -67.6,   20.8,   11.6,  -14.2,      1,   GPS,    ALT,  -0.1,   0.7, -31.5, 3DDiff, 3704,      ,     13,  21.0,     18
2018-08-27, 17:27:40,  -04:00,    GDM,   42.2002716,  -72.0373535,  7000.4, 30.03,  7336.8,  17.8, 142.41, 152.42,  -25.32,   0.73,  -0.22,  -0.01,   0.00,   3.3,  11.5,  27.7,  28.8,   1.7,  25.02,  25.47,    16.00,  190.83,   52.52,  30.59, 2484.4,    0.74,  329.95,  361.93,  356.76,  341.00,  342.47,  344.63, 1451.99, 1509.53, 1477.48, 1461.61, 1452.90, 1455.83, 1533.23, 1527.78,  7239.6, 165,  GPS,   11.5, 110.60, 116.50, 119.000, 132.050, -0.002,       ,  25.74, -67.7,   20.8,   11.6,  -14.2,      1,   GPS,    ALT,  -0.1,   0.7, -23.6, 3DDiff, 3704,      ,     13,  20.5,     18
2018-08-27, 17:27:41,  -04:00,    GDM,   42.2009735,  -72.0373917,  7000.4, 30.03,  7336.4,  17.8, 142.53, 152.38,  -17.91,   0.78,  -0.18,  -0.01,  -0.00,   3.3,  11.6,  27.7,  28.8,   1.7,  25.02,  25.45,    15.99,  190.84,   52.26,  30.64, 2483.2,    0.74,  329.95,  361.91,  356.82,  340.97,  342.38,  344.58, 1452.31, 1510.18, 1477.35, 1461.06, 1452.64, 1457.35, 1533.78, 1528.26,  7239.2, 165,  GPS,   11.5, 110.60, 116.50, 119.000, 132.050, -0.002,       ,  25.75, -67.8,   20.7,   11.6,  -14.2,      1,   GPS,    ALT,  -0.1,   0.8, -23.6, 3DDiff, 3704,      ,     14,  21.0,     19
2018-08-27, 17:27:42,  -04:00,    GDM,   42.2016792,  -72.0374298,  6999.4, 30.03,  7336.0,  17.8, 142.45, 152.34,  -23.99,   0.81,  -0.04,   0.00,   0.00,   3.3,  11.6,  27.7,  28.8,   1.7,  25.04,  25.42,    15.98,  190.82,   52.48,  30.64, 2482.9,    0.74,  329.92,  361.90,  356.87,  340.95,  342.29,  344.54, 1452.06, 1509.83, 1477.38, 1461.13, 1452.91, 1456.62, 1533.57, 1528.33,  7238.8, 165,  GPS,   11.5, 110.60, 116.50, 119.000, 132.050, -0.002,       ,  25.76, -67.8,   20.7,   11.6,  -14.2,      1,   GPS,    ALT,  -0.1,   0.8, -19.7, 3DDiff, 3704,      ,     14,  21.0,     19
2018-08-27, 17:27:43,  -04:00,    GDM,   42.2023849,  -72.0374832,  6999.4, 30.03,  7335.7,  17.8, 142.25, 152.30,  -32.78,   0.82,   0.02,  -0.00,   0.00,   3.3,  11.6,  27.7,  28.8,   1.7,  25.06,  25.40,    15.95,  190.81,   52.70,  30.57, 2486.9,    0.74,  329.91,  361.90,  356.93,  340.94,  342.26,  344.54, 1451.73, 1510.22, 1477.54, 1461.71, 1452.41, 1455.74, 1533.54, 1528.14,  7238.5, 164,  GPS,   11.5, 110.60, 116.50, 119.000, 132.050, -0.002,       ,  25.77, -67.9,   20.6,   11.6,  -14.2,      1,   GPS,    ALT,  -0.0,   0.8, -19.7, 3DDiff, 3704,      ,     14,  21.5,     19
2018-08-27, 17:27:44,  -04:00,    GDM,   42.2030907,  -72.0375214,  6999.4, 30.03,  7334.9,  17.8, 142.07, 152.26,  -22.87,   0.88,  -0.02,  -0.01,   0.00,   3.3,  11.6,  27.7,  28.8,   1.7,  25.06,  25.39,    15.95,  190.80,   52.74,  30.60, 2486.5,    0.74,  329.89,  361.87,  356.97,  340.91,  342.20,  344.48, 1451.91, 1510.44, 1478.37, 1462.50, 1451.97, 1455.75, 1534.36, 1528.13,  7237.7, 164,  GPS,   11.5, 110.60, 116.50, 119.000, 132.050, -0.002,       ,  25.79, -68.0,   20.6,   11.6,  -14.2,      1,   GPS,    ALT,  -0.0,   0.9, -15.7, 3DDiff, 3704,      ,     14,  21.5,     19
2018-08-27, 17:27:45,  -04:00,    GDM,   42.2037888,  -72.0375595,  6999.4, 30.03,  7334.1,  17.8, 141.94, 152.24,  -13.67,   0.89,  -0.05,   0.00,  -0.01,   3.3,  11.6,  27.7,  28.8,   1.7,  25.07,  25.39,    16.01,  190.80,   52.49,  30.65, 2487.2,    0.74,  329.86,  361.87,  357.01,  340.88,  342.13,  344.45, 1452.80, 1510.83, 1479.06, 1462.73, 1452.58, 1455.77, 1535.14, 1529.25,  7236.8, 164,  GPS,   11.5, 110.60, 116.50, 119.000, 132.050, -0.002,       ,  25.79, -68.0,   20.5,   11.6,  -14.2,      1,   GPS,    ALT,  -0.0,   0.9, -11.8, 3DDiff, 3704,      ,     13,  21.0,     18
2018-08-27, 17:27:46,  -04:00,    GDM,   42.2044983,  -72.0376053,  6998.4, 30.03,  7334.3,  17.8, 141.75, 152.22,  -23.75,   0.89,  -0.04,   0.00,   0.01,   3.3,  11.6,  27.7,  28.8,   1.7,  25.08,  25.38,    15.99,  190.81,   52.51,  30.62, 2483.1,    0.74,  329.85,  361.86,  357.07,  340.85,  342.07,  344.40, 1452.19, 1511.14, 1478.87, 1463.24, 1451.79, 1456.15, 1535.38, 1528.33,  7237.1, 164,  GPS,   11.5, 110.60, 116.50, 119.000, 132.050, -0.002,       ,  25.79, -68.1,   20.5,   11.6,  -14.2,      1,   GPS,    ALT,  -0.0,   0.9,  -7.9, 3DDiff, 3704,      ,     13,  20.5,     18
2018-08-27, 17:27:47,  -04:00,    GDM,   42.2052002,  -72.0376511,  6999.4, 30.03,  7334.2,  17.8, 141.72, 152.20,   -3.33,   0.88,  -0.05,  -0.00,  -0.00,   3.3,  11.6,  27.7,  28.8,   1.7,  25.09,  25.37,    15.97,  190.82,   52.45,  30.54, 2485.2,    0.74,  329.86,  361.87,  357.10,  340.85,  342.01,  344.41, 1452.68, 1510.83, 1478.39, 1462.87, 1451.42, 1456.77, 1535.05, 1528.55,  7237.0, 164,  GPS,   11.5, 110.60, 116.50, 119.000, 132.050, -0.002,       ,  25.80, -68.1,   20.5,   11.6,  -14.2,      1,   GPS,    ALT,  -0.0,   0.9,   0.0, 3DDiff, 3704,      ,     14,  21.0,     19
2018-08-27, 17:27:48,  -04:00,    GDM,   42.2059097,  -72.0376816,  7000.4, 30.03,  7334.2,  17.8, 141.79, 152.16,   19.72,   0.86,  -0.02,   0.00,  -0.01,   3.4,  11.6,  27.7,  28.8,   1.7,  25.09,  25.36,    15.98,  190.82,   52.38,  30.59, 2484.0,    0.74,  329.80,  361.84,  357.16,  340.82,  341.98,  344.37, 1451.19, 1511.06, 1477.71, 1460.67, 1451.46, 1457.20, 1534.33, 1527.56,  7237.0, 164,  GPS,   11.5, 110.60, 116.50, 119.000, 132.050, -0.002,       ,  25.80, -68.2,   20.4,   11.6,  -14.2,      1,   GPS,    ALT,  -0.0,   0.9,   3.9, 3DDiff, 3704,      ,     14,  21.0,     19
2018-08-27, 17:27:49,  -04:00,    GDM,   42.2066116,  -72.0377350,  7000.4, 30.03,  7334.0,  17.8, 141.67, 152.14,   16.51,   0.83,   0.00,   0.00,  -0.00,   3.4,  11.7,  27.7,  28.8,   1.7,  25.10,  25.35,    16.06,  190.80,   52.40,  30.59, 2486.5,    0.74,  329.80,  361.82,  357.22,  340.79,  341.92,  344.33, 1450.53, 1511.37, 1476.81, 1460.54, 1452.99, 1456.38, 1534.43, 1527.79,  7236.8, 164,  GPS,   11.5, 110.60, 116.50, 119.000, 132.050, -0.002,       ,  25.80, -68.3,   20.4,   11.6,  -14.2,      1,   GPS,    ALT,  -0.0,   0.8,  -3.9, 3DDiff, 3704,      ,     14,  21.0,     19
2018-08-27, 17:27:50,  -04:00,    GDM,   42.2073135,  -72.0377731,  7000.4, 30.03,  7334.2,  17.8, 141.64, 152.14,   13.83,   0.82,  -0.01,  -0.00,  -0.00,   3.4,  11.7,  27.7,  28.8,   1.7,  25.09,  25.35,    15.98,  190.81,   52.33,  30.57, 2485.4,    0.74,  329.80,  361.82,  357.27,  340.77,  341.88,  344.30, 1450.01, 1509.76, 1477.21, 1460.15, 1453.64, 1456.78, 1534.20, 1528.28,  7237.0, 164,  GPS,   11.5, 110.60, 116.50, 119.000, 132.050, -0.002,       ,  25.80, -68.4,   20.3,   11.6,  -14.2,      1,   GPS,    ALT,  -0.0,   0.8, -11.8, 3DDiff, 3704,      ,     14,  21.5,     19
2018-08-27, 17:27:51,  -04:00,    GDM,   42.2080154,  -72.0378113,  7000.4, 30.03,  7335.1,  17.8, 141.63, 152.13,   -3.58,   0.81,  -0.07,  -0.01,  -0.00,   3.4,  11.7,  27.7,  28.8,   1.7,  25.08,  25.35,    15.98,  190.79,   52.36,  30.53, 2483.7,    0.74,  329.80,  361.84,  357.30,  340.75,  341.85,  344.29, 1450.04, 1509.56, 1477.69, 1459.59, 1453.43, 1457.33, 1533.47, 1528.31,  7237.9, 164,  GPS,   11.5, 110.60, 116.50, 119.000, 132.050, -0.002,       ,  25.79, -68.5,   20.3,   11.6,  -14.2,      1,   GPS,    ALT,  -0.1,   0.8, -15.7, 3DDiff, 3704,      ,     13,  20.5,     18
2018-08-27, 17:27:52,  -04:00,    GDM,   42.2087212,  -72.0378571,  6999.4, 30.03,  7335.1,  17.8, 141.52, 152.13,  -34.38,   0.87,  -0.10,  -0.00,   0.00,   3.4,  11.7,  27.7,  28.8,   1.7,  25.07,  25.35,    16.02,  190.77,   52.22,  30.59, 2482.2,    0.74,  329.79,  361.84,  357.37,  340.73,  341.80,  344.25, 1450.23, 1510.89, 1477.29, 1459.81, 1453.58, 1457.88, 1533.96, 1528.31,  7237.9, 164,  GPS,   11.5, 110.60, 116.50, 119.000, 132.050, -0.002,       ,  25.79, -68.5,   20.2,   11.6,  -14.2,      1,   GPS,    ALT,  -0.1,   0.8, -15.7, 3DDiff, 3704,      ,     13,  20.5,     18
2018-08-27, 17:27:53,  -04:00,    GDM,   42.2094231,  -72.0378952,  6999.4, 30.03,  7335.2,  17.8, 141.55, 152.11,  -26.03,   0.91,  -0.12,   0.00,   0.01,   3.5,  11.7,  27.7,  28.8,   1.7,  25.07,  25.35,    16.03,  190.76,   52.44,  30.57, 2486.4,    0.74,  329.76,  361.83,  357.37,  340.71,  341.74,  344.24, 1450.44, 1510.14, 1477.34, 1459.43, 1454.97, 1458.18, 1533.74, 1529.29,  7237.9, 164,  GPS,   11.5, 110.60, 116.50, 119.000, 132.050, -0.002,       ,  25.78, -68.6,   20.2,   11.6,  -14.2,      1,   GPS,    ALT,  -0.1,   0.9,   3.9, 3DDiff, 3704,      ,     14,  20.5,     19
2018-08-27, 17:27:54,  -04:00,    GDM,   42.2101250,  -72.0379410,  6999.4, 30.03,  7335.6,  17.8, 141.47, 152.09,  -23.46,   0.92,  -0.13,  -0.01,  -0.00,   3.5,  11.7,  27.7,  28.8,   1.7,  25.07,  25.35,    16.00,  190.75,   52.46,  30.58, 2484.6,    0.74,  329.74,  361.81,  357.40,  340.67,  341.68,  344.23, 1450.78, 1509.83, 1477.70, 1459.52, 1455.27, 1457.78, 1533.45, 1529.45,  7238.4, 164,  GPS,   11.5, 110.60, 116.50, 119.000, 132.050, -0.002,       ,  25.77, -68.7,   20.2,   11.6,  -14.2,      1,   GPS,    ALT,  -0.1,   0.9,  15.7, 3DDiff, 3704,      ,     14,  21.0,     19
2018-08-27, 17:27:55,  -04:00,    GDM,   42.2108307,  -72.0379791,  6999.4, 30.03,  7336.0,  17.8, 141.51, 152.05,   -7.17,   0.92,  -0.04,  -0.00,  -0.02,   3.6,  11.7,  27.7,  28.8,   1.7,  25.08,  25.34,    16.02,  190.74,   52.35,  30.56, 2483.8,    0.74,  329.73,  361.84,  357.43,  340.66,  341.67,  344.21, 1450.47, 1510.39, 1476.95, 1460.10, 1454.39, 1457.76, 1533.74, 1528.11,  7238.8, 164,  GPS,   11.5, 110.60, 116.50, 119.000, 132.050, -0.002,       ,  25.76, -68.7,   20.1,   11.6,  -14.2,      1,   GPS,    ALT,  -0.1,   0.9,  19.7, 3DDiff, 3704,      ,     14,  21.0,     20
2018-08-27, 17:27:56,  -04:00,    GDM,   42.2115326,  -72.0380173,  7000.4, 30.03,  7335.8,  17.8, 141.48, 152.01,   10.97,   0.89,  -0.08,   0.01,  -0.00,   3.7,  11.7,  27.7,  28.8,   1.7,  25.07,  25.34,    16.00,  190.75,   52.32,  30.60, 2485.7,    0.74,  329.73,  361.87,  357.45,  340.63,  341.64,  344.20, 1450.88, 1510.21, 1478.11, 1461.27, 1454.94, 1457.56, 1533.94, 1529.04,  7238.6, 164,  GPS,   11.5, 110.60, 116.50, 119.000, 132.050, -0.002,       ,  25.74, -68.8,   20.1,   11.6,  -14.2,      1,   GPS,    ALT,  -0.1,   0.9,  19.7, 3DDiff, 3704,      ,     14,  21.5,     19
2018-08-27, 17:27:57,  -04:00,    GDM,   42.2122345,  -72.0380630,  7001.4, 30.03,  7335.0,  17.8, 141.42, 151.99,   22.32,   0.85,  -0.01,   0.00,  -0.01,   3.7,  11.7,  27.7,  28.8,   1.7,  25.07,  25.35,    15.98,  190.75,   52.51,  30.61, 2479.7,    0.74,  329.73,  361.86,  357.46,  340.59,  341.64,  344.15, 1450.26, 1510.00, 1477.43, 1462.92, 1455.51, 1458.27, 1534.51, 1528.82,  7237.8, 163,  GPS,   11.5, 110.60, 116.50, 119.000, 132.050, -0.002,       ,  25.72, -68.9,   20.0,   11.6,  -14.2,      1,   GPS,    ALT,  -0.1,   0.9,  15.7, 3DDiff, 3704,      ,     13,  20.5,     18
2018-08-27, 17:27:58,  -04:00,    GDM,   42.2129402,  -72.0381012,  7001.4, 30.03,  7335.3,  17.8, 141.28, 151.97,   12.86,   0.82,  -0.04,  -0.00,  -0.01,   3.8,  11.7,  27.7,  28.8,   1.7,  25.06,  25.35,    15.92,  190.74,   52.11,  30.58, 2483.7,    0.73,  329.71,  361.87,  357.49,  340.58,  341.62,  344.14, 1449.95, 1509.45, 1477.21, 1462.78, 1454.21, 1457.98, 1534.09, 1528.31,  7238.0, 163,  GPS,   11.5, 110.60, 116.50, 119.000, 132.050, -0.002,       ,  25.66, -69.0,   20.0,   11.6,  -14.2,      1,   GPS,    ALT,  -0.1,   0.8,   3.9, 3DDiff, 3704,      ,     13,  20.5,     18
2018-08-27, 17:27:59,  -04:00,    GDM,   42.2136459,  -72.0381393,  7000.4, 30.03,  7335.2,  17.8, 141.20, 151.97,   -4.95,   0.83,  -0.08,   0.00,   0.00,   3.8,  11.7,  27.7,  28.8,   1.7,  25.06,  25.36,    15.86,  190.73,   52.13,  30.55, 2481.0,    0.73,  329.71,  361.90,  357.49,  340.55,  341.64,  344.14, 1450.54, 1509.76, 1476.89, 1461.63, 1453.89, 1456.77, 1533.45, 1528.33,  7238.0, 163,  GPS,   11.5, 110.60, 116.50, 119.000, 132.050, -0.002,       ,  25.66, -69.0,   19.9,   11.6,  -14.2,      1,   GPS,    ALT,  -0.1,   0.8,   0.0, 3DDiff, 3704,      ,     14,  20.5,     19
2018-08-27, 17:28:00,  -04:00,    GDM,   42.2143478,  -72.0381851,  7001.4, 30.03,  7335.1,  17.8, 141.28, 151.97,   -5.21,   0.85,  -0.12,   0.00,   0.00,   3.8,  11.7,  27.7,  28.8,   1.7,  25.05,  25.37,    15.99,  190.72,   52.40,  30.55, 2485.8,    0.74,  329.70,  361.87,  357.49,  340.52,  341.72,  344.14, 1450.65, 1510.28, 1477.29, 1460.68, 1454.47, 1456.46, 1533.74, 1528.50,  7237.9, 163,  GPS,   11.5, 110.60, 116.50, 119.000, 132.050, -0.002,       ,  25.63, -69.0,   19.9,   11.6,  -14.2,      1,   GPS,    ALT,  -0.1,   0.8,  -3.9, 3DDiff, 3704,      ,     14,  21.0,     19
2018-08-27, 17:28:01,  -04:00,    GDM,   42.2150497,  -72.0382233,  7000.4, 30.03,  7335.1,  17.8, 141.23, 151.95,  -10.81,   0.82,  -0.14,  -0.00,  -0.01,   3.8,  11.7,  27.7,  28.8,   1.7,  25.04,  25.38,    15.92,  190.71,   52.63,  30.58, 2482.7,    0.74,  329.70,  361.89,  357.50,  340.52,  341.79,  344.11, 1450.37, 1509.97, 1477.40, 1461.66, 1455.06, 1456.42, 1533.65, 1528.29,  7237.8, 163,  GPS,   11.5, 110.60, 116.50, 119.000, 132.050, -0.002,       ,  25.59, -69.1,   19.9,   11.6,  -14.2,      1,   GPS,    ALT,  -0.1,   0.8,   0.0, 3DDiff, 3704,      ,     14,  21.0,     20
2018-08-27, 17:28:02,  -04:00,    GDM,   42.2157555,  -72.0382690,  7001.4, 30.03,  7335.5,  17.5, 141.29, 151.95,    3.95,   0.82,  -0.15,   0.01,  -0.01,   3.9,  11.7,  27.7,  28.8,   1.7,  25.02,  25.39,    15.89,  190.72,   52.30,  30.59, 2483.3,    0.73,  329.71,  361.90,  357.49,  340.49,  341.91,  344.08, 1451.26, 1509.58, 1478.23, 1460.83, 1455.48, 1456.66, 1533.08, 1529.28,  7238.3, 163,  GPS,   11.5, 110.60, 116.50, 119.000, 132.050, -0.002,       ,  25.54, -69.1,   19.8,   11.6,  -14.2,      1,   GPS,    ALT,  -0.1,   0.8,  -3.9, 3DDiff, 3704,      ,     14,  21.5,     19
2018-08-27, 17:28:03,  -04:00,    GDM,   42.2164536,  -72.0383072,  7001.4, 30.03,  7336.6,  17.5, 141.23, 151.97,    1.94,   0.78,  -0.08,   0.00,  -0.00,   3.9,  11.8,  27.7,  28.8,   1.7,  25.01,  25.40,    15.92,  190.72,   52.49,  30.55, 2486.2,    0.74,  329.70,  361.92,  357.49,  340.46,  342.04,  344.08, 1451.65, 1510.20, 1478.36, 1460.35, 1454.53, 1455.73, 1532.83, 1528.65,  7239.4, 163,  GPS,   11.5, 110.60, 116.50, 119.000, 132.050, -0.002,       ,  25.49, -69.1,   19.8,   11.6,  -14.2,      1,   GPS,    ALT,  -0.1,   0.8,  -3.9, 3DDiff, 3704,      ,     13,  20.5,     18
2018-08-27, 17:28:04,  -04:00,    GDM,   42.2171555,  -72.0383453,  6999.4, 30.03,  7335.8,  17.5, 141.19, 151.97,  -20.16,   0.79,  -0.07,  -0.00,   0.00,   3.9,  11.8,  27.7,  28.8,   1.7,  24.99,  25.41,    15.93,  190.72,   52.47,  30.56, 2484.9,    0.74,  329.70,  361.93,  357.50,  340.45,  342.18,  344.08, 1451.35, 1509.85, 1478.37, 1460.65, 1455.79, 1455.48, 1532.88, 1528.90,  7238.6, 163,  GPS,   11.5, 110.60, 116.50, 119.000, 132.050, -0.002,       ,  25.44, -69.1,   19.7,   11.6,  -14.2,      1,   GPS,    ALT,  -0.1,   0.8,  -7.9, 3DDiff, 3704,      ,     13,  20.5,     18
2018-08-27, 17:28:05,  -04:00,    GDM,   42.2178574,  -72.0383911,  7000.4, 30.03,  7335.7,  17.5, 141.25, 151.97,  -24.92,   0.88,  -0.14,   0.00,   0.00,   3.9,  11.8,  27.7,  28.8,   1.7,  24.97,  25.41,    15.93,  190.70,   52.54,  30.60, 2484.3,    0.74,  329.70,  361.91,  357.49,  340.42,  342.28,  344.05, 1451.34, 1510.93, 1477.88, 1461.45, 1455.36, 1456.09, 1534.02, 1528.79,  7238.5, 163,  GPS,   11.5, 110.60, 116.50, 119.000, 132.050, -0.002,       ,  25.38, -69.1,   19.7,   11.6,  -14.2,      1,   GPS,    ALT,  -0.1,   0.8,  -3.9, 3DDiff, 3704,      ,     14,  20.5,     19
2018-08-27, 17:28:06,  -04:00,    GDM,   42.2185593,  -72.0384216,  7000.4, 30.03,  7335.8,  17.5, 141.25, 151.97,   -5.20,   0.81,  -0.13,   0.00,  -0.00,   3.9,  11.8,  27.7,  28.8,   1.7,  24.95,  25.42,    15.90,  190.70,   52.66,  30.57, 2485.5,    0.73,  329.68,  361.93,  357.49,  340.40,  342.46,  344.03, 1451.91, 1510.72, 1476.55, 1460.74, 1454.33, 1454.97, 1533.58, 1528.11,  7238.6, 163,  GPS,   11.5, 110.60, 116.50, 119.000, 132.050, -0.002,       ,  25.32, -69.2,   19.7,   11.6,  -14.2,      1,   GPS,    ALT,  -0.1,   0.8,  11.8, 3DDiff, 3704,      ,     13,  21.0,     19
2018-08-27, 17:28:07,  -04:00,    GDM,   42.2192612,  -72.0384674,  6999.4, 30.03,  7336.0,  17.5, 141.12, 151.97,  -17.09,   0.81,  -0.19,  -0.00,  -0.00,   3.9,  11.8,  27.7,  28.8,   1.7,  24.95,  25.42,    15.89,  190.70,   52.31,  30.54, 2483.0,    0.73,  329.68,  361.95,  357.51,  340.37,  342.58,  344.04, 1451.83, 1510.03, 1476.53, 1461.33, 1454.42, 1454.57, 1533.67, 1528.21,  7238.7, 163,  GPS,   11.5, 110.60, 116.50, 119.000, 132.050, -0.002,       ,  25.27, -69.2,   19.6,   11.6,  -14.2,      1,   GPS,    ALT,  -0.1,   0.8,   3.9, 3DDiff, 3704,      ,     14,  21.0,     19
2018-08-27, 17:28:08,  -04:00,    GDM,   42.2199631,  -72.0385132,  7001.4, 30.03,  7335.6,  17.5, 141.29, 151.97,   14.01,   0.81,  -0.18,  -0.00,  -0.02,   3.9,  11.8,  27.7,  28.8,   1.7,  24.93,  25.42,    15.96,  190.69,   52.40,  30.56, 2484.2,    0.74,  329.68,  361.96,  357.51,  340.36,  342.68,  344.02, 1451.94, 1510.45, 1476.75, 1460.65, 1454.56, 1453.51, 1532.79, 1528.37,  7238.3, 163,  GPS,   11.5, 110.60, 116.50, 119.000, 132.050, -0.002,       ,  25.21, -69.2,   19.6,   11.6,  -14.2,      1,   GPS,    ALT,  -0.1,   0.8,   7.9, 3DDiff, 3704,      ,     13,  21.5,     18
2018-08-27, 17:28:09,  -04:00,    GDM,   42.2206726,  -72.0385513,  7001.4, 30.03,  7334.5,  17.5, 141.19, 151.97,    9.67,   0.77,  -0.16,   0.01,  -0.00,   3.9,  11.7,  27.7,  28.8,   1.7,  24.92,  25.43,    15.91,  190.69,   52.52,  30.58, 2483.5,    0.73,  329.70,  361.97,  357.50,  340.34,  342.77,  344.00, 1451.49, 1509.99, 1476.59, 1460.57, 1454.48, 1454.77, 1533.04, 1528.00,  7237.3, 163,  GPS,   11.5, 110.60, 116.50, 119.000, 132.050, -0.002,       ,  25.15, -69.2,   19.5,   11.6,  -14.2,      1,   GPS,    ALT,  -0.1,   0.8,   0.0, 3DDiff, 3704,      ,     13,  21.0,     18
2018-08-27, 17:28:10,  -04:00,    GDM,   42.2213745,  -72.0385971,  7002.4, 30.03,  7335.1,  17.5, 141.27, 151.99,   15.41,   0.76,  -0.15,   0.00,  -0.01,   3.9,  11.7,  27.7,  28.8,   1.7,  24.92,  25.43,    15.96,  190.67,   52.41,  30.59, 2482.7,    0.74,  329.70,  361.97,  357.52,  340.31,  342.84,  344.02, 1451.93, 1510.48, 1477.43, 1460.87, 1454.91, 1454.38, 1533.41, 1529.10,  7237.9, 163,  GPS,   11.5, 110.60, 116.50, 119.000, 132.050, -0.002,       ,  25.10, -69.2,   19.5,   11.6,  -14.2,      1,   GPS,    ALT,  -0.1,   0.8,  -7.9, 3DDiff, 3704,      ,     13,  20.5,     18
2018-08-27, 17:28:11,  -04:00,    GDM,   42.2220802,  -72.0386276,  7001.4, 30.03,  7334.7,  17.5, 141.22, 152.01,    1.56,   0.74,  -0.12,  -0.01,  -0.00,   3.9,  11.7,  27.7,  28.8,   1.7,  24.91,  25.44,    15.97,  190.66,   52.51,  30.57, 2486.2,    0.74,  329.68,  361.99,  357.52,  340.30,  342.92,  343.99, 1451.66, 1510.72, 1477.03, 1460.33, 1454.34, 1453.36, 1532.83, 1529.01,  7237.5, 163,  GPS,   11.5, 110.60, 116.50, 119.000, 132.050, -0.002,       ,  25.04, -69.2,   19.4,   11.6,  -14.2,      1,   GPS,    ALT,  -0.1,   0.8, -15.7, 3DDiff, 3704,      ,     14,  21.5,     18
2018-08-27, 17:28:12,  -04:00,    GDM,   42.2227821,  -72.0386658,  7001.4, 30.03,  7334.4,  17.5, 141.24, 152.05,  -19.52,   0.80,  -0.13,  -0.00,   0.01,   3.9,  11.7,  27.7,  28.8,   1.7,  24.90,  25.44,    15.96,  190.66,   52.11,  30.55, 2485.6,    0.74,  329.67,  362.01,  357.55,  340.27,  342.99,  343.99, 1450.66, 1509.97, 1477.00, 1460.04, 1454.34, 1452.80, 1532.48, 1528.92,  7237.2, 163,  GPS,   11.5, 110.60, 116.50, 119.000, 132.050, -0.002,       ,  24.98, -69.2,   19.4,   11.6,  -14.2,      1,   GPS,    ALT,  -0.1,   0.8, -15.7, 3DDiff, 3704,      ,     14,  22.0,     18
2018-08-27, 17:28:13,  -04:00,    GDM,   42.2234840,  -72.0387115,  7001.4, 30.03,  7334.4,  17.5, 141.27, 152.09,  -11.20,   0.76,  -0.12,   0.00,  -0.00,   3.9,  11.7,  27.7,  28.8,   1.7,  24.91,  25.44,    15.93,  190.65,   52.07,  30.56, 2485.2,    0.74,  329.67,  362.02,  357.56,  340.27,  343.02,  343.99, 1450.89, 1510.45, 1476.87, 1459.57, 1454.91, 1454.40, 1533.25, 1529.09,  7237.2, 163,  GPS,   11.5, 110.60, 116.50, 119.000, 132.050, -0.002,       ,  24.93, -69.1,   19.4,   11.6,  -14.2,      1,   GPS,    ALT,  -0.1,   0.8,   3.9, 3DDiff, 3704,      ,     14,  22.0,     19
2018-08-27, 17:28:14,  -04:00,    GDM,   42.2241898,  -72.0387573,  7002.4, 30.03,  7334.7,  17.5, 141.30, 152.11,    8.13,   0.67,  -0.05,  -0.01,  -0.01,   3.9,  11.7,  27.7,  28.8,   1.7,  24.91,  25.44,    15.99,  190.64,   52.00,  30.59, 2484.2,    0.74,  329.68,  362.02,  357.58,  340.24,  343.05,  343.96, 1451.06, 1511.25, 1476.95, 1461.46, 1455.32, 1455.70, 1534.68, 1529.01,  7237.5, 163,  GPS,   11.5, 110.60, 116.50, 119.000, 132.050, -0.002,       ,  24.87, -69.1,   19.3,   11.6,  -14.2,      1,   GPS,    ALT,  -0.1,   0.7,  -3.9, 3DDiff, 3704,      ,     14,  22.5,     18
2018-08-27, 17:28:15,  -04:00,    GDM,   42.2248878,  -72.0387878,  7001.4, 30.03,  7335.3,  17.5, 141.32, 152.16,  -12.40,   0.68,  -0.05,   0.00,  -0.01,   3.9,  11.7,  27.7,  28.8,   1.7,  24.91,  25.44,    15.98,  190.63,   52.13,  30.60, 2484.7,    0.74,  329.67,  362.05,  357.61,  340.24,  343.08,  343.96, 1451.67, 1511.06, 1477.62, 1462.54, 1457.07, 1455.62, 1534.46, 1530.32,  7238.1, 163,  GPS,   11.5, 110.60, 116.50, 119.000, 132.050, -0.002,       ,  24.81, -69.1,   19.3,   11.6,  -14.2,      1,   GPS,    ALT,  -0.1,   0.7, -15.7, 3DDiff, 3704,      ,     13,  21.5,     18
2018-08-27, 17:28:16,  -04:00,    GDM,   42.2255974,  -72.0388336,  7000.4, 30.03,  7334.8,  17.5, 141.38, 152.20,  -30.99,   0.69,  -0.09,   0.01,   0.00,   3.9,  11.7,  27.7,  28.8,   1.7,  24.90,  25.44,    16.07,  190.64,   52.38,  30.61, 2485.6,    0.74,  329.69,  362.05,  357.64,  340.20,  343.08,  343.94, 1451.23, 1511.33, 1477.64, 1461.80, 1456.38, 1455.34, 1534.24, 1529.37,  7237.6, 163,  GPS,   11.5, 110.60, 116.50, 119.000, 132.050, -0.002,       ,  24.76, -69.1,   19.2,   11.6,  -14.2,      1,   GPS,    ALT,  -0.1,   0.7, -15.7, 3DDiff, 3704,      ,     13,  21.5,     18
2018-08-27, 17:28:17,  -04:00,    GDM,   42.2262993,  -72.0388718,  6999.4, 30.03,  7334.6,  17.5, 141.44, 152.28,  -37.92,   0.74,  -0.09,  -0.00,   0.01,   3.9,  11.7,  27.7,  28.8,   1.7,  24.89,  25.43,    16.03,  190.62,   52.29,  30.53, 2485.1,    0.74,  329.68,  362.06,  357.65,  340.18,  343.08,  343.93, 1450.59, 1511.09, 1477.18, 1462.37, 1456.06, 1454.92, 1533.77, 1528.75,  7237.4, 163,  GPS,   11.5, 110.60, 116.50, 119.000, 132.050, -0.002,       ,  24.71, -69.1,   19.2,   11.6,  -14.2,      1,   GPS,    ALT,  -0.1,   0.7, -11.8, 3DDiff, 3704,      ,     14,  21.5,     18
2018-08-27, 17:28:18,  -04:00,    GDM,   42.2270050,  -72.0389175,  6999.4, 30.03,  7334.7,  17.5, 141.47, 152.30,  -31.12,   0.78,  -0.12,  -0.00,   0.00,   4.0,  11.7,  27.7,  28.8,   1.7,  24.88,  25.43,    15.97,  190.62,   52.56,  30.55, 2485.5,    0.74,  329.70,  362.08,  357.71,  340.15,  343.08,  343.90, 1450.36, 1510.61, 1478.65, 1461.53, 1454.49, 1455.29, 1533.49, 1528.83,  7237.5, 164,  GPS,   11.5, 110.60, 116.50, 119.000, 132.050, -0.002,       ,  24.66, -69.1,   19.1,   11.6,  -14.2,      1,   GPS,    ALT,  -0.1,   0.8,   3.9, 3DDiff, 3704,      ,     14,  21.5,     18
2018-08-27, 17:28:19,  -04:00,    GDM,   42.2277069,  -72.0389633,  7000.4, 30.03,  7335.0,  17.5, 141.52, 152.34,  -18.45,   0.75,  -0.10,   0.01,  -0.01,   4.0,  11.7,  27.7,  28.8,   1.7,  24.87,  25.43,    16.02,  190.62,   52.59,  30.61, 2485.8,    0.74,  329.68,  362.10,  357.73,  340.16,  343.08,  343.91, 1450.83, 1512.49, 1477.99, 1462.15, 1453.61, 1457.12, 1534.93, 1528.32,  7237.8, 164,  GPS,   11.5, 110.60, 116.50, 123.750, 132.050, -0.002,       ,  24.61, -69.0,   19.1,   11.6,  -14.2,      1,   GPS,    ALT,  -0.1,   0.8,  15.7, 3DDiff, 3704,      ,     14,  22.0,     19
2018-08-27, 17:28:20,  -04:00,    GDM,   42.2284126,  -72.0389938,  7000.4, 30.03,  7334.5,  17.5, 141.66, 152.36,    0.12,   0.71,  -0.01,   0.00,  -0.00,   4.0,  11.7,  27.7,  28.8,   1.7,  24.87,  25.43,    16.07,  190.62,   52.45,  30.59, 2485.0,    0.74,  329.70,  362.09,  357.74,  340.13,  343.08,  343.90, 1451.13, 1512.60, 1477.40, 1461.55, 1453.02, 1457.60, 1535.56, 1527.80,  7237.5, 164,  GPS,   11.5, 110.60, 116.50, 123.750, 132.050, -0.002,       ,  24.56, -69.0,   19.1,   11.6,  -14.2,      1,   GPS,    ALT,  -0.1,   0.7,  11.8, 3DDiff, 3704,      ,     14,  22.5,     18
2018-08-27, 17:28:21,  -04:00,    GDM,   42.2291222,  -72.0390396,  7000.4, 30.03,  7333.9,  17.5, 141.66, 152.42,   -2.61,   0.69,  -0.04,  -0.00,   0.00,   4.0,  11.8,  27.7,  28.8,   1.7,  24.85,  25.44,    16.08,  190.60,   52.38,  30.59, 2483.7,    0.74,  329.68,  362.11,  357.77,  340.12,  343.05,  343.88, 1450.33, 1512.36, 1477.50, 1461.77, 1453.55, 1457.02, 1535.22, 1527.84,  7236.9, 164,  GPS,   11.5, 110.60, 116.50, 123.750, 132.050, -0.003,       ,  24.51, -69.0,   19.0,   11.6,  -14.2,      1,   GPS,    ALT,  -0.1,   0.7,  11.8, 3DDiff, 3704,      ,     13,  21.5,     18
2018-08-27, 17:28:22,  -04:00,    GDM,   42.2298241,  -72.0390778,  7000.4, 30.03,  7334.2,  17.5, 141.77, 152.44,  -20.84,   0.73,  -0.15,   0.00,   0.00,   4.0,  11.8,  27.7,  28.8,   1.7,  24.83,  25.46,    16.08,  190.60,   52.43,  30.56, 2483.8,    0.74,  329.72,  362.11,  357.80,  340.12,  343.02,  343.87, 1449.78, 1511.97, 1477.92, 1461.36, 1453.90, 1457.17, 1534.62, 1527.71,  7237.2, 164,  GPS,   11.5, 110.60, 116.50, 123.750, 132.050, -0.003,       ,  24.47, -69.0,   19.0,   11.6,  -14.2,      1,   GPS,    ALT,  -0.1,   0.7,  11.8, 3DDiff, 3704,      ,     13,  21.5,     18
2018-08-27, 17:28:23,  -04:00,    GDM,   42.2305298,  -72.0391235,  7000.4, 30.03,  7334.4,  17.5, 141.79, 152.48,   -1.48,   0.69,  -0.14,   0.01,  -0.00,   3.9,  11.8,  27.7,  28.8,   1.7,  24.81,  25.48,    16.07,  190.59,   52.35,  30.54, 2485.4,    0.74,  329.70,  362.11,  357.85,  340.09,  342.99,  343.84, 1449.22, 1511.31, 1476.38, 1461.71, 1453.60, 1456.69, 1534.44, 1526.80,  7237.4, 164,  GPS,   11.5, 110.60, 116.50, 123.750, 132.050, -0.002,       ,  24.43, -68.9,   18.9,   11.6,  -14.2,      1,   GPS,    ALT,  -0.1,   0.7,  15.7, 3DDiff, 3704,      ,     14,  21.5,     18
2018-08-27, 17:28:24,  -04:00,    GDM,   42.2312393,  -72.0391617,  7000.4, 30.03,  7334.4,  17.5, 141.78, 152.53,  -13.28,   0.67,  -0.18,  -0.00,  -0.00,   3.9,  11.8,  27.7,  28.8,   1.7,  24.80,  25.49,    15.96,  190.61,   52.46,  30.50, 2485.5,    0.74,  329.72,  362.11,  357.86,  340.07,  342.98,  343.86, 1449.20, 1511.24, 1476.02, 1461.79, 1453.03, 1456.68, 1534.54, 1526.82,  7237.4, 164,  GPS,   11.5, 110.60, 116.50, 123.750, 132.050, -0.003,       ,  24.39, -68.9,   18.9,   11.6,  -14.2,      1,   GPS,    ALT,  -0.1,   0.7,   7.9, 3DDiff, 3704,      ,     14,  21.5,     19
2018-08-27, 17:28:25,  -04:00,    GDM,   42.2319374,  -72.0391998,  7001.4, 30.03,  7334.4,  17.5, 141.89, 152.55,   -2.60,   0.71,  -0.16,   0.00,   0.01,   3.8,  11.8,  27.7,  28.8,   1.7,  24.79,  25.50,    15.99,  190.58,   52.45,  30.59, 2486.0,    0.74,  329.73,  362.12,  357.90,  340.07,  342.92,  343.85, 1449.24, 1511.75, 1477.74, 1461.94, 1453.01, 1457.86, 1534.99, 1528.26,  7237.4, 164,  GPS,   11.5, 110.60, 116.50, 123.750, 132.050, -0.003,       ,  24.36, -68.9,   18.9,   11.6,  -14.2,      1,   GPS,    ALT,  -0.2,   0.7,   7.9, 3DDiff, 3704,      ,     14,  22.0,     19
2018-08-27, 17:28:26,  -04:00,    GDM,   42.2326431,  -72.0392456,  7000.4, 30.03,  7335.1,  17.5, 141.93, 152.59,   -9.00,   0.73,  -0.16,   0.00,   0.00,   3.8,  11.8,  27.7,  28.8,   1.7,  24.78,  25.51,    15.97,  190.59,   52.41,  30.61, 2485.4,    0.74,  329.73,  362.14,  357.92,  340.06,  342.89,  343.81, 1450.43, 1511.96, 1477.48, 1462.39, 1452.80, 1457.18, 1534.96, 1529.06,  7238.1, 164,  GPS,   11.5, 110.60, 116.50, 123.750, 132.050, -0.003,       ,  24.34, -68.8,   18.8,   11.6,  -14.2,      1,   GPS,    ALT,  -0.2,   0.7,  15.7, 3DDiff, 3704,      ,     14,  22.5,     18
2018-08-27, 17:28:27,  -04:00,    GDM,   42.2333527,  -72.0392761,  7001.4, 30.03,  7336.5,  17.5, 142.05, 152.61,   24.54,   0.67,  -0.20,   0.00,  -0.01,   3.8,  11.8,  27.7,  28.8,   1.7,  24.77,  25.51,    16.03,  190.56,   52.35,  30.61, 2484.3,    0.74,  329.73,  362.12,  358.00,  340.03,  342.86,  343.81, 1451.24, 1511.86, 1477.49, 1461.62, 1453.56, 1457.85, 1534.77, 1529.44,  7239.5, 164,  GPS,   11.5, 110.60, 116.50, 123.750, 132.050, -0.003,       ,  24.32, -68.8,   18.8,   11.6,  -14.2,      1,   GPS,    ALT,  -0.2,   0.7,  15.7, 3DDiff, 3704,      ,     13,  21.5,     18
2018-08-27, 17:28:28,  -04:00,    GDM,   42.2340546,  -72.0393143,  7001.4, 30.03,  7336.2,  17.5, 141.99, 152.63,    7.69,   0.62,  -0.21,  -0.00,  -0.02,   3.7,  11.8,  27.7,  28.8,   1.7,  24.76,  25.50,    16.02,  190.55,   52.49,  30.58, 2486.0,    0.74,  329.74,  362.14,  358.01,  340.03,  342.80,  343.78, 1451.06, 1511.15, 1477.81, 1461.34, 1454.25, 1457.48, 1534.57, 1528.50,  7239.2, 164,  GPS,   11.5, 110.60, 116.50, 123.750, 132.050, -0.003,       ,  24.31, -68.8,   18.7,   11.6,  -14.2,      1,   GPS,    ALT,  -0.2,   0.6,   7.9, 3DDiff, 3704,      ,     13,  21.0,     18
2018-08-27, 17:28:29,  -04:00,    GDM,   42.2347603,  -72.0393600,  7003.4, 30.03,  7336.1,  17.5, 142.16, 152.65,   21.76,   0.63,  -0.18,  -0.00,  -0.01,   3.7,  11.8,  27.7,  28.8,   1.7,  24.76,  25.50,    15.96,  190.55,   52.50,  30.60, 2484.2,    0.74,  329.76,  362.14,  358.04,  340.00,  342.77,  343.79, 1449.90, 1511.94, 1478.64, 1462.27, 1453.59, 1456.24, 1535.01, 1528.16,  7239.2, 164,  GPS,   11.5, 110.60, 116.50, 123.750, 132.050, -0.003,       ,  24.31, -68.8,   18.7,   11.6,  -14.2,      1,   GPS,    ALT,  -0.2,   0.6,  -7.9, 3DDiff, 3704,      ,     14,  21.5,     19
2018-08-27, 17:28:30,  -04:00,    GDM,   42.2354698,  -72.0393982,  7002.4, 30.03,  7335.9,  17.5, 142.08, 152.67,   13.67,   0.58,  -0.19,  -0.01,  -0.01,   3.7,  11.7,  27.7,  28.8,   1.7,  24.76,  25.48,    15.94,  190.55,   52.19,  30.59, 2479.9,    0.74,  329.76,  362.12,  358.07,  340.00,  342.72,  343.77, 1450.25, 1511.77, 1478.07, 1461.69, 1453.67, 1454.30, 1534.23, 1528.10,  7238.9, 164,  GPS,   11.5, 110.60, 116.50, 123.750, 132.050, -0.003,       ,  24.31, -68.8,   18.6,   11.6,  -14.2,      1,   GPS,    ALT,  -0.2,   0.6, -15.7, 3DDiff, 3704,      ,     14,  21.5,     19
2018-08-27, 17:28:31,  -04:00,    GDM,   42.2361717,  -72.0394440,  7002.4, 30.03,  7335.6,  17.5, 142.11, 152.73,    3.37,   0.57,  -0.20,   0.00,  -0.01,   3.8,  11.7,  27.7,  28.8,   1.7,  24.77,  25.47,    15.92,  190.54,   52.31,  30.58, 2484.7,    0.74,  329.76,  362.12,  358.08,  339.97,  342.68,  343.75, 1450.20, 1511.93, 1478.14, 1461.92, 1454.28, 1454.37, 1534.54, 1528.34,  7238.6, 164,  GPS,   11.5, 110.60, 116.50, 123.750, 132.050, -0.003,       ,  24.32, -68.8,   18.6,   11.6,  -14.2,      1,   GPS,    ALT,  -0.2,   0.6, -23.6, 3DDiff, 3704,      ,     14,  22.0,     19
2018-08-27, 17:28:32,  -04:00,    GDM,   42.2368813,  -72.0394821,  7002.4, 30.03,  7335.9,  17.5, 142.22, 152.77,  -17.51,   0.59,  -0.18,   0.00,   0.01,   3.8,  11.7,  27.7,  28.8,   1.7,  24.78,  25.45,    15.94,  190.56,   52.31,  30.59, 2484.0,    0.74,  329.79,  362.12,  358.10,  339.97,  342.65,  343.73, 1449.04, 1511.83, 1478.17, 1461.17, 1454.76, 1454.85, 1534.39, 1527.91,  7238.9, 164,  GPS,   11.5, 110.60, 116.50, 123.750, 132.050, -0.003,       ,  24.33, -68.8,   18.6,   11.6,  -14.2,      1,   GPS,    ALT,  -0.1,   0.6, -27.6, 3DDiff, 3704,      ,     14,  22.5,     18
2018-08-27, 17:28:33,  -04:00,    GDM,   42.2375946,  -72.0395203,  7002.4, 30.03,  7334.7,  17.5, 142.25, 152.83,   -3.71,   0.56,  -0.13,  -0.00,  -0.00,   3.8,  11.7,  27.7,  28.8,   1.7,  24.78,  25.44,    16.02,  190.58,   52.13,  30.65, 2483.1,    0.74,  329.79,  362.14,  358.11,  339.95,  342.57,  343.72, 1449.45, 1512.45, 1478.80, 1460.93, 1454.40, 1456.54, 1534.94, 1528.61,  7237.7, 164,  GPS,   11.5, 110.60, 116.50, 123.750, 132.050, -0.003,       ,  24.34, -68.8,   18.5,   11.6,  -14.2,      1,   GPS,    ALT,  -0.1,   0.6, -19.7, 3DDiff, 3704,      ,     13,  21.5,     18
2018-08-27, 17:28:34,  -04:00,    GDM,   42.2383003,  -72.0395737,  7001.4, 30.03,  7335.1,  17.5, 142.22, 152.88,  -33.24,   0.53,  -0.12,  -0.00,  -0.01,   3.8,  11.7,  27.7,  28.8,   1.7,  24.79,  25.44,    15.99,  190.57,   52.42,  30.62, 2484.0,    0.74,  329.80,  362.14,  358.13,  339.94,  342.56,  343.70, 1449.81, 1512.43, 1479.22, 1461.46, 1455.30, 1456.60, 1535.28, 1528.85,  7238.1, 164,  GPS,   11.5, 110.60, 116.50, 123.750, 132.050, -0.003,       ,  24.36, -68.8,   18.5,   11.6,  -14.2,      1,   GPS,    ALT,  -0.1,   0.5, -19.7, 3DDiff, 3704,      ,     13,  21.0,     18
2018-08-27, 17:28:35,  -04:00,    GDM,   42.2390022,  -72.0396118,  7000.4, 30.03,  7334.9,  17.5, 142.30, 152.96,  -32.81,   0.53,  -0.13,   0.01,   0.01,   3.8,  11.7,  27.7,  28.8,   1.7,  24.79,  25.44,    16.03,  190.56,   52.32,  30.60, 2485.5,    0.74,  329.82,  362.14,  358.11,  339.96,  342.50,  343.66, 1449.75, 1511.85, 1478.80, 1462.03, 1455.35, 1457.35, 1535.52, 1528.84,  7237.9, 164,  GPS,   11.5, 110.60, 116.50, 123.750, 132.050, -0.003,       ,  24.39, -68.8,   18.4,   11.6,  -14.2,      1,   GPS,    ALT,  -0.1,   0.5, -15.7, 3DDiff, 3704,      ,     14,  21.5,     19
2018-08-27, 17:28:36,  -04:00,    GDM,   42.2397156,  -72.0396423,  7000.4, 30.03,  7334.8,  17.5, 142.28, 153.04,  -35.80,   0.59,  -0.11,   0.00,   0.01,   3.8,  11.7,  27.7,  28.8,   1.7,  24.78,  25.45,    16.00,  190.53,   52.31,  30.58, 2484.4,    0.74,  329.82,  362.17,  358.10,  339.94,  342.47,  343.66, 1449.87, 1511.52, 1479.02, 1461.08, 1455.27, 1458.40, 1534.97, 1528.76,  7237.8, 164,  GPS,   11.5, 110.60, 116.50, 123.750, 132.050, -0.003,       ,  24.39, -68.8,   18.4,   11.6,  -14.2,      1,   GPS,    ALT,  -0.1,   0.6, -11.8, 3DDiff, 3704,      ,     14,  21.5,     19
2018-08-27, 17:28:37,  -04:00,    GDM,   42.2404251,  -72.0396957,  7000.4, 30.03,  7334.9,  17.5, 142.25, 153.06,  -33.23,   0.60,  -0.08,   0.00,   0.00,   3.8,  11.7,  27.7,  28.8,   1.7,  24.77,  25.45,    16.00,  190.53,   52.27,  30.59, 2482.8,    0.74,  329.83,  362.17,  358.10,  339.94,  342.41,  343.68, 1451.10, 1511.42, 1479.55, 1460.59, 1455.70, 1458.40, 1535.03, 1529.45,  7237.9, 164,  GPS,   11.5, 110.60, 116.50, 123.750, 132.050, -0.003,       ,  24.40, -68.8,   18.3,   11.6,  -14.2,      1,   GPS,    ALT,  -0.1,   0.6,   0.0, 3DDiff, 3704,      ,     14,  22.0,     19
2018-08-27, 17:28:38,  -04:00,    GDM,   42.2411308,  -72.0397339,  6999.4, 30.03,  7333.3,  17.5, 142.24, 153.12,  -41.72,   0.64,  -0.11,   0.01,   0.00,   3.8,  11.7,  27.7,  28.8,   1.7,  24.76,  25.45,    16.03,  190.53,   52.53,  30.62, 2486.4,    0.74,  329.83,  362.15,  358.07,  339.93,  342.37,  343.66, 1451.68, 1511.18, 1479.18, 1460.70, 1455.95, 1458.61, 1535.36, 1529.75,  7236.3, 164,  GPS,   11.5, 110.60, 116.50, 123.750, 132.050, -0.003,       ,  24.42, -68.7,   18.3,   11.6,  -14.2,      1,   GPS,    ALT,  -0.1,   0.6,   7.9, 3DDiff, 3704,      ,     14,  22.0,     19
2018-08-27, 17:28:39,  -04:00,    GDM,   42.2418365,  -72.0397720,  7000.4, 30.03,  7334.5,  17.5, 142.31, 153.16,  -15.61,   0.68,  -0.12,   0.00,   0.00,   3.8,  11.7,  27.7,  28.8,   1.7,  24.75,  25.46,    16.00,  190.52,   52.36,  30.63, 2484.6,    0.74,  329.85,  362.17,  358.04,  339.91,  342.32,  343.65, 1451.81, 1510.44, 1479.47, 1462.08, 1455.02, 1460.20, 1535.49, 1530.10,  7237.5, 164,  GPS,   11.5, 110.60, 116.50, 123.750, 132.050, -0.003,       ,  24.43, -68.7,   18.3,   11.6,  -14.2,      1,   GPS,    ALT,  -0.1,   0.7,  19.7, 3DDiff, 3704,      ,     13,  21.0,     18
2018-08-27, 17:28:40,  -04:00,    GDM,   42.2425461,  -72.0398178,  7000.4, 30.03,  7334.6,  17.5, 142.30, 153.16,    6.37,   0.67,  -0.18,  -0.00,  -0.01,   3.8,  11.7,  27.7,  28.8,   1.7,  24.75,  25.46,    16.01,  190.53,   52.35,  30.64, 2485.4,    0.74,  329.89,  362.17,  358.02,  339.91,  342.26,  343.65, 1452.23, 1510.63, 1479.99, 1461.09, 1454.28, 1460.66, 1535.36, 1530.01,  7237.6, 164,  GPS,   11.5, 110.60, 116.50, 123.750, 132.050, -0.003,       ,  24.45, -68.7,   18.2,   11.6,  -14.2,      1,   GPS,    ALT,  -0.1,   0.6,  23.6, 3DDiff, 3704,      ,     13,  21.0,     18
2018-08-27, 17:28:41,  -04:00,    GDM,   42.2432556,  -72.0398560,  7000.4, 30.03,  7335.0,  17.5, 142.32, 153.19,    3.59,   0.67,  -0.20,   0.00,  -0.00,   3.8,  11.7,  27.7,  28.8,   1.7,  24.74,  25.46,    16.07,  190.50,   52.30,  30.67, 2484.9,    0.74,  329.89,  362.17,  357.98,  339.90,  342.22,  343.65, 1451.53, 1512.49, 1480.13, 1461.89, 1454.37, 1460.53, 1536.27, 1530.07,  7238.0, 164,  GPS,   11.5, 110.60, 116.50, 123.750, 121.500, -0.003,       ,  24.46, -68.8,   18.2,   11.6,  -14.2,      1,   GPS,    ALT,  -0.1,   0.6,  23.6, 3DDiff, 3704,      ,     14,  21.0,     19
2018-08-27, 17:28:42,  -04:00,    GDM,   42.2439613,  -72.0399017,  7001.4, 30.03,  7335.3,  17.5, 142.34, 153.21,   11.87,   0.67,  -0.15,   0.00,   0.00,   3.8,  11.7,  27.7,  28.8,   1.7,  24.73,  25.46,    16.00,  190.51,   52.13,  30.65, 2484.2,    0.74,  329.91,  362.15,  357.95,  339.88,  342.17,  343.60, 1450.24, 1513.11, 1480.65, 1461.98, 1455.38, 1458.75, 1535.93, 1529.72,  7238.3, 164,  GPS,   11.5, 110.60, 116.50, 123.750, 121.500, -0.003,       ,  24.49, -68.8,   18.1,   11.6,  -14.2,      1,   GPS,    ALT,  -0.1,   0.6,  19.7, 3DDiff, 3704,      ,     14,  21.5,     19
2018-08-27, 17:28:43,  -04:00,    GDM,   42.2446709,  -72.0399399,  7000.4, 30.03,  7335.4,  17.5, 142.29, 153.21,   -0.83,   0.65,  -0.16,  -0.00,   0.00,   3.8,  11.7,  27.7,  28.8,   1.7,  24.74,  25.45,    15.97,  190.51,   52.34,  30.62, 2487.5,    0.74,  329.92,  362.17,  357.89,  339.84,  342.17,  343.60, 1450.91, 1512.69, 1479.58, 1462.73, 1454.16, 1458.20, 1535.26, 1529.29,  7238.4, 164,  GPS,   11.5, 110.60, 116.50, 123.750, 121.500, -0.003,       ,  24.49, -68.8,   18.1,   11.6,  -14.2,      1,   GPS,    ALT,  -0.1,   0.6,  11.8, 3DDiff, 3704,      ,     14,  21.5,     19
2018-08-27, 17:28:44,  -04:00,    GDM,   42.2453804,  -72.0399780,  7000.4, 30.03,  7337.3,  17.5, 142.30, 153.23,  -10.91,   0.65,  -0.14,  -0.00,  -0.01,   3.7,  11.7,  27.7,  28.8,   1.7,  24.74,  25.44,    15.96,  190.50,   52.28,  30.64, 2483.8,    0.74,  329.94,  362.17,  357.85,  339.84,  342.12,  343.57, 1451.74, 1512.29, 1480.63, 1462.36, 1454.11, 1457.03, 1534.90, 1529.49,  7240.3, 164,  GPS,   11.5, 110.60, 116.50, 123.750, 121.500, -0.003,       ,  24.50, -68.8,   18.0,   11.6,  -14.2,      1,   GPS,    ALT,  -0.1,   0.7,  11.8, 3DDiff, 3704,      ,     14,  22.0,     19
2018-08-27, 17:28:45,  -04:00,    GDM,   42.2460899,  -72.0400314,  7001.4, 30.03,  7336.7,  17.5, 142.40, 153.25,   -9.61,   0.68,  -0.08,   0.01,   0.00,   3.7,  11.7,  27.7,  28.8,   1.7,  24.74,  25.43,    16.02,  190.49,   52.35,  30.58, 2484.6,    0.74,  329.95,  362.20,  357.81,  339.82,  342.07,  343.54, 1451.33, 1511.31, 1480.49, 1461.34, 1454.03, 1456.01, 1533.99, 1528.90,  7239.7, 165,  GPS,   11.5, 110.60, 116.50, 123.750, 121.500, -0.003,       ,  24.51, -68.8,   18.0,   11.6,  -14.2,      1,   GPS,    ALT,  -0.1,   0.7,   7.9, 3DDiff, 3704,      ,     14,  21.5,     18
2018-08-27, 17:28:46,  -04:00,    GDM,   42.2467995,  -72.0400696,  7001.4, 30.03,  7337.1,  17.5, 142.40, 153.27,    0.37,   0.71,  -0.13,   0.00,   0.01,   3.7,  11.7,  27.7,  28.8,   1.7,  24.74,  25.43,    16.08,  190.48,   52.41,  30.60, 2485.0,    0.74,  329.95,  362.21,  357.74,  339.78,  342.01,  343.53, 1451.44, 1510.95, 1480.14, 1462.48, 1454.17, 1456.08, 1534.89, 1529.17,  7240.1, 165,  GPS,   11.5, 110.60, 116.50, 123.750, 121.500, -0.003,       ,  24.52, -68.8,   18.0,   11.6,  -14.2,      1,   GPS,    ALT,  -0.1,   0.7,  11.8, 3DDiff, 3704,      ,     13,  21.0,     18
2018-08-27, 17:28:47,  -04:00,    GDM,   42.2475090,  -72.0401077,  7001.4, 30.03,  7337.4,  17.5, 142.42, 153.29,    7.03,   0.66,  -0.15,  -0.00,  -0.01,   3.7,  11.7,  27.7,  28.8,   1.7,  24.73,  25.43,    16.03,  190.50,   52.52,  30.58, 2485.6,    0.74,  329.98,  362.21,  357.68,  339.78,  341.98,  343.53, 1451.04, 1511.10, 1478.80, 1462.67, 1453.74, 1456.82, 1534.90, 1528.65,  7240.5, 165,  GPS,   11.5, 110.60, 116.50, 123.750, 121.500, -0.003,       ,  24.54, -68.9,   17.9,   11.6,  -14.2,      1,   GPS,    ALT,  -0.1,   0.7,  15.7, 3DDiff, 3704,      ,     14,  21.0,     19
2018-08-27, 17:28:48,  -04:00,    GDM,   42.2482185,  -72.0401535,  7002.4, 30.03,  7337.6,  17.5, 142.50, 153.31,   22.57,   0.64,  -0.18,   0.00,  -0.01,   3.7,  11.7,  27.7,  28.8,   1.7,  24.73,  25.43,    16.03,  190.47,   52.38,  30.58, 2485.7,    0.74,  330.00,  362.21,  357.62,  339.78,  341.92,  343.51, 1451.40, 1510.68, 1479.70, 1461.68, 1453.51, 1457.00, 1534.71, 1529.00,  7240.6, 165,  GPS,   11.5, 110.60, 116.50, 123.750, 121.500, -0.003,       ,  24.55, -68.9,   17.9,   11.6,  -14.2,      1,   GPS,    ALT,  -0.1,   0.6,   3.9, 3DDiff, 3704,      ,     14,  21.5,     19
2018-08-27, 17:28:49,  -04:00,    GDM,   42.2489319,  -72.0401917,  7001.4, 30.03,  7337.5,  17.5, 142.49, 153.33,   11.19,   0.60,  -0.12,   0.00,  -0.00,   3.7,  11.7,  27.7,  28.8,   1.7,  24.73,  25.43,    16.00,  190.46,   52.54,  30.62, 2487.0,    0.74,  330.01,  362.21,  357.59,  339.77,  341.89,  343.48, 1450.48, 1510.72, 1479.39, 1462.34, 1453.13, 1456.60, 1534.97, 1528.86,  7240.5, 165,  GPS,   11.5, 110.60, 116.50, 123.750, 121.500, -0.003,       ,  24.57, -68.9,   17.8,   11.6,  -14.2,      1,   GPS,    ALT,  -0.1,   0.6, -11.8, 3DDiff, 3704,      ,     14,  21.5,     19
2018-08-27, 17:28:50,  -04:00,    GDM,   42.2496376,  -72.0402298,  7000.4, 30.03,  7335.3,  17.5, 142.52, 153.37,  -23.87,   0.62,  -0.16,  -0.00,   0.00,   3.7,  11.6,  27.7,  28.8,   1.7,  24.73,  25.43,    16.01,  190.45,   52.28,  30.63, 2486.5,    0.74,  330.01,  362.21,  357.55,  339.75,  341.85,  343.50, 1450.50, 1512.05, 1479.91, 1463.02, 1454.18, 1455.26, 1535.60, 1529.83,  7238.3, 165,  GPS,   11.5, 110.60, 116.50, 123.750, 121.500, -0.003,       ,  24.57, -68.9,   17.8,   11.6,  -14.2,      1,   GPS,    ALT,  -0.1,   0.6, -27.6, 3DDiff, 3704,      ,     14,  22.0,     18
2018-08-27, 17:28:51,  -04:00,    GDM,   42.2503433,  -72.0402832,  7001.4, 30.03,  7335.7,  17.5, 142.64, 153.41,  -17.59,   0.69,  -0.18,  -0.00,   0.00,   3.7,  11.6,  27.7,  28.8,   1.7,  24.72,  25.42,    16.04,  190.43,   52.40,  30.59, 2487.2,    0.74,  330.04,  362.21,  357.52,  339.73,  341.80,  343.47, 1450.54, 1511.96, 1479.68, 1462.65, 1454.46, 1454.02, 1534.90, 1529.56,  7238.7, 165,  GPS,   11.5, 110.60, 116.50, 123.750, 121.500, -0.003,       ,  24.59, -69.0,   17.7,   11.6,  -14.2,      1,   GPS,    ALT,  -0.1,   0.7, -27.6, 3DDiff, 3704,      ,     13,  21.0,     18
2018-08-27, 17:28:52,  -04:00,    GDM,   42.2510567,  -72.0403214,  7000.4, 30.03,  7335.0,  17.5, 142.56, 153.43,  -21.47,   0.66,  -0.15,   0.00,  -0.00,   3.7,  11.6,  27.7,  28.8,   1.7,  24.72,  25.41,    16.10,  190.45,   52.44,  30.58, 2487.5,    0.74,  330.04,  362.23,  357.47,  339.72,  341.77,  343.41, 1450.77, 1512.44, 1479.26, 1461.99, 1453.96, 1454.79, 1535.04, 1528.80,  7238.0, 165,  GPS,   11.5, 110.60, 116.50, 123.750, 121.500, -0.003,       ,  24.60, -69.0,   17.7,   11.6,  -14.2,      1,   GPS,    ALT,  -0.1,   0.7, -19.7, 3DDiff, 3704,      ,     13,  21.0,     18
2018-08-27, 17:28:53,  -04:00,    GDM,   42.2517624,  -72.0403595,  7000.4, 30.03,  7334.7,  17.5, 142.64, 153.45,  -26.79,   0.70,  -0.14,  -0.00,   0.00,   3.7,  11.6,  27.7,  28.8,   1.7,  24.72,  25.41,    16.00,  190.44,   52.38,  30.65, 2484.2,    0.74,  330.07,  362.24,  357.44,  339.70,  341.74,  343.40, 1450.31, 1512.44, 1479.53, 1462.35, 1454.58, 1455.74, 1535.68, 1529.40,  7237.7, 165,  GPS,   11.5, 110.60, 116.50, 123.750, 121.500, -0.003,       ,  24.61, -69.0,   17.7,   11.6,  -14.2,      1,   GPS,    ALT,  -0.1,   0.7, -15.7, 3DDiff, 3704,      ,     14,  21.0,     19
2018-08-27, 17:28:54,  -04:00,    GDM,   42.2524719,  -72.0404129,  7000.4, 30.03,  7334.4,  17.5, 142.66, 153.47,  -14.84,   0.71,  -0.09,  -0.00,  -0.00,   3.7,  11.6,  27.7,  28.8,   1.7,  24.72,  25.40,    16.06,  190.45,   52.15,  30.64, 2486.8,    0.74,  330.07,  362.23,  357.40,  339.69,  341.67,  343.35, 1451.01, 1511.70, 1478.99, 1463.89, 1454.63, 1457.30, 1536.10, 1529.29,  7237.4, 165,  GPS,   11.5, 110.60, 116.50, 123.750, 121.500, -0.003,       ,  24.62, -69.0,   17.6,   11.6,  -14.2,      1,   GPS,    ALT,  -0.1,   0.7, -11.8, 3DDiff, 3704,      ,     14,  21.5,     19
2018-08-27, 17:28:55,  -04:00,    GDM,   42.2531815,  -72.0404510,  7000.4, 30.03,  7334.2,  17.5, 142.60, 153.49,  -29.60,   0.74,  -0.05,   0.00,  -0.01,   3.7,  11.6,  27.7,  28.8,   1.7,  24.72,  25.39,    16.02,  190.43,   52.35,  30.64, 2481.6,    0.74,  330.08,  362.23,  357.39,  339.66,  341.64,  343.32, 1451.89, 1511.88, 1479.27, 1464.18, 1454.58, 1456.48, 1535.50, 1529.79,  7237.2, 165,  GPS,   11.5, 110.60, 116.50, 123.750, 121.500, -0.003,       ,  24.63, -69.1,   17.6,   11.6,  -14.2,      1,   GPS,    ALT,  -0.1,   0.7, -11.8, 3DDiff, 3704,      ,     14,  21.5,     19
2018-08-27, 17:28:56,  -04:00,    GDM,   42.2538910,  -72.0404892,  6999.4, 30.03,  7335.7,  17.5, 142.54, 153.49,  -29.96,   0.77,  -0.04,   0.00,   0.01,   3.7,  11.6,  27.7,  28.8,   1.7,  24.71,  25.39,    15.97,  190.43,   52.38,  30.61, 2485.1,    0.74,  330.07,  362.24,  357.37,  339.66,  341.59,  343.27, 1450.73, 1511.47, 1479.02, 1463.87, 1454.17, 1456.57, 1535.10, 1529.26,  7238.7, 165,  GPS,   11.5, 110.60, 116.50, 123.750, 121.500, -0.003,       ,  24.64, -69.1,   17.5,   11.6,  -14.2,      1,   GPS,    ALT,  -0.1,   0.8,  -3.9, 3DDiff, 3704,      ,     14,  22.0,     18
2018-08-27, 17:28:57,  -04:00,    GDM,   42.2546005,  -72.0405426,  7000.4, 30.03,  7335.0,  17.5, 142.69, 153.47,  -13.73,   0.80,  -0.10,  -0.01,   0.00,   3.7,  11.6,  27.7,  28.8,   1.7,  24.71,  25.40,    15.96,  190.42,   52.61,  30.61, 2484.9,    0.74,  330.10,  362.21,  357.35,  339.66,  341.55,  343.24, 1450.87, 1511.81, 1478.80, 1463.43, 1454.02, 1457.55, 1535.53, 1529.19,  7238.0, 165,  GPS,   11.5, 110.60, 116.50, 123.750, 121.500, -0.003,       ,  24.65, -69.1,   17.5,   11.6,  -14.2,      1,   GPS,    ALT,  -0.1,   0.8,   7.9, 3DDiff, 3704,      ,     13,  21.0,     18
2018-08-27, 17:28:58,  -04:00,    GDM,   42.2553139,  -72.0405807,  7000.4, 30.03,  7335.7,  17.5, 142.69, 153.47,   -5.58,   0.82,  -0.09,   0.00,  -0.00,   3.7,  11.6,  27.7,  28.8,   1.7,  24.70,  25.40,    16.00,  190.42,   52.60,  30.61, 2485.8,    0.74,  330.13,  362.23,  357.34,  339.63,  341.52,  343.23, 1450.67, 1511.96, 1478.69, 1463.10, 1454.34, 1457.34, 1535.50, 1529.01,  7238.7, 165,  GPS,   11.5, 110.60, 116.50, 123.750, 121.500, -0.003,       ,  24.65, -69.1,   17.4,   11.6,  -14.2,      1,   GPS,    ALT,  -0.1,   0.8,  11.8, 3DDiff, 3704,      ,     13,  21.0,     18
2018-08-27, 17:28:59,  -04:00,    GDM,   42.2560234,  -72.0406265,  7000.4, 30.03,  7335.9,  17.5, 142.73, 153.43,   -9.82,   0.80,  -0.11,   0.01,   0.00,   3.6,  11.6,  27.7,  28.8,   1.7,  24.69,  25.41,    15.97,  190.41,   52.52,  30.63, 2485.4,    0.74,  330.13,  362.21,  357.31,  339.61,  341.44,  343.18, 1450.55, 1511.23, 1478.84, 1462.67, 1453.68, 1456.97, 1534.54, 1528.66,  7238.9, 165,  GPS,   11.5, 110.60, 116.50, 123.750, 121.500, -0.003,       ,  24.66, -69.1,   17.4,   11.6,  -14.2,      1,   GPS,    ALT,  -0.1,   0.8,  11.8, 3DDiff, 3704,      ,     14,  21.0,     18
2018-08-27, 17:29:00,  -04:00,    GDM,   42.2567329,  -72.0406723,  6999.4, 30.03,  7336.2,  17.5, 142.70, 153.41,  -14.40,   0.82,  -0.09,   0.00,  -0.00,   3.6,  11.6,  27.7,  28.8,   1.7,  24.68,  25.41,    15.97,  190.40,   52.57,  30.57, 2485.4,    0.74,  330.15,  362.21,  357.33,  339.60,  341.40,  343.17, 1450.55, 1510.20, 1479.13, 1462.11, 1452.41, 1455.72, 1533.53, 1528.49,  7239.2, 165,  GPS,   11.5, 110.60, 116.50, 123.750, 121.500, -0.003,       ,  24.67, -69.1,   17.4,   11.6,  -14.2,      1,   GPS,    ALT,  -0.1,   0.8,  11.8, 3DDiff, 3704,      ,     14,  21.0,     19
2018-08-27, 17:29:01,  -04:00,    GDM,   42.2574425,  -72.0407104,  7001.4, 30.03,  7336.4,  17.5, 142.81, 153.37,   14.70,   0.80,  -0.08,  -0.00,  -0.01,   3.6,  11.6,  27.7,  28.8,   1.7,  24.67,  25.41,    15.93,  190.39,   52.54,  30.61, 2486.9,    0.74,  330.18,  362.20,  357.32,  339.59,  341.34,  343.11, 1450.49, 1510.82, 1478.24, 1462.56, 1451.92, 1455.25, 1534.30, 1528.15,  7239.4, 165,  GPS,   11.5, 110.60, 116.50, 123.750, 121.500, -0.003,       ,  24.67, -69.2,   17.3,   11.6,  -14.2,      1,   GPS,    ALT,  -0.1,   0.8,  11.8, 3DDiff, 3704,      ,     14,  21.5,     19
2018-08-27, 17:29:02,  -04:00,    GDM,   42.2581520,  -72.0407486,  7001.4, 30.03,  7334.8,  17.5, 142.81, 153.33,   23.04,   0.74,  -0.09,   0.00,  -0.01,   3.6,  11.6,  27.7,  28.8,   1.7,  24.67,  25.40,    15.93,  190.38,   52.34,  30.59, 2485.2,    0.74,  330.17,  362.20,  357.32,  339.58,  341.29,  343.08, 1450.18, 1510.66, 1477.02, 1462.77, 1451.74, 1455.25, 1534.19, 1527.34,  7237.9, 165,  GPS,   11.5, 110.60, 116.50, 123.750, 121.500, -0.003,       ,  24.68, -69.2,   17.3,   11.6,  -14.2,      1,   GPS,    ALT,  -0.1,   0.8,   3.9, 3DDiff, 3704,      ,     14,  22.0,     18
2018-08-27, 17:29:03,  -04:00,    GDM,   42.2588577,  -72.0407944,  7002.4, 30.03,  7335.6,  17.5, 142.84, 153.35,   15.45,   0.69,  -0.11,   0.00,  -0.01,   3.6,  11.6,  27.7,  28.8,   1.7,  24.67,  25.39,    15.97,  190.37,   52.47,  30.61, 2484.9,    0.74,  330.18,  362.20,  357.33,  339.55,  341.25,  343.02, 1450.84, 1510.60, 1477.24, 1461.24, 1451.91, 1456.55, 1533.65, 1528.06,  7238.6, 165,  GPS,   11.5, 110.60, 116.50, 123.750, 121.500, -0.003,       ,  24.70, -69.2,   17.2,   11.6,  -14.2,      1,   GPS,    ALT,  -0.1,   0.7,  -7.9, 3DDiff, 3704,      ,     13,  21.0,     18
2018-08-27, 17:29:04,  -04:00,    GDM,   42.2595673,  -72.0408401,  7001.4, 30.03,  7335.1,  17.5, 142.78, 153.33,   -1.98,   0.65,  -0.05,  -0.00,  -0.00,   3.6,  11.6,  27.7,  28.8,   1.7,  24.68,  25.37,    16.04,  190.36,   52.41,  30.59, 2486.5,    0.74,  330.19,  362.20,  357.32,  339.55,  341.19,  343.01, 1451.34, 1510.80, 1477.35, 1461.63, 1451.84, 1455.71, 1534.32, 1528.44,  7238.1, 165,  GPS,   11.5, 110.60, 116.50, 123.750, 121.500, -0.003,       ,  24.71, -69.2,   17.2,   11.6,  -14.2,      1,   GPS,    ALT,  -0.1,   0.7, -15.7, 3DDiff, 3704,      ,     13,  20.5,     18
2018-08-27, 17:29:05,  -04:00,    GDM,   42.2602768,  -72.0408783,  7000.4, 30.03,  7334.7,  17.5, 142.84, 153.33,  -26.12,   0.68,  -0.07,   0.00,  -0.00,   3.6,  11.6,  27.7,  28.8,   1.7,  24.69,  25.36,    16.07,  190.34,   52.46,  30.61, 2484.8,    0.74,  330.19,  362.20,  357.34,  339.54,  341.16,  342.96, 1450.75, 1511.60, 1478.63, 1460.13, 1451.87, 1456.45, 1534.39, 1529.16,  7237.8, 165,  GPS,   11.5, 110.60, 116.50, 123.750, 121.500, -0.003,       ,  24.72, -69.2,   17.1,   11.6,  -14.2,      1,   GPS,    ALT,  -0.1,   0.7, -19.7, 3DDiff, 3704,      ,     14,  21.0,     18
2018-08-27, 17:29:06,  -04:00,    GDM,   42.2609825,  -72.0409241,  7000.4, 30.03,  7334.6,  17.5, 142.84, 153.33,  -35.39,   0.79,  -0.09,   0.01,   0.03,   3.7,  11.6,  27.7,  28.8,   1.7,  24.69,  25.35,    16.07,  190.34,   52.62,  30.63, 2485.8,    0.74,  330.22,  362.20,  357.34,  339.54,  341.10,  342.93, 1451.38, 1512.52, 1479.07, 1460.78, 1452.57, 1456.96, 1535.01, 1529.70,  7237.6, 165,  GPS,   11.5, 110.60, 116.50, 123.750, 121.500, -0.003,       ,  24.74, -69.2,   17.1,   11.6,  -14.2,      1,   GPS,    ALT,  -0.1,   0.7,  -7.9, 3DDiff, 3704,      ,     14,  21.0,     19
2018-08-27, 17:29:07,  -04:00,    GDM,   42.2616920,  -72.0409698,  7000.4, 30.03,  7334.9,  17.5, 142.75, 153.35,  -30.49,   0.78,  -0.13,  -0.00,  -0.00,   3.7,  11.6,  27.7,  28.8,   1.7,  24.69,  25.35,    16.06,  190.33,   52.68,  30.64, 2481.8,    0.74,  330.24,  362.20,  357.34,  339.51,  341.06,  342.90, 1452.02, 1512.22, 1480.16, 1461.16, 1452.67, 1456.38, 1534.87, 1530.39,  7237.9, 165,  GPS,   11.5, 110.60, 116.50, 123.750, 121.500, -0.003,       ,  24.75, -69.2,   17.1,   11.6,  -14.2,      1,   GPS,    ALT,  -0.1,   0.8,  23.6, 3DDiff, 3704,      ,     14,  21.5,     19
2018-08-27, 17:29:08,  -04:00,    GDM,   42.2624054,  -72.0410080,  7000.4, 30.03,  7337.0,  17.5, 142.75, 153.31,   -7.09,   0.73,  -0.07,  -0.00,  -0.01,   3.7,  11.6,  27.7,  28.8,   1.7,  24.69,  25.34,    16.03,  190.32,   52.15,  30.65, 2481.7,    0.74,  330.22,  362.18,  357.37,  339.51,  341.00,  342.86, 1451.94, 1512.51, 1480.82, 1462.24, 1452.75, 1456.26, 1535.40, 1530.07,  7240.0, 165,  GPS,   11.5, 110.60, 116.50, 123.750, 121.500, -0.003,       ,  24.77, -69.2,   17.0,   11.6,  -14.2,      1,   GPS,    ALT,  -0.1,   0.7,  23.6, 3DDiff, 3704,      ,     14,  21.5,     18
2018-08-27, 17:29:09,  -04:00,    GDM,   42.2631187,  -72.0410614,  7000.4, 30.03,  7336.5,  17.5, 142.60, 153.31,  -14.04,   0.70,  -0.01,   0.00,  -0.00,   3.7,  11.6,  27.7,  28.8,   1.7,  24.70,  25.33,    16.07,  190.32,   52.34,  30.64, 2485.7,    0.74,  330.24,  362.17,  357.37,  339.51,  340.97,  342.84, 1451.98, 1512.72, 1480.23, 1463.11, 1452.61, 1458.85, 1536.37, 1529.75,  7239.5, 165,  GPS,   11.5, 110.60, 116.50, 123.750, 121.500, -0.003,       ,  24.78, -69.1,   17.0,   11.6,  -14.2,      1,   GPS,    ALT,  -0.1,   0.7,  19.7, 3DDiff, 3704,      ,     13,  21.0,     18
2018-08-27, 17:29:10,  -04:00,    GDM,   42.2638245,  -72.0410995,  7000.4, 30.03,  7337.0,  17.5, 142.55, 153.31,   -2.95,   0.70,   0.00,   0.00,  -0.00,   3.7,  11.6,  27.7,  28.8,   1.7,  24.70,  25.33,    16.05,  190.32,   52.20,  30.62, 2483.5,    0.74,  330.22,  362.17,  357.40,  339.48,  340.92,  342.80, 1452.53, 1512.36, 1478.56, 1464.51, 1453.08, 1458.07, 1536.44, 1529.37,  7240.0, 165,  GPS,   11.5, 110.60, 116.50, 123.750, 121.500, -0.003,       ,  24.79, -69.1,   16.9,   11.6,  -14.2,      1,   GPS,    ALT,  -0.1,   0.7,  19.7, 3DDiff, 3704,      ,     13,  20.5,     18
2018-08-27, 17:29:11,  -04:00,    GDM,   42.2645340,  -72.0411453,  7001.4, 30.03,  7337.3,  17.5, 142.60, 153.29,   11.76,   0.73,  -0.04,  -0.00,  -0.01,   3.7,  11.6,  27.7,  28.8,   1.7,  24.69,  25.34,    15.99,  190.32,   52.04,  30.63, 2482.7,    0.74,  330.25,  362.17,  357.40,  339.45,  340.88,  342.77, 1451.75, 1512.64, 1479.09, 1464.34, 1453.12, 1457.35, 1536.44, 1529.72,  7240.3, 165,  GPS,   11.5, 110.60, 116.50, 123.750, 121.500, -0.003,       ,  24.80, -69.1,   16.9,   11.6,  -14.2,      1,   GPS,    ALT,  -0.1,   0.7,  23.6, 3DDiff, 3704,      ,     14,  21.0,     18
2018-08-27, 17:29:12,  -04:00,    GDM,   42.2652435,  -72.0411911,  7000.4, 30.03,  7337.6,  17.5, 142.43, 153.27,  -13.04,   0.75,  -0.08,   0.00,  -0.01,   3.7,  11.6,  27.7,  28.8,   1.7,  24.68,  25.34,    16.01,  190.33,   52.43,  30.57, 2486.2,    0.74,  330.25,  362.14,  357.40,  339.43,  340.85,  342.77, 1451.52, 1511.87, 1479.25, 1463.32, 1452.79, 1456.56, 1535.91, 1529.36,  7240.6, 165,  GPS,   11.5, 110.60, 116.50, 123.750, 121.500, -0.003,       ,  24.81, -69.1,   16.9,   11.6,  -14.2,      1,   GPS,    ALT,  -0.1,   0.7,  15.7, 3DDiff, 3704,      ,     14,  21.0,     19
2018-08-27, 17:29:13,  -04:00,    GDM,   42.2659531,  -72.0412292,  7001.4, 30.03,  7337.8,  17.5, 142.41, 153.27,    3.32,   0.76,  -0.08,  -0.00,  -0.00,   3.7,  11.6,  27.7,  28.8,   1.7,  24.66,  25.35,    16.05,  190.32,   52.42,  30.61, 2484.4,    0.74,  330.25,  362.12,  357.38,  339.42,  340.82,  342.71, 1450.71, 1511.69, 1479.14, 1464.14, 1454.55, 1456.14, 1535.87, 1529.97,  7240.8, 165,  GPS,   11.5, 110.60, 116.50, 123.750, 121.500, -0.003,       ,  24.81, -69.1,   16.8,   11.6,  -14.2,      1,   GPS,    ALT,  -0.1,   0.8,  15.7, 3DDiff, 3704,      ,     14,  21.0,     19
2018-08-27, 17:29:14,  -04:00,    GDM,   42.2666588,  -72.0412674,  7001.4, 30.03,  7336.4,  17.5, 142.37, 153.27,   10.22,   0.74,  -0.03,  -0.00,  -0.00,   3.7,  11.6,  27.7,  28.8,   1.7,  24.65,  25.35,    16.03,  190.29,   52.44,  30.61, 2485.9,    0.74,  330.25,  362.11,  357.37,  339.42,  340.79,  342.71, 1451.55, 1511.71, 1478.25, 1463.78, 1453.78, 1456.14, 1535.67, 1529.65,  7239.4, 165,  GPS,   11.5, 110.60, 116.50, 123.750, 121.500, -0.003,       ,  24.81, -69.1,   16.8,   11.6,  -14.2,      1,   GPS,    ALT,  -0.1,   0.8,  11.8, 3DDiff, 3704,      ,     14,  21.5,     18
2018-08-27, 17:29:15,  -04:00,    GDM,   42.2673645,  -72.0413132,  7001.4, 30.03,  7337.4,  17.5, 142.35, 153.29,   13.84,   0.75,  -0.13,  -0.00,  -0.01,   3.7,  11.6,  27.7,  28.8,   1.7,  24.65,  25.36,    15.99,  190.29,   52.59,  30.59, 2485.7,    0.74,  330.27,  362.11,  357.37,  339.42,  340.77,  342.67, 1452.13, 1510.69, 1478.16, 1463.85, 1453.76, 1456.58, 1535.20, 1529.93,  7240.4, 165,  GPS,   11.5, 110.60, 116.50, 123.750, 121.500, -0.003,       ,  24.81, -69.1,   16.7,   11.6,  -14.2,      1,   GPS,    ALT,  -0.1,   0.7,   7.9, 3DDiff, 3704,      ,     13,  20.5,     18
2018-08-27, 17:29:16,  -04:00,    GDM,   42.2680779,  -72.0413513,  7002.4, 30.03,  7337.0,  17.5, 142.30, 153.27,    9.07,   0.74,  -0.18,  -0.00,  -0.01,   3.8,  11.6,  27.7,  28.8,   1.7,  24.64,  25.36,    15.97,  190.26,   52.57,  30.58, 2486.2,    0.74,  330.28,  362.11,  357.35,  339.37,  340.73,  342.65, 1451.94, 1510.56, 1478.63, 1463.00, 1453.02, 1456.75, 1534.65, 1529.77,  7240.0, 164,  GPS,   11.5, 110.60, 116.50, 123.750, 121.500, -0.003,       ,  24.81, -69.1,   16.7,   11.6,  -14.2,      1,   GPS,    ALT,  -0.1,   0.7,   3.9, 3DDiff, 3704,      ,     13,  20.5,     18
2018-08-27, 17:29:17,  -04:00,    GDM,   42.2687836,  -72.0413971,  7001.4, 30.03,  7336.9,  17.5, 142.12, 153.29,    5.28,   0.75,  -0.15,  -0.00,  -0.00,   3.8,  11.6,  27.7,  28.8,   1.7,  24.64,  25.35,    16.02,  190.25,   52.31,  30.61, 2482.8,    0.74,  330.25,  362.11,  357.31,  339.36,  340.71,  342.62, 1452.80, 1511.19, 1478.05, 1462.25, 1453.24, 1456.56, 1534.30, 1530.22,  7239.9, 164,  GPS,   11.5, 110.60, 116.50, 123.750, 121.500, -0.003,       ,  24.80, -69.1,   16.6,   11.6,  -14.2,      1,   GPS,    ALT,  -0.1,   0.7,   0.0, 3DDiff, 3704,      ,     14,  20.5,     18
2018-08-27, 17:29:18,  -04:00,    GDM,   42.2694969,  -72.0414429,  7001.4, 30.03,  7336.8,  17.5, 142.17, 153.29,   -2.96,   0.78,  -0.10,  -0.00,  -0.00,   3.9,  11.6,  27.7,  28.8,   1.7,  24.64,  25.35,    15.99,  190.25,   52.58,  30.61, 2484.3,    0.74,  330.28,  362.09,  357.29,  339.36,  340.70,  342.60, 1452.70, 1511.98, 1478.05, 1462.62, 1453.33, 1458.61, 1535.59, 1529.37,  7239.8, 164,  GPS,   11.5, 110.60, 116.50, 123.750, 121.500, -0.003,       ,  24.79, -69.1,   16.6,   11.6,  -14.2,      1,   GPS,    ALT,  -0.1,   0.7,   0.0, 3DDiff, 3704,      ,     14,  21.0,     19
2018-08-27, 17:29:19,  -04:00,    GDM,   42.2701988,  -72.0414810,  7001.4, 30.03,  7336.8,  17.5, 142.04, 153.29,  -12.80,   0.81,  -0.04,   0.00,  -0.00,   3.9,  11.6,  27.7,  28.8,   1.7,  24.64,  25.34,    16.00,  190.27,   52.49,  30.59, 2484.3,    0.74,  330.26,  362.09,  357.28,  339.33,  340.67,  342.56, 1452.01, 1511.28, 1478.61, 1463.43, 1453.27, 1458.91, 1535.48, 1529.54,  7239.8, 164,  GPS,   11.5, 110.60, 116.50, 123.750, 121.500, -0.003,       ,  24.78, -69.1,   16.6,   11.6,  -14.2,      1,   GPS,    ALT,  -0.1,   0.8,   3.9, 3DDiff, 3704,      ,     14,  21.0,     19
2018-08-27, 17:29:20,  -04:00,    GDM,   42.2709160,  -72.0415268,  7001.4, 30.03,  7338.4,  17.5, 141.94, 153.31,  -19.16,   0.82,  -0.03,   0.00,   0.00,   4.0,  11.6,  27.7,  28.8,   1.7,  24.64,  25.34,    16.00,  190.27,   52.18,  30.57, 2481.7,    0.74,  330.27,  362.08,  357.22,  339.30,  340.67,  342.53, 1451.81, 1510.87, 1478.42, 1462.23, 1454.11, 1458.56, 1534.38, 1529.41,  7241.6, 164,  GPS,   11.5, 110.60, 116.50, 123.750, 121.500, -0.003,       ,  24.76, -69.1,   16.5,   11.6,  -14.2,      1,   GPS,    ALT,  -0.1,   0.8,  11.8, 3DDiff, 3704,      ,     14,  21.5,     18
2018-08-27, 17:29:21,  -04:00,    GDM,   42.2716255,  -72.0415726,  7002.4, 30.03,  7337.9,  17.5, 141.99, 153.29,    4.05,   0.82,  -0.08,  -0.00,  -0.00,   4.0,  11.6,  27.7,  28.8,   1.7,  24.63,  25.34,    15.92,  190.29,   52.31,  30.54, 2483.9,    0.73,  330.28,  362.08,  357.19,  339.30,  340.67,  342.52, 1452.59, 1511.20, 1478.40, 1460.95, 1454.26, 1457.78, 1533.94, 1529.20,  7241.1, 164,  GPS,   11.5, 110.60, 116.50, 123.750, 121.500, -0.003,       ,  24.73, -69.1,   16.5,   11.6,  -14.2,      1,   GPS,    ALT,  -0.1,   0.8,  15.7, 3DDiff, 3704,      ,     13,  20.5,     18
2018-08-27, 17:29:22,  -04:00,    GDM,   42.2723351,  -72.0416183,  7002.4, 30.03,  7338.8,  17.5, 141.89, 153.31,    7.35,   0.77,  -0.10,   0.00,  -0.02,   4.0,  11.6,  27.7,  28.8,   1.7,  24.62,  25.35,    15.93,  190.31,   52.47,  30.51, 2486.4,    0.74,  330.26,  362.08,  357.13,  339.30,  340.73,  342.50, 1452.19, 1510.71, 1478.56, 1461.33, 1453.86, 1458.20, 1534.13, 1529.57,  7242.0, 164,  GPS,   11.5, 110.60, 116.50, 123.750, 121.500, -0.003,       ,  24.70, -69.1,   16.4,   11.6,  -14.2,      1,   GPS,    ALT,  -0.1,   0.8,  11.8, 3DDiff, 3704,      ,     13,  20.5,     18
2018-08-27, 17:29:23,  -04:00,    GDM,   42.2730408,  -72.0416565,  7001.4, 30.03,  7338.8,  17.5, 141.81, 153.31,   -2.96,   0.73,  -0.10,   0.00,  -0.01,   4.1,  11.6,  27.7,  28.8,   1.7,  24.61,  25.36,    15.98,  190.30,   52.49,  30.50, 2484.6,    0.74,  330.25,  362.06,  357.07,  339.27,  340.76,  342.47, 1451.97, 1510.76, 1478.99, 1459.94, 1455.53, 1457.86, 1534.06, 1530.11,  7242.0, 164,  GPS,   11.5, 110.60, 116.50, 123.750, 121.500, -0.003,       ,  24.66, -69.1,   16.4,   11.6,  -14.2,      1,   GPS,    ALT,  -0.1,   0.8,   0.0, 3DDiff, 3704,      ,     14,  20.5,     18
2018-08-27, 17:29:24,  -04:00,    GDM,   42.2737541,  -72.0417023,  7001.4, 30.03,  7338.7,  17.5, 141.79, 153.33,   -8.47,   0.71,  -0.09,  -0.00,  -0.00,   4.1,  11.7,  27.7,  28.8,   1.7,  24.60,  25.37,    15.96,  190.32,   52.43,  30.48, 2485.1,    0.74,  330.27,  362.08,  357.01,  339.27,  340.83,  342.47, 1452.84, 1510.55, 1479.00, 1459.66, 1455.30, 1457.34, 1534.17, 1530.38,  7242.0, 164,  GPS,   11.5, 110.60, 116.50, 123.750, 121.500, -0.003,       ,  24.62, -69.1,   16.3,   11.6,  -14.2,      1,   GPS,    ALT,  -0.1,   0.8, -11.8, 3DDiff, 3704,      ,     14,  21.0,     19
2018-08-27, 17:29:25,  -04:00,    GDM,   42.2744598,  -72.0417480,  7001.4, 30.03,  7338.4,  17.5, 141.80, 153.33,  -10.48,   0.69,  -0.08,  -0.00,  -0.01,   4.1,  11.7,  27.7,  28.8,   1.7,  24.59,  25.38,    16.02,  190.31,   52.60,  30.47, 2482.9,    0.74,  330.27,  362.08,  356.98,  339.24,  340.94,  342.44, 1453.60, 1511.61, 1478.99, 1461.41, 1455.99, 1458.19, 1535.20, 1530.43,  7241.6, 164,  GPS,   11.5, 110.60, 116.50, 123.750, 121.500, -0.003,       ,  24.57, -69.2,   16.3,   11.6,  -14.2,      1,   GPS,    ALT,  -0.1,   0.7, -19.7, 3DDiff, 3704,      ,     14,  21.0,     19
2018-08-27, 17:29:26,  -04:00,    GDM,   42.2751694,  -72.0417862,  7001.4, 30.03,  7336.3,  17.5, 141.78, 153.37,  -13.40,   0.73,  -0.08,   0.00,  -0.00,   4.1,  11.7,  27.7,  28.8,   1.7,  24.59,  25.37,    15.98,  190.32,   52.60,  30.46, 2484.0,    0.74,  330.26,  362.08,  356.94,  339.23,  341.08,  342.43, 1452.43, 1512.75, 1478.29, 1462.11, 1455.24, 1457.38, 1535.27, 1529.31,  7239.6, 164,  GPS,   11.5, 110.60, 116.50, 123.750, 121.500, -0.003,       ,  24.46, -69.2,   16.3,   11.6,  -14.2,      1,   GPS,    ALT,  -0.1,   0.7, -23.6, 3DDiff, 3704,      ,     14,  21.5,     18
2018-08-27, 17:29:27,  -04:00,    GDM,   42.2758751,  -72.0418243,  7000.4, 30.03,  7336.5,  17.5, 141.74, 153.39,  -23.91,   0.71,  -0.08,  -0.00,  -0.00,   4.1,  11.7,  27.7,  28.8,   1.7,  24.58,  25.38,    15.91,  190.30,   52.38,  30.47, 2484.7,    0.73,  330.25,  362.05,  356.88,  339.23,  341.22,  342.40, 1452.40, 1511.72, 1478.92, 1461.84, 1455.99, 1456.33, 1534.38, 1529.85,  7239.8, 164,  GPS,   11.5, 110.60, 116.50, 123.750, 121.500, -0.003,       ,  24.46, -69.2,   16.2,   11.6,  -14.2,      1,   GPS,    ALT,  -0.1,   0.7, -23.6, 3DDiff, 3704,      ,     13,  20.5,     18
2018-08-27, 17:29:28,  -04:00,    GDM,   42.2765884,  -72.0418701,  7000.4, 30.03,  7335.5,  17.5, 141.80, 153.39,  -25.19,   0.79,  -0.09,  -0.00,   0.01,   4.2,  11.7,  27.7,  28.8,   1.7,  24.58,  25.38,    15.90,  190.32,   52.31,  30.44, 2487.2,    0.73,  330.25,  362.07,  356.85,  339.20,  341.39,  342.38, 1451.82, 1511.62, 1479.05, 1462.66, 1456.76, 1455.72, 1534.73, 1529.16,  7238.7, 164,  GPS,   11.5, 110.60, 116.50, 123.750, 121.500, -0.003,       ,  24.40, -69.2,   16.2,   11.6,  -14.2,      1,   GPS,    ALT,  -0.1,   0.8, -23.6, 3DDiff, 3704,      ,     13,  20.5,     18
2018-08-27, 17:29:29,  -04:00,    GDM,   42.2772942,  -72.0419159,  7001.4, 30.03,  7335.0,  17.5, 141.85, 153.39,  -13.15,   0.79,  -0.10,   0.00,  -0.00,   4.2,  11.7,  27.7,  28.8,   1.7,  24.57,  25.38,    15.92,  190.32,   52.54,  30.44, 2483.5,    0.73,  330.24,  362.05,  356.80,  339.18,  341.57,  342.34, 1451.34, 1511.65, 1479.13, 1462.81, 1457.32, 1455.85, 1534.99, 1529.80,  7238.3, 164,  GPS,   11.5, 110.60, 116.50, 123.750, 121.500, -0.003,       ,  24.34, -69.2,   16.1,   11.6,  -14.2,      1,   GPS,    ALT,  -0.1,   0.8, -11.8, 3DDiff, 3704,      ,     14,  20.5,     18
2018-08-27, 17:29:30,  -04:00,    GDM,   42.2779999,  -72.0419464,  6999.4, 30.03,  7334.6,  17.5, 141.69, 153.39,  -31.36,   0.80,  -0.14,   0.00,   0.01,   4.2,  11.7,  27.7,  28.8,   1.7,  24.57,  25.38,    15.95,  190.32,   52.49,  30.45, 2485.0,    0.74,  330.24,  362.02,  356.76,  339.17,  341.73,  342.32, 1453.30, 1511.46, 1479.86, 1463.73, 1457.66, 1456.88, 1535.27, 1531.35,  7237.8, 164,  GPS,   11.5, 110.60, 116.50, 123.750, 121.500, -0.003,       ,  24.28, -69.3,   16.1,   11.6,  -14.2,      1,   GPS,    ALT,  -0.1,   0.8, -19.7, 3DDiff, 3704,      ,     14,  20.5,     19
2018-08-27, 17:29:31,  -04:00,    GDM,   42.2787094,  -72.0419922,  6999.4, 30.03,  7334.2,  17.5, 141.88, 153.37,  -28.26,   0.88,  -0.15,  -0.00,   0.00,   4.2,  11.7,  27.7,  28.8,   1.7,  24.56,  25.38,    15.98,  190.32,   52.39,  30.42, 2485.8,    0.74,  330.23,  362.05,  356.71,  339.17,  341.91,  342.29, 1454.24, 1511.47, 1478.44, 1462.70, 1456.34, 1456.97, 1534.49, 1530.16,  7237.4, 164,  GPS,   11.5, 110.60, 116.50, 123.750, 121.500, -0.003,       ,  24.22, -69.3,   16.0,   11.6,  -14.2,      1,   GPS,    ALT,  -0.1,   0.8, -15.7, 3DDiff, 3704,      ,     14,  21.0,     19
2018-08-27, 17:29:32,  -04:00,    GDM,   42.2794189,  -72.0420380,  6999.4, 30.03,  7335.0,  17.5, 141.80, 153.33,  -23.66,   0.90,  -0.15,   0.00,  -0.00,   4.2,  11.7,  27.7,  28.8,   1.7,  24.56,  25.38,    15.91,  190.31,   52.37,  30.41, 2485.2,    0.73,  330.20,  362.02,  356.70,  339.15,  342.07,  342.28, 1455.18, 1510.35, 1478.83, 1462.50, 1456.45, 1456.68, 1534.07, 1530.45,  7238.3, 164,  GPS,   11.5, 110.60, 116.50, 123.750, 121.500, -0.003,       ,  24.16, -69.3,   16.0,   11.6,  -14.2,      1,   GPS,    ALT,  -0.1,   0.9,  -7.9, 3DDiff, 3704,      ,     14,  21.5,     18
2018-08-27, 17:29:33,  -04:00,    GDM,   42.2801323,  -72.0420837,  6999.4, 30.03,  7334.6,  17.5, 141.77, 153.27,  -22.63,   0.92,  -0.15,   0.00,   0.00,   4.3,  11.7,  27.7,  28.8,   1.7,  24.56,  25.38,    15.92,  190.29,   52.35,  30.42, 2484.5,    0.73,  330.22,  362.02,  356.67,  339.12,  342.19,  342.27, 1454.68, 1510.52, 1478.48, 1461.72, 1456.35, 1456.62, 1534.10, 1531.00,  7237.8, 164,  GPS,   11.5, 110.60, 116.50, 123.750, 121.500, -0.003,       ,  24.10, -69.3,   16.0,   11.6,  -14.2,      1,   GPS,    ALT,  -0.1,   0.9,  -7.9, 3DDiff, 3704,      ,     13,  20.5,     18
2018-08-27, 17:29:34,  -04:00,    GDM,   42.2808418,  -72.0421219,  6999.4, 30.03,  7334.3,  17.5, 141.83, 153.19,  -18.27,   0.94,  -0.10,  -0.00,   0.00,   4.3,  11.7,  27.7,  28.8,   1.7,  24.55,  25.38,    16.02,  190.30,   52.32,  30.44, 2486.8,    0.74,  330.22,  362.02,  356.65,  339.14,  342.34,  342.22, 1455.12, 1510.26, 1478.75, 1462.60, 1456.68, 1457.01, 1534.68, 1531.94,  7237.5, 164,  GPS,   11.5, 110.60, 116.50, 123.750, 121.500, -0.003,       ,  24.03, -69.3,   15.9,   11.6,  -14.2,      1,   GPS,    ALT,  -0.1,   0.9,  -3.9, 3DDiff, 3704,      ,     13,  20.5,     18
2018-08-27, 17:29:35,  -04:00,    GDM,   42.2815475,  -72.0421677,  7000.4, 30.03,  7334.3,  17.5, 141.92, 153.14,   -0.63,   0.97,  -0.03,  -0.00,  -0.00,   4.3,  11.7,  27.7,  28.8,   1.7,  24.54,  25.39,    15.95,  190.31,   52.31,  30.41, 2485.2,    0.74,  330.19,  362.02,  356.65,  339.12,  342.44,  342.19, 1455.19, 1510.02, 1478.78, 1463.25, 1456.68, 1456.97, 1534.92, 1531.02,  7237.5, 164,  GPS,   11.5, 110.60, 116.50, 123.750, 121.500, -0.003,       ,  23.97, -69.3,   15.9,   11.6,  -14.2,      1,   GPS,    ALT,  -0.1,   1.0,  -3.9, 3DDiff, 3704,      ,     14,  20.5,     18
2018-08-27, 17:29:36,  -04:00,    GDM,   42.2822609,  -72.0422058,  6999.4, 30.03,  7334.2,  17.5, 141.82, 153.06,  -14.42,   0.97,  -0.04,   0.01,  -0.00,   4.3,  11.7,  27.7,  28.8,   1.7,  24.53,  25.40,    15.91,  190.31,   52.49,  30.39, 2485.0,    0.73,  330.19,  361.99,  356.67,  339.14,  342.55,  342.17, 1454.09, 1509.07, 1478.81, 1462.84, 1456.15, 1457.52, 1534.71, 1529.97,  7237.4, 164,  GPS,   11.5, 110.60, 116.50, 123.750, 121.500, -0.003,       ,  23.91, -69.3,   15.8,   11.6,  -14.2,      1,   GPS,    ALT,  -0.1,   1.0,  -3.9, 3DDiff, 3704,      ,     14,  20.5,     19
2018-08-27, 17:29:37,  -04:00,    GDM,   42.2829666,  -72.0422516,  7000.4, 30.03,  7334.1,  17.5, 141.92, 152.98,   -4.94,   0.97,  -0.09,   0.01,   0.00,   4.3,  11.7,  27.7,  28.8,   1.7,  24.50,  25.42,    15.87,  190.33,   52.42,  30.38, 2486.4,    0.73,  330.20,  362.01,  356.67,  339.11,  342.65,  342.16, 1453.23, 1507.70, 1477.94, 1462.54, 1455.65, 1457.27, 1533.57, 1529.46,  7237.4, 164,  GPS,   11.5, 110.60, 116.50, 123.750, 121.500, -0.003,       ,  23.85, -69.3,   15.8,   11.6,  -14.2,      1,   GPS,    ALT,  -0.1,   1.0,  -3.9, 3DDiff, 3704,      ,     14,  21.0,     19
2018-08-27, 17:29:38,  -04:00,    GDM,   42.2836723,  -72.0422974,  6999.4, 30.03,  7333.5,  17.5, 141.84, 152.92,    4.33,   0.96,  -0.13,  -0.00,  -0.00,   4.3,  11.7,  27.7,  28.8,   1.7,  24.48,  25.43,    15.84,  190.34,   52.44,  30.33, 2485.3,    0.73,  330.21,  361.99,  356.70,  339.13,  342.71,  342.11, 1452.64, 1507.66, 1477.00, 1462.24, 1454.89, 1456.23, 1532.76, 1529.16,  7236.7, 164,  GPS,   11.5, 110.60, 116.50, 123.750, 121.500, -0.003,       ,  23.79, -69.3,   15.7,   11.6,  -14.2,      1,   GPS,    ALT,  -0.1,   1.0,   0.0, 3DDiff, 3704,      ,     14,  21.5,     18
2018-08-27, 17:29:39,  -04:00,    GDM,   42.2843819,  -72.0423279,  7000.4, 30.03,  7333.7,  17.5, 141.81, 152.84,    6.30,   0.94,  -0.12,   0.00,  -0.01,   4.3,  11.7,  27.7,  28.8,   1.7,  24.47,  25.45,    15.87,  190.31,   52.44,  30.30, 2485.6,    0.73,  330.20,  361.98,  356.70,  339.11,  342.78,  342.10, 1452.60, 1507.26, 1477.10, 1460.94, 1454.77, 1456.13, 1532.14, 1528.60,  7237.0, 164,  GPS,   11.5, 110.60, 116.50, 123.750, 121.500, -0.003,       ,  23.73, -69.3,   15.7,   11.6,  -14.2,      1,   GPS,    ALT,  -0.1,   0.9,  -3.9, 3DDiff, 3704,      ,     13,  20.5,     18
2018-08-27, 17:29:40,  -04:00,    GDM,   42.2850876,  -72.0423737,  7000.4, 30.03,  7334.6,  17.5, 141.71, 152.79,   -5.36,   0.91,  -0.10,   0.01,  -0.00,   4.4,  11.7,  27.7,  28.8,   1.7,  24.45,  25.46,    15.86,  190.29,   52.28,  30.34, 2484.6,    0.73,  330.19,  361.99,  356.72,  339.08,  342.83,  342.07, 1452.03, 1507.60, 1477.61, 1461.42, 1454.46, 1456.49, 1532.72, 1528.17,  7237.9, 164,  GPS,   11.5, 110.60, 116.50, 123.750, 121.500, -0.003,       ,  23.62, -69.2,   15.7,   11.6,  -14.2,      1,   GPS,    ALT,  -0.1,   0.9,  -3.9, 3DDiff, 3704,      ,     13,  20.0,     18
2018-08-27, 17:29:41,  -04:00,    GDM,   42.2857857,  -72.0424118,  7001.4, 30.03,  7334.6,  17.5, 141.75, 152.75,   12.37,   0.90,  -0.14,   0.00,   0.00,   4.3,  11.7,  27.7,  28.8,   1.7,  24.43,  25.47,    15.84,  190.28,   52.19,  30.35, 2484.8,    0.73,  330.19,  361.96,  356.73,  339.08,  342.86,  342.06, 1451.02, 1508.60, 1477.79, 1460.85, 1453.90, 1456.43, 1533.22, 1528.18,  7237.8, 164,  GPS,   11.5, 110.60, 116.50, 123.750, 121.500, -0.003,       ,  23.62, -69.2,   15.6,   11.6,  -14.2,      1,   GPS,    ALT,  -0.1,   0.9,  -3.9, 3DDiff, 3704,      ,     14,  20.5,     19
2018-08-27, 17:29:42,  -04:00,    GDM,   42.2864952,  -72.0424576,  7001.4, 30.03,  7334.5,  17.5, 141.58, 152.71,    8.57,   0.88,  -0.14,  -0.00,  -0.01,   4.3,  11.7,  27.7,  28.8,   1.7,  24.41,  25.49,    15.86,  190.29,   52.04,  30.37, 2479.1,    0.73,  330.18,  361.96,  356.76,  339.09,  342.89,  342.02, 1451.35, 1508.78, 1478.82, 1461.47, 1454.32, 1457.40, 1533.94, 1529.19,  7237.7, 164,  GPS,   11.5, 110.60, 116.50, 123.750, 121.500, -0.003,       ,  23.57, -69.2,   15.6,   11.6,  -14.2,      1,   GPS,    ALT,  -0.1,   0.9,  -7.9, 3DDiff, 3704,      ,     14,  20.5,     19
2018-08-27, 17:29:43,  -04:00,    GDM,   42.2872009,  -72.0424957,  7000.4, 30.03,  7334.3,  17.5, 141.42, 152.67,   -4.97,   0.86,  -0.15,   0.01,   0.00,   4.3,  11.7,  27.7,  28.8,   1.7,  24.40,  25.49,    15.80,  190.27,   52.33,  30.37, 2480.1,    0.73,  330.17,  361.96,  356.78,  339.08,  342.92,  342.01, 1452.56, 1508.81, 1478.09, 1461.21, 1455.69, 1457.17, 1533.34, 1529.38,  7237.5, 163,  GPS,   11.5, 110.60, 116.50, 123.750, 121.500, -0.003,       ,  23.47, -69.1,   15.5,   11.6,  -14.2,      1,   GPS,    ALT,  -0.1,   0.9, -11.8, 3DDiff, 3704,      ,     14,  21.0,     19
2018-08-27, 17:29:44,  -04:00,    GDM,   42.2879066,  -72.0425339,  7001.4, 30.03,  7334.1,  17.5, 141.41, 152.65,    2.13,   0.85,  -0.14,  -0.00,   0.00,   4.3,  11.7,  27.7,  28.8,   1.7,  24.39,  25.50,    15.86,  190.26,   52.33,  30.34, 2480.2,    0.73,  330.17,  361.94,  356.81,  339.06,  342.93,  342.01, 1451.57, 1510.07, 1478.18, 1460.77, 1456.90, 1457.11, 1533.40, 1529.66,  7237.3, 163,  GPS,   11.5, 110.60, 116.50, 123.750, 121.500, -0.003,       ,  23.47, -69.1,   15.5,   11.6,  -14.2,      1,   GPS,    ALT,  -0.1,   0.9, -15.7, 3DDiff, 3704,      ,     14,  21.0,     19
2018-08-27, 17:29:45,  -04:00,    GDM,   42.2886162,  -72.0425797,  7001.4, 30.03,  7333.5,  17.5, 141.34, 152.65,    5.84,   0.82,  -0.12,  -0.00,  -0.01,   4.3,  11.7,  27.7,  28.8,   1.7,  24.37,  25.51,    15.76,  190.26,   52.33,  30.31, 2485.4,    0.73,  330.16,  361.96,  356.82,  339.08,  342.95,  342.01, 1451.65, 1510.45, 1478.14, 1460.68, 1455.95, 1456.70, 1533.34, 1529.22,  7236.7, 163,  GPS,   11.5, 110.60, 116.50, 123.750, 121.500, -0.003,       ,  23.42, -69.0,   15.4,   11.6,  -14.2,      1,   GPS,    ALT,  -0.1,   0.8, -15.7, 3DDiff, 3704,      ,     13,  20.5,     18
2018-08-27, 17:29:46,  -04:00,    GDM,   42.2893257,  -72.0426254,  7001.4, 30.03,  7332.7,  17.5, 141.23, 152.67,   14.92,   0.77,  -0.14,   0.00,  -0.01,   4.3,  11.7,  27.7,  28.8,   1.7,  24.36,  25.52,    15.79,  190.28,   52.39,  30.30, 2484.7,    0.73,  330.16,  361.95,  356.85,  339.08,  342.95,  341.96, 1450.72, 1509.77, 1477.37, 1460.79, 1454.48, 1455.86, 1532.68, 1528.05,  7235.9, 163,  GPS,   11.5, 110.60, 116.50, 123.750, 121.500, -0.003,       ,  23.38, -68.9,   15.4,   11.6,  -14.2,      1,   GPS,    ALT,  -0.1,   0.8, -19.7, 3DDiff, 3704,      ,     13,  20.0,     18
2018-08-27, 17:29:47,  -04:00,    GDM,   42.2900314,  -72.0426636,  7000.4, 30.03,  7332.2,  17.5, 141.14, 152.69,   -7.31,   0.75,  -0.11,  -0.00,   0.00,   4.3,  11.7,  27.7,  28.8,   1.7,  24.35,  25.53,    15.79,  190.28,   52.25,  30.35, 2482.0,    0.73,  330.16,  361.92,  356.85,  339.06,  342.98,  341.95, 1450.35, 1510.39, 1477.39, 1460.45, 1454.42, 1456.01, 1532.64, 1528.66,  7235.4, 163,  GPS,   11.5, 110.60, 116.50, 123.750, 121.500, -0.003,       ,  23.33, -68.9,   15.4,   11.6,  -14.2,      1,   GPS,    ALT,  -0.1,   0.8, -23.6, 3DDiff, 3704,      ,     13,  20.5,     18
2018-08-27, 17:29:48,  -04:00,    GDM,   42.2907372,  -72.0427017,  7000.4, 30.03,  7331.6,  17.5, 141.18, 152.73,  -22.85,   0.78,  -0.16,  -0.00,   0.00,   4.3,  11.7,  27.7,  28.8,   1.7,  24.34,  25.53,    15.86,  190.27,   52.34,  30.33, 2483.3,    0.73,  330.13,  361.92,  356.88,  339.06,  342.93,  341.93, 1450.53, 1509.29, 1477.06, 1460.35, 1453.92, 1456.12, 1532.25, 1528.95,  7234.9, 163,  GPS,   11.5, 110.60, 116.50, 123.750, 121.500, -0.003,       ,  23.29, -68.9,   15.3,   11.6,  -14.2,      1,   GPS,    ALT,  -0.1,   0.8, -23.6, 3DDiff, 3704,      ,     13,  21.0,     19
2018-08-27, 17:29:49,  -04:00,    GDM,   42.2914467,  -72.0427475,  7000.4, 30.03,  7331.3,  17.5, 141.20, 152.75,  -24.67,   0.78,  -0.16,   0.00,  -0.00,   4.3,  11.7,  27.7,  28.8,   1.7,  24.33,  25.54,    15.88,  190.28,   52.15,  30.35, 2484.2,    0.73,  330.14,  361.88,  356.88,  339.05,  342.93,  341.92, 1451.88, 1509.54, 1477.54, 1460.04, 1454.41, 1455.98, 1532.21, 1529.50,  7234.5, 163,  GPS,   11.5, 110.60, 116.50, 123.750, 121.500, -0.003,       ,  23.25, -68.8,   15.3,   11.6,  -14.2,      1,   GPS,    ALT,  -0.1,   0.8, -19.7, 3DDiff, 3704,      ,     14,  21.0,     19
2018-08-27, 17:29:50,  -04:00,    GDM,   42.2921524,  -72.0427856,  7000.4, 30.03,  7331.5,  17.5, 141.30, 152.79,  -24.61,   0.79,  -0.13,   0.00,   0.00,   4.3,  11.7,  27.7,  28.8,   1.7,  24.33,  25.54,    15.84,  190.28,   52.27,  30.34, 2484.4,    0.73,  330.15,  361.85,  356.89,  339.05,  342.92,  341.89, 1451.96, 1509.70, 1477.80, 1460.81, 1455.22, 1456.62, 1533.14, 1530.13,  7234.8, 163,  GPS,   11.5, 110.60, 116.50, 123.750, 121.500, -0.003,       ,  23.22, -68.8,   15.2,   11.6,  -14.2,      1,   GPS,    ALT,  -0.1,   0.8, -11.8, 3DDiff, 3704,      ,     14,  21.5,     18
2018-08-27, 17:29:51,  -04:00,    GDM,   42.2928581,  -72.0428314,  7000.4, 30.03,  7331.6,  17.5, 141.28, 152.81,  -21.67,   0.83,  -0.12,  -0.00,   0.01,   4.3,  11.7,  27.7,  28.8,   1.7,  24.32,  25.54,    15.83,  190.28,   52.16,  30.31, 2478.8,    0.73,  330.14,  361.86,  356.88,  339.05,  342.90,  341.86, 1450.93, 1509.64, 1476.81, 1460.67, 1454.92, 1455.79, 1532.68, 1529.23,  7234.9, 163,  GPS,   11.5, 110.60, 116.50, 123.750, 121.500, -0.003,       ,  23.18, -68.8,   15.2,   11.6,  -14.2,      1,   GPS,    ALT,  -0.1,   0.8,  -7.9, 3DDiff, 3704,      ,     13,  20.5,     18
2018-08-27, 17:29:52,  -04:00,    GDM,   42.2935600,  -72.0428696,  7001.4, 30.03,  7331.9,  17.5, 141.43, 152.84,    9.47,   0.79,  -0.12,   0.00,  -0.01,   4.3,  11.7,  27.7,  28.8,   1.7,  24.31,  25.56,    15.82,  190.29,   52.13,  30.31, 2484.6,    0.73,  330.13,  361.86,  356.88,  339.09,  342.86,  341.85, 1450.62, 1508.87, 1477.15, 1460.99, 1454.73, 1454.83, 1532.35, 1529.12,  7235.2, 163,  GPS,   11.5, 110.60, 116.50, 123.750, 121.500, -0.003,       ,  23.15, -68.7,   15.2,   11.6,  -14.2,      1,   GPS,    ALT,  -0.1,   0.8,   0.0, 3DDiff, 3704,      ,     13,  20.5,     18
2018-08-27, 17:29:53,  -04:00,    GDM,   42.2942657,  -72.0429153,  6999.4, 30.03,  7331.8,  17.5, 141.29, 152.88,  -29.74,   0.78,  -0.14,   0.01,   0.01,   4.3,  11.6,  27.7,  28.8,   1.7,  24.29,  25.57,    15.81,  190.30,   52.31,  30.31, 2483.5,    0.73,  330.11,  361.82,  356.89,  339.08,  342.81,  341.82, 1450.24, 1508.84, 1477.03, 1460.72, 1455.30, 1454.91, 1532.23, 1528.65,  7235.0, 163,  GPS,   11.5, 110.60, 116.50, 123.750, 121.500, -0.003,       ,  23.12, -68.7,   15.1,   11.6,  -14.2,      1,   GPS,    ALT,  -0.1,   0.8,  -7.9, 3DDiff, 3704,      ,     13,  20.5,     18
2018-08-27, 17:29:54,  -04:00,    GDM,   42.2949753,  -72.0429611,  7000.4, 30.03,  7331.8,  17.5, 141.48, 152.90,  -19.82,   0.83,  -0.16,   0.00,   0.00,   4.3,  11.6,  27.7,  28.8,   1.7,  24.28,  25.58,    15.82,  190.27,   52.21,  30.32, 2486.1,    0.73,  330.11,  361.81,  356.86,  339.08,  342.80,  341.80, 1449.70, 1508.05, 1477.58, 1460.48, 1454.45, 1454.06, 1531.65, 1528.84,  7235.1, 163,  GPS,   11.5, 110.60, 116.50, 123.750, 121.500, -0.003,       ,  23.09, -68.7,   15.1,   11.6,  -14.2,      1,   GPS,    ALT,  -0.1,   0.8,   0.0, 3DDiff, 3704,      ,     13,  20.5,     19
2018-08-27, 17:29:55,  -04:00,    GDM,   42.2956810,  -72.0429993,  7000.4, 30.03,  7331.9,  17.5, 141.46, 152.90,    3.25,   0.80,  -0.15,  -0.00,  -0.00,   4.2,  11.6,  27.7,  28.8,   1.7,  24.26,  25.59,    15.83,  190.26,   52.58,  30.29, 2485.3,    0.73,  330.12,  361.83,  356.85,  339.11,  342.75,  341.77, 1449.46, 1508.13, 1477.05, 1459.87, 1454.57, 1453.94, 1531.29, 1528.18,  7235.2, 163,  GPS,   11.5, 110.60, 116.50, 123.750, 121.500, -0.003,       ,  23.06, -68.7,   15.0,   11.6,  -14.2,      1,   GPS,    ALT,  -0.1,   0.8,   3.9, 3DDiff, 3704,      ,     14,  21.0,     19
2018-08-27, 17:29:56,  -04:00,    GDM,   42.2963867,  -72.0430450,  7000.4, 30.03,  7331.4,  17.5, 141.44, 152.92,   -5.00,   0.79,  -0.14,   0.00,  -0.01,   4.2,  11.6,  27.7,  28.8,   1.7,  24.25,  25.59,    15.82,  190.25,   52.37,  30.26, 2486.5,    0.73,  330.12,  361.81,  356.83,  339.11,  342.72,  341.74, 1449.43, 1508.34, 1477.05, 1459.88, 1453.81, 1454.26, 1531.55, 1527.24,  7234.6, 163,  GPS,   11.5, 110.60, 116.50, 123.750, 121.500, -0.003,       ,  23.03, -68.7,   15.0,   11.6,  -14.2,      1,   GPS,    ALT,  -0.1,   0.8,   0.0, 3DDiff, 3704,      ,     14,  21.5,     18
2018-08-27, 17:29:57,  -04:00,    GDM,   42.2970963,  -72.0430908,  7000.4, 30.03,  7331.5,  17.5, 141.42, 152.92,  -17.09,   0.81,  -0.10,   0.00,   0.01,   4.2,  11.6,  27.7,  28.8,   1.7,  24.25,  25.59,    15.87,  190.22,   52.45,  30.32, 2485.3,    0.73,  330.10,  361.80,  356.77,  339.10,  342.68,  341.68, 1448.97, 1508.07, 1476.63, 1460.39, 1453.47, 1454.44, 1531.88, 1527.33,  7234.7, 163,  GPS,   11.5, 110.60, 116.50, 123.750, 121.500, -0.003,       ,  23.01, -68.7,   14.9,   11.6,  -14.2,      1,   GPS,    ALT,  -0.1,   0.8,  -3.9, 3DDiff, 3704,      ,     13,  20.5,     18
2018-08-27, 17:29:58,  -04:00,    GDM,   42.2978058,  -72.0431366,  7001.4, 30.03,  7331.2,  17.5, 141.62, 152.94,   14.87,   0.79,  -0.10,  -0.00,  -0.00,   4.1,  11.6,  27.7,  28.8,   1.7,  24.25,  25.59,    15.82,  190.20,   52.56,  30.37, 2485.2,    0.73,  330.07,  361.78,  356.74,  339.08,  342.65,  341.68, 1450.61, 1508.89, 1477.35, 1461.14, 1454.31, 1455.25, 1532.76, 1528.81,  7234.4, 164,  GPS,   11.5, 110.60, 116.50, 123.750, 121.500, -0.003,       ,  22.98, -68.7,   14.9,   11.6,  -14.2,      1,   GPS,    ALT,  -0.1,   0.8,   0.0, 3DDiff, 3704,      ,     13,  20.5,     18
2018-08-27, 17:29:59,  -04:00,    GDM,   42.2985153,  -72.0431747,  7001.4, 30.03,  7331.0,  17.5, 141.60, 152.96,   11.19,   0.77,  -0.11,   0.00,  -0.01,   4.1,  11.6,  27.7,  28.8,   1.7,  24.25,  25.58,    15.82,  190.18,   52.51,  30.34, 2484.7,    0.73,  330.10,  361.78,  356.69,  339.08,  342.60,  341.64, 1450.48, 1509.12, 1477.33, 1460.91, 1454.19, 1455.84, 1532.41, 1528.29,  7234.3, 164,  GPS,   11.5, 110.60, 116.50, 123.750, 121.500, -0.003,       ,  22.97, -68.7,   14.9,   11.6,  -14.2,      1,   GPS,    ALT,  -0.1,   0.8,  -3.9, 3DDiff, 3704,      ,     13,  20.5,     18
2018-08-27, 17:30:00,  -04:00,    GDM,   42.2992172,  -72.0432205,  7001.4, 30.03,  7330.8,  17.5, 141.62, 152.98,   13.60,   0.71,  -0.09,   0.00,  -0.00,   4.1,  11.6,  27.7,  28.8,   1.7,  24.26,  25.57,    15.82,  190.19,   52.51,  30.31, 2484.6,    0.73,  330.10,  361.78,  356.64,  339.08,  342.56,  341.64, 1449.46, 1509.15, 1477.45, 1460.80, 1452.65, 1456.96, 1532.61, 1526.84,  7234.1, 164,  GPS,   11.5, 110.60, 116.50, 123.750, 121.500, -0.003,       ,  22.95, -68.7,   14.8,   11.6,  -14.2,      1,   GPS,    ALT,  -0.1,   0.7,  -7.9, 3DDiff, 3704,      ,     14,  21.0,     19
2018-08-27, 17:30:01,  -04:00,    GDM,   42.2999306,  -72.0432587,  7002.4, 30.03,  7330.5,  17.5, 141.68, 153.02,   13.04,   0.66,  -0.05,   0.00,  -0.01,   4.0,  11.6,  27.7,  28.8,   1.7,  24.26,  25.56,    15.74,  190.18,   52.49,  30.34, 2485.3,    0.73,  330.05,  361.78,  356.58,  339.06,  342.53,  341.61, 1450.76, 1507.97, 1477.29, 1462.82, 1452.53, 1456.68, 1533.00, 1527.69,  7233.7, 164,  GPS,   11.5, 110.60, 116.50, 123.750, 121.500, -0.003,       ,  22.94, -68.7,   14.8,   11.6,  -14.2,      1,   GPS,    ALT,  -0.1,   0.7, -11.8, 3DDiff, 3704,      ,     14,  21.0,     19
2018-08-27, 17:30:02,  -04:00,    GDM,   42.3006363,  -72.0433044,  7000.4, 30.03,  7330.5,  17.5, 141.69, 153.08,  -17.95,   0.69,  -0.04,  -0.00,   0.00,   4.0,  11.6,  27.7,  28.8,   1.7,  24.26,  25.55,    15.76,  190.18,   52.53,  30.32, 2485.9,    0.73,  330.07,  361.78,  356.52,  339.08,  342.47,  341.58, 1450.28, 1506.92, 1476.30, 1462.22, 1452.62, 1456.59, 1532.60, 1527.22,  7233.8, 164,  GPS,   11.5, 110.60, 116.50, 123.750, 121.500, -0.003,       ,  22.94, -68.7,   14.7,   11.6,  -14.2,      1,   GPS,    ALT,  -0.1,   0.7, -19.7, 3DDiff, 3704,      ,     14,  21.5,     18
2018-08-27, 17:30:03,  -04:00,    GDM,   42.3013420,  -72.0433502,  7000.4, 30.03,  7330.4,  17.5, 141.74, 153.14,  -22.35,   0.71,  -0.08,   0.00,   0.00,   4.0,  11.6,  27.7,  28.8,   1.7,  24.26,  25.54,    15.81,  190.18,   52.62,  30.35, 2484.9,    0.73,  330.07,  361.78,  356.49,  339.06,  342.43,  341.58, 1450.88, 1507.55, 1477.11, 1460.97, 1453.40, 1456.36, 1532.18, 1528.11,  7233.6, 164,  GPS,   11.5, 110.60, 116.50, 123.750, 121.500, -0.003,       ,  22.94, -68.7,   14.7,   11.6,  -14.2,      1,   GPS,    ALT,  -0.1,   0.7,  -7.9, 3DDiff, 3704,      ,     13,  20.5,     18
2018-08-27, 17:30:04,  -04:00,    GDM,   42.3020515,  -72.0433884,  7000.4, 30.03,  7330.6,  17.5, 141.68, 153.16,  -35.67,   0.74,  -0.05,   0.00,   0.01,   4.0,  11.6,  27.7,  28.8,   1.7,  24.26,  25.54,    15.83,  190.20,   52.65,  30.28, 2485.3,    0.73,  330.06,  361.78,  356.44,  339.07,  342.38,  341.55, 1449.67, 1507.49, 1476.23, 1460.46, 1451.69, 1455.59, 1531.73, 1526.77,  7233.9, 164,  GPS,   11.5, 110.60, 116.50, 123.750, 121.500, -0.003,       ,  22.94, -68.7,   14.6,   11.6,  -14.2,      1,   GPS,    ALT,  -0.1,   0.7,  -3.9, 3DDiff, 3704,      ,     13,  20.5,     18
2018-08-27, 17:30:05,  -04:00,    GDM,   42.3027611,  -72.0434341,  7001.4, 30.03,  7330.7,  17.5, 141.74, 153.17,  -10.17,   0.73,  -0.08,  -0.00,   0.00,   3.9,  11.6,  27.7,  28.8,   1.7,  24.26,  25.53,    15.83,  190.21,   52.48,  30.28, 2485.5,    0.73,  330.05,  361.78,  356.36,  339.05,  342.35,  341.53, 1449.50, 1507.89, 1475.73, 1460.92, 1451.31, 1455.13, 1531.97, 1526.04,  7234.0, 164,  GPS,   11.5, 110.60, 116.50, 123.750, 121.500, -0.003,       ,  22.95, -68.8,   14.6,   11.6,  -14.2,      1,   GPS,    ALT,  -0.1,   0.7,   3.9, 3DDiff, 3704,      ,     13,  20.5,     18
2018-08-27, 17:30:06,  -04:00,    GDM,   42.3034668,  -72.0434799,  7001.4, 30.03,  7330.9,  17.5, 141.82, 153.19,    8.94,   0.67,  -0.09,   0.00,  -0.02,   3.9,  11.6,  27.7,  28.8,   1.7,  24.26,  25.53,    15.85,  190.20,   52.81,  30.30, 2485.6,    0.73,  330.03,  361.78,  356.30,  339.05,  342.31,  341.52, 1448.15, 1509.68, 1475.53, 1461.72, 1451.54, 1454.81, 1533.23, 1525.17,  7234.1, 164,  GPS,   11.5, 110.60, 116.50, 123.750, 121.500, -0.003,       ,  22.97, -68.8,   14.6,   11.6,  -14.2,      1,   GPS,    ALT,  -0.1,   0.7,   7.9, 3DDiff, 3704,      ,     14,  21.0,     19
2018-08-27, 17:30:07,  -04:00,    GDM,   42.3041725,  -72.0435257,  7000.4, 30.03,  7330.9,  17.5, 141.71, 153.23,   -1.68,   0.62,  -0.10,   0.01,  -0.00,   3.9,  11.6,  27.7,  28.8,   1.7,  24.27,  25.52,    15.95,  190.21,   52.67,  30.31, 2485.2,    0.74,  330.02,  361.77,  356.24,  339.02,  342.25,  341.51, 1449.59, 1509.26, 1475.30, 1462.56, 1451.97, 1454.10, 1532.77, 1525.80,  7234.1, 164,  GPS,   11.5, 110.60, 116.50, 123.750, 121.500, -0.003,       ,  22.98, -68.8,   14.5,   11.6,  -14.2,      1,   GPS,    ALT,  -0.1,   0.7,  -3.9, 3DDiff, 3704,      ,     14,  21.0,     19
2018-08-27, 17:30:08,  -04:00,    GDM,   42.3048859,  -72.0435638,  7000.4, 30.03,  7330.8,  17.5, 141.71, 153.27,  -11.74,   0.66,  -0.05,  -0.00,   0.00,   3.8,  11.5,  27.7,  28.8,   1.7,  24.28,  25.50,    15.88,  190.21,   52.60,  30.33, 2482.4,    0.73,  330.04,  361.75,  356.17,  339.02,  342.20,  341.47, 1449.93, 1509.29, 1475.95, 1461.55, 1451.88, 1454.18, 1532.64, 1526.60,  7234.1, 164,  GPS,   11.5, 110.60, 116.50, 123.750, 121.500, -0.003,       ,  23.01, -68.9,   14.5,   11.6,  -14.2,      1,   GPS,    ALT,  -0.1,   0.7,  -7.9, 3DDiff, 3704,      ,     14,  21.5,     18
2018-08-27, 17:30:09,  -04:00,    GDM,   42.3055916,  -72.0436172,  7002.4, 30.03,  7330.9,  17.5, 141.75, 153.33,   17.29,   0.64,  -0.08,  -0.00,  -0.01,   3.8,  11.5,  27.7,  28.8,   1.7,  24.28,  25.50,    15.88,  190.19,   52.58,  30.31, 2484.4,    0.73,  329.99,  361.77,  356.11,  339.02,  342.16,  341.46, 1449.69, 1509.74, 1476.49, 1461.28, 1451.64, 1454.02, 1533.03, 1526.62,  7234.1, 164,  GPS,   11.5, 110.60, 116.50, 123.750, 121.500, -0.003,       ,  23.03, -68.9,   14.4,   11.6,  -14.2,      1,   GPS,    ALT,  -0.0,   0.7,  -3.9, 3DDiff, 3704,      ,     13,  20.5,     18
2018-08-27, 17:30:10,  -04:00,    GDM,   42.3063049,  -72.0436554,  7002.4, 30.03,  7330.6,  17.5, 141.65, 153.39,   23.25,   0.57,  -0.08,   0.01,  -0.01,   3.8,  11.5,  27.7,  28.8,   1.7,  24.28,  25.49,    15.85,  190.18,   52.79,  30.31, 2486.4,    0.73,  330.01,  361.77,  356.05,  339.02,  342.13,  341.43, 1449.30, 1508.84, 1476.34, 1461.73, 1452.88, 1453.69, 1532.36, 1527.34,  7233.9, 164,  GPS,   11.5, 110.60, 116.50, 123.750, 121.500, -0.003,       ,  23.06, -69.0,   14.4,   11.6,  -14.2,      1,   GPS,    ALT,  -0.0,   0.6, -11.8, 3DDiff, 3704,      ,     13,  20.5,     18
2018-08-27, 17:30:11,  -04:00,    GDM,   42.3070145,  -72.0437012,  7000.4, 30.03,  7330.2,  17.5, 141.51, 153.47,  -29.84,   0.60,  -0.05,  -0.00,   0.01,   3.7,  11.5,  27.7,  28.8,   1.7,  24.29,  25.48,    15.82,  190.15,   52.33,  30.35, 2484.9,    0.73,  330.01,  361.75,  355.97,  339.02,  342.07,  341.42, 1450.13, 1507.55, 1476.70, 1462.03, 1452.54, 1452.53, 1531.31, 1528.13,  7233.5, 164,  GPS,   11.5, 110.60, 116.50, 123.750, 121.500, -0.002,       ,  23.09, -69.0,   14.3,   11.6,  -14.2,      1,   GPS,    ALT,  -0.0,   0.6, -23.6, 3DDiff, 3704,      ,     13,  20.5,     18
2018-08-27, 17:30:12,  -04:00,    GDM,   42.3077240,  -72.0437469,  7000.4, 30.03,  7330.0,  17.5, 141.55, 153.54,  -33.69,   0.64,  -0.03,  -0.00,   0.00,   3.7,  11.5,  27.7,  28.8,   1.7,  24.29,  25.47,    15.84,  190.15,   52.33,  30.31, 2485.2,    0.73,  330.00,  361.75,  355.91,  339.01,  342.04,  341.40, 1449.43, 1508.72, 1476.19, 1461.40, 1453.19, 1454.03, 1532.24, 1527.38,  7233.3, 164,  GPS,   11.5, 110.60, 116.50, 123.750, 121.500, -0.002,       ,  23.12, -69.1,   14.3,   11.6,  -14.2,      1,   GPS,    ALT,  -0.0,   0.6, -11.8, 3DDiff, 3704,      ,     14,  20.5,     19
2018-08-27, 17:30:13,  -04:00,    GDM,   42.3084373,  -72.0437927,  7001.4, 30.03,  7330.2,  17.5, 141.63, 153.60,  -16.59,   0.65,  -0.03,   0.00,  -0.00,   3.7,  11.5,  27.7,  28.8,   1.7,  24.30,  25.47,    15.84,  190.15,   52.50,  30.31, 2483.7,    0.73,  329.98,  361.72,  355.84,  338.99,  342.00,  341.37, 1447.89, 1508.60, 1475.35, 1461.76, 1452.51, 1454.31, 1532.57, 1526.28,  7233.4, 164,  GPS,   11.5, 110.60, 116.50, 123.750, 121.500, -0.002,       ,  23.16, -69.2,   14.3,   11.6,  -14.2,      1,   GPS,    ALT,  -0.0,   0.7,   3.9, 3DDiff, 3704,      ,     14,  21.0,     19
2018-08-27, 17:30:14,  -04:00,    GDM,   42.3091507,  -72.0438309,  7001.4, 30.03,  7330.3,  17.5, 141.63, 153.66,   -1.52,   0.58,  -0.03,   0.00,  -0.00,   3.7,  11.5,  27.7,  28.8,   1.7,  24.30,  25.46,    15.75,  190.13,   52.31,  30.30, 2484.6,    0.73,  329.98,  361.75,  355.81,  338.99,  341.95,  341.37, 1447.66, 1507.98, 1476.31, 1461.69, 1453.48, 1453.63, 1532.20, 1526.98,  7233.5, 164,  GPS,   11.5, 110.60, 116.50, 123.750, 121.500, -0.002,       ,  23.19, -69.3,   14.2,   11.6,  -14.2,      1,   GPS,    ALT,  -0.0,   0.6,   7.9, 3DDiff, 3704,      ,     14,  21.5,     18
2018-08-27, 17:30:15,  -04:00,    GDM,   42.3098602,  -72.0438843,  7001.4, 30.03,  7330.8,  17.5, 141.67, 153.72,   12.18,   0.54,  -0.04,  -0.00,  -0.00,   3.7,  11.5,  27.7,  28.8,   1.7,  24.31,  25.45,    15.83,  190.13,   52.42,  30.35, 2483.3,    0.73,  329.97,  361.72,  355.72,  338.96,  341.89,  341.34, 1449.51, 1507.46, 1476.59, 1461.89, 1453.70, 1453.39, 1532.45, 1527.86,  7234.1, 164,  GPS,   11.5, 110.60, 116.50, 123.750, 121.500, -0.002,       ,  23.22, -69.4,   14.2,   11.6,  -14.2,      1,   GPS,    ALT,   0.0,   0.6,   3.9, 3DDiff, 3704,      ,     13,  20.5,     18
2018-08-27, 17:30:16,  -04:00,    GDM,   42.3105659,  -72.0439301,  7001.4, 30.03,  7331.2,  17.5, 141.71, 153.82,    3.62,   0.48,  -0.07,  -0.00,  -0.01,   3.7,  11.5,  27.7,  28.8,   1.7,  24.31,  25.43,    15.79,  190.13,   52.39,  30.29, 2484.4,    0.73,  329.98,  361.69,  355.66,  338.99,  341.84,  341.34, 1449.58, 1507.63, 1476.56, 1461.88, 1453.11, 1455.46, 1533.02, 1527.34,  7234.5, 164,  GPS,   11.5, 110.60, 116.50, 123.750, 121.500, -0.002,       ,  23.26, -69.5,   14.1,   11.6,  -14.2,      1,   GPS,    ALT,   0.0,   0.5,   0.0, 3DDiff, 3704,      ,     13,  20.5,     18
2018-08-27, 17:30:17,  -04:00,    GDM,   42.3112755,  -72.0439758,  7000.4, 30.03,  7331.2,  17.5, 141.78, 153.89,  -18.25,   0.49,  -0.03,   0.00,   0.00,   3.7,  11.5,  27.7,  28.8,   1.7,  24.32,  25.42,    15.72,  190.14,   52.41,  30.30, 2482.6,    0.72,  329.97,  361.71,  355.60,  338.96,  341.77,  341.33, 1449.33, 1507.65, 1475.96, 1461.70, 1453.71, 1455.14, 1532.44, 1527.48,  7234.5, 164,  GPS,   11.5, 110.60, 116.50, 123.750, 121.500, -0.002,       ,  23.33, -69.7,   14.1,   11.6,  -14.2,      1,   GPS,    ALT,   0.0,   0.5,  -3.9, 3DDiff, 3704,      ,     13,  20.5,     18
2018-08-27, 17:30:18,  -04:00,    GDM,   42.3119926,  -72.0440216,  7000.4, 30.03,  7331.4,  17.5, 141.82, 153.97,  -28.42,   0.53,   0.02,  -0.00,   0.00,   3.7,  11.5,  27.7,  28.8,   1.7,  24.32,  25.42,    15.77,  190.13,   52.48,  30.35, 2484.9,    0.73,  329.95,  361.69,  355.54,  338.93,  341.74,  341.28, 1449.65, 1507.91, 1476.07, 1462.13, 1454.18, 1456.09, 1532.76, 1527.69,  7234.7, 164,  GPS,   11.5, 110.60, 116.50, 123.750, 121.500, -0.002,       ,  23.33, -69.7,   14.0,   11.6,  -14.2,      1,   GPS,    ALT,   0.0,   0.5,   3.9, 3DDiff, 3704,      ,     14,  20.5,     19
2018-08-27, 17:30:19,  -04:00,    GDM,   42.3127060,  -72.0440674,  7000.4, 30.03,  7331.7,  17.2, 141.88, 154.07,  -28.85,   0.56,   0.04,  -0.00,  -0.00,   3.8,  11.5,  27.7,  28.8,   1.7,  24.32,  25.41,    15.78,  190.12,   52.45,  30.33, 2483.8,    0.73,  329.95,  361.71,  355.51,  338.93,  341.65,  341.27, 1450.25, 1507.11, 1475.67, 1461.77, 1455.05, 1454.86, 1532.24, 1527.30,  7235.0, 164,  GPS,   11.5, 110.60, 116.50, 123.750, 121.500, -0.002,       ,  23.36, -69.9,   14.0,   11.6,  -14.2,      1,   GPS,    ALT,   0.0,   0.5,  11.8, 3DDiff, 3704,      ,     14,  21.0,     19
2018-08-27, 17:30:20,  -04:00,    GDM,   42.3134155,  -72.0441132,  7001.4, 30.03,  7331.2,  17.2, 142.19, 154.13,   -0.07,   0.56,   0.04,   0.00,  -0.01,   3.8,  11.5,  27.7,  28.8,   1.7,  24.32,  25.41,    15.87,  190.12,   52.49,  30.30, 2484.3,    0.73,  329.95,  361.69,  355.48,  338.93,  341.59,  341.25, 1449.96, 1506.53, 1474.50, 1461.10, 1454.83, 1455.06, 1532.14, 1526.53,  7234.7, 164,  GPS,   11.5, 110.60, 116.50, 123.750, 121.500, -0.002,       ,  23.39, -70.0,   14.0,   11.6,  -14.2,      1,   GPS,    ALT,   0.0,   0.5,  15.7, 3DDiff, 3704,      ,     14,  21.5,     18
2018-08-27, 17:30:21,  -04:00,    GDM,   42.3141327,  -72.0441513,  7001.4, 30.03,  7330.8,  17.2, 142.26, 154.19,   15.81,   0.53,   0.03,  -0.00,  -0.01,   3.9,  11.5,  27.7,  28.8,   1.7,  24.33,  25.40,    15.88,  190.11,   52.44,  30.32, 2485.4,    0.73,  329.94,  361.68,  355.51,  338.91,  341.55,  341.22, 1449.85, 1507.37, 1474.14, 1461.23, 1454.94, 1455.13, 1532.65, 1526.17,  7234.3, 164,  GPS,   11.5, 110.60, 116.50, 123.750, 121.500, -0.002,       ,  23.42, -70.1,   13.9,   11.6,  -14.2,      1,   GPS,    ALT,   0.0,   0.5,  11.8, 3DDiff, 3704,      ,     13,  20.5,     18
2018-08-27, 17:30:22,  -04:00,    GDM,   42.3148460,  -72.0442047,  7000.4, 30.03,  7330.1,  17.2, 142.29, 154.22,   -8.62,   0.53,  -0.03,  -0.00,  -0.00,   4.0,  11.5,  27.7,  28.8,   1.7,  24.32,  25.40,    15.82,  190.10,   52.49,  30.33, 2486.5,    0.73,  329.95,  361.68,  355.51,  338.91,  341.46,  341.21, 1450.40, 1506.60, 1474.69, 1460.80, 1454.15, 1455.42, 1531.69, 1527.04,  7233.6, 164,  GPS,   11.5, 110.60, 116.50, 123.750, 121.500, -0.002,       ,  23.44, -70.2,   13.9,   11.6,  -14.2,      1,   GPS,    ALT,   0.0,   0.5,   0.0, 3DDiff, 3704,      ,     13,  20.0,     18
2018-08-27, 17:30:23,  -04:00,    GDM,   42.3155594,  -72.0442429,  7001.4, 30.03,  7329.8,  17.2, 142.43, 154.28,   -4.88,   0.56,  -0.03,   0.00,  -0.01,   4.0,  11.5,  27.7,  28.8,   1.7,  24.31,  25.40,    15.89,  190.09,   52.37,  30.32, 2485.4,    0.73,  329.93,  361.68,  355.54,  338.90,  341.43,  341.19, 1450.76, 1507.23, 1475.20, 1460.28, 1452.77, 1454.79, 1531.21, 1527.60,  7233.3, 165,  GPS,   11.5, 110.60, 116.50, 123.750, 121.500, -0.002,       ,  23.47, -70.3,   13.8,   11.6,  -14.2,      1,   GPS,    ALT,   0.0,   0.5,  -7.9, 3DDiff, 3704,      ,     13,  20.5,     18
2018-08-27, 17:30:24,  -04:00,    GDM,   42.3162727,  -72.0442886,  7001.4, 30.03,  7329.7,  17.2, 142.48, 154.36,   -9.08,   0.57,   0.02,   0.01,   0.00,   4.1,  11.5,  27.7,  28.8,   1.7,  24.30,  25.41,    15.89,  190.09,   52.46,  30.32, 2485.6,    0.73,  329.94,  361.68,  355.57,  338.87,  341.40,  341.16, 1450.14, 1505.97, 1475.62, 1460.83, 1452.74, 1455.96, 1531.14, 1527.33,  7233.2, 165,  GPS,   11.5, 110.60, 116.50, 123.750, 121.500, -0.002,       ,  23.48, -70.4,   13.8,   11.6,  -14.2,      1,   GPS,    ALT,   0.0,   0.6,  -3.9, 3DDiff, 3704,      ,     14,  20.5,     19
2018-08-27, 17:30:25,  -04:00,    GDM,   42.3169823,  -72.0443344,  7000.4, 30.03,  7329.5,  17.2, 142.58, 154.36,  -19.77,   0.59,   0.00,  -0.00,   0.00,   4.0,  11.6,  27.7,  28.8,   1.7,  24.28,  25.43,    15.90,  190.09,   52.56,  30.38, 2484.6,    0.73,  329.94,  361.68,  355.60,  338.89,  341.37,  341.16, 1452.02, 1506.74, 1477.23, 1461.17, 1454.82, 1457.30, 1531.65, 1529.69,  7233.0, 165,  GPS,   11.5, 110.60, 116.50, 123.750, 121.500, -0.002,       ,  23.49, -70.5,   13.7,   11.6,  -14.2,      1,   GPS,    ALT,   0.0,   0.6,  -3.9, 3DDiff, 3704,      ,     14,  21.0,     19
2018-08-27, 17:30:26,  -04:00,    GDM,   42.3176994,  -72.0443802,  7000.4, 30.03,  7330.0,  17.2, 142.57, 154.40,  -27.99,   0.64,  -0.02,   0.00,  -0.00,   4.0,  11.6,  27.7,  28.8,   1.7,  24.26,  25.44,    15.89,  190.07,   52.33,  30.32, 2485.4,    0.73,  329.92,  361.66,  355.65,  338.87,  341.31,  341.13, 1451.04, 1506.77, 1476.88, 1460.13, 1453.43, 1456.71, 1531.51, 1528.05,  7233.5, 165,  GPS,   11.5, 110.60, 116.50, 123.750, 121.500, -0.002,       ,  23.50, -70.6,   13.7,   11.6,  -14.2,      1,   GPS,    ALT,   0.0,   0.6,   0.0, 3DDiff, 3704,      ,     14,  21.0,     18
2018-08-27, 17:30:27,  -04:00,    GDM,   42.3184128,  -72.0444183,  7000.4, 30.03,  7330.8,  17.2, 142.69, 154.40,   -5.79,   0.66,  -0.01,   0.00,  -0.00,   4.0,  11.6,  27.7,  28.8,   1.7,  24.24,  25.45,    15.88,  190.08,   52.34,  30.33, 2484.4,    0.73,  329.92,  361.68,  355.67,  338.87,  341.25,  341.15, 1451.40, 1507.76, 1476.87, 1461.46, 1452.82, 1457.01, 1532.39, 1528.22,  7234.3, 165,  GPS,   11.5, 110.60, 116.50, 123.750, 121.500, -0.002,       ,  23.51, -70.6,   13.7,   11.6,  -14.2,      1,   GPS,    ALT,  -0.0,   0.6,   7.9, 3DDiff, 3704,      ,     13,  20.5,     18
2018-08-27, 17:30:28,  -04:00,    GDM,   42.3191299,  -72.0444641,  6999.4, 30.03,  7331.9,  17.2, 142.60, 154.40,  -37.95,   0.69,  -0.05,   0.00,   0.00,   4.1,  11.6,  27.7,  28.8,   1.7,  24.22,  25.46,    15.87,  190.06,   52.36,  30.31, 2482.1,    0.73,  329.92,  361.65,  355.72,  338.85,  341.19,  341.12, 1451.91, 1507.51, 1476.45, 1461.03, 1453.36, 1457.03, 1532.49, 1528.23,  7235.4, 165,  GPS,   11.5, 110.60, 116.50, 123.750, 121.500, -0.002,       ,  23.51, -70.7,   13.6,   11.6,  -14.2,      1,   GPS,    ALT,  -0.0,   0.7,  11.8, 3DDiff, 3704,      ,     13,  20.0,     18
2018-08-27, 17:30:29,  -04:00,    GDM,   42.3198433,  -72.0445099,  7000.4, 30.03,  7332.4,  17.2, 142.67, 154.40,  -11.57,   0.71,  -0.05,  -0.00,  -0.00,   4.0,  11.6,  27.7,  28.8,   1.7,  24.20,  25.47,    15.84,  190.07,   52.36,  30.33, 2485.0,    0.73,  329.89,  361.65,  355.75,  338.84,  341.16,  341.12, 1451.52, 1506.74, 1476.17, 1460.98, 1452.76, 1456.00, 1532.38, 1527.70,  7235.8, 165,  GPS,   11.5, 110.60, 116.50, 123.750, 121.500, -0.002,       ,  23.52, -70.7,   13.6,   11.6,  -14.2,      1,   GPS,    ALT,  -0.0,   0.7,  19.7, 3DDiff, 3704,      ,     13,  20.5,     18
2018-08-27, 17:30:30,  -04:00,    GDM,   42.3205566,  -72.0445557,  7002.4, 30.03,  7332.8,  17.2, 142.80, 154.38,   32.54,   0.70,  -0.03,   0.00,  -0.01,   4.0,  11.6,  27.7,  28.8,   1.7,  24.19,  25.47,    15.88,  190.05,   52.43,  30.32, 2483.5,    0.73,  329.89,  361.65,  355.78,  338.84,  341.13,  341.09, 1450.77, 1507.26, 1476.09, 1460.00, 1452.90, 1456.18, 1531.94, 1527.36,  7236.3, 165,  GPS,   11.5, 110.60, 116.50, 123.750, 121.500, -0.001,       ,  23.52, -70.7,   13.5,   11.6,  -14.2,      1,   GPS,    ALT,  -0.0,   0.7,  19.7, 3DDiff, 3704,      ,     14,  20.5,     19
2018-08-27, 17:30:31,  -04:00,    GDM,   42.3212700,  -72.0445938,  7002.4, 30.03,  7333.2,  17.2, 142.80, 154.34,   29.17,   0.63,  -0.01,   0.00,  -0.01,   4.0,  11.6,  27.7,  28.8,   1.7,  24.17,  25.48,    15.86,  190.02,   52.50,  30.32, 2481.9,    0.73,  329.89,  361.65,  355.81,  338.84,  341.09,  341.09, 1450.17, 1507.47, 1475.98, 1461.89, 1452.93, 1455.59, 1532.57, 1526.68,  7236.7, 165,  GPS,   11.5, 110.60, 116.50, 123.750, 121.500, -0.002,       ,  23.52, -70.7,   13.5,   11.6,  -14.2,      1,   GPS,    ALT,  -0.0,   0.6,  15.7, 3DDiff, 3704,      ,     14,  20.5,     19
2018-08-27, 17:30:32,  -04:00,    GDM,   42.3219872,  -72.0446396,  7001.4, 30.03,  7332.5,  17.2, 142.77, 154.32,    7.70,   0.63,   0.02,  -0.00,  -0.00,   4.0,  11.6,  27.7,  28.8,   1.7,  24.16,  25.48,    15.87,  190.00,   52.34,  30.36, 2484.6,    0.73,  329.88,  361.60,  355.84,  338.81,  341.04,  341.06, 1450.06, 1507.93, 1476.51, 1461.03, 1453.68, 1456.06, 1532.99, 1527.63,  7236.0, 165,  GPS,   11.5, 110.60, 116.50, 123.750, 121.500, -0.002,       ,  23.52, -70.7,   13.4,   11.6,  -14.2,      1,   GPS,    ALT,  -0.0,   0.6,  -7.9, 3DDiff, 3704,      ,     14,  21.0,     18
2018-08-27, 17:30:33,  -04:00,    GDM,   42.3226967,  -72.0446777,  7001.4, 30.03,  7331.6,  17.2, 142.82, 154.32,   -9.80,   0.63,  -0.04,  -0.00,  -0.00,   4.0,  11.7,  27.7,  28.8,   1.7,  24.15,  25.48,    15.86,  189.97,   52.38,  30.33, 2488.4,    0.73,  329.86,  361.59,  355.87,  338.82,  340.98,  341.06, 1450.08, 1508.93, 1475.77, 1460.95, 1454.01, 1454.97, 1532.69, 1527.71,  7235.1, 165,  GPS,   11.5, 110.60, 116.50, 123.750, 121.500, -0.002,       ,  23.52, -70.7,   13.4,   11.6,  -14.2,      1,   GPS,    ALT,  -0.0,   0.6, -15.7, 3DDiff, 3704,      ,     13,  20.0,     18
2018-08-27, 17:30:34,  -04:00,    GDM,   42.3234100,  -72.0447235,  7001.4, 30.03,  7330.6,  17.2, 142.87, 154.32,  -11.45,   0.65,  -0.08,   0.00,  -0.00,   4.0,  11.7,  27.7,  28.8,   1.7,  24.13,  25.48,    15.90,  189.97,   52.31,  30.27, 2487.3,    0.73,  329.88,  361.57,  355.92,  338.83,  340.95,  341.00, 1449.55, 1508.36, 1475.73, 1460.41, 1454.26, 1454.68, 1532.27, 1527.16,  7234.1, 165,  GPS,   11.5, 110.60, 116.50, 123.750, 121.500, -0.002,       ,  23.53, -70.7,   13.4,   11.6,  -14.2,      1,   GPS,    ALT,  -0.0,   0.6, -19.7, 3DDiff, 3704,      ,     13,  20.0,     18
2018-08-27, 17:30:35,  -04:00,    GDM,   42.3241272,  -72.0447617,  7001.4, 30.03,  7330.2,  17.2, 142.98, 154.30,  -11.76,   0.68,  -0.10,  -0.00,   0.00,   3.9,  11.7,  27.7,  28.8,   1.7,  24.12,  25.48,    15.91,  189.97,   52.35,  30.33, 2484.7,    0.73,  329.83,  361.56,  355.93,  338.81,  340.88,  340.97, 1449.88, 1507.80, 1476.18, 1460.34, 1453.70, 1454.93, 1531.98, 1527.45,  7233.7, 165,  GPS,   11.5, 110.60, 116.50, 123.750, 121.500, -0.002,       ,  23.53, -70.7,   13.3,   11.6,  -14.2,      1,   GPS,    ALT,  -0.1,   0.7, -19.7, 3DDiff, 3704,      ,     13,  20.0,     18
2018-08-27, 17:30:36,  -04:00,    GDM,   42.3248367,  -72.0448074,  7001.4, 30.03,  7329.3,  17.2, 142.97, 154.26,  -24.23,   0.73,  -0.13,  -0.00,   0.00,   3.9,  11.7,  27.7,  28.8,   1.7,  24.12,  25.48,    15.94,  189.97,   52.42,  30.30, 2484.4,    0.73,  329.85,  361.56,  355.96,  338.78,  340.85,  340.97, 1449.53, 1507.98, 1476.16, 1460.92, 1454.16, 1455.00, 1532.30, 1527.63,  7232.7, 165,  GPS,   11.5, 110.60, 116.50, 123.750, 121.500, -0.002,       ,  23.55, -70.7,   13.3,   11.6,  -14.2,      1,   GPS,    ALT,  -0.1,   0.7, -23.6, 3DDiff, 3704,      ,     12,  15.5,     17
2018-08-27, 17:30:37,  -04:00,    GDM,   42.3255501,  -72.0448532,  7000.4, 30.03,  7328.8,  17.2, 142.88, 154.22,  -25.72,   0.74,  -0.18,   0.00,  -0.00,   3.9,  11.7,  27.7,  28.8,   1.7,  24.11,  25.47,    15.86,  189.96,   52.53,  30.31, 2483.5,    0.73,  329.85,  361.54,  355.99,  338.81,  340.79,  340.94, 1450.24, 1507.62, 1475.90, 1460.76, 1454.54, 1455.36, 1531.85, 1527.86,  7232.3, 165,  GPS,   11.5, 110.60, 116.50, 123.750, 121.500, -0.002,       ,  23.56, -70.7,   13.2,   11.6,  -14.2,      1,   GPS,    ALT,  -0.1,   0.7, -19.7, 3DDiff, 3704,      ,     12,  15.5,     18
2018-08-27, 17:30:38,  -04:00,    GDM,   42.3262672,  -72.0448914,  7001.4, 30.03,  7328.9,  17.5, 142.93, 154.17,  -12.27,   0.77,  -0.13,   0.01,   0.01,   3.9,  11.6,  27.7,  28.8,   1.7,  24.11,  25.46,    15.90,  189.94,   52.54,  30.29, 2486.8,    0.73,  329.83,  361.53,  356.05,  338.78,  340.73,  340.91, 1450.07, 1507.20, 1476.14, 1459.64, 1454.20, 1455.22, 1531.42, 1528.18,  7232.4, 165,  GPS,   11.5, 110.60, 116.50, 123.750, 121.500, -0.002,       ,  23.57, -70.6,   13.2,   11.6,  -14.2,      1,   GPS,    ALT,  -0.1,   0.8, -19.7, 3DDiff, 3704,      ,     12,  15.0,     17
2018-08-27, 17:30:39,  -04:00,    GDM,   42.3269768,  -72.0449371,  7000.4, 30.03,  7329.2,  17.5, 142.85, 154.11,  -16.50,   0.78,  -0.11,  -0.00,  -0.00,   3.9,  11.6,  27.7,  28.8,   1.7,  24.11,  25.46,    15.84,  189.95,   52.53,  30.29, 2485.0,    0.73,  329.83,  361.50,  356.06,  338.78,  340.68,  340.88, 1450.83, 1507.50, 1475.89, 1459.26, 1453.37, 1454.90, 1531.28, 1527.96,  7232.7, 165,  GPS,   11.5, 110.60, 116.50, 123.750, 121.500, -0.002,       ,  23.59, -70.6,   13.1,   11.6,  -14.2,      1,   GPS,    ALT,  -0.1,   0.8, -15.7, 3DDiff, 3704,      ,     12,  15.0,     17
2018-08-27, 17:30:40,  -04:00,    GDM,   42.3276863,  -72.0449829,  7000.4, 30.03,  7329.4,  17.5, 142.75, 154.07,  -22.29,   0.76,  -0.04,   0.00,  -0.01,   3.9,  11.6,  27.7,  28.8,   1.7,  24.11,  25.45,    15.81,  189.95,   52.55,  30.25, 2485.9,    0.73,  329.83,  361.48,  356.11,  338.78,  340.64,  340.87, 1450.21, 1507.05, 1475.58, 1459.77, 1452.22, 1454.71, 1531.02, 1527.15,  7232.9, 165,  GPS,   11.5, 110.60, 116.50, 123.750, 121.500, -0.002,       ,  23.61, -70.6,   13.1,   11.6,  -14.2,      1,   GPS,    ALT,  -0.0,   0.8, -15.7, 3DDiff, 3704,      ,     12,  15.0,     17
2018-08-27, 17:30:41,  -04:00,    GDM,   42.3283958,  -72.0450287,  7000.4, 30.03,  7329.2,  17.5, 142.78, 153.99,  -27.24,   0.74,  -0.01,   0.00,  -0.01,   3.9,  11.6,  27.7,  28.8,   1.7,  24.11,  25.45,    15.76,  189.95,   52.69,  30.29, 2485.5,    0.73,  329.82,  361.45,  356.15,  338.76,  340.55,  340.85, 1450.28, 1506.49, 1475.87, 1460.99, 1452.86, 1454.57, 1531.26, 1527.61,  7232.7, 165,  GPS,   11.5, 110.60, 116.50, 123.750, 121.500, -0.001,       ,  23.63, -70.5,   13.1,   11.6,  -14.2,      1,   GPS,    ALT,  -0.0,   0.8, -19.7, 3DDiff, 3704,      ,     12,  15.5,     17
2018-08-27, 17:30:42,  -04:00,    GDM,   42.3291092,  -72.0450668,  6999.4, 30.03,  7329.0,  17.5, 142.78, 153.93,  -12.72,   0.74,   0.04,  -0.00,  -0.01,   3.9,  11.6,  27.7,  28.8,   1.7,  24.10,  25.46,    15.83,  189.95,   52.39,  30.32, 2486.0,    0.73,  329.82,  361.44,  356.18,  338.75,  340.49,  340.84, 1449.78, 1506.93, 1475.58, 1461.18, 1453.32, 1453.62, 1531.44, 1527.46,  7232.4, 165,  GPS,   11.5, 110.60, 116.50, 123.750, 121.500, -0.002,       ,  23.65, -70.4,   13.0,   11.6,  -14.2,      1,   GPS,    ALT,  -0.0,   0.8, -19.7, 3DDiff, 3704,      ,     12,  15.5,     17
2018-08-27, 17:30:43,  -04:00,    GDM,   42.3298264,  -72.0451126,  6999.4, 30.03,  7328.7,  17.5, 142.65, 153.87,  -17.57,   0.74,  -0.10,  -0.00,  -0.00,   3.9,  11.6,  27.7,  28.8,   1.7,  24.09,  25.46,    15.89,  189.97,   52.69,  30.29, 2485.3,    0.73,  329.80,  361.44,  356.21,  338.75,  340.46,  340.82, 1449.48, 1506.38, 1475.74, 1461.22, 1453.32, 1454.35, 1531.02, 1527.63,  7232.2, 165,  GPS,   11.5, 110.60, 116.50, 123.750, 121.500, -0.002,       ,  23.67, -70.4,   13.0,   11.6,  -14.2,      1,   GPS,    ALT,  -0.0,   0.8, -19.7, 3DDiff, 3704,      ,     12,  15.5,     18
2018-08-27, 17:30:44,  -04:00,    GDM,   42.3305359,  -72.0451584,  6999.4, 30.03,  7327.7,  17.5, 142.52, 153.84,  -32.00,   0.76,  -0.04,   0.01,  -0.00,   3.9,  11.6,  27.7,  28.8,   1.7,  24.09,  25.45,    15.89,  189.97,   52.68,  30.30, 2486.8,    0.73,  329.82,  361.42,  356.23,  338.74,  340.39,  340.79, 1449.44, 1506.96, 1477.13, 1461.59, 1453.98, 1455.50, 1532.04, 1528.39,  7231.2, 165,  GPS,   11.5, 110.60, 116.50, 123.750, 121.500, -0.001,       ,  23.69, -70.3,   12.9,   11.7,  -14.2,      1,   GPS,    ALT,  -0.0,   0.8, -23.6, 3DDiff, 3704,      ,     12,  15.0,     17
2018-08-27, 17:30:45,  -04:00,    GDM,   42.3312454,  -72.0451889,  6999.4, 30.03,  7327.4,  17.5, 142.59, 153.80,   -5.96,   0.80,  -0.14,   0.01,   0.00,   3.9,  11.6,  27.7,  28.8,   1.7,  24.09,  25.45,    15.82,  189.97,   52.31,  30.29, 2484.7,    0.73,  329.80,  361.41,  356.27,  338.74,  340.36,  340.77, 1450.29, 1507.74, 1476.33, 1461.42, 1454.56, 1455.16, 1532.05, 1528.10,  7230.8, 165,  GPS,   11.5, 110.60, 116.50, 123.750, 121.500, -0.002,       ,  23.71, -70.3,   12.9,   11.6,  -14.2,      1,   GPS,    ALT,  -0.0,   0.8, -19.7, 3DDiff, 3704,      ,     12,  15.0,     17
2018-08-27, 17:30:46,  -04:00,    GDM,   42.3319588,  -72.0452347,  6998.4, 30.03,  7326.7,  17.5, 142.42, 153.72,  -23.12,   0.81,   0.00,  -0.00,   0.00,   3.9,  11.6,  27.7,  28.8,   1.7,  24.08,  25.46,    15.83,  189.98,   52.34,  30.28, 2487.0,    0.73,  329.82,  361.38,  356.25,  338.74,  340.30,  340.77, 1450.05, 1506.80, 1476.28, 1461.04, 1455.09, 1454.76, 1531.62, 1528.34,  7230.2, 165,  GPS,   11.5, 110.60, 116.50, 123.750, 121.500, -0.002,       ,  23.73, -70.2,   12.8,   11.6,  -14.2,      1,   GPS,    ALT,  -0.0,   0.8, -19.7, 3DDiff, 3704,      ,     12,  15.0,     17
2018-08-27, 17:30:47,  -04:00,    GDM,   42.3326683,  -72.0452805,  6998.4, 30.03,  7326.4,  17.5, 142.46, 153.68,  -25.85,   0.87,  -0.03,  -0.00,  -0.01,   3.8,  11.6,  27.7,  28.8,   1.7,  24.07,  25.47,    15.83,  189.97,   52.36,  30.31, 2485.4,    0.73,  329.80,  361.36,  356.25,  338.69,  340.25,  340.76, 1450.36, 1507.73, 1476.12, 1461.57, 1455.69, 1455.49, 1532.23, 1529.01,  7229.9, 165,  GPS,   11.5, 110.60, 116.50, 123.750, 121.500, -0.002,       ,  23.75, -70.2,   12.8,   11.6,  -14.2,      1,   GPS,    ALT,  -0.0,   0.9, -15.7, 3DDiff, 3704,      ,     12,  15.5,     17
2018-08-27, 17:30:48,  -04:00,    GDM,   42.3333817,  -72.0453186,  6999.4, 30.03,  7326.3,  17.5, 142.46, 153.60,   -9.70,   0.91,  -0.05,   0.00,  -0.00,   3.8,  11.6,  27.7,  28.8,   1.7,  24.07,  25.47,    15.84,  189.96,   52.23,  30.29, 2485.3,    0.73,  329.80,  361.32,  356.29,  338.71,  340.21,  340.73, 1450.40, 1507.98, 1476.99, 1461.37, 1455.18, 1454.55, 1532.30, 1528.27,  7229.7, 165,  GPS,   11.5, 110.60, 116.50, 123.750, 121.500, -0.002,       ,  23.76, -70.1,   12.8,   11.6,  -14.2,      1,   GPS,    ALT,  -0.0,   0.9,  -3.9, 3DDiff, 3704,      ,     12,  15.5,     17
2018-08-27, 17:30:49,  -04:00,    GDM,   42.3340912,  -72.0453644,  7000.4, 30.03,  7326.0,  17.5, 142.44, 153.52,   18.80,   0.91,  -0.01,  -0.00,  -0.00,   3.8,  11.6,  27.7,  28.8,   1.7,  24.07,  25.45,    15.80,  189.95,   52.36,  30.29, 2483.2,    0.73,  329.79,  361.32,  356.30,  338.69,  340.18,  340.72, 1450.60, 1507.22, 1477.40, 1460.73, 1454.74, 1454.05, 1531.75, 1528.68,  7229.4, 165,  GPS,   11.5, 110.60, 116.50, 123.750, 121.500, -0.002,       ,  23.79, -70.1,   12.7,   11.6,  -14.2,      1,   GPS,    ALT,  -0.0,   0.9, -11.8, 3DDiff, 3704,      ,     12,  15.5,     18
2018-08-27, 17:30:50,  -04:00,    GDM,   42.3347969,  -72.0454102,  6998.4, 30.03,  7326.3,  17.5, 142.21, 153.43,  -17.71,   0.96,   0.00,  -0.00,  -0.00,   3.9,  11.6,  27.7,  28.8,   1.7,  24.07,  25.44,    15.83,  189.94,   52.15,  30.27, 2486.8,    0.73,  329.77,  361.29,  356.33,  338.71,  340.15,  340.70, 1450.07, 1506.43, 1477.19, 1460.17, 1454.19, 1453.38, 1530.90, 1528.62,  7229.8, 164,  GPS,   11.5, 110.60, 116.50, 123.750, 121.500, -0.001,       ,  23.81, -70.0,   12.7,   11.6,  -14.2,      1,   GPS,    ALT,  -0.0,   0.9, -11.8, 3DDiff, 3704,      ,     12,  15.0,     17
2018-08-27, 17:30:51,  -04:00,    GDM,   42.3355103,  -72.0454483,  6998.4, 30.03,  7325.9,  17.5, 142.16, 153.35,  -26.52,   1.01,  -0.03,   0.00,   0.01,   3.9,  11.6,  27.7,  28.8,   1.7,  24.07,  25.43,    15.75,  189.92,   52.40,  30.24, 2483.4,    0.73,  329.80,  361.26,  356.33,  338.69,  340.12,  340.67, 1449.16, 1507.01, 1476.22, 1460.52, 1453.44, 1453.19, 1530.91, 1527.51,  7229.4, 164,  GPS,   11.5, 110.60, 116.50, 123.750, 121.500, -0.002,       ,  23.83, -70.0,   12.6,   11.6,  -14.2,      1,   GPS,    ALT,  -0.0,   1.0,  -3.9, 3DDiff, 3704,      ,     12,  15.5,     17
2018-08-27, 17:30:52,  -04:00,    GDM,   42.3362160,  -72.0455017,  6999.4, 30.03,  7326.4,  17.5, 142.19, 153.23,  -10.46,   1.01,  -0.04,  -0.00,   0.00,   3.9,  11.6,  27.7,  28.8,   1.7,  24.07,  25.42,    15.73,  189.92,   52.44,  30.28, 2483.0,    0.73,  329.79,  361.25,  356.34,  338.69,  340.09,  340.64, 1448.83, 1507.84, 1476.56, 1460.44, 1453.03, 1455.00, 1531.41, 1526.69,  7229.9, 164,  GPS,   11.5, 110.60, 116.50, 123.750, 121.500, -0.001,       ,  23.85, -69.9,   12.6,   11.7,  -14.2,      1,   GPS,    ALT,  -0.0,   1.0,   7.9, 3DDiff, 3704,      ,     12,  15.5,     17
2018-08-27, 17:30:53,  -04:00,    GDM,   42.3369217,  -72.0455399,  6999.4, 30.03,  7326.5,  17.5, 142.03, 153.14,    7.23,   0.97,  -0.08,  -0.00,  -0.01,   3.9,  11.6,  27.7,  28.8,   1.7,  24.07,  25.42,    15.76,  189.93,   52.39,  30.29, 2485.5,    0.73,  329.79,  361.22,  356.35,  338.69,  340.06,  340.63, 1448.56, 1507.20, 1476.76, 1460.18, 1453.58, 1456.25, 1531.54, 1527.20,  7230.0, 164,  GPS,   11.5, 110.60, 116.50, 123.750, 121.500, -0.001,       ,  23.86, -69.9,   12.5,   11.6,  -14.2,      1,   GPS,    ALT,  -0.0,   1.0,   7.9, 3DDiff, 3704,      ,     12,  15.5,     17
2018-08-27, 17:30:54,  -04:00,    GDM,   42.3376350,  -72.0455780,  7000.4, 30.03,  7326.6,  17.5, 142.00, 153.06,   19.56,   0.90,  -0.08,   0.00,  -0.02,   3.9,  11.6,  27.7,  28.8,   1.7,  24.07,  25.42,    15.82,  189.93,   52.31,  30.32, 2485.5,    0.73,  329.76,  361.22,  356.33,  338.67,  340.03,  340.58, 1449.63, 1506.87, 1476.56, 1460.99, 1454.26, 1456.18, 1532.05, 1528.62,  7230.0, 164,  GPS,   11.5, 110.60, 116.50, 123.750, 121.500, -0.001,       ,  23.88, -69.8,   12.5,   11.6,  -14.2,      1,   GPS,    ALT,  -0.0,   1.0,   0.0, 3DDiff, 3704,      ,     12,  15.5,     17
2018-08-27, 17:30:55,  -04:00,    GDM,   42.3383369,  -72.0456314,  7000.4, 30.03,  7326.3,  17.5, 141.98, 153.00,   27.24,   0.87,  -0.03,   0.00,   0.00,   3.9,  11.6,  27.7,  28.8,   1.7,  24.08,  25.41,    15.83,  189.93,   52.58,  30.27, 2485.1,    0.73,  329.76,  361.19,  356.37,  338.68,  340.03,  340.58, 1449.99, 1506.84, 1475.99, 1460.58, 1454.44, 1455.99, 1531.81, 1528.24,  7229.8, 164,  GPS,   11.5, 110.60, 116.50, 123.750, 121.500, -0.001,       ,  23.89, -69.8,   12.5,   11.7,  -14.2,      1,   GPS,    ALT,  -0.0,   0.9, -15.7, 3DDiff, 3704,      ,     12,  15.5,     18
2018-08-27, 17:30:56,  -04:00,    GDM,   42.3390503,  -72.0456619,  6999.4, 30.03,  7325.9,  17.5, 141.85, 152.92,  -12.44,   0.91,   0.00,  -0.00,   0.01,   3.9,  11.6,  27.7,  28.8,   1.7,  24.08,  25.41,    15.80,  189.92,   52.25,  30.26, 2482.6,    0.73,  329.76,  361.17,  356.37,  338.66,  340.03,  340.55, 1449.60, 1506.00, 1476.09, 1459.84, 1454.87, 1455.09, 1531.23, 1528.23,  7229.4, 164,  GPS,   11.5, 110.60, 116.50, 123.750, 121.500, -0.002,       ,  23.91, -69.8,   12.4,   11.6,  -14.2,      1,   GPS,    ALT,  -0.0,   0.9, -23.6, 3DDiff, 3704,      ,     12,  15.0,     17
2018-08-27, 17:30:57,  -04:00,    GDM,   42.3397522,  -72.0457077,  6999.4, 30.03,  7326.5,  17.5, 141.84, 152.88,  -30.29,   0.98,  -0.05,  -0.00,   0.00,   3.9,  11.6,  27.7,  28.8,   1.7,  24.07,  25.42,    15.79,  189.93,   52.43,  30.28, 2484.9,    0.73,  329.76,  361.16,  356.42,  338.66,  340.05,  340.52, 1451.22, 1506.06, 1477.03, 1460.13, 1455.33, 1454.17, 1531.30, 1529.50,  7230.0, 164,  GPS,   11.5, 110.60, 116.50, 123.750, 121.500, -0.001,       ,  23.92, -69.7,   12.4,   11.6,  -14.2,      1,   GPS,    ALT,  -0.0,   0.9, -11.8, 3DDiff, 3704,      ,     12,  15.5,     17
2018-08-27, 17:30:58,  -04:00,    GDM,   42.3404655,  -72.0457535,  6999.4, 30.03,  7326.4,  17.5, 141.75, 152.83,  -15.63,   0.93,  -0.02,   0.01,   0.00,   4.0,  11.6,  27.7,  28.8,   1.7,  24.07,  25.42,    15.80,  189.94,   52.55,  30.25, 2484.0,    0.73,  329.76,  361.13,  356.42,  338.65,  340.10,  340.52, 1450.24, 1506.04, 1476.37, 1460.74, 1454.92, 1454.98, 1531.31, 1528.56,  7229.9, 164,  GPS,   11.5, 110.60, 116.50, 123.750, 121.500, -0.001,       ,  23.92, -69.7,   12.3,   11.6,  -14.2,      1,   GPS,    ALT,  -0.0,   1.0,   7.9, 3DDiff, 3704,      ,     12,  15.5,     17
2018-08-27, 17:30:59,  -04:00,    GDM,   42.3411713,  -72.0457916,  7000.4, 30.03,  7326.7,  17.5, 141.70, 152.77,    2.32,   0.97,  -0.03,   0.00,   0.01,   3.9,  11.6,  27.7,  28.8,   1.7,  24.06,  25.43,    15.80,  189.94,   52.53,  30.31, 2483.4,    0.73,  329.76,  361.13,  356.42,  338.65,  340.21,  340.52, 1450.69, 1506.73, 1477.05, 1461.22, 1454.89, 1455.36, 1531.75, 1529.17,  7230.2, 164,  GPS,   11.5, 110.60, 116.50, 123.750, 121.500, -0.001,       ,  23.93, -69.6,   12.3,   11.6,  -14.2,      1,   GPS,    ALT,  -0.0,   0.9,  11.8, 3DDiff, 3704,      ,     12,  15.5,     17
2018-08-27, 17:31:00,  -04:00,    GDM,   42.3418770,  -72.0458374,  7001.4, 30.03,  7327.2,  17.5, 141.67, 152.71,   15.51,   0.93,  -0.07,   0.00,  -0.01,   3.9,  11.6,  27.7,  28.8,   1.7,  24.06,  25.43,    15.78,  189.94,   52.46,  30.27, 2486.5,    0.73,  329.73,  361.10,  356.42,  338.63,  340.32,  340.52, 1450.66, 1507.25, 1477.53, 1461.67, 1454.92, 1455.94, 1532.43, 1528.63,  7230.7, 164,  GPS,   11.5, 110.60, 116.50, 123.750, 121.500, -0.001,       ,  23.94, -69.6,   12.3,   11.6,  -14.2,      1,   GPS,    ALT,  -0.0,   0.9,  27.6, 3DDiff, 3704,      ,     12,  15.5,     17
2018-08-27, 17:31:01,  -04:00,    GDM,   42.3425827,  -72.0458832,  7001.4, 30.03,  7327.6,  17.5, 141.55, 152.65,   15.18,   0.89,  -0.08,   0.00,  -0.01,   3.9,  11.6,  27.7,  28.8,   1.7,  24.05,  25.45,    15.86,  189.94,   52.62,  30.23, 2487.3,    0.73,  329.76,  361.08,  356.42,  338.63,  340.48,  340.54, 1451.55, 1507.08, 1476.87, 1461.86, 1454.88, 1454.55, 1531.88, 1528.78,  7231.1, 164,  GPS,   11.5, 110.60, 116.50, 123.750, 121.500, -0.001,       ,  23.94, -69.5,   12.2,   11.6,  -14.2,      1,   GPS,    ALT,  -0.0,   0.9,  19.7, 3DDiff, 3704,      ,     12,  15.5,     18
2018-08-27, 17:31:02,  -04:00,    GDM,   42.3432884,  -72.0459213,  7001.4, 30.03,  7327.4,  17.5, 141.44, 152.61,   16.22,   0.83,  -0.07,   0.00,   0.00,   3.8,  11.6,  27.7,  28.8,   1.7,  24.03,  25.45,    15.83,  189.94,   52.17,  30.30, 2483.8,    0.73,  329.73,  361.09,  356.44,  338.62,  340.66,  340.52, 1451.96, 1506.43, 1476.68, 1461.02, 1454.44, 1454.36, 1531.68, 1528.95,  7230.8, 163,  GPS,   11.5, 110.60, 116.50, 123.750, 121.500, -0.001,       ,  23.95, -69.5,   12.2,   11.6,  -14.2,      1,   GPS,    ALT,  -0.0,   0.8,   7.9, 3DDiff, 3704,      ,     12,  15.0,     17
2018-08-27, 17:31:03,  -04:00,    GDM,   42.3439941,  -72.0459671,  7001.4, 30.03,  7326.6,  17.5, 141.40, 152.61,   -0.19,   0.81,  -0.07,  -0.01,  -0.00,   3.8,  11.6,  27.7,  28.8,   1.7,  24.03,  25.45,    15.87,  189.95,   52.58,  30.29, 2484.3,    0.73,  329.73,  361.04,  356.42,  338.60,  340.81,  340.51, 1451.55, 1506.58, 1477.51, 1461.32, 1455.26, 1455.14, 1531.92, 1529.06,  7230.0, 163,  GPS,   11.5, 110.60, 116.50, 123.750, 121.500, -0.001,       ,  23.95, -69.5,   12.1,   11.7,  -14.2,      1,   GPS,    ALT,  -0.0,   0.8,   0.0, 3DDiff, 3704,      ,     12,  15.5,     17
2018-08-27, 17:31:04,  -04:00,    GDM,   42.3446960,  -72.0460129,  7002.4, 30.03,  7326.8,  17.5, 141.41, 152.61,    5.16,   0.80,  -0.05,   0.00,  -0.01,   3.7,  11.6,  27.7,  28.8,   1.7,  24.02,  25.45,    15.86,  189.94,   52.45,  30.29, 2485.5,    0.73,  329.73,  361.04,  356.42,  338.57,  340.97,  340.51, 1451.15, 1506.07, 1478.17, 1460.96, 1456.05, 1456.11, 1532.33, 1529.43,  7230.3, 163,  GPS,   11.5, 110.60, 116.50, 123.750, 121.500, -0.001,       ,  23.95, -69.4,   12.1,   11.6,  -14.2,      1,   GPS,    ALT,  -0.0,   0.8,  -7.9, 3DDiff, 3704,      ,     12,  15.5,     17
2018-08-27, 17:31:05,  -04:00,    GDM,   42.3454018,  -72.0460510,  7001.4, 30.03,  7326.7,  17.5, 141.36, 152.63,    4.09,   0.79,  -0.03,   0.00,   0.00,   3.7,  11.6,  27.7,  28.8,   1.7,  24.03,  25.45,    15.81,  189.95,   52.59,  30.26, 2483.1,    0.73,  329.73,  361.02,  356.42,  338.57,  341.12,  340.46, 1450.84, 1506.81, 1477.81, 1461.02, 1456.15, 1457.20, 1532.44, 1528.73,  7230.2, 163,  GPS,   11.5, 110.60, 116.50, 123.750, 121.500, -0.001,       ,  23.96, -69.4,   12.0,   11.6,  -14.2,      1,   GPS,    ALT,  -0.0,   0.8,  -3.9, 3DDiff, 3704,      ,     12,  15.5,     17
2018-08-27, 17:31:06,  -04:00,    GDM,   42.3461075,  -72.0460968,  7001.4, 30.03,  7326.6,  17.5, 141.31, 152.63,  -11.48,   0.74,  -0.10,  -0.00,  -0.01,   3.7,  11.6,  27.7,  28.8,   1.7,  24.03,  25.45,    15.82,  189.94,   52.62,  30.26, 2483.8,    0.73,  329.71,  361.01,  356.40,  338.56,  341.24,  340.44, 1449.48, 1506.55, 1476.77, 1461.08, 1454.65, 1456.38, 1531.66, 1527.40,  7230.1, 163,  GPS,   11.5, 110.60, 116.50, 123.750, 121.500, -0.001,       ,  23.97, -69.4,   12.0,   11.7,  -14.2,      1,   GPS,    ALT,  -0.0,   0.8,  -3.9, 3DDiff, 3704,      ,     12,  15.5,     17
2018-08-27, 17:31:07,  -04:00,    GDM,   42.3468132,  -72.0461426,  7001.4, 30.03,  7326.3,  17.5, 141.24, 152.65,  -11.09,   0.70,  -0.11,  -0.00,  -0.01,   3.6,  11.6,  27.7,  28.8,   1.7,  24.04,  25.44,    15.86,  189.91,   52.67,  30.26, 2486.2,    0.73,  329.71,  360.99,  356.39,  338.56,  341.36,  340.42, 1449.83, 1507.61, 1476.96, 1461.54, 1454.35, 1456.83, 1532.24, 1527.79,  7229.8, 163,  GPS,   11.5, 110.60, 116.50, 123.750, 121.500, -0.001,       ,  23.98, -69.4,   12.0,   11.7,  -14.2,      1,   GPS,    ALT,  -0.0,   0.8, -11.8, 3DDiff, 3704,      ,     12,  15.5,     18
2018-08-27, 17:31:08,  -04:00,    GDM,   42.3475227,  -72.0461807,  7001.4, 30.03,  7326.4,  17.5, 141.34, 152.71,   -7.71,   0.66,  -0.08,   0.00,  -0.00,   3.6,  11.6,  27.7,  28.8,   1.7,  24.05,  25.42,    15.86,  189.94,   52.53,  30.25, 2486.3,    0.73,  329.71,  360.98,  356.39,  338.56,  341.46,  340.42, 1450.20, 1507.79, 1476.82, 1461.10, 1454.37, 1455.60, 1532.17, 1528.21,  7229.8, 163,  GPS,   11.5, 110.60, 116.50, 123.750, 121.500, -0.001,       ,  24.00, -69.4,   11.9,   11.6,  -14.2,      1,   GPS,    ALT,  -0.0,   0.7, -23.6, 3DDiff, 3704,      ,     12,  15.0,     17
2018-08-27, 17:31:09,  -04:00,    GDM,   42.3482285,  -72.0462265,  7000.4, 30.03,  7325.7,  17.5, 141.28, 152.75,  -28.69,   0.67,  -0.04,  -0.00,   0.01,   3.6,  11.5,  27.7,  28.8,   1.7,  24.07,  25.40,    15.77,  189.94,   52.40,  30.24, 2484.4,    0.73,  329.71,  360.98,  356.39,  338.54,  341.55,  340.40, 1450.24, 1506.82, 1477.70, 1461.22, 1454.89, 1454.54, 1531.53, 1528.10,  7229.2, 163,  GPS,   11.5, 110.60, 116.50, 123.750, 121.500, -0.001,       ,  24.00, -69.4,   11.9,   11.7,  -14.2,      1,   GPS,    ALT,  -0.0,   0.7, -23.6, 3DDiff, 3704,      ,     12,  15.5,     17
2018-08-27, 17:31:10,  -04:00,    GDM,   42.3489342,  -72.0462723,  7000.4, 30.03,  7325.0,  17.5, 141.35, 152.81,  -27.38,   0.71,  -0.04,  -0.01,   0.00,   3.6,  11.5,  27.7,  28.8,   1.7,  24.08,  25.39,    15.80,  189.94,   52.57,  30.25, 2485.5,    0.73,  329.72,  360.98,  356.39,  338.54,  341.61,  340.39, 1449.29, 1506.96, 1477.68, 1460.87, 1453.70, 1453.25, 1530.96, 1527.58,  7228.5, 163,  GPS,   11.5, 110.60, 116.50, 123.750, 121.500, -0.001,       ,  24.01, -69.4,   11.8,   11.7,  -14.2,      1,   GPS,    ALT,   0.0,   0.7, -11.8, 3DDiff, 3704,      ,     12,  15.5,     17
2018-08-27, 17:31:11,  -04:00,    GDM,   42.3496475,  -72.0463181,  6999.4, 30.03,  7325.0,  17.5, 141.33, 152.81,  -38.91,   0.75,  -0.03,   0.00,  -0.00,   3.7,  11.5,  27.7,  28.8,   1.7,  24.09,  25.38,    15.85,  189.97,   52.64,  30.26, 2485.4,    0.73,  329.70,  360.95,  356.37,  338.53,  341.67,  340.39, 1449.69, 1506.28, 1477.32, 1460.49, 1454.54, 1453.58, 1530.65, 1528.17,  7228.5, 163,  GPS,   11.5, 110.60, 116.50, 123.750, 121.500, -0.001,       ,  24.03, -69.5,   11.8,   11.7,  -14.2,      1,   GPS,    ALT,   0.0,   0.7,  -3.9, 3DDiff, 3704,      ,     12,  15.5,     17
2018-08-27, 17:31:12,  -04:00,    GDM,   42.3503342,  -72.0463562,  7000.4, 30.03,  7325.1,  17.5, 141.35, 152.84,  -17.01,   0.79,   0.01,   0.00,   0.01,   3.7,  11.5,  27.7,  28.8,   1.7,  24.10,  25.37,    15.90,  189.97,   52.48,  30.29, 2482.7,    0.73,  329.70,  360.95,  356.39,  338.53,  341.73,  340.37, 1449.68, 1507.09, 1476.73, 1460.96, 1452.90, 1454.13, 1531.43, 1527.51,  7228.6, 163,  GPS,   11.5, 110.60, 116.50, 123.750, 121.500, -0.001,       ,  24.04, -69.5,   11.7,   11.7,  -14.2,      1,   GPS,    ALT,   0.0,   0.8,  11.8, 3DDiff, 3704,      ,     12,  15.5,     17
2018-08-27, 17:31:13,  -04:00,    GDM,   42.3510437,  -72.0464096,  7001.4, 30.03,  7325.5,  17.5, 141.37, 152.84,   -5.19,   0.77,   0.01,  -0.00,  -0.00,   3.7,  11.5,  27.7,  28.8,   1.7,  24.11,  25.35,    15.85,  189.98,   52.57,  30.27, 2483.8,    0.73,  329.70,  360.95,  356.36,  338.53,  341.73,  340.36, 1450.25, 1506.53, 1476.26, 1460.69, 1452.12, 1454.22, 1531.41, 1527.62,  7229.0, 163,  GPS,   11.5, 110.60, 116.50, 123.750, 121.500, -0.001,       ,  24.05, -69.6,   11.7,   11.7,  -14.2,      1,   GPS,    ALT,   0.0,   0.8,  23.6, 3DDiff, 3704,      ,     12,  15.5,     18
2018-08-27, 17:31:14,  -04:00,    GDM,   42.3517494,  -72.0464554,  7001.4, 30.03,  7325.4,  17.5, 141.30, 152.86,    5.65,   0.73,   0.08,   0.00,  -0.02,   3.8,  11.5,  27.7,  28.8,   1.7,  24.12,  25.34,    15.79,  189.98,   52.57,  30.27, 2484.6,    0.73,  329.67,  360.95,  356.36,  338.51,  341.76,  340.36, 1450.40, 1506.17, 1476.26, 1459.82, 1453.12, 1455.22, 1531.26, 1527.98,  7228.9, 163,  GPS,   11.5, 110.60, 116.50, 123.750, 121.500, -0.001,       ,  24.06, -69.6,   11.7,   11.7,  -14.2,      1,   GPS,    ALT,   0.0,   0.7,  19.7, 3DDiff, 3704,      ,     12,  15.0,     17
2018-08-27, 17:31:15,  -04:00,    GDM,   42.3524513,  -72.0464935,  7000.4, 30.03,  7326.7,  17.5, 141.30, 152.86,   -0.42,   0.69,   0.07,   0.00,  -0.00,   3.8,  11.5,  27.7,  28.8,   1.7,  24.12,  25.34,    15.86,  189.99,   52.54,  30.27, 2485.3,    0.73,  329.69,  360.94,  356.33,  338.51,  341.77,  340.34, 1450.06, 1506.31, 1476.55, 1460.65, 1453.17, 1453.90, 1531.64, 1528.11,  7230.2, 163,  GPS,   11.5, 110.60, 116.50, 123.750, 121.500, -0.001,       ,  24.07, -69.7,   11.6,   11.7,  -14.2,      1,   GPS,    ALT,   0.0,   0.7,   7.9, 3DDiff, 3704,      ,     12,  15.5,     17
2018-08-27, 17:31:16,  -04:00,    GDM,   42.3531570,  -72.0465469,  7000.4, 30.03,  7327.2,  17.5, 141.29, 152.90,  -24.06,   0.77,   0.09,   0.00,   0.01,   3.8,  11.5,  27.7,  28.8,   1.7,  24.12,  25.33,    15.82,  189.97,   52.67,  30.28, 2483.6,    0.73,  329.68,  360.92,  356.33,  338.51,  341.79,  340.31, 1450.17, 1505.63, 1477.70, 1461.10, 1453.61, 1453.97, 1531.50, 1528.40,  7230.7, 163,  GPS,   11.5, 110.60, 116.50, 123.750, 121.500, -0.001,       ,  24.07, -69.7,   11.6,   11.7,  -14.2,      1,   GPS,    ALT,   0.0,   0.7,   0.0, 3DDiff, 3704,      ,     12,  15.5,     17
2018-08-27, 17:31:17,  -04:00,    GDM,   42.3538628,  -72.0465851,  7000.4, 30.03,  7327.5,  17.5, 141.35, 152.94,   -8.94,   0.77,   0.05,  -0.01,   0.00,   3.8,  11.5,  27.7,  28.8,   1.7,  24.10,  25.35,    15.81,  189.96,   52.51,  30.30, 2484.1,    0.73,  329.68,  360.91,  356.33,  338.53,  341.77,  340.31, 1449.86, 1507.66, 1477.51, 1461.82, 1454.68, 1454.43, 1532.72, 1528.51,  7231.0, 163,  GPS,   11.5, 110.60, 116.50, 123.750, 121.500, -0.001,       ,  24.07, -69.8,   11.5,   11.7,  -14.2,      1,   GPS,    ALT,   0.0,   0.8,  11.8, 3DDiff, 3704,      ,     12,  15.5,     17
2018-08-27, 17:31:18,  -04:00,    GDM,   42.3545723,  -72.0466309,  7000.4, 30.03,  7327.9,  17.5, 141.31, 152.96,   -5.79,   0.77,   0.03,   0.00,  -0.00,   3.9,  11.5,  27.7,  28.8,   1.7,  24.09,  25.36,    15.82,  189.97,   52.66,  30.26, 2485.7,    0.73,  329.68,  360.89,  356.31,  338.53,  341.77,  340.30, 1449.25, 1507.54, 1477.41, 1460.82, 1454.61, 1454.59, 1532.21, 1528.38,  7231.4, 163,  GPS,   11.5, 110.60, 116.50, 123.750, 121.500, -0.001,       ,  24.07, -69.8,   11.5,   11.7,  -14.2,      1,   GPS,    ALT,   0.1,   0.8,  19.7, 3DDiff, 3704,      ,     12,  15.5,     17
2018-08-27, 17:31:19,  -04:00,    GDM,   42.3552780,  -72.0466766,  7002.4, 30.03,  7328.5,  17.5, 141.39, 152.98,   22.78,   0.79,   0.01,   0.00,   0.00,   3.9,  11.6,  27.7,  28.8,   1.7,  24.08,  25.37,    15.76,  189.96,   52.48,  30.28, 2484.5,    0.73,  329.67,  360.89,  356.32,  338.50,  341.76,  340.27, 1448.84, 1507.50, 1477.16, 1460.96, 1455.44, 1454.46, 1532.09, 1528.12,  7232.0, 163,  GPS,   11.5, 110.60, 116.50, 123.750, 121.500, -0.001,       ,  24.06, -69.9,   11.4,   11.7,  -14.2,      1,   GPS,    ALT,   0.0,   0.8,  27.6, 3DDiff, 3704,      ,     12,  15.5,     18
2018-08-27, 17:31:20,  -04:00,    GDM,   42.3559875,  -72.0467224,  7002.4, 30.03,  7329.8,  17.5, 141.36, 153.02,   33.94,   0.68,   0.00,  -0.00,  -0.01,   3.9,  11.6,  27.7,  28.8,   1.7,  24.07,  25.37,    15.85,  189.96,   52.53,  30.28, 2485.2,    0.73,  329.70,  360.89,  356.30,  338.53,  341.77,  340.24, 1449.22, 1507.88, 1477.05, 1460.77, 1456.67, 1454.03, 1531.54, 1528.82,  7233.5, 163,  GPS,   11.5, 110.60, 116.50, 123.750, 121.500, -0.001,       ,  24.05, -69.9,   11.4,   11.7,  -14.2,      1,   GPS,    ALT,   0.0,   0.7,  27.6, 3DDiff, 3704,      ,     12,  15.0,     17
2018-08-27, 17:31:21,  -04:00,    GDM,   42.3566933,  -72.0467606,  7003.4, 30.03,  7329.1,  17.5, 141.44, 153.02,   36.60,   0.64,  -0.01,   0.00,  -0.01,   3.9,  11.6,  27.7,  28.8,   1.7,  24.06,  25.38,    15.81,  189.96,   52.17,  30.26, 2484.2,    0.73,  329.68,  360.89,  356.30,  338.53,  341.74,  340.24, 1448.57, 1507.59, 1476.12, 1460.04, 1456.61, 1455.37, 1531.53, 1527.69,  7232.8, 163,  GPS,   11.5, 110.60, 116.50, 123.750, 121.500, -0.001,       ,  24.04, -69.9,   11.4,   11.7,  -14.2,      1,   GPS,    ALT,   0.0,   0.6,  11.8, 3DDiff, 3704,      ,     12,  15.5,     17
2018-08-27, 17:31:22,  -04:00,    GDM,   42.3574066,  -72.0468063,  7002.4, 30.03,  7328.5,  17.5, 141.39, 153.08,   19.66,   0.57,  -0.01,   0.00,  -0.00,   3.9,  11.6,  27.7,  28.8,   1.7,  24.05,  25.38,    15.78,  189.95,   52.19,  30.24, 2485.2,    0.73,  329.67,  360.91,  356.30,  338.50,  341.70,  340.24, 1448.86, 1508.12, 1476.40, 1460.22, 1454.60, 1456.36, 1532.37, 1527.10,  7232.2, 163,  GPS,   11.5, 110.60, 116.50, 123.750, 121.500, -0.001,       ,  24.01, -70.0,   11.3,   11.7,  -14.2,      1,   GPS,    ALT,   0.0,   0.6,  -3.9, 3DDiff, 3704,      ,     12,  15.5,     17
2018-08-27, 17:31:23,  -04:00,    GDM,   42.3581123,  -72.0468521,  7002.4, 30.03,  7328.2,  17.5, 141.49, 153.14,   -8.49,   0.55,   0.00,  -0.00,  -0.00,   3.9,  11.6,  27.7,  28.8,   1.7,  24.03,  25.39,    15.77,  189.96,   52.26,  30.26, 2484.7,    0.73,  329.67,  360.88,  356.30,  338.50,  341.67,  340.21, 1449.55, 1508.60, 1476.67, 1460.95, 1453.44, 1457.31, 1532.95, 1527.29,  7231.9, 164,  GPS,   11.5, 110.60, 116.50, 123.750, 121.500, -0.001,       ,  24.01, -70.0,   11.3,   11.7,  -14.2,      1,   GPS,    ALT,   0.0,   0.6, -15.7, 3DDiff, 3704,      ,     12,  15.5,     17
2018-08-27, 17:31:24,  -04:00,    GDM,   42.3588219,  -72.0468979,  7001.4, 30.03,  7327.6,  17.5, 141.39, 153.25,  -29.98,   0.55,  -0.01,   0.00,  -0.01,   4.0,  11.6,  27.7,  28.8,   1.7,  24.02,  25.39,    15.76,  189.95,   52.43,  30.23, 2482.2,    0.73,  329.67,  360.88,  356.30,  338.50,  341.64,  340.19, 1448.57, 1507.95, 1476.32, 1460.15, 1452.05, 1457.82, 1532.03, 1526.60,  7231.3, 163,  GPS,   11.5, 110.60, 116.50, 123.750, 121.500, -0.000,       ,  24.00, -70.1,   11.2,   11.7,  -14.2,      1,   GPS,    ALT,   0.0,   0.6, -27.6, 3DDiff, 3704,      ,     12,  15.5,     17
2018-08-27, 17:31:25,  -04:00,    GDM,   42.3595276,  -72.0469360,  7001.4, 30.03,  7327.2,  17.5, 141.48, 153.29,  -29.71,   0.60,  -0.01,   0.00,   0.01,   4.0,  11.6,  27.7,  28.8,   1.7,  24.01,  25.40,    15.76,  189.93,   52.47,  30.26, 2484.6,    0.73,  329.68,  360.89,  356.28,  338.50,  341.61,  340.16, 1448.33, 1508.13, 1476.33, 1460.89, 1452.16, 1457.15, 1532.20, 1526.40,  7230.9, 164,  GPS,   11.5, 110.60, 116.50, 123.750, 121.500, -0.001,       ,  23.98, -70.1,   11.2,   11.7,  -14.2,      1,   GPS,    ALT,   0.0,   0.6, -23.6, 3DDiff, 3704,      ,     12,  15.5,     18
2018-08-27, 17:31:26,  -04:00,    GDM,   42.3602448,  -72.0469818,  7001.4, 30.03,  7325.8,  17.5, 141.56, 153.37,  -20.59,   0.63,  -0.01,   0.00,   0.00,   4.0,  11.6,  27.7,  28.8,   1.7,  24.00,  25.41,    15.77,  189.94,   52.31,  30.27, 2482.6,    0.73,  329.67,  360.89,  356.30,  338.48,  341.60,  340.13, 1448.83, 1508.54, 1476.85, 1461.61, 1452.28, 1456.63, 1532.32, 1527.03,  7229.5, 164,  GPS,   11.5, 110.60, 116.50, 123.750, 121.500, -0.001,       ,  23.96, -70.1,   11.1,   11.7,  -14.2,      1,   GPS,    ALT,   0.0,   0.6,  -7.9, 3DDiff, 3704,      ,     12,  15.0,     17
2018-08-27, 17:31:27,  -04:00,    GDM,   42.3609505,  -72.0470200,  7001.4, 30.03,  7326.1,  17.5, 141.54, 153.45,  -24.29,   0.64,  -0.01,  -0.00,   0.00,   4.0,  11.6,  27.7,  28.8,   1.7,  23.99,  25.42,    15.83,  189.93,   52.48,  30.24, 2483.3,    0.73,  329.67,  360.86,  356.32,  338.48,  341.55,  340.12, 1449.07, 1508.64, 1476.73, 1461.18, 1452.91, 1455.36, 1532.52, 1527.59,  7229.8, 164,  GPS,   11.5, 110.60, 116.50, 123.750, 121.500, -0.001,       ,  23.94, -70.2,   11.1,   11.7,  -14.2,      1,   GPS,    ALT,   0.0,   0.6,   0.0, 3DDiff, 3704,      ,     12,  15.5,     17
2018-08-27, 17:31:28,  -04:00,    GDM,   42.3616600,  -72.0470657,  7002.4, 30.03,  7326.9,  17.5, 141.59, 153.51,   -8.15,   0.63,  -0.02,   0.00,  -0.01,   4.0,  11.6,  27.7,  28.8,   1.7,  23.97,  25.44,    15.85,  189.92,   52.44,  30.27, 2486.3,    0.73,  329.67,  360.88,  356.32,  338.47,  341.50,  340.10, 1449.27, 1508.87, 1476.68, 1461.22, 1452.86, 1454.40, 1532.33, 1527.63,  7230.6, 164,  GPS,   11.5, 110.60, 116.50, 123.750, 121.500, -0.001,       ,  23.91, -70.2,   11.1,   11.7,  -14.2,      1,   GPS,    ALT,   0.0,   0.6,   7.9, 3DDiff, 3704,      ,     12,  15.5,     17
2018-08-27, 17:31:29,  -04:00,    GDM,   42.3623695,  -72.0471115,  7001.4, 30.03,  7327.1,  17.5, 141.50, 153.56,   -6.66,   0.48,  -0.02,   0.00,  -0.02,   4.1,  11.6,  27.7,  28.8,   1.7,  23.95,  25.45,    15.76,  189.90,   52.32,  30.31, 2483.8,    0.73,  329.68,  360.89,  356.33,  338.45,  341.46,  340.09, 1449.60, 1509.30, 1476.40, 1461.13, 1453.48, 1455.41, 1532.78, 1527.96,  7230.8, 164,  GPS,   11.5, 110.60, 116.50, 123.750, 121.500, -0.000,       ,  23.89, -70.2,   11.0,   11.7,  -14.2,      1,   GPS,    ALT,   0.0,   0.6,  11.8, 3DDiff, 3704,      ,     12,  15.5,     17
2018-08-27, 17:31:30,  -04:00,    GDM,   42.3630791,  -72.0471497,  7001.4, 30.03,  7326.6,  17.5, 141.57, 153.64,  -13.24,   0.46,   0.02,  -0.00,   0.00,   4.1,  11.6,  27.7,  28.8,   1.7,  23.94,  25.45,    15.69,  189.89,   52.38,  30.26, 2483.1,    0.72,  329.67,  360.86,  356.31,  338.44,  341.40,  340.09, 1447.90, 1508.00, 1476.92, 1460.39, 1453.17, 1454.19, 1531.54, 1527.10,  7230.3, 164,  GPS,   11.5, 110.60, 116.50, 123.750, 121.500, -0.000,       ,  23.86, -70.3,   11.0,   11.7,  -14.2,      1,   GPS,    ALT,   0.0,   0.5, -15.7, 3DDiff, 3704,      ,     12,  15.5,     17
2018-08-27, 17:31:31,  -04:00,    GDM,   42.3637886,  -72.0471954,  7000.4, 30.03,  7326.1,  17.5, 141.63, 153.74,  -23.80,   0.47,   0.03,   0.00,  -0.00,   4.1,  11.6,  27.7,  28.8,   1.7,  23.94,  25.45,    15.75,  189.88,   52.22,  30.25, 2482.6,    0.73,  329.67,  360.86,  356.31,  338.44,  341.37,  340.09, 1447.12, 1507.83, 1477.31, 1461.24, 1453.03, 1454.05, 1531.74, 1526.57,  7229.8, 164,  GPS,   11.5, 110.60, 116.50, 123.750, 121.500, -0.001,       ,  23.82, -70.3,   10.9,   11.7,  -14.2,      1,   GPS,    ALT,   0.0,   0.5, -27.6, 3DDiff, 3704,      ,     12,  15.0,     17
2018-08-27, 17:31:32,  -04:00,    GDM,   42.3645058,  -72.0472412,  7001.4, 30.03,  7327.2,  17.5, 141.76, 153.82,   -9.41,   0.55,  -0.02,   0.00,   0.01,   4.1,  11.6,  27.7,  28.8,   1.7,  23.93,  25.46,    15.76,  189.86,   52.40,  30.24, 2484.3,    0.73,  329.67,  360.84,  356.31,  338.41,  341.32,  340.06, 1448.05, 1507.45, 1477.01, 1459.79, 1452.51, 1454.25, 1530.84, 1526.43,  7231.0, 164,  GPS,   11.5, 110.60, 116.50, 123.750, 121.500, -0.000,       ,  23.79, -70.3,   10.9,   11.7,  -14.2,      1,   GPS,    ALT,   0.0,   0.5, -15.7, 3DDiff, 3704,      ,     12,  15.0,     17
2018-08-27, 17:31:33,  -04:00,    GDM,   42.3652153,  -72.0472794,  7000.4, 30.03,  7327.4,  17.5, 141.63, 153.89,  -12.81,   0.48,   0.00,  -0.00,  -0.01,   4.1,  11.6,  27.7,  28.8,   1.7,  23.91,  25.46,    15.86,  189.85,   52.37,  30.29, 2485.7,    0.73,  329.65,  360.86,  356.30,  338.41,  341.31,  340.08, 1447.76, 1508.07, 1477.25, 1458.64, 1453.59, 1455.74, 1531.37, 1527.14,  7231.1, 164,  GPS,   11.5, 110.60, 116.50, 123.750, 121.500, -0.000,       ,  23.75, -70.4,   10.8,   11.7,  -14.2,      1,   GPS,    ALT,   0.0,   0.5,   0.0, 3DDiff, 3704,      ,     12,  15.0,     17
2018-08-27, 17:31:34,  -04:00,    GDM,   42.3659248,  -72.0473328,  7000.4, 30.03,  7326.9,  17.5, 141.64, 153.99,  -30.26,   0.52,  -0.01,   0.00,   0.00,   4.1,  11.6,  27.7,  28.8,   1.7,  23.90,  25.47,    15.71,  189.85,   52.58,  30.27, 2485.6,    0.72,  329.66,  360.86,  356.30,  338.41,  341.25,  340.06, 1447.84, 1508.79, 1477.22, 1458.62, 1453.24, 1455.13, 1531.66, 1527.20,  7230.6, 164,  GPS,   11.5, 110.60, 116.50, 123.750, 121.500, -0.000,       ,  23.71, -70.4,   10.8,   11.7,  -14.2,      1,   GPS,    ALT,   0.0,   0.5,  -3.9, 3DDiff, 3704,      ,     12,  15.0,     17
2018-08-27, 17:31:35,  -04:00,    GDM,   42.3666420,  -72.0473633,  7000.4, 30.03,  7327.3,  17.5, 141.70, 154.07,  -26.22,   0.51,   0.00,  -0.01,   0.00,   4.1,  11.7,  27.7,  28.8,   1.7,  23.89,  25.47,    15.81,  189.80,   52.73,  30.27, 2486.2,    0.73,  329.65,  360.84,  356.30,  338.41,  341.22,  340.06, 1448.49, 1509.09, 1477.12, 1459.04, 1453.36, 1455.16, 1531.75, 1527.37,  7231.0, 164,  GPS,   11.5, 110.60, 116.50, 123.750, 121.500, -0.001,       ,  23.63, -70.5,   10.8,   11.7,  -14.2,      1,   GPS,    ALT,   0.0,   0.5,  11.8, 3DDiff, 3704,      ,     12,  15.0,     17
2018-08-27, 17:31:36,  -04:00,    GDM,   42.3673515,  -72.0474091,  7000.4, 30.03,  7327.8,  17.2, 141.71, 154.17,  -14.96,   0.48,   0.01,   0.00,  -0.01,   4.2,  11.7,  27.7,  28.8,   1.7,  23.88,  25.47,    15.85,  189.80,   52.38,  30.31, 2484.2,    0.73,  329.66,  360.85,  356.29,  338.41,  341.19,  340.04, 1448.43, 1509.25, 1476.76, 1459.41, 1453.35, 1455.15, 1531.80, 1526.82,  7231.5, 164,  GPS,   11.5, 110.60, 116.50, 123.750, 121.500, -0.000,       ,  23.63, -70.5,   10.7,   11.7,  -14.2,      1,   GPS,    ALT,  -0.0,   0.5,  23.6, 3DDiff, 3704,      ,     12,  15.0,     17
2018-08-27, 17:31:37,  -04:00,    GDM,   42.3680687,  -72.0474548,  7001.4, 30.03,  7328.2,  17.2, 141.83, 154.22,   14.28,   0.42,   0.00,  -0.00,  -0.00,   4.2,  11.7,  27.7,  28.8,   1.7,  23.88,  25.48,    15.91,  189.77,   52.50,  30.26, 2485.7,    0.73,  329.64,  360.83,  356.27,  338.42,  341.13,  340.05, 1448.34, 1508.99, 1476.25, 1458.89, 1453.34, 1456.48, 1531.71, 1526.95,  7231.9, 164,  GPS,   11.5, 110.60, 116.50, 123.750, 121.500, -0.000,       ,  23.59, -70.5,   10.7,   11.7,  -14.2,      1,   GPS,    ALT,  -0.0,   0.4,  23.6, 3DDiff, 3704,      ,     12,  15.0,     17
2018-08-27, 17:31:38,  -04:00,    GDM,   42.3687820,  -72.0474930,  7001.4, 30.03,  7327.1,  17.2, 141.84, 154.32,   14.70,   0.34,  -0.01,   0.00,  -0.00,   4.2,  11.7,  27.7,  28.8,   1.7,  23.87,  25.49,    15.84,  189.75,   52.64,  30.30, 2486.9,    0.73,  329.65,  360.80,  356.27,  338.44,  341.09,  340.06, 1448.70, 1509.35, 1476.03, 1460.02, 1453.31, 1458.39, 1532.56, 1527.05,  7230.9, 164,  GPS,   11.5, 110.60, 116.50, 123.750, 121.500, -0.001,       ,  23.55, -70.6,   10.6,   11.7,  -14.2,      1,   GPS,    ALT,  -0.0,   0.4,  15.7, 3DDiff, 3704,      ,     12,  15.0,     17
2018-08-27, 17:31:39,  -04:00,    GDM,   42.3694992,  -72.0475311,  7000.4, 30.03,  7327.3,  17.2, 141.89, 154.44,   -8.66,   0.37,  -0.07,  -0.00,   0.00,   4.2,  11.7,  27.7,  28.8,   1.7,  23.86,  25.49,    15.86,  189.74,   52.65,  30.30, 2487.4,    0.73,  329.64,  360.83,  356.27,  338.42,  341.06,  340.02, 1449.96, 1508.50, 1477.13, 1461.30, 1453.34, 1458.15, 1532.70, 1527.74,  7231.0, 164,  GPS,   11.5, 110.60, 116.50, 123.750, 121.500, -0.001,       ,  23.51, -70.6,   10.6,   11.7,  -14.2,      1,   GPS,    ALT,  -0.0,   0.4,   7.9, 3DDiff, 3704,      ,     12,  15.0,     17
2018-08-27, 17:31:40,  -04:00,    GDM,   42.3702087,  -72.0475845,  7001.4, 30.03,  7327.7,  17.2, 142.06, 154.56,   -6.69,   0.40,  -0.12,   0.00,  -0.00,   4.2,  11.7,  27.7,  28.8,   1.7,  23.85,  25.50,    15.94,  189.72,   52.78,  30.32, 2483.3,    0.73,  329.64,  360.82,  356.26,  338.44,  341.01,  340.03, 1449.37, 1508.44, 1477.98, 1462.27, 1453.38, 1456.56, 1532.82, 1527.66,  7231.4, 164,  GPS,   11.5, 110.60, 116.50, 123.750, 121.500, -0.000,       ,  23.47, -70.7,   10.5,   11.7,  -14.2,      1,   GPS,    ALT,  -0.0,   0.4,   7.9, 3DDiff, 3704,      ,     12,  15.0,     16
2018-08-27, 17:31:41,  -04:00,    GDM,   42.3709221,  -72.0476227,  7003.4, 30.03,  7328.0,  17.2, 142.35, 154.65,   29.03,   0.36,  -0.15,   0.00,  -0.00,   4.2,  11.7,  27.7,  28.8,   1.7,  23.84,  25.49,    15.91,  189.69,   52.69,  30.31, 2478.4,    0.73,  329.64,  360.80,  356.24,  338.44,  340.97,  340.02, 1449.41, 1507.97, 1477.22, 1462.42, 1453.85, 1456.53, 1532.52, 1527.75,  7231.7, 164,  GPS,   11.5, 110.60, 116.50, 123.750, 121.500, -0.000,       ,  23.44, -70.7,   10.5,   11.7,  -14.2,      1,   GPS,    ALT,  -0.0,   0.4,  15.7, 3DDiff, 3704,      ,     12,  14.5,     17
2018-08-27, 17:31:42,  -04:00,    GDM,   42.3716393,  -72.0476608,  7002.4, 30.03,  7328.1,  17.2, 142.24, 154.73,   -0.02,   0.33,  -0.08,  -0.00,  -0.00,   4.2,  11.7,  27.7,  28.8,   1.7,  23.84,  25.49,    15.87,  189.70,   52.65,  30.31, 2482.2,    0.73,  329.64,  360.80,  356.24,  338.44,  340.92,  340.00, 1450.31, 1508.78, 1476.44, 1463.11, 1453.94, 1457.02, 1534.09, 1527.62,  7231.8, 164,  GPS,   11.5, 110.60, 116.50, 123.750, 121.500, -0.001,       ,  23.40, -70.8,   10.5,   11.7,  -14.2,      1,   GPS,    ALT,  -0.0,   0.3,  11.8, 3DDiff, 3704,      ,     12,  15.0,     17
2018-08-27, 17:31:43,  -04:00,    GDM,   42.3723564,  -72.0477066,  7002.4, 30.03,  7328.2,  17.2, 142.35, 154.83,    2.62,   0.30,  -0.04,   0.00,  -0.01,   4.2,  11.5,  27.7,  28.8,   1.7,  23.83,  25.49,    15.87,  189.69,   52.39,  30.31, 2485.8,    0.73,  329.64,  360.80,  356.21,  338.44,  340.87,  340.00, 1450.10, 1508.48, 1476.34, 1463.18, 1453.18, 1457.15, 1533.88, 1527.38,  7231.9, 164,  GPS,   11.5, 110.60, 116.50, 123.750, 121.500, -0.001,       ,  23.36, -70.8,   10.4,   11.7,  -14.2,      1,   GPS,    ALT,  -0.0,   0.3,   3.9, 3DDiff, 3704,      ,     12,  15.0,     17
2018-08-27, 17:31:44,  -04:00,    GDM,   42.3730774,  -72.0477448,  7002.4, 30.03,  7329.5,  17.2, 142.40, 154.94,   -9.44,   0.31,  -0.02,   0.00,  -0.00,   4.2,  11.6,  27.7,  28.8,   1.7,  23.83,  25.48,    15.88,  189.69,   52.38,  30.28, 2486.2,    0.73,  329.61,  360.77,  356.21,  338.44,  340.86,  339.99, 1450.45, 1508.01, 1477.20, 1461.59, 1452.71, 1456.44, 1532.75, 1527.79,  7233.2, 164,  GPS,   11.5, 110.60, 116.50, 123.750, 121.500, -0.001,       ,  23.33, -70.9,   10.4,   11.7,  -14.2,      1,   GPS,    ALT,  -0.0,   0.3,   0.0, 3DDiff, 3704,      ,     12,  14.5,     17
2018-08-27, 17:31:45,  -04:00,    GDM,   42.3737907,  -72.0477982,  7002.4, 30.03,  7329.6,  17.2, 142.48, 155.04,   -1.27,   0.27,  -0.02,   0.00,  -0.00,   4.2,  11.6,  27.7,  28.8,   1.7,  23.83,  25.48,    15.88,  189.70,   52.70,  30.34, 2487.1,    0.73,  329.61,  360.77,  356.20,  338.42,  340.82,  339.97, 1450.27, 1507.34, 1476.85, 1461.15, 1454.52, 1456.81, 1532.24, 1528.36,  7233.3, 165,  GPS,   11.5, 110.60, 116.50, 123.750, 121.500, -0.000,       ,  23.29, -71.0,   10.3,   11.7,  -14.2,      1,   GPS,    ALT,  -0.0,   0.3,   0.0, 3DDiff, 3704,      ,     12,  14.5,     16
2018-08-27, 17:31:46,  -04:00,    GDM,   42.3745117,  -72.0478439,  7002.4, 30.03,  7329.1,  17.2, 142.59, 155.16,   -2.88,   0.27,  -0.02,  -0.00,  -0.00,   4.2,  11.6,  27.7,  28.8,   1.7,  23.83,  25.48,    15.90,  189.69,   52.58,  30.37, 2486.4,    0.73,  329.61,  360.77,  356.20,  338.41,  340.77,  339.97, 1451.32, 1507.80, 1477.99, 1461.75, 1456.07, 1455.35, 1532.29, 1529.75,  7232.9, 165,  GPS,   11.5, 110.60, 116.50, 123.750, 121.500, -0.000,       ,  23.26, -71.0,   10.3,   11.7,  -14.2,      1,   GPS,    ALT,   0.0,   0.3,   0.0, 3DDiff, 3704,      ,     12,  14.5,     16
2018-08-27, 17:31:47,  -04:00,    GDM,   42.3752289,  -72.0478821,  7002.4, 30.03,  7329.3,  17.2, 142.63, 155.27,    1.50,   0.25,  -0.02,   0.00,  -0.01,   4.3,  11.6,  27.7,  28.8,   1.7,  23.82,  25.47,    15.92,  189.68,   52.38,  30.37, 2486.2,    0.73,  329.61,  360.77,  356.18,  338.42,  340.73,  339.96, 1452.08, 1507.52, 1478.39, 1462.35, 1456.23, 1455.65, 1532.07, 1529.94,  7233.0, 165,  GPS,   11.5, 110.60, 116.50, 123.750, 121.500, -0.000,       ,  23.22, -71.1,   10.2,   11.7,  -14.2,      1,   GPS,    ALT,   0.0,   0.3,   3.9, 3DDiff, 3704,      ,     12,  14.5,     17
2018-08-27, 17:31:48,  -04:00,    GDM,   42.3759460,  -72.0479279,  7002.4, 30.03,  7329.2,  17.2, 142.65, 155.37,  -18.33,   0.24,   0.00,   0.00,   0.00,   4.3,  11.6,  27.7,  28.8,   1.7,  23.82,  25.46,    15.94,  189.67,   52.51,  30.29, 2486.5,    0.74,  329.60,  360.79,  356.18,  338.41,  340.68,  339.94, 1451.71, 1506.35, 1478.30, 1462.18, 1455.23, 1455.52, 1531.79, 1529.41,  7233.0, 165,  GPS,   11.5, 110.60, 116.50, 123.750, 121.500, -0.000,       ,  23.19, -71.1,   10.2,   11.7,  -14.2,      1,   GPS,    ALT,   0.0,   0.2,   0.0, 3DDiff, 3704,      ,     12,  15.0,     17
2018-08-27, 17:31:49,  -04:00,    GDM,   42.3766670,  -72.0479660,  7002.4, 30.03,  7329.2,  17.2, 142.80, 155.49,  -14.23,   0.24,   0.00,  -0.00,   0.00,   4.3,  11.6,  27.7,  28.8,   1.7,  23.82,  25.45,    15.86,  189.66,   52.64,  30.28, 2486.5,    0.73,  329.61,  360.76,  356.16,  338.39,  340.67,  339.94, 1450.07, 1506.15, 1477.57, 1461.32, 1454.92, 1454.24, 1531.72, 1528.18,  7232.9, 165,  GPS,   11.5, 110.60, 116.50, 123.750, 121.500, -0.001,       ,  23.15, -71.1,   10.2,   11.7,  -14.2,      1,   GPS,    ALT,   0.0,   0.2,  -3.9, 3DDiff, 3704,      ,     12,  15.0,     18
2018-08-27, 17:31:50,  -04:00,    GDM,   42.3773880,  -72.0480118,  7001.4, 30.03,  7328.0,  17.2, 142.92, 155.60,  -19.14,   0.24,   0.03,   0.00,  -0.01,   4.4,  11.6,  27.7,  28.8,   1.7,  23.82,  25.45,    15.92,  189.63,   52.56,  30.31, 2484.5,    0.73,  329.61,  360.74,  356.15,  338.41,  340.63,  339.97, 1450.87, 1507.91, 1476.92, 1462.53, 1454.06, 1454.65, 1532.51, 1528.36,  7231.7, 165,  GPS,   11.5, 110.60, 116.50, 123.750, 121.500, -0.000,       ,  23.11, -71.2,   10.1,   11.7,  -14.2,      1,   GPS,    ALT,   0.0,   0.2,   3.9, 3DDiff, 3704,      ,     12,  14.5,     17
2018-08-27, 17:31:51,  -04:00,    GDM,   42.3781090,  -72.0480499,  7002.4, 30.03,  7328.0,  17.2, 143.04, 155.70,   -8.22,   0.21,   0.04,   0.00,  -0.01,   4.4,  11.7,  27.7,  28.8,   1.7,  23.81,  25.46,    15.84,  189.62,   52.64,  30.25, 2486.5,    0.73,  329.60,  360.74,  356.14,  338.40,  340.56,  339.97, 1449.29, 1507.04, 1476.56, 1462.36, 1453.38, 1454.01, 1532.04, 1526.99,  7231.7, 165,  GPS,   11.5, 110.60, 116.50, 123.750, 121.500, -0.001,       ,  23.07, -71.2,   10.1,   11.7,  -14.2,      1,   GPS,    ALT,   0.0,   0.2,   0.0, 3DDiff, 3704,      ,     12,  14.5,     17
2018-08-27, 17:31:52,  -04:00,    GDM,   42.3788261,  -72.0480957,  7001.4, 30.03,  7328.4,  17.2, 143.01, 155.80,  -24.00,   0.26,   0.01,  -0.00,  -0.00,   4.4,  11.7,  27.7,  28.8,   1.7,  23.79,  25.47,    15.79,  189.59,   52.51,  30.25, 2486.3,    0.73,  329.58,  360.76,  356.10,  338.39,  340.52,  339.95, 1448.87, 1506.65, 1476.57, 1461.82, 1452.96, 1453.20, 1531.66, 1527.20,  7232.1, 165,  GPS,   11.5, 110.60, 116.50, 123.750, 121.500, -0.001,       ,  23.04, -71.3,   10.0,   11.7,  -14.2,      1,   GPS,    ALT,  -0.0,   0.2,  -3.9, 3DDiff, 3704,      ,     12,  14.5,     17
2018-08-27, 17:31:53,  -04:00,    GDM,   42.3795471,  -72.0481339,  7001.4, 30.03,  7328.4,  17.2, 143.11, 155.92,  -21.85,   0.29,  -0.03,  -0.01,   0.00,   4.4,  11.7,  27.7,  28.8,   1.7,  23.78,  25.48,    15.83,  189.57,   52.55,  30.29, 2487.0,    0.73,  329.58,  360.72,  356.06,  338.38,  340.46,  339.95, 1448.65, 1506.04, 1476.22, 1461.28, 1452.89, 1453.66, 1531.38, 1526.99,  7232.1, 165,  GPS,   11.5, 110.60, 116.50, 123.750, 121.500, -0.001,       ,  23.00, -71.3,   10.0,   11.7,  -14.2,      1,   GPS,    ALT,  -0.0,   0.3,   0.0, 3DDiff, 3704,      ,     12,  14.5,     17
2018-08-27, 17:31:54,  -04:00,    GDM,   42.3802681,  -72.0481796,  7001.4, 30.03,  7328.4,  17.2, 143.14, 156.01,   -6.57,   0.31,  -0.08,   0.00,  -0.01,   4.5,  11.7,  27.7,  28.8,   1.7,  23.76,  25.48,    15.90,  189.55,   52.40,  30.25, 2484.8,    0.73,  329.59,  360.73,  356.03,  338.36,  340.45,  339.94, 1447.80, 1505.19, 1475.71, 1461.07, 1452.11, 1452.63, 1530.90, 1525.97,  7232.1, 165,  GPS,   11.5, 110.60, 116.50, 123.750, 121.500, -0.001,       ,  22.96, -71.3,    9.9,   11.7,  -14.2,      1,   GPS,    ALT,  -0.0,   0.3,   3.9, 3DDiff, 3704,      ,     12,  15.0,     17
2018-08-27, 17:31:55,  -04:00,    GDM,   42.3809929,  -72.0482254,  7001.4, 30.03,  7328.4,  17.2, 143.14, 156.09,  -15.08,   0.30,  -0.09,   0.00,   0.00,   4.5,  11.7,  27.7,  28.8,   1.7,  23.75,  25.49,    15.84,  189.52,   52.43,  30.24, 2485.4,    0.73,  329.60,  360.71,  355.99,  338.38,  340.39,  339.96, 1448.30, 1505.36, 1475.67, 1460.83, 1452.96, 1451.28, 1530.00, 1526.71,  7232.2, 165,  GPS,   11.5, 110.60, 116.50, 123.750, 121.500, -0.001,       ,  22.92, -71.4,    9.9,   11.7,  -14.2,      1,   GPS,    ALT,  -0.0,   0.3,   3.9, 3DDiff, 3704,      ,     12,  15.0,     18
2018-08-27, 17:31:56,  -04:00,    GDM,   42.3817139,  -72.0482635,  7001.4, 30.03,  7329.4,  17.2, 143.11, 156.15,  -10.02,   0.33,  -0.10,  -0.00,   0.00,   4.5,  11.7,  27.7,  28.8,   1.7,  23.74,  25.49,    15.89,  189.53,   52.41,  30.27, 2487.5,    0.73,  329.57,  360.71,  355.94,  338.38,  340.34,  339.97, 1448.32, 1504.78, 1476.01, 1461.32, 1453.17, 1451.89, 1530.25, 1526.74,  7233.1, 165,  GPS,   11.5, 110.60, 116.50, 123.750, 121.500, -0.001,       ,  22.88, -71.4,    9.9,   11.7,  -14.2,      1,   GPS,    ALT,  -0.0,   0.3,   3.9, 3DDiff, 3704,      ,     12,  14.5,     17
2018-08-27, 17:31:57,  -04:00,    GDM,   42.3824387,  -72.0483093,  7001.4, 30.03,  7329.6,  17.2, 143.07, 156.23,   -6.06,   0.30,  -0.11,   0.00,  -0.01,   4.5,  11.7,  27.7,  28.8,   1.7,  23.74,  25.49,    15.85,  189.51,   52.41,  30.30, 2485.6,    0.73,  329.57,  360.71,  355.88,  338.38,  340.30,  339.97, 1448.51, 1505.89, 1476.08, 1460.36, 1453.75, 1452.78, 1530.93, 1526.92,  7233.3, 165,  GPS,   11.5, 110.60, 116.50, 123.750, 121.500, -0.001,       ,  22.84, -71.4,    9.8,   11.7,  -14.2,      1,   GPS,    ALT,  -0.0,   0.3,   7.9, 3DDiff, 3704,      ,     12,  15.0,     17
2018-08-27, 17:31:58,  -04:00,    GDM,   42.3831635,  -72.0483551,  7001.4, 30.03,  7329.2,  17.2, 143.03, 156.30,  -12.33,   0.30,  -0.10,   0.00,   0.00,   4.5,  11.7,  27.7,  28.8,   1.7,  23.74,  25.48,    15.92,  189.52,   52.48,  30.26, 2485.5,    0.73,  329.56,  360.73,  355.81,  338.35,  340.25,  339.97, 1448.45, 1506.12, 1476.20, 1459.60, 1452.86, 1453.10, 1530.55, 1526.83,  7232.9, 165,  GPS,   11.5, 110.60, 116.50, 123.750, 121.500, -0.001,       ,  22.80, -71.4,    9.8,   11.7,  -14.2,      1,   GPS,    ALT,  -0.0,   0.3,   3.9, 3DDiff, 3704,      ,     12,  14.5,     17
2018-08-27, 17:31:59,  -04:00,    GDM,   42.3838806,  -72.0483932,  7002.4, 30.03,  7329.2,  17.2, 143.07, 156.38,   -5.87,   0.31,  -0.08,  -0.00,  -0.00,   4.4,  11.7,  27.7,  28.8,   1.7,  23.74,  25.48,    15.95,  189.52,   52.71,  30.29, 2481.3,    0.74,  329.55,  360.71,  355.75,  338.38,  340.21,  339.97, 1448.10, 1506.24, 1475.45, 1459.53, 1452.50, 1454.19, 1530.85, 1526.43,  7232.9, 165,  GPS,   11.5, 110.60, 116.50, 123.750, 121.500, -0.001,       ,  22.76, -71.5,    9.7,   11.7,  -14.2,      1,   GPS,    ALT,  -0.0,   0.3,   0.0, 3DDiff, 3704,      ,     12,  15.0,     17
2018-08-27, 17:32:00,  -04:00,    GDM,   42.3846054,  -72.0484390,  7001.4, 30.03,  7329.2,  17.2, 143.06, 156.46,   -4.92,   0.31,  -0.07,   0.00,  -0.00,   4.4,  11.6,  27.7,  28.8,   1.7,  23.74,  25.47,    15.85,  189.50,   52.52,  30.26, 2484.0,    0.73,  329.55,  360.71,  355.66,  338.38,  340.21,  340.01, 1447.55, 1505.99, 1475.30, 1459.22, 1452.99, 1454.78, 1530.48, 1526.35,  7232.9, 165,  GPS,   11.5, 110.60, 116.50, 123.750, 121.500, -0.001,       ,  22.72, -71.5,    9.7,   11.7,  -14.2,      1,   GPS,    ALT,  -0.0,   0.3,   0.0, 3DDiff, 3704,      ,     12,  15.0,     17
2018-08-27, 17:32:01,  -04:00,    GDM,   42.3853302,  -72.0484924,  7000.4, 30.03,  7329.1,  17.2, 143.04, 156.54,  -14.42,   0.29,  -0.07,   0.00,  -0.00,   4.4,  11.6,  27.7,  28.8,   1.7,  23.74,  25.46,    15.78,  189.49,   52.51,  30.28, 2484.7,    0.73,  329.55,  360.71,  355.60,  338.38,  340.13,  340.02, 1447.43, 1506.55, 1473.86, 1460.20, 1453.09, 1455.93, 1531.25, 1526.13,  7232.8, 165,  GPS,   11.5, 110.60, 116.50, 123.750, 121.500, -0.000,       ,  22.68, -71.5,    9.6,   11.7,  -14.2,      1,   GPS,    ALT,  -0.0,   0.3,  -3.9, 3DDiff, 3704,      ,     12,  15.0,     18
2018-08-27, 17:32:02,  -04:00,    GDM,   42.3860550,  -72.0485306,  6999.4, 30.03,  7328.3,  17.2, 143.04, 156.60,  -42.38,   0.33,  -0.07,   0.00,   0.01,   4.5,  11.6,  27.7,  28.8,   1.7,  23.74,  25.44,    15.83,  189.48,   52.60,  30.23, 2487.8,    0.73,  329.54,  360.71,  355.54,  338.37,  340.09,  340.00, 1446.48, 1505.17, 1473.45, 1460.25, 1451.66, 1455.84, 1530.39, 1525.01,  7232.0, 165,  GPS,   11.5, 110.60, 116.50, 123.750, 121.500, -0.001,       ,  22.64, -71.6,    9.6,   11.7,  -14.2,      1,   GPS,    ALT,  -0.0,   0.3,  -7.9, 3DDiff, 3704,      ,     12,  14.5,     17
2018-08-27, 17:32:03,  -04:00,    GDM,   42.3867798,  -72.0485687,  7000.4, 30.03,  7328.4,  17.2, 143.16, 156.65,  -18.81,   0.38,  -0.04,  -0.01,   0.01,   4.4,  11.6,  27.7,  28.8,   1.7,  23.75,  25.43,    15.83,  189.46,   52.64,  30.28, 2487.3,    0.73,  329.52,  360.70,  355.45,  338.35,  340.03,  340.01, 1447.21, 1505.58, 1474.68, 1460.56, 1452.85, 1455.68, 1530.48, 1526.21,  7232.1, 165,  GPS,   11.5, 110.60, 116.50, 123.750, 121.500, -0.001,       ,  22.59, -71.6,    9.6,   11.7,  -14.2,      1,   GPS,    ALT,   0.0,   0.4,   0.0, 3DDiff, 3704,      ,     12,  14.5,     17
2018-08-27, 17:32:04,  -04:00,    GDM,   42.3875046,  -72.0486145,  7000.4, 30.03,  7329.1,  17.2, 143.17, 156.71,   -7.38,   0.37,   0.01,   0.00,  -0.01,   4.5,  11.6,  27.7,  28.8,   1.7,  23.76,  25.41,    15.81,  189.45,   52.64,  30.25, 2486.1,    0.73,  329.52,  360.71,  355.39,  338.35,  340.00,  340.00, 1447.77, 1504.46, 1475.43, 1461.55, 1452.84, 1455.09, 1530.00, 1526.48,  7232.8, 165,  GPS,   11.5, 110.60, 116.50, 123.750, 121.500, -0.001,       ,  22.55, -71.7,    9.5,   11.7,  -14.2,      1,   GPS,    ALT,   0.0,   0.4,  15.7, 3DDiff, 3704,      ,     12,  14.5,     17
2018-08-27, 17:32:05,  -04:00,    GDM,   42.3882294,  -72.0486603,  7001.4, 30.03,  7329.4,  17.2, 143.19, 156.75,    0.38,   0.35,  -0.02,   0.01,   0.00,   4.5,  11.6,  27.7,  28.8,   1.7,  23.76,  25.40,    15.89,  189.45,   52.48,  30.27, 2485.6,    0.73,  329.49,  360.71,  355.32,  338.32,  339.94,  339.99, 1447.58, 1504.41, 1475.10, 1462.49, 1452.38, 1455.17, 1530.30, 1526.42,  7233.1, 165,  GPS,   11.5, 110.60, 116.50, 123.750, 121.500, -0.001,       ,  22.51, -71.8,    9.5,   11.7,  -14.2,      1,   GPS,    ALT,   0.0,   0.3,  15.7, 3DDiff, 3704,      ,     12,  15.0,     17
2018-08-27, 17:32:06,  -04:00,    GDM,   42.3889542,  -72.0486984,  7001.4, 30.03,  7329.6,  17.2, 143.15, 156.79,    5.61,   0.32,  -0.02,  -0.01,  -0.00,   4.5,  11.6,  27.7,  28.8,   1.7,  23.76,  25.39,    15.83,  189.45,   52.56,  30.26, 2484.9,    0.73,  329.50,  360.71,  355.27,  338.35,  339.90,  339.99, 1447.50, 1505.27, 1475.24, 1461.82, 1452.14, 1455.12, 1530.84, 1526.37,  7233.3, 165,  GPS,   11.5, 110.60, 116.50, 123.750, 121.500, -0.001,       ,  22.47, -71.8,    9.4,   11.7,  -14.2,      1,   GPS,    ALT,   0.0,   0.3,  11.8, 3DDiff, 3704,      ,     12,  15.0,     17
2018-08-27, 17:32:07,  -04:00,    GDM,   42.3896790,  -72.0487518,  7001.4, 30.03,  7329.7,  17.2, 143.21, 156.85,    1.17,   0.31,  -0.08,  -0.00,  -0.00,   4.5,  11.6,  27.7,  28.8,   1.7,  23.76,  25.38,    15.85,  189.42,   52.58,  30.27, 2487.5,    0.73,  329.49,  360.68,  355.18,  338.31,  339.84,  339.97, 1448.47, 1505.51, 1475.59, 1462.63, 1452.54, 1454.59, 1531.23, 1527.31,  7233.4, 165,  GPS,   11.5, 110.60, 116.50, 123.750, 121.500, -0.000,       ,  22.42, -71.9,    9.4,   11.7,  -14.2,      1,   GPS,    ALT,   0.0,   0.3,   7.9, 3DDiff, 3704,      ,     12,  15.0,     18
2018-08-27, 17:32:08,  -04:00,    GDM,   42.3904076,  -72.0487976,  7002.4, 30.03,  7330.5,  17.2, 143.29, 156.91,   14.00,   0.26,  -0.09,   0.01,  -0.01,   4.5,  11.6,  27.7,  28.8,   1.7,  23.76,  25.36,    15.89,  189.43,   52.54,  30.30, 2486.7,    0.73,  329.49,  360.70,  355.11,  338.32,  339.79,  339.97, 1447.83, 1505.99, 1475.69, 1462.24, 1452.26, 1454.56, 1531.56, 1526.64,  7234.3, 165,  GPS,   11.5, 110.60, 116.50, 123.750, 121.500, -0.000,       ,  22.38, -72.0,    9.3,   11.7,  -14.2,      1,   GPS,    ALT,   0.0,   0.3,   3.9, 3DDiff, 3704,      ,     12,  15.0,     17
2018-08-27, 17:32:09,  -04:00,    GDM,   42.3911324,  -72.0488434,  7001.4, 30.03,  7330.5,  17.2, 143.36, 156.97,   -5.24,   0.24,  -0.03,   0.00,   0.00,   4.5,  11.6,  27.7,  28.8,   1.7,  23.77,  25.35,    15.84,  189.42,   52.49,  30.27, 2485.9,    0.73,  329.49,  360.67,  355.05,  338.29,  339.75,  339.96, 1447.94, 1506.18, 1475.39, 1461.87, 1452.18, 1453.24, 1531.19, 1526.55,  7234.2, 166,  GPS,   11.5, 110.60, 116.50, 123.750, 121.500, -0.000,       ,  22.34, -72.0,    9.3,   11.7,  -14.2,      1,   GPS,    ALT,   0.0,   0.3,  -3.9, 3DDiff, 3704,      ,     12,  15.0,     17
2018-08-27, 17:32:10,  -04:00,    GDM,   42.3918610,  -72.0488892,  7001.4, 30.03,  7330.0,  17.2, 143.42, 157.02,   -8.86,   0.25,   0.02,  -0.00,   0.00,   4.6,  11.6,  27.7,  28.8,   1.7,  23.77,  25.34,    15.75,  189.42,   52.61,  30.26, 2482.7,    0.73,  329.49,  360.67,  354.99,  338.29,  339.69,  339.94, 1447.74, 1506.28, 1475.02, 1461.22, 1452.06, 1454.41, 1531.03, 1526.17,  7233.7, 166,  GPS,   11.5, 110.60, 116.50, 123.750, 121.500, -0.000,       ,  22.30, -72.1,    9.2,   11.7,  -14.2,      1,   GPS,    ALT,   0.0,   0.3,  -3.9, 3DDiff, 3704,      ,     12,  15.0,     17
2018-08-27, 17:32:11,  -04:00,    GDM,   42.3925858,  -72.0489349,  7000.4, 30.03,  7330.1,  17.2, 143.47, 157.08,  -26.19,   0.29,   0.05,   0.00,  -0.00,   4.6,  11.6,  27.7,  28.8,   1.7,  23.77,  25.34,    15.84,  189.45,   52.41,  30.28, 2483.1,    0.73,  329.46,  360.65,  354.93,  338.27,  339.64,  339.94, 1448.14, 1506.58, 1475.37, 1461.05, 1451.40, 1455.43, 1531.64, 1526.10,  7233.8, 166,  GPS,   11.5, 110.60, 116.50, 123.750, 121.500, -0.000,       ,  22.25, -72.2,    9.2,   11.7,  -14.2,      1,   GPS,    ALT,   0.0,   0.3,   0.0, 3DDiff, 3704,      ,     12,  15.0,     17
2018-08-27, 17:32:12,  -04:00,    GDM,   42.3933144,  -72.0489807,  7001.4, 30.03,  7330.3,  17.2, 143.57, 157.14,  -15.92,   0.30,   0.05,   0.00,   0.00,   4.7,  11.6,  27.7,  28.8,   1.7,  23.76,  25.34,    15.88,  189.45,   52.57,  30.28, 2485.2,    0.73,  329.44,  360.65,  354.89,  338.27,  339.60,  339.94, 1448.53, 1507.09, 1476.15, 1461.13, 1452.30, 1455.25, 1532.04, 1526.92,  7234.0, 166,  GPS,   11.5, 110.60, 116.50, 123.750, 121.500, -0.000,       ,  22.21, -72.2,    9.2,   11.7,  -14.2,      1,   GPS,    ALT,   0.0,   0.3,   7.9, 3DDiff, 3704,      ,     12,  15.5,     18
2018-08-27, 17:32:13,  -04:00,    GDM,   42.3940392,  -72.0490265,  6999.4, 30.03,  7330.6,  17.2, 143.48, 157.18,  -35.37,   0.31,   0.05,  -0.00,  -0.00,   4.8,  11.6,  27.7,  28.8,   1.7,  23.76,  25.34,    15.88,  189.45,   52.59,  30.25, 2484.6,    0.73,  329.43,  360.62,  354.83,  338.26,  339.54,  339.91, 1448.88, 1505.91, 1476.38, 1460.81, 1452.92, 1455.29, 1531.26, 1526.94,  7234.3, 166,  GPS,   11.5, 110.60, 116.50, 123.750, 121.500, -0.000,       ,  22.12, -72.3,    9.1,   11.7,  -14.2,      1,   GPS,    ALT,   0.0,   0.3,  11.8, 3DDiff, 3704,      ,     12,  15.5,     18
2018-08-27, 17:32:14,  -04:00,    GDM,   42.3947678,  -72.0490723,  7001.4, 30.03,  7329.7,  17.2, 143.69, 157.22,  -13.84,   0.36,   0.03,  -0.00,  -0.00,   4.8,  11.6,  27.7,  28.8,   1.7,  23.75,  25.36,    15.86,  189.43,   52.47,  30.27, 2486.2,    0.73,  329.46,  360.64,  354.81,  338.24,  339.49,  339.90, 1449.00, 1506.17, 1475.21, 1460.25, 1452.91, 1454.56, 1530.91, 1526.66,  7233.4, 166,  GPS,   11.5, 110.60, 116.50, 123.750, 121.500, -0.000,       ,  22.12, -72.3,    9.1,   11.7,  -14.2,      1,   GPS,    ALT,   0.0,   0.3,   7.9, 3DDiff, 3704,      ,     12,  15.5,     17
2018-08-27, 17:32:15,  -04:00,    GDM,   42.3954964,  -72.0491104,  7000.4, 30.03,  7329.8,  17.2, 143.68, 157.24,  -10.07,   0.35,   0.01,   0.01,  -0.00,   4.9,  11.6,  27.7,  28.8,   1.7,  23.73,  25.36,    15.83,  189.42,   52.19,  30.29, 2485.6,    0.73,  329.43,  360.64,  354.77,  338.23,  339.43,  339.88, 1449.27, 1505.17, 1475.00, 1460.44, 1452.72, 1454.09, 1530.23, 1526.91,  7233.5, 166,  GPS,   11.5, 110.60, 116.50, 123.750, 121.500, -0.000,       ,  22.07, -72.4,    9.0,   11.7,  -14.2,      1,   GPS,    ALT,   0.0,   0.3,  11.8, 3DDiff, 3704,      ,     12,  15.5,     17
2018-08-27, 17:32:16,  -04:00,    GDM,   42.3962212,  -72.0491562,  7001.4, 30.03,  7330.4,  17.2, 143.81, 157.24,   -0.61,   0.35,   0.01,   0.00,  -0.00,   5.0,  11.6,  27.7,  28.8,   1.7,  23.71,  25.37,    15.77,  189.41,   52.31,  30.24, 2486.1,    0.73,  329.43,  360.64,  354.75,  338.20,  339.39,  339.87, 1449.34, 1505.15, 1474.98, 1459.05, 1453.12, 1453.99, 1529.63, 1526.74,  7234.1, 166,  GPS,   11.5, 110.60, 116.50, 123.750, 121.500, -0.000,       ,  22.02, -72.4,    9.0,   11.7,  -14.2,      1,   GPS,    ALT,   0.0,   0.4,   7.9, 3DDiff, 3704,      ,     12,  15.5,     17
2018-08-27, 17:32:17,  -04:00,    GDM,   42.3969498,  -72.0492020,  7001.4, 30.03,  7330.5,  17.2, 143.83, 157.24,   -7.32,   0.34,  -0.03,  -0.00,  -0.00,   5.0,  11.6,  27.7,  28.8,   1.7,  23.70,  25.39,    15.79,  189.40,   52.38,  30.27, 2486.0,    0.73,  329.42,  360.62,  354.77,  338.18,  339.35,  339.82, 1448.61, 1505.72, 1474.99, 1458.33, 1453.60, 1454.93, 1529.75, 1526.41,  7234.2, 166,  GPS,   11.5, 110.60, 116.50, 123.750, 121.500, -0.000,       ,  21.97, -72.4,    8.9,   11.7,  -14.2,      1,   GPS,    ALT,   0.0,   0.4,   7.9, 3DDiff, 3704,      ,     12,  15.5,     17
2018-08-27, 17:32:18,  -04:00,    GDM,   42.3976746,  -72.0492477,  7000.4, 30.03,  7330.6,  17.2, 143.84, 157.26,  -11.82,   0.38,   0.04,   0.01,  -0.01,   5.0,  11.6,  27.7,  28.8,   1.7,  23.68,  25.40,    15.76,  189.38,   52.49,  30.26, 2485.9,    0.73,  329.40,  360.64,  354.74,  338.20,  339.27,  339.81, 1448.80, 1504.57, 1475.13, 1458.27, 1453.42, 1454.46, 1528.93, 1526.62,  7234.3, 166,  GPS,   11.5, 110.60, 116.50, 123.750, 121.500, -0.000,       ,  21.91, -72.4,    8.9,   11.7,  -14.2,      1,   GPS,    ALT,   0.0,   0.4,   3.9, 3DDiff, 3704,      ,     12,  15.5,     17
2018-08-27, 17:32:19,  -04:00,    GDM,   42.3984032,  -72.0492859,  7000.4, 30.03,  7330.6,  17.2, 143.78, 157.26,  -19.93,   0.40,   0.04,   0.00,   0.00,   5.0,  11.6,  27.7,  28.8,   1.7,  23.66,  25.41,    15.70,  189.36,   52.51,  30.25, 2481.9,    0.72,  329.38,  360.61,  354.74,  338.17,  339.24,  339.79, 1449.36, 1504.46, 1475.28, 1459.05, 1453.03, 1455.40, 1529.70, 1526.78,  7234.4, 166,  GPS,   11.5, 110.60, 116.50, 123.750, 121.500, -0.000,       ,  21.85, -72.4,    8.9,   11.7,  -14.2,      1,   GPS,    ALT,   0.0,   0.4,   3.9, 3DDiff, 3704,      ,     12,  16.0,     18
2018-08-27, 17:32:20,  -04:00,    GDM,   42.3991318,  -72.0493393,  7000.4, 30.03,  7331.4,  17.2, 143.77, 157.28,   -4.74,   0.38,   0.00,   0.00,   0.00,   5.0,  11.6,  27.7,  28.8,   1.7,  23.63,  25.43,    15.81,  189.35,   52.68,  30.23, 2487.2,    0.73,  329.39,  360.61,  354.74,  338.17,  339.18,  339.78, 1448.12, 1504.86, 1475.82, 1459.24, 1452.45, 1455.56, 1530.40, 1526.26,  7235.4, 166,  GPS,   11.5, 110.60, 116.50, 123.750, 121.500, -0.000,       ,  21.79, -72.4,    8.8,   11.7,  -14.2,      1,   GPS,    ALT,   0.0,   0.4,   7.9, 3DDiff, 3704,      ,     12,  15.5,     17
2018-08-27, 17:32:21,  -04:00,    GDM,   42.3998528,  -72.0493774,  7001.4, 30.03,  7331.9,  17.2, 143.81, 157.28,    6.52,   0.38,   0.01,  -0.00,  -0.01,   5.1,  11.7,  27.7,  28.8,   1.7,  23.61,  25.45,    15.85,  189.32,   52.54,  30.28, 2487.1,    0.73,  329.35,  360.61,  354.72,  338.16,  339.14,  339.75, 1448.27, 1504.37, 1476.43, 1458.26, 1452.98, 1455.52, 1530.13, 1527.03,  7235.9, 166,  GPS,   11.5, 110.60, 116.50, 123.750, 121.500, -0.000,       ,  21.72, -72.3,    8.8,   11.7,  -14.2,      1,   GPS,    ALT,   0.0,   0.4,   3.9, 3DDiff, 3704,      ,     12,  15.5,     17
2018-08-27, 17:32:22,  -04:00,    GDM,   42.4005852,  -72.0494156,  7002.4, 30.03,  7331.7,  17.2, 143.91, 157.28,    7.97,   0.41,  -0.04,   0.00,  -0.00,   5.1,  11.7,  27.7,  28.8,   1.7,  23.60,  25.46,    15.84,  189.34,   52.51,  30.27, 2486.0,    0.73,  329.34,  360.61,  354.74,  338.14,  339.09,  339.72, 1448.66, 1505.39, 1475.98, 1459.18, 1451.97, 1455.91, 1531.08, 1526.42,  7235.6, 166,  GPS,   11.5, 110.60, 116.50, 123.750, 121.500, -0.000,       ,  21.66, -72.3,    8.7,   11.7,  -14.2,      1,   GPS,    ALT,   0.0,   0.4,   0.0, 3DDiff, 3704,      ,     12,  15.5,     17
2018-08-27, 17:32:23,  -04:00,    GDM,   42.4013138,  -72.0494690,  7002.4, 30.03,  7331.8,  17.2, 143.87, 157.28,   17.38,   0.34,  -0.08,  -0.00,  -0.01,   5.1,  11.7,  27.7,  28.8,   1.7,  23.59,  25.46,    15.87,  189.30,   52.54,  30.26, 2486.9,    0.73,  329.36,  360.61,  354.72,  338.14,  339.05,  339.72, 1449.45, 1506.11, 1476.33, 1460.26, 1452.05, 1456.81, 1531.50, 1527.12,  7235.7, 166,  GPS,   11.5, 110.60, 116.50, 123.750, 121.500, -0.000,       ,  21.59, -72.2,    8.7,   11.7,  -14.2,      1,   GPS,    ALT,  -0.0,   0.4,   0.0, 3DDiff, 3704,      ,     12,  15.5,     17
2018-08-27, 17:32:24,  -04:00,    GDM,   42.4020386,  -72.0495071,  7002.4, 30.03,  7331.4,  17.2, 143.89, 157.33,    9.90,   0.35,  -0.09,   0.00,  -0.00,   5.1,  11.6,  27.7,  28.8,   1.7,  23.58,  25.46,    15.75,  189.32,   52.31,  30.29, 2484.2,    0.73,  329.32,  360.59,  354.72,  338.14,  339.00,  339.68, 1449.41, 1506.26, 1476.22, 1461.18, 1452.73, 1456.01, 1531.74, 1526.87,  7235.4, 166,  GPS,   11.5, 110.60, 116.50, 123.750, 121.500, -0.000,       ,  21.52, -72.2,    8.6,   11.7,  -14.2,      1,   GPS,    ALT,  -0.0,   0.3, -23.6, 3DDiff, 3704,      ,     12,  16.0,     17
2018-08-27, 17:32:25,  -04:00,    GDM,   42.4027672,  -72.0495529,  7001.4, 30.03,  7330.9,  17.2, 143.88, 157.30,   -7.56,   0.33,  -0.05,   0.00,  -0.01,   5.1,  11.6,  27.7,  28.8,   1.7,  23.58,  25.46,    15.82,  189.31,   52.72,  30.30, 2485.6,    0.73,  329.31,  360.58,  354.71,  338.11,  338.94,  339.66, 1448.60, 1505.53, 1475.72, 1460.95, 1451.87, 1455.24, 1531.21, 1526.14,  7234.8, 166,  GPS,   11.5, 110.60, 116.50, 123.750, 121.500, -0.000,       ,  21.45, -72.1,    8.6,   11.7,  -14.2,      1,   GPS,    ALT,  -0.0,   0.3, -31.5, 3DDiff, 3704,      ,     12,  16.0,     18
2018-08-27, 17:32:26,  -04:00,    GDM,   42.4034958,  -72.0495987,  7001.4, 30.03,  7329.4,  17.2, 143.93, 157.30,  -24.82,   0.37,  -0.11,   0.00,   0.00,   5.0,  11.6,  27.7,  28.8,   1.7,  23.58,  25.46,    15.88,  189.32,   52.68,  30.25, 2486.7,    0.73,  329.31,  360.58,  354.72,  338.11,  338.90,  339.67, 1448.20, 1506.84, 1474.62, 1461.68, 1450.84, 1455.60, 1531.80, 1525.23,  7233.3, 166,  GPS,   11.5, 110.60, 116.50, 123.750, 121.500, -0.000,       ,  21.32, -71.9,    8.6,   11.7,  -14.2,      1,   GPS,    ALT,  -0.0,   0.4, -35.4, 3DDiff, 3704,      ,     12,  15.5,     17
2018-08-27, 17:32:27,  -04:00,    GDM,   42.4042244,  -72.0496445,  6999.4, 30.03,  7328.8,  17.2, 143.72, 157.30,  -62.01,   0.42,  -0.03,  -0.00,   0.00,   5.1,  11.6,  27.7,  28.8,   1.6,  23.57,  25.45,    15.85,  189.33,   52.62,  30.24, 2485.2,    0.73,  329.30,  360.58,  354.69,  338.08,  338.88,  339.64, 1446.40, 1507.59, 1473.88, 1461.70, 1450.08, 1456.83, 1531.92, 1524.16,  7232.8, 166,  GPS,   11.5, 110.60, 116.50, 123.750, 121.500, -0.000,       ,  21.32, -71.9,    8.5,   11.7,  -14.2,      1,   GPS,    ALT,   0.0,   0.4, -31.5, 3DDiff, 3704,      ,     12,  15.5,     17
2018-08-27, 17:32:28,  -04:00,    GDM,   42.4049492,  -72.0496826,  6999.4, 30.03,  7328.4,  17.2, 143.71, 157.28,  -39.90,   0.48,   0.03,   0.00,   0.00,   5.1,  11.6,  27.7,  28.8,   1.6,  23.58,  25.43,    15.83,  189.33,   52.71,  30.26, 2488.4,    0.73,  329.29,  360.58,  354.73,  338.08,  338.84,  339.63, 1447.28, 1507.05, 1474.51, 1460.20, 1450.55, 1456.95, 1531.45, 1524.94,  7232.4, 166,  GPS,   11.5, 110.60, 116.50, 123.750, 121.500, -0.000,       ,  21.25, -71.8,    8.5,   11.7,  -14.2,      1,   GPS,    ALT,   0.0,   0.5, -31.5, 3DDiff, 3704,      ,     12,  15.5,     17
2018-08-27, 17:32:29,  -04:00,    GDM,   42.4056778,  -72.0497360,  6999.4, 30.03,  7328.2,  17.2, 143.56, 157.28,  -40.41,   0.51,   0.07,   0.01,   0.00,   5.1,  11.6,  27.7,  28.8,   1.6,  23.58,  25.43,    15.84,  189.32,   52.83,  30.28, 2486.1,    0.73,  329.28,  360.55,  354.71,  338.05,  338.81,  339.63, 1448.53, 1507.00, 1475.04, 1459.84, 1450.71, 1456.12, 1531.04, 1525.63,  7232.1, 166,  GPS,   11.5, 110.60, 116.50, 123.750, 121.500,  0.000,       ,  21.19, -71.8,    8.4,   11.7,  -14.2,      1,   GPS,    ALT,   0.0,   0.5, -15.7, 3DDiff, 3704,      ,     12,  15.5,     17
2018-08-27, 17:32:30,  -04:00,    GDM,   42.4064064,  -72.0497742,  6998.4, 30.03,  7327.9,  17.2, 143.52, 157.26,  -32.35,   0.59,   0.03,  -0.00,   0.01,   5.1,  11.6,  27.7,  28.8,   1.6,  23.57,  25.43,    15.87,  189.30,   52.73,  30.26, 2485.9,    0.73,  329.25,  360.55,  354.72,  338.02,  338.78,  339.60, 1448.23, 1505.95, 1474.88, 1459.70, 1450.87, 1456.98, 1530.54, 1525.37,  7231.8, 166,  GPS,   11.5, 110.60, 116.50, 123.750, 121.500, -0.000,       ,  21.13, -71.7,    8.4,   11.7,  -14.2,      1,   GPS,    ALT,   0.0,   0.5, -11.8, 3DDiff, 3704,      ,     12,  16.0,     17
2018-08-27, 17:32:31,  -04:00,    GDM,   42.4071312,  -72.0498199,  6999.4, 30.03,  7328.0,  17.2, 143.51, 157.22,  -14.64,   0.65,  -0.02,  -0.00,   0.01,   5.1,  11.6,  27.7,  28.8,   1.6,  23.56,  25.44,    15.83,  189.31,   52.70,  30.26, 2485.8,    0.73,  329.25,  360.52,  354.72,  337.99,  338.75,  339.58, 1448.45, 1505.16, 1474.70, 1459.79, 1451.23, 1454.99, 1530.11, 1525.71,  7231.9, 166,  GPS,   11.5, 110.60, 116.50, 123.750, 121.500,  0.000,       ,  21.07, -71.6,    8.3,   11.7,  -14.2,      1,   GPS,    ALT,   0.0,   0.6,   3.9, 3DDiff, 3704,      ,     12,  16.0,     18
2018-08-27, 17:32:32,  -04:00,    GDM,   42.4078598,  -72.0498657,  6999.4, 30.03,  7328.7,  17.2, 143.41, 157.18,   -0.16,   0.64,  -0.03,   0.01,  -0.01,   5.0,  11.7,  27.7,  28.8,   1.6,  23.56,  25.44,    15.88,  189.28,   52.56,  30.27, 2485.1,    0.73,  329.23,  360.52,  354.71,  337.99,  338.72,  339.54, 1447.84, 1505.37, 1474.94, 1460.56, 1451.62, 1454.09, 1529.58, 1525.73,  7232.7, 166,  GPS,   11.5, 110.60, 116.50, 123.750, 121.500, -0.000,       ,  21.01, -71.5,    8.3,   11.7,  -14.2,      1,   GPS,    ALT,   0.0,   0.6,  15.7, 3DDiff, 3704,      ,     12,  15.5,     17
2018-08-27, 17:32:33,  -04:00,    GDM,   42.4085846,  -72.0499039,  6999.4, 30.03,  7329.0,  17.5, 143.20, 157.12,   -8.66,   0.63,  -0.01,   0.00,   0.00,   5.0,  11.7,  27.7,  28.8,   1.6,  23.56,  25.44,    15.88,  189.29,   52.65,  30.26, 2486.1,    0.73,  329.22,  360.52,  354.71,  337.99,  338.69,  339.53, 1448.12, 1504.83, 1475.24, 1460.46, 1452.37, 1453.95, 1529.46, 1525.53,  7233.0, 165,  GPS,   11.5, 110.60, 116.50, 123.750, 121.500, -0.000,       ,  20.95, -71.5,    8.2,   11.7,  -14.2,      1,   GPS,    ALT,  -0.0,   0.6,  15.7, 3DDiff, 3704,      ,     12,  15.5,     17
2018-08-27, 17:32:34,  -04:00,    GDM,   42.4093094,  -72.0499496,  6999.4, 30.03,  7328.5,  17.5, 143.14, 157.06,   -5.33,   0.64,  -0.05,  -0.01,  -0.00,   5.0,  11.7,  27.7,  28.8,   1.6,  23.55,  25.44,    15.87,  189.29,   52.71,  30.26, 2486.3,    0.73,  329.20,  360.50,  354.74,  337.98,  338.69,  339.51, 1448.20, 1504.20, 1474.69, 1460.02, 1451.92, 1454.36, 1529.42, 1525.59,  7232.5, 165,  GPS,   11.5, 110.60, 116.50, 123.750, 121.500,  0.000,       ,  20.90, -71.4,    8.2,   11.7,  -14.2,      1,   GPS,    ALT,  -0.0,   0.6,   7.9, 3DDiff, 3704,      ,     12,  15.5,     17
2018-08-27, 17:32:35,  -04:00,    GDM,   42.4100380,  -72.0499878,  6999.4, 30.03,  7328.6,  17.5, 143.13, 157.02,   -5.91,   0.66,  -0.08,   0.00,  -0.01,   4.9,  11.7,  27.7,  28.8,   1.6,  23.55,  25.45,    15.89,  189.28,   52.50,  30.29, 2485.4,    0.73,  329.19,  360.48,  354.71,  337.96,  338.71,  339.48, 1448.50, 1504.19, 1474.87, 1460.06, 1452.47, 1454.56, 1529.87, 1526.03,  7232.6, 165,  GPS,   11.5, 110.60, 116.50, 123.750, 121.500, -0.000,       ,  20.85, -71.4,    8.2,   11.7,  -14.2,      1,   GPS,    ALT,  -0.0,   0.7,   7.9, 3DDiff, 3704,      ,     12,  16.0,     17
2018-08-27, 17:32:36,  -04:00,    GDM,   42.4107628,  -72.0500336,  7001.4, 30.03,  7328.7,  17.5, 143.17, 156.98,   17.58,   0.69,  -0.08,   0.00,   0.00,   4.9,  11.7,  27.7,  28.8,   1.6,  23.55,  25.44,    15.91,  189.27,   52.39,  30.28, 2483.7,    0.73,  329.19,  360.47,  354.72,  337.93,  338.71,  339.45, 1448.70, 1504.48, 1475.18, 1459.43, 1452.94, 1453.67, 1529.36, 1526.45,  7232.7, 165,  GPS,   11.5, 110.60, 116.50, 123.750, 121.500, -0.000,       ,  20.81, -71.3,    8.1,   11.7,  -14.2,      1,   GPS,    ALT,  -0.0,   0.7,   7.9, 3DDiff, 3704,      ,     12,  16.0,     17
2018-08-27, 17:32:37,  -04:00,    GDM,   42.4114876,  -72.0500717,  7000.4, 30.03,  7328.7,  17.5, 143.04, 156.93,   12.88,   0.65,  -0.02,   0.00,  -0.00,   4.9,  11.7,  27.7,  28.8,   1.6,  23.54,  25.43,    15.85,  189.26,   52.71,  30.27, 2484.4,    0.73,  329.17,  360.46,  354.71,  337.93,  338.74,  339.45, 1450.50, 1504.89, 1475.73, 1458.87, 1452.78, 1454.37, 1529.50, 1527.74,  7232.7, 165,  GPS,   11.5, 110.60, 116.50, 123.750, 121.500, -0.000,       ,  20.77, -71.3,    8.1,   11.7,  -14.2,      1,   GPS,    ALT,  -0.0,   0.7,   7.9, 3DDiff, 3704,      ,     12,  16.0,     18
2018-08-27, 17:32:38,  -04:00,    GDM,   42.4122162,  -72.0501251,  7001.4, 30.03,  7328.3,  17.5, 143.19, 156.89,   14.49,   0.66,   0.00,  -0.00,  -0.01,   4.8,  11.7,  27.7,  28.8,   1.6,  23.54,  25.43,    15.92,  189.26,   52.74,  30.26, 2486.8,    0.73,  329.16,  360.46,  354.74,  337.95,  338.81,  339.42, 1449.94, 1505.04, 1475.03, 1459.16, 1453.09, 1454.51, 1529.58, 1527.38,  7232.2, 165,  GPS,   11.5, 110.60, 116.50, 123.750, 121.500, -0.000,       ,  20.74, -71.3,    8.0,   11.7,  -14.2,      1,   GPS,    ALT,  -0.0,   0.7,  -3.9, 3DDiff, 3704,      ,     12,  15.5,     17
2018-08-27, 17:32:39,  -04:00,    GDM,   42.4129410,  -72.0501633,  7001.4, 30.03,  7328.1,  17.5, 143.19, 156.85,   13.38,   0.66,  -0.01,   0.01,  -0.01,   4.8,  11.7,  27.7,  28.8,   1.6,  23.53,  25.43,    15.92,  189.25,   52.53,  30.24, 2485.8,    0.73,  329.13,  360.43,  354.71,  337.90,  338.95,  339.39, 1449.63, 1505.87, 1475.31, 1460.64, 1451.87, 1454.57, 1530.57, 1526.92,  7232.1, 165,  GPS,   11.5, 110.60, 116.50, 123.750, 121.500, -0.000,       ,  20.71, -71.3,    8.0,   11.7,  -14.2,      1,   GPS,    ALT,  -0.0,   0.6, -11.8, 3DDiff, 3704,      ,     12,  15.5,     17
2018-08-27, 17:32:40,  -04:00,    GDM,   42.4136658,  -72.0502090,  7000.4, 30.03,  7328.5,  17.5, 143.06, 156.79,  -11.68,   0.65,  -0.07,   0.00,   0.00,   4.7,  11.7,  27.7,  28.8,   1.6,  23.52,  25.44,    15.78,  189.26,   52.35,  30.24, 2485.6,    0.73,  329.15,  360.43,  354.71,  337.92,  339.10,  339.38, 1449.39, 1505.65, 1475.06, 1460.38, 1450.89, 1453.38, 1529.90, 1526.40,  7232.5, 165,  GPS,   11.5, 110.60, 116.50, 123.750, 121.500, -0.000,       ,  20.70, -71.3,    7.9,   11.7,  -14.2,      1,   GPS,    ALT,  -0.0,   0.7, -19.7, 3DDiff, 3704,      ,     12,  15.5,     17
2018-08-27, 17:32:41,  -04:00,    GDM,   42.4143906,  -72.0502548,  6999.4, 30.03,  7328.1,  17.5, 142.93, 156.77,  -31.56,   0.67,  -0.10,  -0.00,  -0.00,   4.7,  11.7,  27.7,  28.8,   1.6,  23.51,  25.44,    15.73,  189.27,   52.44,  30.23, 2487.5,    0.73,  329.10,  360.43,  354.69,  337.92,  339.23,  339.36, 1449.56, 1505.78, 1475.33, 1461.12, 1451.48, 1452.76, 1530.22, 1526.71,  7232.0, 165,  GPS,   11.5, 110.60, 116.50, 123.750, 121.500, -0.000,       ,  20.68, -71.3,    7.9,   11.7,  -14.2,      1,   GPS,    ALT,  -0.0,   0.7, -27.6, 3DDiff, 3704,      ,     12,  16.0,     17
2018-08-27, 17:32:42,  -04:00,    GDM,   42.4151154,  -72.0502930,  7000.4, 30.03,  7327.6,  17.5, 142.90, 156.71,  -27.43,   0.69,  -0.10,  -0.00,  -0.01,   4.7,  11.7,  27.7,  28.8,   1.6,  23.51,  25.42,    15.84,  189.27,   52.48,  30.29, 2485.8,    0.73,  329.10,  360.40,  354.69,  337.92,  339.39,  339.36, 1450.02, 1506.60, 1475.28, 1460.76, 1452.28, 1454.29, 1530.70, 1526.81,  7231.6, 165,  GPS,   11.5, 110.60, 116.50, 123.750, 121.500, -0.000,       ,  20.68, -71.3,    7.9,   11.7,  -14.2,      1,   GPS,    ALT,  -0.0,   0.7, -27.6, 3DDiff, 3704,      ,     12,  16.0,     17
2018-08-27, 17:32:43,  -04:00,    GDM,   42.4158401,  -72.0503387,  7000.4, 30.03,  7327.3,  17.5, 142.91, 156.67,   -5.13,   0.67,  -0.12,   0.00,   0.00,   4.6,  11.6,  27.7,  28.8,   1.6,  23.52,  25.41,    15.84,  189.24,   52.52,  30.24, 2485.1,    0.73,  329.07,  360.40,  354.68,  337.92,  339.56,  339.32, 1450.47, 1506.62, 1474.86, 1459.80, 1451.32, 1454.86, 1530.34, 1526.74,  7231.2, 165,  GPS,   11.5, 110.60, 116.50, 123.750, 121.500, -0.000,       ,  20.68, -71.4,    7.8,   11.7,  -14.2,      1,   GPS,    ALT,  -0.0,   0.7, -23.6, 3DDiff, 3704,      ,     12,  16.0,     18
2018-08-27, 17:32:44,  -04:00,    GDM,   42.4165688,  -72.0503845,  7000.4, 30.03,  7327.4,  17.5, 142.92, 156.62,    2.93,   0.67,  -0.07,  -0.00,  -0.00,   4.6,  11.6,  27.7,  28.8,   1.6,  23.53,  25.40,    15.85,  189.23,   52.67,  30.21, 2485.3,    0.73,  329.07,  360.37,  354.65,  337.92,  339.71,  339.33, 1450.08, 1505.75, 1474.50, 1459.97, 1450.92, 1455.78, 1530.23, 1526.40,  7231.3, 165,  GPS,   11.5, 110.60, 116.50, 123.750, 121.500, -0.000,       ,  20.68, -71.4,    7.8,   11.7,  -14.2,      1,   GPS,    ALT,  -0.0,   0.7, -27.6, 3DDiff, 3704,      ,     12,  15.5,     17
2018-08-27, 17:32:45,  -04:00,    GDM,   42.4172859,  -72.0504227,  6998.4, 30.03,  7326.9,  17.5, 142.78, 156.58,  -35.67,   0.69,  -0.01,  -0.00,   0.00,   4.6,  11.6,  27.7,  28.8,   1.6,  23.54,  25.39,    15.76,  189.22,   52.61,  30.25, 2487.0,    0.73,  329.06,  360.37,  354.65,  337.92,  339.83,  339.29, 1450.51, 1506.14, 1474.52, 1459.68, 1452.06, 1456.54, 1530.17, 1527.42,  7230.8, 165,  GPS,   11.5, 110.60, 116.50, 123.750, 121.500, -0.000,       ,  20.69, -71.5,    7.7,   11.7,  -14.2,      1,   GPS,    ALT,   0.0,   0.7, -35.4, 3DDiff, 3704,      ,     12,  16.0,     17
2018-08-27, 17:32:46,  -04:00,    GDM,   42.4180145,  -72.0504684,  6998.4, 30.03,  7326.1,  17.5, 142.80, 156.52,  -43.22,   0.76,  -0.02,   0.00,   0.01,   4.6,  11.6,  27.7,  28.8,   1.6,  23.54,  25.38,    15.78,  189.21,   52.51,  30.23, 2484.7,    0.73,  329.01,  360.36,  354.64,  337.92,  339.96,  339.27, 1449.34, 1505.13, 1473.27, 1458.80, 1451.00, 1456.40, 1529.44, 1525.69,  7230.0, 165,  GPS,   11.5, 110.60, 116.50, 123.750, 121.500, -0.000,       ,  20.71, -71.5,    7.7,   11.7,  -14.2,      1,   GPS,    ALT,   0.0,   0.7, -27.6, 3DDiff, 3704,      ,     12,  15.5,     17
2018-08-27, 17:32:47,  -04:00,    GDM,   42.4187317,  -72.0505142,  6998.4, 30.03,  7326.1,  17.5, 142.77, 156.46,  -38.39,   0.79,  -0.01,   0.00,   0.01,   4.5,  11.6,  27.7,  28.8,   1.6,  23.54,  25.38,    15.75,  189.21,   52.25,  30.21, 2485.4,    0.73,  329.01,  360.36,  354.62,  337.89,  340.08,  339.26, 1449.94, 1505.22, 1474.60, 1459.64, 1451.83, 1457.04, 1529.80, 1526.42,  7230.1, 165,  GPS,   11.5, 110.60, 116.50, 123.750, 121.500, -0.000,       ,  20.73, -71.6,    7.6,   11.7,  -14.2,      1,   GPS,    ALT,   0.0,   0.8, -11.8, 3DDiff, 3704,      ,     12,  16.0,     17
2018-08-27, 17:32:48,  -04:00,    GDM,   42.4194603,  -72.0505600,  6998.4, 30.03,  7326.2,  17.5, 142.63, 156.40,  -26.11,   0.79,   0.01,  -0.00,  -0.00,   4.5,  11.6,  27.7,  28.8,   1.6,  23.54,  25.38,    15.81,  189.21,   52.48,  30.18, 2486.7,    0.73,  329.00,  360.34,  354.63,  337.89,  340.15,  339.23, 1448.19, 1504.34, 1472.62, 1459.09, 1450.74, 1455.39, 1529.18, 1524.40,  7230.2, 165,  GPS,   11.5, 110.60, 116.50, 123.750, 121.500, -0.000,       ,  20.75, -71.6,    7.6,   11.7,  -14.2,      1,   GPS,    ALT,   0.0,   0.8,   0.0, 3DDiff, 3704,      ,     12,  16.0,     17
2018-08-27, 17:32:49,  -04:00,    GDM,   42.4201851,  -72.0505981,  6998.4, 30.03,  7326.5,  17.5, 142.55, 156.34,  -12.43,   0.80,   0.00,   0.00,  -0.01,   4.5,  11.6,  27.7,  28.8,   1.6,  23.54,  25.38,    15.77,  189.22,   52.52,  30.23, 2485.0,    0.73,  329.00,  360.33,  354.62,  337.87,  340.23,  339.20, 1449.03, 1504.53, 1474.00, 1460.10, 1452.96, 1455.67, 1529.49, 1525.93,  7230.4, 165,  GPS,   11.5, 110.60, 116.50, 123.750, 121.500, -0.000,       ,  20.77, -71.7,    7.5,   11.7,  -14.2,      1,   GPS,    ALT,   0.0,   0.8,   7.9, 3DDiff, 3704,      ,     12,  16.0,     18
2018-08-27, 17:32:50,  -04:00,    GDM,   42.4209061,  -72.0506516,  6999.4, 30.03,  7326.1,  17.5, 142.51, 156.29,   -2.38,   0.78,   0.05,   0.00,   0.00,   4.5,  11.6,  27.7,  28.8,   1.6,  23.53,  25.38,    15.77,  189.23,   52.46,  30.24, 2483.0,    0.73,  328.97,  360.31,  354.62,  337.87,  340.28,  339.18, 1449.46, 1504.65, 1473.57, 1459.77, 1452.92, 1455.42, 1529.79, 1526.07,  7230.0, 165,  GPS,   11.5, 110.60, 116.50, 123.750, 121.500, -0.000,       ,  20.80, -71.8,    7.5,   11.7,  -14.2,      1,   GPS,    ALT,   0.0,   0.8,   7.9, 3DDiff, 3704,      ,     12,  15.5,     17
2018-08-27, 17:32:51,  -04:00,    GDM,   42.4216309,  -72.0506897,  6999.4, 30.03,  7326.2,  17.2, 142.38, 156.23,   16.78,   0.74,   0.02,  -0.00,  -0.00,   4.5,  11.6,  27.7,  28.8,   1.6,  23.53,  25.39,    15.78,  189.20,   52.64,  30.21, 2485.5,    0.73,  328.95,  360.31,  354.64,  337.87,  340.33,  339.17, 1449.06, 1505.69, 1473.32, 1460.12, 1452.47, 1455.35, 1530.03, 1525.85,  7230.2, 164,  GPS,   11.5, 110.60, 116.50, 123.750, 121.500, -0.000,       ,  20.83, -71.9,    7.5,   11.7,  -14.2,      1,   GPS,    ALT,   0.0,   0.8,   3.9, 3DDiff, 3704,      ,     12,  16.0,     17
2018-08-27, 17:32:52,  -04:00,    GDM,   42.4223480,  -72.0507355,  7000.4, 30.03,  7326.3,  17.2, 142.28, 156.17,   15.85,   0.74,   0.00,  -0.00,  -0.01,   4.4,  11.6,  27.7,  28.8,   1.6,  23.52,  25.40,    15.80,  189.22,   52.46,  30.19, 2483.9,    0.73,  328.92,  360.28,  354.62,  337.84,  340.39,  339.17, 1449.20, 1505.08, 1473.04, 1459.62, 1451.40, 1454.20, 1529.58, 1525.07,  7230.3, 164,  GPS,   11.5, 110.60, 116.50, 123.750, 121.500,  0.000,       ,  20.87, -72.0,    7.4,   11.7,  -14.2,      1,   GPS,    ALT,   0.0,   0.7,  -3.9, 3DDiff, 3704,      ,     12,  16.0,     17
2018-08-27, 17:32:53,  -04:00,    GDM,   42.4230728,  -72.0507812,  6999.4, 30.03,  7326.1,  17.2, 142.22, 156.11,   12.25,   0.74,  -0.02,   0.00,  -0.00,   4.4,  11.6,  27.7,  28.8,   1.6,  23.52,  25.40,    15.87,  189.20,   52.52,  30.20, 2484.7,    0.73,  328.91,  360.28,  354.62,  337.86,  340.39,  339.14, 1449.45, 1505.22, 1473.16, 1459.40, 1451.49, 1453.91, 1529.33, 1525.13,  7230.1, 164,  GPS,   11.5, 110.60, 116.50, 123.750, 121.500, -0.000,       ,  20.90, -72.0,    7.4,   11.7,  -14.2,      1,   GPS,    ALT,   0.0,   0.7, -11.8, 3DDiff, 3704,      ,     12,  16.0,     17
2018-08-27, 17:32:54,  -04:00,    GDM,   42.4237938,  -72.0508270,  6999.4, 30.03,  7325.8,  17.2, 142.14, 156.09,  -11.68,   0.79,  -0.04,   0.00,   0.01,   4.3,  11.6,  27.7,  28.8,   1.6,  23.52,  25.40,    15.91,  189.20,   52.48,  30.21, 2483.6,    0.73,  328.89,  360.27,  354.62,  337.86,  340.40,  339.14, 1448.64, 1505.19, 1473.23, 1458.66, 1451.14, 1453.68, 1529.40, 1525.05,  7229.8, 164,  GPS,   11.5, 110.60, 116.50, 123.750, 121.500,  0.000,       ,  20.94, -72.1,    7.3,   11.7,  -14.2,      1,   GPS,    ALT,   0.0,   0.8, -19.7, 3DDiff, 3704,      ,     12,  16.0,     17
2018-08-27, 17:32:55,  -04:00,    GDM,   42.4245110,  -72.0508652,  6999.4, 30.03,  7325.7,  17.2, 142.08, 156.05,   -6.79,   0.79,  -0.05,  -0.00,  -0.00,   4.3,  11.6,  27.7,  28.8,   1.6,  23.52,  25.40,    15.88,  189.19,   52.61,  30.23, 2485.0,    0.73,  328.86,  360.25,  354.60,  337.84,  340.42,  339.11, 1448.98, 1504.68, 1473.79, 1459.06, 1451.45, 1453.83, 1529.11, 1525.55,  7229.6, 164,  GPS,   11.5, 110.60, 116.50, 123.750, 121.500,  0.000,       ,  20.98, -72.2,    7.3,   11.7,  -14.2,      1,   GPS,    ALT,   0.0,   0.8, -11.8, 3DDiff, 3704,      ,     12,  16.0,     18
2018-08-27, 17:32:56,  -04:00,    GDM,   42.4252357,  -72.0509186,  6999.4, 30.03,  7326.1,  17.2, 141.91, 156.03,  -10.25,   0.81,   0.01,   0.00,  -0.01,   4.3,  11.6,  27.7,  28.8,   1.6,  23.51,  25.39,    15.78,  189.17,   52.60,  30.25, 2484.1,    0.73,  328.85,  360.27,  354.59,  337.83,  340.43,  339.11, 1449.61, 1504.63, 1474.09, 1460.01, 1451.67, 1453.24, 1529.44, 1525.96,  7230.0, 164,  GPS,   11.5, 110.60, 116.50, 123.750, 121.500,  0.000,       ,  21.02, -72.4,    7.2,   11.7,  -14.2,      1,   GPS,    ALT,   0.0,   0.8,  -7.9, 3DDiff, 3704,      ,     12,  15.5,     17
2018-08-27, 17:32:57,  -04:00,    GDM,   42.4259567,  -72.0509567,  6999.4, 30.03,  7326.2,  17.2, 141.74, 155.99,  -15.56,   0.83,   0.03,  -0.00,   0.01,   4.2,  11.6,  27.7,  28.8,   1.6,  23.51,  25.39,    15.74,  189.14,   52.81,  30.24, 2486.9,    0.73,  328.83,  360.25,  354.62,  337.80,  340.42,  339.08, 1449.37, 1505.51, 1473.46, 1459.72, 1451.69, 1452.02, 1529.69, 1525.45,  7230.2, 164,  GPS,   11.5, 110.60, 116.50, 123.750, 121.500,  0.000,       ,  21.07, -72.5,    7.2,   11.7,  -14.2,      1,   GPS,    ALT,   0.0,   0.8,  -7.9, 3DDiff, 3704,      ,     12,  16.0,     17
2018-08-27, 17:32:58,  -04:00,    GDM,   42.4266815,  -72.0510025,  6999.4, 30.03,  7325.8,  17.2, 141.65, 155.95,  -17.11,   0.85,   0.02,  -0.00,   0.00,   4.2,  11.6,  27.7,  28.8,   1.6,  23.50,  25.40,    15.76,  189.10,   52.69,  30.23, 2484.6,    0.73,  328.81,  360.22,  354.59,  337.82,  340.42,  339.06, 1449.04, 1505.17, 1473.41, 1459.49, 1451.10, 1451.05, 1529.22, 1525.76,  7229.8, 164,  GPS,   11.5, 110.60, 116.50, 123.750, 121.500,  0.000,       ,  21.11, -72.6,    7.2,   11.7,  -14.2,      1,   GPS,    ALT,   0.0,   0.8,  -3.9, 3DDiff, 3704,      ,     12,  16.0,     17
2018-08-27, 17:32:59,  -04:00,    GDM,   42.4274025,  -72.0510483,  6998.4, 30.03,  7325.9,  17.2, 141.77, 155.90,  -18.74,   0.88,   0.01,  -0.00,  -0.00,   4.2,  11.6,  27.7,  28.8,   1.6,  23.50,  25.39,    15.77,  189.09,   52.47,  30.28, 2487.5,    0.73,  328.81,  360.22,  354.59,  337.80,  340.42,  339.05, 1450.27, 1504.78, 1473.86, 1459.71, 1451.85, 1451.76, 1529.30, 1526.53,  7229.9, 164,  GPS,   11.5, 110.60, 116.50, 123.750, 121.500,  0.000,       ,  21.16, -72.7,    7.1,   11.7,  -14.2,      1,   GPS,    ALT,   0.0,   0.9,   0.0, 3DDiff, 3704,      ,     12,  16.0,     17
2018-08-27, 17:33:00,  -04:00,    GDM,   42.4281197,  -72.0510941,  6999.4, 30.03,  7326.2,  17.2, 141.89, 155.86,   -3.13,   0.89,  -0.02,   0.00,   0.00,   4.2,  11.6,  27.7,  28.8,   1.6,  23.51,  25.39,    15.73,  189.06,   52.63,  30.26, 2482.2,    0.73,  328.77,  360.22,  354.59,  337.81,  340.42,  339.05, 1450.12, 1503.97, 1474.04, 1460.21, 1451.19, 1451.67, 1529.50, 1525.87,  7230.2, 164,  GPS,   11.5, 110.60, 116.50, 123.750, 121.500,  0.000,       ,  21.25, -73.0,    7.1,   11.7,  -14.2,      1,   GPS,    ALT,   0.0,   0.9,  11.8, 3DDiff, 3704,      ,     12,  16.0,     17
2018-08-27, 17:33:01,  -04:00,    GDM,   42.4288406,  -72.0511322,  7000.4, 30.03,  7326.6,  17.2, 142.04, 155.78,   11.91,   0.93,  -0.01,   0.00,   0.01,   4.3,  11.6,  27.7,  28.8,   1.6,  23.52,  25.37,    15.84,  189.07,   52.62,  30.26, 2484.2,    0.73,  328.76,  360.21,  354.56,  337.80,  340.37,  339.05, 1450.00, 1504.34, 1473.41, 1459.59, 1451.54, 1452.49, 1529.65, 1525.60,  7230.6, 164,  GPS,   11.5, 110.60, 116.50, 123.750, 121.500,  0.000,       ,  21.25, -73.0,    7.0,   11.7,  -14.2,      1,   GPS,    ALT,   0.0,   0.9,  19.7, 3DDiff, 3704,      ,     12,  15.5,     18
2018-08-27, 17:33:02,  -04:00,    GDM,   42.4295578,  -72.0511780,  7000.4, 30.03,  7326.5,  17.2, 141.81, 155.68,   10.04,   0.90,   0.05,   0.00,  -0.01,   4.3,  11.6,  27.7,  28.8,   1.6,  23.52,  25.37,    15.88,  189.10,   52.67,  30.29, 2485.3,    0.73,  328.74,  360.22,  354.56,  337.78,  340.36,  339.03, 1449.63, 1505.10, 1472.57, 1459.32, 1451.98, 1452.65, 1529.74, 1525.64,  7230.5, 164,  GPS,   11.5, 110.60, 116.50, 123.750, 121.500,  0.000,       ,  21.30, -73.2,    7.0,   11.7,  -14.2,      1,   GPS,    ALT,   0.0,   0.9,  31.5, 3DDiff, 3704,      ,     12,  15.5,     17
2018-08-27, 17:33:03,  -04:00,    GDM,   42.4302788,  -72.0512238,  7000.4, 30.03,  7326.9,  17.2, 141.69, 155.64,    8.34,   0.83,   0.08,   0.00,  -0.01,   4.3,  11.6,  27.7,  28.8,   1.6,  23.51,  25.38,    15.84,  189.10,   52.76,  30.29, 2481.9,    0.73,  328.72,  360.19,  354.56,  337.79,  340.33,  339.02, 1449.97, 1506.43, 1472.88, 1459.38, 1453.06, 1453.53, 1530.35, 1525.97,  7230.9, 164,  GPS,   11.5, 110.60, 116.50, 123.750, 121.500,  0.000,       ,  21.35, -73.3,    6.9,   11.7,  -14.2,      1,   GPS,    ALT,   0.0,   0.8,  31.5, 3DDiff, 3704,      ,     12,  16.0,     17
2018-08-27, 17:33:04,  -04:00,    GDM,   42.4309998,  -72.0512695,  7001.4, 30.03,  7327.8,  17.2, 141.76, 155.60,   20.19,   0.82,   0.03,   0.00,  -0.00,   4.2,  11.6,  27.7,  28.8,   1.6,  23.50,  25.40,    15.85,  189.10,   52.51,  30.26, 2484.9,    0.73,  328.68,  360.18,  354.58,  337.77,  340.30,  339.02, 1449.42, 1507.31, 1473.05, 1459.92, 1452.17, 1455.07, 1531.32, 1525.43,  7231.7, 164,  GPS,   11.5, 110.60, 116.50, 123.750, 132.050,  0.000,       ,  21.45, -73.6,    6.9,   11.7,  -14.2,      1,   GPS,    ALT,   0.0,   0.8,  15.7, 3DDiff, 3704,      ,     12,  16.0,     17
2018-08-27, 17:33:05,  -04:00,    GDM,   42.4317207,  -72.0513077,  7001.4, 30.03,  7327.9,  17.2, 141.74, 155.57,   18.09,   0.79,   0.00,  -0.00,  -0.01,   4.2,  11.6,  27.7,  28.8,   1.6,  23.48,  25.41,    15.84,  189.10,   52.67,  30.30, 2486.3,    0.73,  328.68,  360.15,  354.59,  337.77,  340.27,  338.99, 1448.75, 1508.09, 1473.84, 1459.34, 1452.27, 1454.52, 1530.87, 1525.57,  7231.8, 164,  GPS,   11.5, 110.60, 116.50, 123.750, 132.050,  0.000,       ,  21.45, -73.6,    6.9,   11.7,  -14.2,      1,   GPS,    ALT,   0.0,   0.8,   7.9, 3DDiff, 3704,      ,     12,  16.0,     17
2018-08-27, 17:33:06,  -04:00,    GDM,   42.4324341,  -72.0513535,  7001.4, 30.03,  7327.8,  17.2, 141.72, 155.55,   -2.71,   0.76,   0.00,  -0.00,  -0.01,   4.2,  11.6,  27.7,  28.8,   1.6,  23.47,  25.43,    15.82,  189.08,   52.52,  30.30, 2481.5,    0.73,  328.67,  360.15,  354.59,  337.77,  340.25,  339.02, 1450.03, 1507.50, 1473.97, 1459.29, 1451.84, 1453.86, 1530.30, 1526.28,  7231.8, 164,  GPS,   11.5, 110.60, 116.50, 123.750, 132.050,  0.000,       ,  21.50, -73.7,    6.8,   11.7,  -14.2,      1,   GPS,    ALT,   0.0,   0.8,  -3.9, 3DDiff, 3704,      ,     12,  16.0,     17
2018-08-27, 17:33:07,  -04:00,    GDM,   42.4331551,  -72.0513992,  7002.4, 30.03,  7327.7,  17.2, 141.92, 155.53,    4.38,   0.76,  -0.07,   0.00,   0.01,   4.2,  11.8,  27.7,  28.8,   1.6,  23.45,  25.44,    15.82,  189.07,   52.28,  30.29, 2483.9,    0.73,  328.63,  360.13,  354.62,  337.77,  340.24,  339.02, 1450.38, 1507.29, 1474.82, 1460.08, 1453.05, 1454.54, 1530.65, 1527.49,  7231.6, 164,  GPS,   11.5, 110.60, 116.50, 123.750, 132.050,  0.000,       ,  21.54, -73.8,    6.8,   11.7,  -14.2,      1,   GPS,    ALT,   0.0,   0.8,  -7.9, 3DDiff, 3704,      ,     12,  16.0,     18
2018-08-27, 17:33:08,  -04:00,    GDM,   42.4338760,  -72.0514374,  7002.4, 30.03,  7328.1,  17.0, 141.93, 155.51,   13.64,   0.75,  -0.03,  -0.00,   0.01,   4.2,  11.6,  27.7,  28.8,   1.6,  23.44,  25.44,    15.76,  189.02,   52.55,  30.26, 2485.4,    0.73,  328.61,  360.10,  354.61,  337.77,  340.20,  339.02, 1449.80, 1506.42, 1474.34, 1459.60, 1453.30, 1454.26, 1530.04, 1526.90,  7232.1, 164,  GPS,   11.5, 110.60, 116.50, 123.750, 132.050,  0.000,       ,  21.59, -73.9,    6.7,   11.7,  -14.2,      1,   GPS,    ALT,   0.0,   0.8,  -7.9, 3DDiff, 3704,      ,     12,  15.5,     17
2018-08-27, 17:33:09,  -04:00,    GDM,   42.4346008,  -72.0514832,  7001.4, 30.03,  7327.8,  17.0, 141.97, 155.51,   -7.38,   0.73,   0.02,   0.00,   0.00,   4.2,  11.6,  27.7,  28.8,   1.6,  23.44,  25.44,    15.79,  188.99,   52.57,  30.25, 2486.0,    0.73,  328.61,  360.10,  354.59,  337.79,  340.17,  339.00, 1449.38, 1506.30, 1474.04, 1459.10, 1453.05, 1453.29, 1529.90, 1526.69,  7231.7, 164,  GPS,   11.5, 110.60, 116.50, 123.750, 132.050,  0.000,       ,  21.64, -74.0,    6.7,   11.7,  -14.2,      1,   GPS,    ALT,   0.0,   0.7,  -3.9, 3DDiff, 3704,      ,     12,  16.0,     17
2018-08-27, 17:33:10,  -04:00,    GDM,   42.4353180,  -72.0515289,  7002.4, 30.03,  7327.5,  17.0, 141.96, 155.51,    1.03,   0.68,  -0.11,   0.00,  -0.01,   4.1,  11.5,  27.7,  28.8,   1.6,  23.43,  25.44,    15.88,  188.97,   52.62,  30.28, 2485.3,    0.73,  328.56,  360.09,  354.62,  337.78,  340.15,  339.02, 1449.94, 1505.75, 1475.17, 1459.31, 1453.29, 1453.15, 1529.91, 1527.33,  7231.4, 164,  GPS,   11.5, 110.60, 116.50, 123.750, 132.050,  0.000,       ,  21.69, -74.1,    6.6,   11.7,  -14.2,      1,   GPS,    ALT,   0.0,   0.7,   7.9, 3DDiff, 3704,      ,     12,  16.0,     17
2018-08-27, 17:33:11,  -04:00,    GDM,   42.4360390,  -72.0515671,  7002.4, 30.03,  7327.5,  17.0, 142.39, 155.51,    3.62,   0.66,  -0.11,  -0.00,   0.00,   4.1,  11.6,  27.7,  28.8,   1.6,  23.43,  25.43,    15.86,  188.97,   52.58,  30.29, 2482.3,    0.73,  328.55,  360.06,  354.63,  337.80,  340.11,  339.04, 1449.93, 1505.38, 1476.14, 1459.81, 1453.50, 1452.94, 1529.92, 1527.85,  7231.4, 164,  GPS,   11.5, 110.60, 116.50, 123.750, 132.050,  0.000,       ,  21.74, -74.2,    6.6,   11.7,  -14.2,      1,   GPS,    ALT,   0.0,   0.6,  -3.9, 3DDiff, 3704,      ,     12,  16.0,     17
2018-08-27, 17:33:12,  -04:00,    GDM,   42.4367599,  -72.0516129,  7003.4, 30.03,  7327.4,  17.0, 142.57, 155.51,   14.09,   0.58,   0.02,  -0.01,  -0.01,   4.2,  11.6,  27.7,  28.8,   1.6,  23.45,  25.41,    15.80,  188.94,   52.81,  30.31, 2486.6,    0.73,  328.52,  360.06,  354.61,  337.80,  340.06,  339.02, 1449.62, 1505.70, 1475.43, 1460.00, 1454.20, 1452.37, 1530.36, 1527.56,  7231.3, 165,  GPS,   11.5, 110.60, 116.50, 123.750, 121.500,  0.000,       ,  21.79, -74.2,    6.6,   11.7,  -14.2,      1,   GPS,    ALT,   0.0,   0.6,  -3.9, 3DDiff, 3704,      ,     12,  16.0,     17
2018-08-27, 17:33:13,  -04:00,    GDM,   42.4374771,  -72.0516510,  7002.4, 30.03,  7327.3,  17.0, 142.63, 155.53,    2.96,   0.55,   0.08,   0.00,  -0.00,   4.2,  11.6,  27.7,  28.8,   1.6,  23.46,  25.39,    15.83,  188.95,   52.47,  30.33, 2481.4,    0.73,  328.49,  360.06,  354.60,  337.80,  340.03,  339.00, 1449.15, 1506.40, 1474.75, 1460.90, 1453.74, 1452.65, 1530.83, 1526.90,  7231.2, 165,  GPS,   11.5, 110.60, 116.50, 123.750, 121.500,  0.000,       ,  21.84, -74.3,    6.5,   11.7,  -14.2,      1,   GPS,    ALT,   0.0,   0.6,  -3.9, 3DDiff, 3704,      ,     12,  16.0,     18
2018-08-27, 17:33:14,  -04:00,    GDM,   42.4381943,  -72.0516968,  7002.4, 30.03,  7326.5,  17.0, 142.70, 155.55,  -11.02,   0.51,   0.10,   0.00,   0.01,   4.2,  11.6,  27.7,  28.8,   1.6,  23.46,  25.39,    15.79,  188.93,   52.64,  30.29, 2486.7,    0.73,  328.49,  360.03,  354.59,  337.80,  339.97,  339.00, 1448.44, 1505.95, 1474.33, 1460.47, 1452.90, 1453.79, 1530.69, 1526.22,  7230.4, 165,  GPS,   11.5, 110.60, 116.50, 123.750, 121.500,  0.000,       ,  21.89, -74.3,    6.5,   11.7,  -14.2,      1,   GPS,    ALT,   0.0,   0.5,  -3.9, 3DDiff, 3704,      ,     12,  15.5,     17
2018-08-27, 17:33:15,  -04:00,    GDM,   42.4389114,  -72.0517426,  7002.4, 30.03,  7326.6,  17.0, 142.63, 155.60,  -15.84,   0.46,   0.08,  -0.01,  -0.00,   4.2,  11.6,  27.7,  28.8,   1.6,  23.46,  25.39,    15.79,  188.93,   52.83,  30.30, 2486.7,    0.73,  328.46,  360.01,  354.58,  337.80,  339.94,  338.99, 1449.71, 1504.01, 1474.55, 1459.28, 1452.86, 1454.07, 1529.33, 1527.08,  7230.5, 165,  GPS,   11.5, 110.60, 116.50, 123.750, 121.500,  0.000,       ,  21.95, -74.3,    6.4,   11.7,  -14.2,      1,   GPS,    ALT,   0.0,   0.5,  -3.9, 3DDiff, 3704,      ,     12,  16.0,     17
2018-08-27, 17:33:16,  -04:00,    GDM,   42.4396324,  -72.0517883,  7002.4, 30.03,  7326.9,  17.0, 142.51, 155.66,  -19.06,   0.47,   0.03,   0.00,  -0.00,   4.2,  11.6,  27.7,  28.8,   1.6,  23.44,  25.40,    15.96,  188.91,   52.76,  30.28, 2485.8,    0.74,  328.45,  360.02,  354.56,  337.80,  339.87,  338.96, 1449.31, 1503.89, 1474.60, 1458.75, 1451.61, 1454.24, 1529.09, 1526.38,  7230.8, 165,  GPS,   11.5, 110.60, 116.50, 123.750, 121.500,  0.000,       ,  22.00, -74.3,    6.4,   11.7,  -14.2,      1,   GPS,    ALT,   0.0,   0.5,   0.0, 3DDiff, 3704,      ,     12,  16.0,     17
2018-08-27, 17:33:17,  -04:00,    GDM,   42.4403534,  -72.0518341,  7002.4, 30.03,  7327.0,  17.0, 142.62, 155.72,    4.04,   0.43,  -0.01,   0.01,  -0.00,   4.2,  11.7,  27.7,  28.8,   1.6,  23.44,  25.40,    15.84,  188.88,   52.84,  30.31, 2487.0,    0.73,  328.43,  360.02,  354.56,  337.77,  339.85,  338.96, 1448.97, 1503.82, 1475.03, 1459.05, 1451.63, 1454.48, 1529.01, 1526.16,  7230.9, 165,  GPS,   11.5, 110.60, 116.50, 123.750, 121.500,  0.000,       ,  22.10, -74.3,    6.3,   11.7,  -14.2,      1,   GPS,    ALT,   0.0,   0.4,   3.9, 3DDiff, 3704,      ,     12,  15.5,     17
2018-08-27, 17:33:18,  -04:00,    GDM,   42.4410706,  -72.0518799,  7000.4, 30.03,  7326.9,  17.0, 142.41, 155.80,  -43.16,   0.42,  -0.02,   0.00,   0.01,   4.2,  11.7,  27.7,  28.8,   1.6,  23.44,  25.39,    15.86,  188.87,   52.62,  30.34, 2485.9,    0.73,  328.40,  359.99,  354.53,  337.78,  339.79,  338.96, 1450.18, 1504.38, 1475.60, 1460.02, 1452.88, 1456.09, 1530.59, 1527.56,  7230.9, 164,  GPS,   11.5, 110.60, 116.50, 123.750, 121.500,  0.000,       ,  22.10, -74.3,    6.3,   11.7,  -14.2,      1,   GPS,    ALT,   0.0,   0.4,   0.0, 3DDiff, 3704,      ,     12,  15.5,     17
2018-08-27, 17:33:19,  -04:00,    GDM,   42.4417915,  -72.0519180,  7002.4, 30.03,  7327.1,  17.0, 142.54, 155.86,  -11.79,   0.43,   0.00,  -0.01,  -0.00,   4.2,  11.7,  27.7,  28.8,   1.6,  23.44,  25.39,    15.86,  188.86,   52.64,  30.31, 2484.1,    0.73,  328.39,  359.97,  354.51,  337.79,  339.73,  338.93, 1449.86, 1504.41, 1474.95, 1460.26, 1453.19, 1455.84, 1530.88, 1527.14,  7231.0, 165,  GPS,   11.5, 110.60, 116.50, 123.750, 121.500,  0.000,       ,  22.14, -74.3,    6.3,   11.7,  -14.2,      1,   GPS,    ALT,  -0.0,   0.4,   3.9, 3DDiff, 3704,      ,     12,  15.5,     18
2018-08-27, 17:33:20,  -04:00,    GDM,   42.4425125,  -72.0519638,  7003.4, 30.03,  7327.7,  16.8, 142.67, 155.95,   20.74,   0.36,   0.01,   0.00,  -0.02,   4.3,  11.7,  27.7,  28.8,   1.6,  23.43,  25.39,    15.87,  188.85,   52.85,  30.33, 2484.3,    0.73,  328.36,  359.96,  354.49,  337.77,  339.69,  338.90, 1449.77, 1505.13, 1474.17, 1459.70, 1453.39, 1455.38, 1530.72, 1526.71,  7231.9, 165,  GPS,   11.5, 110.60, 116.50, 123.750, 121.500,  0.000,       ,  22.19, -74.3,    6.2,   11.7,  -14.2,      1,   GPS,    ALT,  -0.0,   0.4,  11.8, 3DDiff, 3704,      ,     12,  15.5,     17
2018-08-27, 17:33:21,  -04:00,    GDM,   42.4432373,  -72.0520096,  7002.4, 30.03,  7328.1,  16.8, 142.55, 156.03,   -1.62,   0.27,   0.01,   0.00,   0.00,   4.3,  11.7,  27.7,  28.8,   1.6,  23.42,  25.41,    15.86,  188.85,   52.45,  30.27, 2485.1,    0.73,  328.33,  359.93,  354.49,  337.74,  339.66,  338.88, 1449.92, 1505.27, 1474.28, 1460.17, 1453.13, 1454.50, 1530.60, 1526.75,  7232.3, 165,  GPS,   11.5, 110.60, 116.50, 123.750, 121.500,  0.000,       ,  22.24, -74.2,    6.2,   11.7,  -14.2,      1,   GPS,    ALT,  -0.0,   0.3,   0.0, 3DDiff, 3704,      ,     12,  15.5,     17
2018-08-27, 17:33:22,  -04:00,    GDM,   42.4439621,  -72.0520477,  7000.4, 30.03,  7327.3,  16.8, 142.56, 156.15,  -40.20,   0.33,  -0.03,  -0.01,   0.01,   4.3,  11.7,  27.7,  28.8,   1.6,  23.40,  25.42,    15.80,  188.84,   52.60,  30.28, 2479.1,    0.73,  328.31,  359.91,  354.46,  337.77,  339.60,  338.85, 1449.65, 1506.02, 1474.61, 1459.34, 1453.67, 1453.41, 1530.63, 1527.05,  7231.5, 165,  GPS,   11.5, 110.60, 116.50, 123.750, 121.500,  0.000,       ,  22.28, -74.2,    6.1,   11.7,  -14.2,      1,   GPS,    ALT,  -0.0,   0.3, -11.8, 3DDiff, 3704,      ,     12,  15.5,     17
2018-08-27, 17:33:23,  -04:00,    GDM,   42.4446793,  -72.0520935,  7001.4, 30.03,  7327.4,  16.8, 142.69, 156.25,  -10.54,   0.34,  -0.05,   0.00,  -0.01,   4.4,  11.7,  27.7,  28.8,   1.6,  23.38,  25.43,    15.82,  188.84,   52.70,  30.30, 2485.4,    0.73,  328.30,  359.90,  354.41,  337.74,  339.57,  338.83, 1448.85, 1505.65, 1473.90, 1461.45, 1453.43, 1454.75, 1531.38, 1526.28,  7231.6, 165,  GPS,   11.5, 110.60, 116.50, 123.750, 121.500,  0.000,       ,  22.32, -74.2,    6.1,   11.7,  -14.2,      1,   GPS,    ALT,  -0.0,   0.3,   0.0, 3DDiff, 3704,      ,     12,  15.0,     17
2018-08-27, 17:33:24,  -04:00,    GDM,   42.4454041,  -72.0521317,  7001.4, 30.03,  7327.4,  16.8, 142.64, 156.40,  -22.34,   0.22,  -0.07,   0.01,  -0.02,   4.4,  11.7,  27.7,  28.8,   1.6,  23.37,  25.43,    15.89,  188.83,   52.83,  30.29, 2486.6,    0.73,  328.27,  359.89,  354.41,  337.74,  339.51,  338.81, 1448.23, 1505.09, 1473.90, 1461.41, 1452.94, 1455.13, 1531.49, 1526.07,  7231.6, 165,  GPS,   11.5, 110.60, 116.50, 123.750, 121.500,  0.000,       ,  22.35, -74.2,    6.0,   11.7,  -14.2,      1,   GPS,    ALT,  -0.0,   0.3,   0.0, 3DDiff, 3704,      ,     12,  15.5,     17
2018-08-27, 17:33:25,  -04:00,    GDM,   42.4461327,  -72.0521774,  7001.4, 30.03,  7327.0,  16.8, 142.67, 156.46,  -13.07,   0.24,  -0.05,   0.00,  -0.00,   4.5,  11.7,  27.7,  28.8,   1.6,  23.36,  25.44,    15.90,  188.82,   52.85,  30.30, 2486.2,    0.73,  328.22,  359.85,  354.38,  337.74,  339.48,  338.78, 1448.50, 1505.85, 1474.80, 1461.91, 1453.57, 1454.06, 1531.07, 1526.52,  7231.2, 165,  GPS,   11.5, 110.60, 116.50, 123.750, 121.500,  0.000,       ,  22.38, -74.1,    6.0,   11.7,  -14.2,      1,   GPS,    ALT,  -0.0,   0.3, -15.7, 3DDiff, 3704,      ,     12,  15.5,     18
2018-08-27, 17:33:26,  -04:00,    GDM,   42.4468575,  -72.0522232,  7001.4, 30.03,  7325.9,  16.8, 142.80, 156.58,   -6.64,   0.42,   0.07,  -0.00,   0.02,   4.5,  11.7,  27.7,  28.8,   1.6,  23.34,  25.44,    15.88,  188.82,   52.83,  30.29, 2486.8,    0.73,  328.21,  359.83,  354.37,  337.71,  339.42,  338.78, 1449.42, 1505.50, 1474.61, 1461.37, 1453.95, 1453.38, 1530.47, 1526.92,  7230.1, 165,  GPS,   11.5, 110.60, 116.50, 123.750, 121.500,  0.000,       ,  22.40, -74.1,    5.9,   11.7,  -14.2,      1,   GPS,    ALT,  -0.0,   0.3, -23.6, 3DDiff, 3704,      ,     12,  15.0,     17
2018-08-27, 17:33:27,  -04:00,    GDM,   42.4475822,  -72.0522614,  6999.4, 30.03,  7325.7,  16.8, 142.60, 156.67,  -36.12,   0.41,   0.13,   0.00,   0.00,   4.5,  11.7,  27.7,  28.8,   1.6,  23.33,  25.46,    15.79,  188.80,   52.65,  30.28, 2484.8,    0.73,  328.18,  359.85,  354.37,  337.71,  339.37,  338.76, 1449.06, 1506.40, 1474.21, 1460.80, 1452.57, 1452.98, 1530.23, 1526.03,  7229.9, 165,  GPS,   11.5, 110.60, 116.50, 123.750, 121.500,  0.000,       ,  22.41, -74.1,    5.9,   11.7,  -14.2,      1,   GPS,    ALT,  -0.0,   0.4,   0.0, 3DDiff, 3704,      ,     12,  15.0,     17
2018-08-27, 17:33:28,  -04:00,    GDM,   42.4483032,  -72.0522995,  7001.4, 30.03,  7326.7,  16.8, 142.86, 156.75,  -12.18,   0.36,  -0.01,   0.00,   0.00,   4.5,  11.7,  27.7,  28.8,   1.6,  23.31,  25.48,    15.79,  188.77,   52.67,  30.31, 2485.6,    0.73,  328.16,  359.82,  354.32,  337.70,  339.33,  338.74, 1449.40, 1506.58, 1474.16, 1460.92, 1452.91, 1455.98, 1531.18, 1526.41,  7230.9, 165,  GPS,   11.5, 110.60, 116.50, 123.750, 121.500,  0.000,       ,  22.42, -74.1,    5.9,   11.7,  -14.2,      1,   GPS,    ALT,  -0.0,   0.4,  15.7, 3DDiff, 3704,      ,     12,  15.0,     17
2018-08-27, 17:33:29,  -04:00,    GDM,   42.4490280,  -72.0523453,  7001.4, 30.03,  7326.9,  16.8, 142.97, 156.81,    0.81,   0.36,  -0.12,  -0.00,  -0.02,   4.6,  11.7,  27.7,  28.8,   1.6,  23.29,  25.48,    15.74,  188.75,   52.78,  30.31, 2484.6,    0.73,  328.13,  359.79,  354.31,  337.68,  339.29,  338.71, 1450.57, 1506.45, 1474.72, 1461.90, 1453.63, 1456.52, 1532.14, 1527.88,  7231.1, 165,  GPS,   11.5, 110.60, 116.50, 123.750, 121.500,  0.000,       ,  22.42, -74.1,    5.8,   11.7,  -14.2,      1,   GPS,    ALT,  -0.0,   0.4,  15.7, 3DDiff, 3704,      ,     12,  15.0,     17
2018-08-27, 17:33:30,  -04:00,    GDM,   42.4497528,  -72.0523834,  7001.4, 30.03,  7326.8,  16.8, 142.94, 156.89,   -4.45,   0.41,  -0.05,   0.00,  -0.02,   4.6,  11.7,  27.7,  28.8,   1.6,  23.27,  25.50,    15.81,  188.72,   52.67,  30.33, 2485.7,    0.73,  328.09,  359.76,  354.31,  337.68,  339.21,  338.69, 1450.60, 1505.88, 1475.59, 1461.73, 1452.86, 1456.36, 1531.78, 1528.20,  7231.0, 165,  GPS,   11.5, 110.60, 116.50, 123.750, 121.500, -0.000,       ,  22.42, -74.1,    5.8,   11.7,  -14.2,      1,   GPS,    ALT,  -0.0,   0.4,   0.0, 3DDiff, 3704,      ,     12,  15.5,     17
2018-08-27, 17:33:31,  -04:00,    GDM,   42.4504852,  -72.0524292,  7000.4, 30.03,  7326.6,  16.8, 142.68, 156.95,  -16.06,   0.35,  -0.07,   0.00,  -0.01,   4.6,  11.7,  27.7,  28.8,   1.6,  23.25,  25.52,    15.79,  188.70,   52.83,  30.28, 2486.2,    0.73,  328.09,  359.76,  354.31,  337.65,  339.20,  338.67, 1450.21, 1505.47, 1475.53, 1461.40, 1452.35, 1456.15, 1531.18, 1527.80,  7230.8, 165,  GPS,   11.5, 110.60, 116.50, 123.750, 121.500,  0.000,       ,  22.41, -74.1,    5.7,   11.7,  -14.2,      1,   GPS,    ALT,  -0.0,   0.4, -11.8, 3DDiff, 3704,      ,     12,  15.5,     18
2018-08-27, 17:33:32,  -04:00,    GDM,   42.4512062,  -72.0524750,  7000.4, 30.03,  7326.7,  16.8, 143.00, 157.02,  -10.83,   0.43,  -0.09,   0.00,   0.00,   4.6,  11.7,  27.7,  28.8,   1.6,  23.23,  25.53,    15.83,  188.69,   52.85,  30.26, 2486.6,    0.73,  328.06,  359.73,  354.29,  337.65,  339.12,  338.66, 1450.07, 1505.08, 1474.79, 1460.71, 1451.28, 1454.98, 1530.52, 1526.56,  7230.9, 165,  GPS,   11.5, 110.60, 116.50, 123.750, 121.500,  0.000,       ,  22.39, -74.1,    5.7,   11.7,  -14.2,      1,   GPS,    ALT,  -0.0,   0.4, -23.6, 3DDiff, 3704,      ,     12,  15.0,     17
2018-08-27, 17:33:33,  -04:00,    GDM,   42.4519348,  -72.0525131,  7000.4, 30.03,  7327.1,  16.8, 143.00, 157.08,  -26.90,   0.52,  -0.09,   0.00,   0.01,   4.7,  11.7,  27.7,  28.8,   1.6,  23.23,  25.52,    15.84,  188.68,   52.80,  30.28, 2483.4,    0.73,  328.02,  359.70,  354.28,  337.65,  339.09,  338.63, 1448.61, 1504.89, 1475.55, 1460.62, 1451.15, 1453.30, 1530.09, 1526.65,  7231.3, 165,  GPS,   11.5, 110.60, 116.50, 123.750, 121.500, -0.000,       ,  22.37, -74.1,    5.6,   11.7,  -14.2,      1,   GPS,    ALT,  -0.0,   0.5, -19.7, 3DDiff, 3704,      ,     12,  15.0,     17
2018-08-27, 17:33:34,  -04:00,    GDM,   42.4526634,  -72.0525589,  6998.4, 30.03,  7326.5,  16.8, 142.99, 157.12,  -51.31,   0.55,  -0.08,   0.00,   0.00,   4.6,  11.7,  27.7,  28.8,   1.6,  23.22,  25.53,    15.89,  188.67,   52.85,  30.30, 2485.0,    0.73,  328.01,  359.70,  354.25,  337.65,  339.05,  338.60, 1447.91, 1505.78, 1475.33, 1460.33, 1451.30, 1452.48, 1530.30, 1526.70,  7230.7, 165,  GPS,   11.5, 110.60, 116.50, 123.750, 121.500,  0.000,       ,  22.35, -74.1,    5.6,   11.7,  -14.2,      1,   GPS,    ALT,  -0.0,   0.5,  -7.9, 3DDiff, 3704,      ,     12,  15.0,     17
2018-08-27, 17:33:35,  -04:00,    GDM,   42.4533844,  -72.0526047,  6999.4, 30.03,  7326.7,  16.8, 143.00, 157.12,  -29.70,   0.64,  -0.01,   0.01,   0.01,   4.6,  11.7,  27.7,  28.8,   1.6,  23.21,  25.53,    15.86,  188.68,   52.62,  30.24, 2485.5,    0.73,  327.98,  359.69,  354.23,  337.63,  338.99,  338.57, 1447.00, 1505.82, 1474.32, 1460.01, 1451.23, 1453.32, 1530.39, 1525.36,  7230.9, 165,  GPS,   11.5, 110.60, 116.50, 123.750, 121.500, -0.000,       ,  22.32, -74.1,    5.6,   11.7,  -14.2,      1,   GPS,    ALT,  -0.0,   0.6,   3.9, 3DDiff, 3704,      ,     12,  15.0,     17
2018-08-27, 17:33:36,  -04:00,    GDM,   42.4541130,  -72.0526428,  6999.4, 30.03,  7327.1,  16.8, 142.98, 157.14,  -13.02,   0.65,  -0.02,  -0.00,   0.00,   4.7,  11.7,  27.7,  28.8,   1.6,  23.20,  25.54,    15.84,  188.68,   52.70,  30.23, 2485.7,    0.73,  327.97,  359.64,  354.22,  337.62,  338.94,  338.53, 1446.10, 1506.43, 1473.53, 1459.20, 1449.59, 1452.30, 1530.07, 1524.58,  7231.3, 165,  GPS,   11.5, 110.60, 116.50, 123.750, 121.500, -0.000,       ,  22.28, -74.1,    5.5,   11.7,  -14.2,      1,   GPS,    ALT,  -0.0,   0.6,  19.7, 3DDiff, 3704,      ,     12,  15.5,     17
2018-08-27, 17:33:37,  -04:00,    GDM,   42.4548378,  -72.0526810,  6999.4, 30.03,  7327.5,  16.8, 143.08, 157.12,   -3.97,   0.60,  -0.02,   0.01,  -0.01,   4.7,  11.7,  27.7,  28.8,   1.6,  23.19,  25.55,    15.77,  188.69,   52.61,  30.29, 2485.8,    0.73,  327.97,  359.63,  354.19,  337.61,  338.90,  338.51, 1446.36, 1506.28, 1473.39, 1459.35, 1449.89, 1452.79, 1530.63, 1525.11,  7231.7, 165,  GPS,   11.5, 110.60, 116.50, 123.750, 121.500, -0.000,       ,  22.24, -74.2,    5.5,   11.7,  -14.2,      1,   GPS,    ALT,  -0.0,   0.6,  19.7, 3DDiff, 3704,      ,     12,  15.5,     18
2018-08-27, 17:33:38,  -04:00,    GDM,   42.4555702,  -72.0527267,  7000.4, 30.03,  7326.9,  16.8, 143.08, 157.12,   10.66,   0.59,  -0.09,   0.00,   0.00,   4.6,  11.7,  27.7,  28.8,   1.6,  23.17,  25.56,    15.80,  188.69,   52.73,  30.31, 2485.8,    0.73,  327.92,  359.63,  354.16,  337.59,  338.87,  338.50, 1446.13, 1505.88, 1473.29, 1459.59, 1450.31, 1453.78, 1531.06, 1525.40,  7231.1, 165,  GPS,   11.5, 110.60, 116.50, 123.750, 121.500, -0.000,       ,  22.20, -74.2,    5.4,   11.7,  -14.2,      1,   GPS,    ALT,  -0.0,   0.6,   7.9, 3DDiff, 3704,      ,     12,  15.0,     17
2018-08-27, 17:33:39,  -04:00,    GDM,   42.4562950,  -72.0527649,  7001.4, 30.03,  7326.5,  16.8, 143.10, 157.12,   17.95,   0.59,  -0.09,  -0.01,  -0.00,   4.7,  11.7,  27.7,  28.8,   1.6,  23.16,  25.56,    15.81,  188.67,   52.57,  30.27, 2487.5,    0.73,  327.91,  359.60,  354.14,  337.59,  338.80,  338.47, 1446.61, 1506.68, 1473.95, 1460.25, 1451.06, 1454.59, 1531.83, 1525.79,  7230.7, 165,  GPS,   11.5, 110.60, 116.50, 123.750, 121.500, -0.000,       ,  22.16, -74.2,    5.4,   11.7,  -14.2,      1,   GPS,    ALT,  -0.0,   0.6,  11.8, 3DDiff, 3704,      ,     12,  15.0,     17
2018-08-27, 17:33:40,  -04:00,    GDM,   42.4570198,  -72.0528107,  7002.4, 30.03,  7327.4,  16.8, 143.33, 157.10,   29.25,   0.59,  -0.11,  -0.00,  -0.01,   4.7,  11.7,  27.7,  28.8,   1.6,  23.15,  25.56,    15.81,  188.63,   52.71,  30.28, 2487.1,    0.73,  327.88,  359.57,  354.11,  337.58,  338.73,  338.47, 1445.99, 1506.44, 1473.87, 1460.40, 1450.72, 1455.10, 1531.51, 1525.80,  7231.6, 165,  GPS,   11.5, 110.60, 116.50, 123.750, 121.500, -0.000,       ,  22.12, -74.2,    5.3,   11.7,  -14.2,      1,   GPS,    ALT,  -0.0,   0.6,  11.8, 3DDiff, 3704,      ,     12,  15.0,     17
2018-08-27, 17:33:41,  -04:00,    GDM,   42.4577522,  -72.0528488,  7001.4, 30.03,  7327.5,  16.8, 143.07, 157.10,   14.68,   0.51,  -0.11,   0.00,  -0.01,   4.6,  11.7,  27.7,  28.8,   1.6,  23.15,  25.56,    15.79,  188.64,   52.87,  30.33, 2485.8,    0.73,  327.87,  359.55,  354.10,  337.56,  338.68,  338.45, 1446.98, 1506.82, 1474.19, 1461.09, 1451.25, 1454.18, 1531.38, 1526.79,  7231.7, 165,  GPS,   11.5, 110.60, 116.50, 123.750, 121.500, -0.000,       ,  22.07, -74.2,    5.3,   11.7,  -14.2,      1,   GPS,    ALT,  -0.0,   0.5,  11.8, 3DDiff, 3704,      ,     12,  15.0,     17
2018-08-27, 17:33:42,  -04:00,    GDM,   42.4584732,  -72.0528946,  7002.4, 30.03,  7327.5,  16.8, 143.00, 157.12,   15.66,   0.46,  -0.12,   0.00,   0.00,   4.6,  11.7,  27.7,  28.8,   1.6,  23.15,  25.56,    15.80,  188.61,   52.73,  30.31, 2485.7,    0.73,  327.85,  359.54,  354.06,  337.56,  338.61,  338.45, 1447.84, 1506.50, 1474.15, 1460.51, 1451.45, 1453.66, 1531.04, 1526.85,  7231.6, 165,  GPS,   11.5, 110.60, 116.50, 123.750, 121.500, -0.000,       ,  22.03, -74.2,    5.3,   11.7,  -14.2,      1,   GPS,    ALT,  -0.0,   0.5,   0.0, 3DDiff, 3704,      ,     12,  15.5,     17
2018-08-27, 17:33:43,  -04:00,    GDM,   42.4592018,  -72.0529404,  7002.4, 30.03,  7327.3,  16.8, 143.17, 157.18,   11.01,   0.45,  -0.09,  -0.01,  -0.00,   4.6,  11.7,  27.7,  28.8,   1.6,  23.15,  25.55,    15.79,  188.60,   52.60,  30.28, 2485.7,    0.73,  327.82,  359.48,  354.04,  337.53,  338.54,  338.44, 1447.47, 1506.29, 1475.28, 1459.69, 1451.01, 1453.49, 1530.65, 1526.58,  7231.5, 165,  GPS,   11.5, 110.60, 116.50, 123.750, 121.500, -0.000,       ,  21.99, -74.2,    5.2,   11.7,  -14.2,      1,   GPS,    ALT,  -0.0,   0.5,  -7.9, 3DDiff, 3704,      ,     12,  15.5,     18
2018-08-27, 17:33:44,  -04:00,    GDM,   42.4599266,  -72.0529785,  7002.4, 30.03,  7327.7,  16.8, 143.38, 157.20,    8.24,   0.43,  -0.09,  -0.00,  -0.01,   4.6,  11.7,  27.7,  28.8,   1.6,  23.16,  25.53,    15.84,  188.58,   52.71,  30.28, 2486.3,    0.73,  327.82,  359.48,  354.02,  337.55,  338.50,  338.42, 1447.24, 1505.80, 1475.00, 1458.53, 1450.71, 1452.83, 1529.63, 1525.60,  7231.9, 165,  GPS,   11.5, 110.60, 116.50, 123.750, 121.500, -0.000,       ,  21.95, -74.2,    5.2,   11.7,  -14.2,      1,   GPS,    ALT,  -0.0,   0.4, -15.7, 3DDiff, 3704,      ,     12,  15.0,     17
2018-08-27, 17:33:45,  -04:00,    GDM,   42.4606552,  -72.0530243,  7001.4, 30.03,  7327.5,  16.8, 143.46, 157.24,  -26.11,   0.46,  -0.03,   0.00,   0.01,   4.7,  11.7,  27.7,  28.8,   1.6,  23.17,  25.51,    15.88,  188.56,   52.83,  30.31, 2486.2,    0.73,  327.79,  359.45,  354.01,  337.50,  338.45,  338.44, 1447.05, 1506.09, 1475.23, 1458.14, 1450.31, 1453.53, 1530.10, 1525.57,  7231.6, 166,  GPS,   11.5, 110.60, 116.50, 123.750, 121.500, -0.000,       ,  21.91, -74.2,    5.1,   11.7,  -14.2,      1,   GPS,    ALT,  -0.0,   0.4, -15.7, 3DDiff, 3704,      ,     12,  15.0,     17
2018-08-27, 17:33:46,  -04:00,    GDM,   42.4613838,  -72.0530701,  7000.4, 30.03,  7326.8,  16.8, 143.43, 157.28,  -31.91,   0.49,  -0.02,   0.00,  -0.00,   4.6,  11.7,  27.7,  28.8,   1.6,  23.18,  25.49,    15.94,  188.54,   52.59,  30.32, 2486.4,    0.74,  327.78,  359.44,  354.01,  337.50,  338.41,  338.41, 1448.16, 1504.93, 1474.41, 1458.24, 1451.04, 1453.95, 1529.75, 1526.29,  7230.9, 165,  GPS,   11.5, 110.60, 116.50, 123.750, 121.500, -0.000,       ,  21.87, -74.2,    5.1,   11.7,  -14.2,      1,   GPS,    ALT,  -0.0,   0.5,  -3.9, 3DDiff, 3704,      ,     12,  15.0,     17
2018-08-27, 17:33:47,  -04:00,    GDM,   42.4621086,  -72.0531082,  7001.4, 30.03,  7326.8,  16.8, 143.38, 157.32,  -24.96,   0.54,  -0.04,  -0.00,  -0.00,   4.6,  11.7,  27.7,  28.8,   1.6,  23.19,  25.48,    15.93,  188.54,   52.73,  30.32, 2484.4,    0.74,  327.78,  359.39,  354.01,  337.47,  338.35,  338.41, 1448.02, 1505.63, 1474.37, 1458.68, 1451.25, 1453.38, 1529.82, 1526.16,  7231.0, 165,  GPS,   11.5, 110.60, 116.50, 123.750, 121.500, -0.000,       ,  21.84, -74.2,    5.0,   11.7,  -14.2,      1,   GPS,    ALT,  -0.0,   0.5,   0.0, 3DDiff, 3704,      ,     12,  15.5,     17
2018-08-27, 17:33:48,  -04:00,    GDM,   42.4628410,  -72.0531540,  7001.4, 30.03,  7326.8,  16.8, 143.44, 157.33,   -7.24,   0.54,  -0.08,   0.00,  -0.00,   4.6,  11.7,  27.7,  28.8,   1.6,  23.19,  25.47,    15.87,  188.53,   52.66,  30.31, 2486.3,    0.73,  327.75,  359.39,  354.01,  337.47,  338.29,  338.39, 1447.09, 1505.75, 1474.74, 1459.79, 1450.63, 1453.62, 1529.94, 1525.41,  7230.9, 165,  GPS,   11.5, 110.60, 116.50, 123.750, 121.500, -0.000,       ,  21.80, -74.2,    5.0,   11.7,  -14.2,      1,   GPS,    ALT,  -0.0,   0.5,   3.9, 3DDiff, 3704,      ,     12,  15.5,     17
2018-08-27, 17:33:49,  -04:00,    GDM,   42.4635696,  -72.0531998,  7001.4, 30.03,  7326.8,  16.8, 143.43, 157.33,   -7.25,   0.51,  -0.12,   0.00,   0.00,   4.6,  11.7,  27.7,  28.8,   1.6,  23.19,  25.46,    15.90,  188.50,   52.54,  30.30, 2486.1,    0.73,  327.73,  359.36,  354.00,  337.45,  338.23,  338.41, 1447.84, 1505.22, 1473.79, 1459.90, 1450.28, 1452.92, 1529.65, 1525.32,  7231.0, 165,  GPS,   11.5, 110.60, 116.50, 123.750, 121.500, -0.000,       ,  21.77, -74.2,    4.9,   11.7,  -14.2,      1,   GPS,    ALT,  -0.0,   0.5,   3.9, 3DDiff, 3704,      ,     12,  15.5,     18
2018-08-27, 17:33:50,  -04:00,    GDM,   42.4642982,  -72.0532455,  7001.4, 30.03,  7326.2,  16.8, 143.43, 157.33,   -0.02,   0.49,  -0.05,  -0.00,  -0.01,   4.6,  11.7,  27.7,  28.8,   1.6,  23.20,  25.44,    15.85,  188.49,   52.56,  30.26, 2487.0,    0.73,  327.73,  359.34,  353.98,  337.44,  338.20,  338.44, 1448.12, 1504.94, 1474.15, 1458.53, 1450.49, 1452.32, 1528.67, 1525.49,  7230.3, 165,  GPS,   11.5, 110.60, 116.50, 123.750, 121.500, -0.000,       ,  21.75, -74.2,    4.9,   11.7,  -14.2,      1,   GPS,    ALT,  -0.0,   0.5,   3.9, 3DDiff, 3704,      ,     12,  15.5,     17
2018-08-27, 17:33:51,  -04:00,    GDM,   42.4650230,  -72.0532837,  7001.4, 30.03,  7326.4,  16.8, 143.32, 157.35,  -11.40,   0.51,   0.00,  -0.00,  -0.01,   4.6,  11.7,  27.7,  28.8,   1.6,  23.21,  25.43,    15.83,  188.49,   52.50,  30.29, 2485.7,    0.73,  327.70,  359.31,  354.01,  337.44,  338.14,  338.44, 1448.44, 1504.25, 1473.62, 1458.95, 1451.08, 1451.77, 1528.49, 1525.21,  7230.6, 165,  GPS,   11.5, 110.60, 116.50, 123.750, 121.500, -0.000,       ,  21.70, -74.2,    4.9,   11.7,  -14.2,      1,   GPS,    ALT,  -0.0,   0.5,  -3.9, 3DDiff, 3704,      ,     12,  15.5,     17
2018-08-27, 17:33:52,  -04:00,    GDM,   42.4657478,  -72.0533295,  7002.4, 30.03,  7326.7,  16.8, 143.40, 157.35,   -0.63,   0.55,  -0.05,   0.00,   0.00,   4.6,  11.7,  27.7,  28.8,   1.6,  23.21,  25.43,    15.91,  188.48,   52.53,  30.30, 2486.9,    0.73,  327.70,  359.33,  353.98,  337.43,  338.10,  338.44, 1449.29, 1505.30, 1473.77, 1461.04, 1451.15, 1451.66, 1529.79, 1525.91,  7230.9, 165,  GPS,   11.5, 110.60, 116.50, 123.750, 121.500, -0.000,       ,  21.70, -74.2,    4.8,   11.7,  -14.2,      1,   GPS,    ALT,  -0.0,   0.5,  -7.9, 3DDiff, 3704,      ,     12,  15.5,     17
2018-08-27, 17:33:53,  -04:00,    GDM,   42.4664803,  -72.0533752,  7001.4, 30.03,  7326.6,  16.8, 143.41, 157.35,    9.05,   0.49,  -0.07,   0.00,  -0.01,   4.6,  11.7,  27.7,  28.8,   1.6,  23.21,  25.42,    15.84,  188.47,   52.71,  30.33, 2486.2,    0.73,  327.70,  359.27,  354.01,  337.41,  338.05,  338.47, 1449.42, 1505.18, 1473.64, 1461.91, 1451.88, 1453.77, 1530.69, 1526.59,  7230.8, 165,  GPS,   11.5, 110.60, 116.50, 123.750, 121.500, -0.000,       ,  21.67, -74.2,    4.8,   11.7,  -14.2,      1,   GPS,    ALT,  -0.0,   0.5,  -3.9, 3DDiff, 3704,      ,     12,  15.5,     17
2018-08-27, 17:33:54,  -04:00,    GDM,   42.4672089,  -72.0534134,  7001.4, 30.03,  7326.2,  16.8, 143.41, 157.33,   -9.56,   0.53,  -0.07,  -0.00,  -0.00,   4.7,  11.7,  27.7,  28.8,   1.6,  23.21,  25.41,    15.85,  188.47,   52.70,  30.29, 2487.0,    0.73,  327.67,  359.29,  353.98,  337.41,  337.99,  338.44, 1449.12, 1504.74, 1473.10, 1461.28, 1452.14, 1454.30, 1529.97, 1526.23,  7230.4, 165,  GPS,   11.5, 110.60, 116.50, 123.750, 121.500, -0.000,       ,  21.65, -74.2,    4.7,   11.7,  -14.2,      1,   GPS,    ALT,  -0.0,   0.5, -19.7, 3DDiff, 3704,      ,     12,  15.5,     17
2018-08-27, 17:33:55,  -04:00,    GDM,   42.4679337,  -72.0534592,  7000.4, 30.03,  7325.8,  16.8, 143.36, 157.35,  -41.64,   0.58,  -0.08,   0.00,  -0.00,   4.7,  11.7,  27.7,  28.8,   1.6,  23.21,  25.40,    15.97,  188.44,   52.77,  30.34, 2485.7,    0.74,  327.66,  359.24,  353.98,  337.40,  337.96,  338.42, 1448.47, 1503.93, 1473.31, 1462.21, 1452.67, 1453.95, 1530.01, 1526.23,  7230.0, 165,  GPS,   11.5, 110.60, 116.50, 123.750, 121.500, -0.000,       ,  21.62, -74.1,    4.7,   11.7,  -14.2,      1,   GPS,    ALT,  -0.0,   0.6, -23.6, 3DDiff, 3704,      ,     12,  15.5,     18
2018-08-27, 17:33:56,  -04:00,    GDM,   42.4686623,  -72.0534973,  7001.4, 30.03,  7326.3,  16.8, 143.71, 157.35,  -10.83,   0.66,  -0.05,   0.00,   0.01,   4.8,  11.7,  27.7,  28.8,   1.6,  23.21,  25.39,    15.94,  188.43,   52.85,  30.30, 2485.7,    0.74,  327.64,  359.24,  353.95,  337.38,  337.89,  338.44, 1448.66, 1503.16, 1475.12, 1462.34, 1452.04, 1454.27, 1530.12, 1526.28,  7230.5, 166,  GPS,   11.5, 110.60, 116.50, 123.750, 121.500, -0.001,       ,  21.62, -74.1,    4.6,   11.7,  -14.2,      1,   GPS,    ALT,  -0.0,   0.6, -15.7, 3DDiff, 3704,      ,     12,  15.5,     17
2018-08-27, 17:33:57,  -04:00,    GDM,   42.4693871,  -72.0535431,  7001.4, 30.03,  7326.5,  16.8, 143.61, 157.32,   -3.31,   0.60,  -0.04,  -0.00,  -0.00,   4.8,  11.7,  27.7,  28.8,   1.6,  23.22,  25.38,    15.96,  188.43,   52.76,  30.32, 2487.3,    0.74,  327.63,  359.21,  353.95,  337.35,  337.83,  338.43, 1448.79, 1504.46, 1475.81, 1462.47, 1452.67, 1453.84, 1530.71, 1527.12,  7230.7, 166,  GPS,   11.5, 110.60, 116.50, 123.750, 121.500, -0.000,       ,  21.60, -74.1,    4.6,   11.7,  -14.2,      1,   GPS,    ALT,  -0.0,   0.6,  -3.9, 3DDiff, 3704,      ,     12,  15.5,     17
2018-08-27, 17:33:58,  -04:00,    GDM,   42.4701118,  -72.0535889,  6999.4, 30.03,  7325.9,  16.8, 143.51, 157.30,  -28.38,   0.60,  -0.04,   0.00,  -0.01,   4.8,  11.7,  27.7,  28.8,   1.6,  23.21,  25.38,    15.92,  188.44,   52.63,  30.33, 2485.2,    0.73,  327.63,  359.21,  353.90,  337.35,  337.78,  338.41, 1449.12, 1504.72, 1475.41, 1462.68, 1452.57, 1453.73, 1531.03, 1527.12,  7230.1, 166,  GPS,   11.5, 110.60, 116.50, 123.750, 121.500, -0.001,       ,  21.58, -74.1,    4.6,   11.7,  -14.2,      1,   GPS,    ALT,  -0.0,   0.6,  -7.9, 3DDiff, 3704,      ,     12,  15.5,     17
2018-08-27, 17:33:59,  -04:00,    GDM,   42.4708443,  -72.0536346,  6999.4, 30.03,  7325.8,  16.8, 143.46, 157.26,  -39.90,   0.70,  -0.05,   0.00,   0.01,   4.8,  11.7,  27.7,  28.8,   1.6,  23.19,  25.39,    15.96,  188.43,   52.59,  30.32, 2486.3,    0.74,  327.60,  359.18,  353.89,  337.35,  337.75,  338.41, 1448.53, 1504.33, 1475.77, 1461.02, 1453.39, 1453.30, 1530.22, 1526.82,  7230.0, 166,  GPS,   11.5, 110.60, 116.50, 123.750, 121.500, -0.000,       ,  21.56, -74.1,    4.5,   11.7,  -14.2,      1,   GPS,    ALT,  -0.0,   0.7,  -3.9, 3DDiff, 3704,      ,     12,  15.5,     17
2018-08-27, 17:34:00,  -04:00,    GDM,   42.4715691,  -72.0536728,  6999.4, 30.03,  7326.1,  16.8, 143.31, 157.22,  -26.16,   0.73,  -0.05,   0.00,  -0.00,   4.8,  11.7,  27.7,  28.8,   1.6,  23.18,  25.41,    15.95,  188.42,   52.65,  30.29, 2486.8,    0.74,  327.60,  359.20,  353.83,  337.35,  337.71,  338.41, 1448.98, 1504.35, 1476.21, 1461.57, 1454.05, 1453.69, 1530.40, 1527.20,  7230.3, 165,  GPS,   11.5, 110.60, 116.50, 123.750, 121.500, -0.001,       ,  21.54, -74.0,    4.5,   11.7,  -14.2,      1,   GPS,    ALT,  -0.0,   0.7,  11.8, 3DDiff, 3704,      ,     12,  15.5,     17
2018-08-27, 17:34:01,  -04:00,    GDM,   42.4722939,  -72.0537186,  6999.4, 30.03,  7326.4,  16.8, 143.22, 157.16,  -11.17,   0.75,  -0.08,  -0.00,  -0.00,   4.8,  11.7,  27.7,  28.8,   1.6,  23.17,  25.42,    15.82,  188.41,   52.70,  30.32, 2486.4,    0.73,  327.60,  359.18,  353.82,  337.32,  337.67,  338.41, 1448.53, 1504.19, 1476.33, 1461.85, 1454.20, 1455.13, 1530.56, 1527.26,  7230.6, 165,  GPS,   11.5, 110.60, 116.50, 123.750, 121.500, -0.001,       ,  21.52, -74.0,    4.4,   11.7,  -14.2,      1,   GPS,    ALT,  -0.0,   0.7,  19.7, 3DDiff, 3704,      ,     12,  15.5,     18
2018-08-27, 17:34:02,  -04:00,    GDM,   42.4730186,  -72.0537643,  7000.4, 30.03,  7326.1,  16.8, 143.16, 157.10,   -6.95,   0.77,  -0.11,   0.00,  -0.00,   4.8,  11.7,  27.7,  28.8,   1.6,  23.16,  25.43,    15.85,  188.40,   52.68,  30.30, 2481.4,    0.73,  327.58,  359.15,  353.76,  337.30,  337.63,  338.41, 1448.58, 1503.08, 1476.28, 1461.04, 1454.05, 1455.28, 1529.82, 1526.93,  7230.3, 165,  GPS,   11.5, 110.60, 116.50, 123.750, 121.500, -0.000,       ,  21.50, -73.9,    4.4,   11.7,  -14.2,      1,   GPS,    ALT,  -0.0,   0.8,  15.7, 3DDiff, 3704,      ,     12,  15.5,     17
2018-08-27, 17:34:03,  -04:00,    GDM,   42.4737511,  -72.0538025,  7000.4, 30.03,  7325.9,  16.8, 143.07, 157.04,   -4.57,   0.77,  -0.12,   0.00,   0.00,   4.8,  11.7,  27.7,  28.8,   1.6,  23.15,  25.43,    15.83,  188.36,   52.48,  30.23, 2481.9,    0.73,  327.58,  359.15,  353.70,  337.31,  337.58,  338.38, 1448.21, 1503.06, 1475.01, 1460.72, 1453.50, 1454.52, 1529.39, 1525.83,  7230.1, 165,  GPS,   11.5, 110.60, 116.50, 123.750, 121.500, -0.001,       ,  21.47, -73.9,    4.3,   11.7,  -14.2,      1,   GPS,    ALT,  -0.0,   0.8,  11.8, 3DDiff, 3704,      ,     12,  15.5,     17
2018-08-27, 17:34:04,  -04:00,    GDM,   42.4744797,  -72.0538483,  7001.4, 30.03,  7326.8,  16.8, 143.21, 156.95,   10.66,   0.75,  -0.10,  -0.00,  -0.00,   4.9,  11.7,  27.7,  28.8,   1.6,  23.14,  25.44,    15.84,  188.36,   52.86,  30.23, 2483.7,    0.73,  327.57,  359.12,  353.65,  337.29,  337.56,  338.35, 1447.05, 1502.58, 1474.37, 1460.97, 1453.98, 1454.05, 1529.68, 1524.80,  7231.0, 165,  GPS,   11.5, 110.60, 116.50, 123.750, 121.500, -0.001,       ,  21.45, -73.9,    4.3,   11.7,  -14.2,      1,   GPS,    ALT,  -0.0,   0.8,  11.8, 3DDiff, 3704,      ,     12,  15.5,     17
2018-08-27, 17:34:05,  -04:00,    GDM,   42.4752007,  -72.0538940,  7001.4, 30.03,  7327.0,  16.8, 143.09, 156.89,   21.39,   0.70,  -0.09,   0.00,  -0.02,   4.9,  11.7,  27.7,  28.8,   1.6,  23.15,  25.43,    15.83,  188.34,   52.76,  30.26, 2485.4,    0.73,  327.57,  359.12,  353.59,  337.28,  337.51,  338.34, 1446.27, 1503.64, 1474.68, 1459.62, 1454.97, 1454.87, 1530.07, 1525.62,  7231.2, 165,  GPS,   11.5, 110.60, 116.50, 123.750, 121.500, -0.001,       ,  21.43, -73.8,    4.2,   11.7,  -14.2,      1,   GPS,    ALT,  -0.0,   0.7,  11.8, 3DDiff, 3704,      ,     12,  15.5,     17
2018-08-27, 17:34:06,  -04:00,    GDM,   42.4759254,  -72.0539322,  7001.4, 30.03,  7327.0,  16.8, 143.00, 156.83,    6.90,   0.69,  -0.04,   0.01,   0.00,   4.9,  11.7,  27.7,  28.8,   1.6,  23.15,  25.43,    15.89,  188.35,   52.89,  30.29, 2485.1,    0.73,  327.55,  359.12,  353.55,  337.28,  337.47,  338.32, 1446.54, 1504.03, 1473.60, 1459.47, 1456.17, 1454.58, 1530.08, 1525.66,  7231.2, 165,  GPS,   11.5, 110.60, 116.50, 123.750, 121.500, -0.001,       ,  21.40, -73.8,    4.2,   11.7,  -14.2,      1,   GPS,    ALT,  -0.0,   0.7,   0.0, 3DDiff, 3704,      ,     12,  15.5,     18
2018-08-27, 17:34:07,  -04:00,    GDM,   42.4766541,  -72.0539780,  7001.4, 30.03,  7327.1,  16.8, 143.02, 156.79,    3.61,   0.67,  -0.03,  -0.00,  -0.00,   4.9,  11.7,  27.7,  28.8,   1.6,  23.14,  25.43,    15.85,  188.36,   52.84,  30.28, 2486.2,    0.73,  327.55,  359.11,  353.49,  337.26,  337.44,  338.31, 1447.28, 1503.59, 1474.59, 1459.71, 1455.73, 1455.70, 1530.07, 1526.16,  7231.3, 165,  GPS,   11.5, 110.60, 116.50, 123.750, 121.500, -0.001,       ,  21.38, -73.7,    4.2,   11.7,  -14.2,      1,   GPS,    ALT,  -0.1,   0.7,   3.9, 3DDiff, 3704,      ,     12,  15.5,     18
2018-08-27, 17:34:08,  -04:00,    GDM,   42.4773788,  -72.0540161,  7001.4, 30.03,  7327.8,  16.8, 143.04, 156.77,   -4.91,   0.69,  -0.02,  -0.00,  -0.00,   4.9,  11.7,  27.7,  28.8,   1.6,  23.14,  25.43,    15.88,  188.37,   52.81,  30.26, 2486.2,    0.73,  327.54,  359.09,  353.42,  337.23,  337.40,  338.28, 1447.19, 1503.08, 1474.18, 1458.90, 1454.88, 1455.83, 1529.62, 1525.60,  7232.0, 165,  GPS,   11.5, 110.60, 116.50, 123.750, 121.500, -0.001,       ,  21.33, -73.7,    4.1,   11.7,  -14.2,      1,   GPS,    ALT,  -0.1,   0.7,   3.9, 3DDiff, 3704,      ,     12,  15.5,     17
2018-08-27, 17:34:09,  -04:00,    GDM,   42.4780998,  -72.0540543,  7001.4, 30.03,  7328.2,  16.8, 143.00, 156.73,    2.53,   0.67,  -0.01,   0.01,  -0.00,   4.9,  11.7,  27.7,  28.8,   1.6,  23.13,  25.44,    15.88,  188.34,   52.68,  30.30, 2485.0,    0.73,  327.54,  359.09,  353.37,  337.23,  337.32,  338.26, 1447.26, 1504.18, 1474.06, 1459.59, 1453.91, 1454.73, 1530.11, 1525.66,  7232.3, 165,  GPS,   11.5, 110.60, 116.50, 123.750, 121.500, -0.001,       ,  21.33, -73.7,    4.1,   11.7,  -14.2,      1,   GPS,    ALT,  -0.1,   0.7,   7.9, 3DDiff, 3704,      ,     12,  15.5,     17
2018-08-27, 17:34:10,  -04:00,    GDM,   42.4788284,  -72.0541000,  7002.4, 30.03,  7327.7,  16.8, 143.02, 156.73,   18.65,   0.63,  -0.04,   0.00,   0.00,   4.9,  11.8,  27.7,  28.8,   1.6,  23.12,  25.44,    15.84,  188.34,   52.63,  30.25, 2485.3,    0.73,  327.54,  359.08,  353.31,  337.25,  337.29,  338.24, 1447.65, 1504.07, 1473.32, 1459.87, 1453.97, 1454.24, 1530.09, 1525.53,  7231.8, 165,  GPS,   11.5, 110.60, 116.50, 123.750, 121.500, -0.001,       ,  21.30, -73.6,    4.0,   11.7,  -14.2,      1,   GPS,    ALT,  -0.1,   0.6,   0.0, 3DDiff, 3704,      ,     12,  15.5,     17
2018-08-27, 17:34:11,  -04:00,    GDM,   42.4795570,  -72.0541382,  7000.4, 30.03,  7327.6,  16.8, 142.86, 156.71,  -15.48,   0.62,  -0.12,  -0.01,   0.00,   4.9,  11.8,  27.7,  28.8,   1.6,  23.11,  25.45,    15.84,  188.33,   52.73,  30.27, 2482.8,    0.73,  327.51,  359.06,  353.25,  337.22,  337.25,  338.23, 1448.51, 1505.46, 1473.26, 1460.68, 1453.72, 1453.46, 1530.41, 1526.06,  7231.8, 165,  GPS,   11.5, 110.60, 116.50, 123.750, 121.500, -0.001,       ,  21.27, -73.6,    4.0,   11.7,  -14.2,      1,   GPS,    ALT,  -0.1,   0.6,  -7.9, 3DDiff, 3704,      ,     12,  15.5,     17
2018-08-27, 17:34:12,  -04:00,    GDM,   42.4802780,  -72.0541763,  7001.4, 30.03,  7327.4,  16.8, 143.01, 156.71,   -9.79,   0.64,  -0.13,   0.00,  -0.01,   4.8,  11.8,  27.7,  28.8,   1.6,  23.10,  25.45,    15.90,  188.32,   52.72,  30.28, 2487.0,    0.73,  327.51,  359.05,  353.22,  337.20,  337.22,  338.23, 1449.19, 1505.25, 1474.02, 1460.81, 1454.14, 1453.30, 1531.00, 1527.08,  7231.6, 165,  GPS,   11.5, 110.60, 116.50, 123.750, 121.500, -0.001,       ,  21.25, -73.5,    3.9,   11.7,  -14.2,      1,   GPS,    ALT,  -0.1,   0.6, -11.8, 3DDiff, 3704,      ,     12,  15.5,     17
2018-08-27, 17:34:13,  -04:00,    GDM,   42.4810028,  -72.0542221,  7001.4, 30.03,  7327.5,  16.8, 143.00, 156.71,   -2.77,   0.63,  -0.09,   0.00,   0.00,   4.8,  11.8,  27.7,  28.8,   1.6,  23.10,  25.45,    15.88,  188.31,   52.78,  30.28, 2487.3,    0.73,  327.49,  359.03,  353.18,  337.19,  337.19,  338.23, 1448.71, 1503.73, 1473.58, 1460.78, 1454.46, 1454.58, 1530.32, 1526.43,  7231.6, 165,  GPS,   11.5, 110.60, 116.50, 123.750, 121.500, -0.001,       ,  21.23, -73.5,    3.9,   11.7,  -14.2,      1,   GPS,    ALT,  -0.1,   0.6,   0.0, 3DDiff, 3704,      ,     12,  15.5,     18
2018-08-27, 17:34:14,  -04:00,    GDM,   42.4817276,  -72.0542603,  7001.4, 30.03,  7326.7,  16.8, 143.01, 156.69,   -4.82,   0.62,  -0.11,  -0.00,   0.00,   4.9,  11.8,  27.7,  28.8,   1.6,  23.09,  25.45,    15.89,  188.31,   52.76,  30.27, 2487.1,    0.73,  327.51,  359.02,  353.15,  337.19,  337.16,  338.18, 1448.01, 1503.28, 1474.21, 1460.17, 1454.33, 1455.01, 1529.90, 1526.09,  7230.9, 165,  GPS,   11.5, 110.60, 116.50, 123.750, 121.500, -0.001,       ,  21.21, -73.4,    3.9,   11.7,  -14.2,      1,   GPS,    ALT,  -0.1,   0.6,  -7.9, 3DDiff, 3704,      ,     12,  15.5,     17
2018-08-27, 17:34:15,  -04:00,    GDM,   42.4824524,  -72.0543060,  7002.4, 30.03,  7326.5,  16.8, 143.20, 156.69,    3.77,   0.57,  -0.13,  -0.01,  -0.01,   4.9,  11.8,  27.7,  28.8,   1.6,  23.09,  25.44,    15.85,  188.31,   52.85,  30.30, 2487.3,    0.73,  327.51,  359.02,  353.09,  337.19,  337.10,  338.17, 1448.50, 1503.77, 1474.00, 1460.51, 1454.21, 1454.63, 1530.44, 1525.99,  7230.7, 165,  GPS,   11.5, 110.60, 116.50, 123.750, 121.500, -0.001,       ,  21.19, -73.4,    3.8,   11.7,  -14.2,      1,   GPS,    ALT,  -0.1,   0.6, -11.8, 3DDiff, 3704,      ,     12,  15.5,     17
2018-08-27, 17:34:16,  -04:00,    GDM,   42.4831772,  -72.0543518,  7001.4, 30.03,  7326.5,  16.8, 143.23, 156.69,  -10.59,   0.57,  -0.08,   0.00,  -0.00,   5.0,  11.8,  27.7,  28.8,   1.6,  23.10,  25.43,    15.92,  188.32,   52.92,  30.31, 2485.5,    0.73,  327.50,  359.02,  353.06,  337.16,  337.08,  338.17, 1448.52, 1504.35, 1474.69, 1462.11, 1453.57, 1454.58, 1531.35, 1525.61,  7230.7, 165,  GPS,   11.5, 110.60, 116.50, 123.750, 121.500, -0.001,       ,  21.18, -73.3,    3.8,   11.7,  -14.2,      1,   GPS,    ALT,  -0.1,   0.6, -15.7, 3DDiff, 3704,      ,     12,  15.5,     17
2018-08-27, 17:34:17,  -04:00,    GDM,   42.4839020,  -72.0543900,  7001.4, 30.03,  7326.2,  16.8, 143.23, 156.69,  -17.35,   0.58,  -0.14,   0.00,   0.01,   5.0,  11.6,  27.7,  28.8,   1.6,  23.09,  25.43,    15.90,  188.32,   52.93,  30.29, 2489.3,    0.73,  327.50,  359.00,  353.01,  337.16,  337.07,  338.16, 1448.11, 1504.34, 1473.80, 1461.04, 1452.81, 1454.34, 1530.41, 1525.40,  7230.3, 165,  GPS,   11.5, 110.60, 116.50, 123.750, 121.500, -0.001,       ,  21.17, -73.3,    3.7,   11.7,  -14.2,      1,   GPS,    ALT,  -0.1,   0.6, -15.7, 3DDiff, 3704,      ,     12,  15.5,     17
2018-08-27, 17:34:18,  -04:00,    GDM,   42.4846230,  -72.0544357,  7001.4, 30.03,  7326.1,  16.8, 143.21, 156.69,  -23.39,   0.56,  -0.11,  -0.00,  -0.00,   5.0,  11.7,  27.7,  28.8,   1.6,  23.09,  25.44,    15.87,  188.31,   52.87,  30.31, 2486.2,    0.73,  327.46,  358.99,  353.00,  337.16,  337.04,  338.14, 1448.76, 1504.28, 1474.31, 1459.80, 1452.29, 1453.90, 1530.20, 1525.63,  7230.3, 165,  GPS,   11.5, 110.60, 116.50, 123.750, 121.500, -0.001,       ,  21.16, -73.2,    3.7,   11.7,  -14.2,      1,   GPS,    ALT,  -0.1,   0.6,  -7.9, 3DDiff, 3704,      ,     12,  15.5,     17
2018-08-27, 17:34:19,  -04:00,    GDM,   42.4853516,  -72.0544739,  7001.4, 30.03,  7326.0,  16.8, 143.17, 156.69,  -13.19,   0.54,  -0.05,   0.00,  -0.01,   5.0,  11.7,  27.7,  28.8,   1.6,  23.08,  25.44,    15.84,  188.30,   52.68,  30.32, 2486.2,    0.73,  327.48,  358.99,  352.97,  337.14,  337.06,  338.14, 1449.29, 1505.37, 1474.66, 1458.56, 1452.01, 1453.13, 1530.07, 1526.24,  7230.2, 165,  GPS,   11.5, 110.60, 116.50, 123.750, 121.500, -0.001,       ,  21.15, -73.2,    3.6,   11.7,  -14.2,      1,   GPS,    ALT,  -0.1,   0.6,  -3.9, 3DDiff, 3704,      ,     12,  15.5,     18
2018-08-27, 17:34:20,  -04:00,    GDM,   42.4860725,  -72.0545120,  7000.4, 30.03,  7326.3,  16.8, 143.07, 156.69,  -21.91,   0.56,  -0.01,   0.01,   0.00,   5.0,  11.8,  27.7,  28.8,   1.6,  23.06,  25.46,    15.84,  188.27,   52.75,  30.31, 2485.8,    0.73,  327.48,  358.96,  352.94,  337.16,  337.04,  338.11, 1449.26, 1505.72, 1474.11, 1459.01, 1451.42, 1453.28, 1530.64, 1525.59,  7230.8, 165,  GPS,   11.5, 110.60, 116.50, 123.750, 121.500, -0.001,       ,  21.13, -73.1,    3.6,   11.6,  -14.2,      1,   GPS,    ALT,  -0.1,   0.5,  -7.9, 3DDiff, 3704,      ,     12,  15.5,     17
2018-08-27, 17:34:21,  -04:00,    GDM,   42.4868011,  -72.0545578,  7000.4, 30.03,  7326.3,  16.8, 142.92, 156.73,  -24.08,   0.57,  -0.08,   0.00,   0.00,   5.0,  11.8,  27.7,  28.8,   1.6,  23.03,  25.48,    15.88,  188.25,   52.73,  30.30, 2487.3,    0.73,  327.48,  358.96,  352.94,  337.13,  337.07,  338.11, 1448.73, 1505.98, 1474.02, 1460.46, 1450.68, 1453.50, 1531.78, 1525.46,  7230.7, 165,  GPS,   11.5, 110.60, 116.50, 123.750, 121.500, -0.001,       ,  21.12, -73.0,    3.5,   11.6,  -14.2,      1,   GPS,    ALT,  -0.1,   0.6,  -7.9, 3DDiff, 3704,      ,     12,  15.5,     17
2018-08-27, 17:34:22,  -04:00,    GDM,   42.4875221,  -72.0545959,  7000.4, 30.03,  7325.9,  16.8, 142.97, 156.75,  -10.98,   0.56,  -0.15,  -0.01,  -0.01,   4.9,  11.8,  27.7,  28.8,   1.6,  23.01,  25.51,    15.90,  188.23,   52.67,  30.31, 2486.0,    0.73,  327.48,  358.96,  352.94,  337.16,  337.10,  338.09, 1447.37, 1506.05, 1474.24, 1460.97, 1451.24, 1453.81, 1531.25, 1525.12,  7230.3, 165,  GPS,   11.5, 110.60, 116.50, 123.750, 121.500, -0.001,       ,  21.10, -73.0,    3.5,   11.6,  -14.2,      1,   GPS,    ALT,  -0.1,   0.6,  -3.9, 3DDiff, 3704,      ,     12,  15.5,     17
2018-08-27, 17:34:23,  -04:00,    GDM,   42.4882507,  -72.0546417,  7001.4, 30.03,  7326.0,  16.8, 142.96, 156.77,    3.64,   0.56,  -0.16,   0.00,  -0.01,   4.9,  11.8,  27.7,  28.8,   1.6,  22.99,  25.52,    15.92,  188.22,   52.72,  30.31, 2484.6,    0.73,  327.48,  358.93,  352.94,  337.14,  337.16,  338.08, 1447.48, 1504.84, 1474.78, 1460.77, 1451.26, 1454.13, 1530.81, 1525.69,  7230.4, 165,  GPS,   11.5, 110.60, 116.50, 123.750, 121.500, -0.001,       ,  21.09, -72.9,    3.5,   11.6,  -14.2,      1,   GPS,    ALT,  -0.1,   0.6,  -3.9, 3DDiff, 3704,      ,     12,  15.5,     17
2018-08-27, 17:34:24,  -04:00,    GDM,   42.4889755,  -72.0546799,  7000.4, 30.03,  7325.8,  16.8, 142.82, 156.87,   -5.06,   0.54,  -0.16,   0.00,   0.00,   4.9,  11.8,  27.7,  28.8,   1.6,  22.98,  25.53,    15.88,  188.23,   52.71,  30.30, 2487.0,    0.73,  327.48,  358.92,  352.94,  337.13,  337.22,  338.06, 1447.25, 1505.38, 1474.05, 1461.70, 1450.33, 1454.75, 1531.75, 1524.43,  7230.2, 165,  GPS,   11.5, 110.60, 116.50, 123.750, 121.500, -0.002,       ,  21.08, -72.8,    3.4,   11.6,  -14.2,      1,   GPS,    ALT,  -0.1,   0.5, -11.8, 3DDiff, 3704,      ,     12,  15.5,     17
2018-08-27, 17:34:25,  -04:00,    GDM,   42.4897003,  -72.0547180,  7000.4, 30.03,  7325.6,  16.8, 142.79, 156.83,  -18.73,   0.54,  -0.18,  -0.00,  -0.00,   4.8,  11.8,  27.7,  28.8,   1.6,  22.97,  25.53,    15.86,  188.23,   52.88,  30.29, 2487.1,    0.73,  327.45,  358.92,  352.97,  337.13,  337.31,  338.07, 1448.10, 1505.38, 1474.59, 1462.17, 1450.40, 1454.85, 1531.70, 1525.47,  7230.0, 165,  GPS,   11.5, 110.60, 116.50, 123.750, 121.500, -0.002,       ,  21.07, -72.8,    3.4,   11.6,  -14.2,      1,   GPS,    ALT,  -0.1,   0.6, -15.7, 3DDiff, 3704,      ,     12,  15.5,     18
2018-08-27, 17:34:26,  -04:00,    GDM,   42.4904251,  -72.0547638,  7000.4, 30.03,  7324.8,  16.8, 142.78, 156.83,  -10.04,   0.59,  -0.18,   0.00,  -0.00,   4.8,  11.8,  27.7,  28.8,   1.6,  22.97,  25.53,    15.89,  188.24,   52.86,  30.31, 2487.2,    0.73,  327.45,  358.93,  352.97,  337.13,  337.43,  338.02, 1448.05, 1505.02, 1475.38, 1462.77, 1449.39, 1455.46, 1532.21, 1525.82,  7229.2, 165,  GPS,   11.5, 110.60, 116.50, 123.750, 121.500, -0.001,       ,  21.06, -72.8,    3.3,   11.6,  -14.2,      1,   GPS,    ALT,  -0.1,   0.6, -11.8, 3DDiff, 3704,      ,     12,  15.5,     17
2018-08-27, 17:34:27,  -04:00,    GDM,   42.4911537,  -72.0548096,  7000.4, 30.03,  7324.4,  16.8, 142.71, 156.85,  -18.50,   0.62,  -0.19,   0.00,  -0.00,   4.7,  11.8,  27.7,  28.8,   1.6,  22.97,  25.52,    15.90,  188.24,   52.90,  30.29, 2487.1,    0.73,  327.45,  358.90,  353.00,  337.13,  337.60,  338.02, 1448.06, 1505.13, 1474.65, 1461.72, 1450.02, 1455.13, 1531.17, 1526.08,  7228.8, 165,  GPS,   11.5, 110.60, 116.50, 123.750, 121.500, -0.002,       ,  21.05, -72.8,    3.3,   11.6,  -14.2,      1,   GPS,    ALT,  -0.1,   0.6, -11.8, 3DDiff, 3704,      ,     12,  15.5,     17
2018-08-27, 17:34:28,  -04:00,    GDM,   42.4918785,  -72.0548477,  7001.4, 30.03,  7324.8,  16.8, 142.75, 156.85,   -5.02,   0.67,  -0.19,  -0.00,   0.00,   4.7,  11.7,  27.7,  28.8,   1.6,  22.97,  25.51,    15.90,  188.26,   52.82,  30.25, 2486.4,    0.73,  327.48,  358.90,  353.02,  337.10,  337.74,  337.99, 1448.50, 1504.57, 1474.82, 1461.35, 1451.29, 1455.24, 1530.72, 1526.17,  7229.2, 165,  GPS,   11.5, 110.60, 116.50, 123.750, 121.500, -0.002,       ,  21.05, -72.8,    3.2,   11.6,  -14.2,      1,   GPS,    ALT,  -0.1,   0.6, -11.8, 3DDiff, 3704,      ,     12,  15.5,     17
2018-08-27, 17:34:29,  -04:00,    GDM,   42.4926033,  -72.0548935,  7000.4, 30.03,  7324.6,  16.8, 142.62, 156.83,   -9.90,   0.62,  -0.14,  -0.01,  -0.01,   4.7,  11.7,  27.7,  28.8,   1.6,  22.98,  25.50,    15.87,  188.25,   52.90,  30.30, 2486.5,    0.73,  327.45,  358.88,  353.03,  337.10,  337.92,  338.01, 1449.03, 1504.54, 1474.84, 1461.97, 1451.13, 1455.50, 1530.93, 1527.22,  7229.1, 165,  GPS,   11.5, 110.60, 116.50, 123.750, 121.500, -0.002,       ,  21.05, -72.8,    3.2,   11.6,  -14.2,      1,   GPS,    ALT,  -0.1,   0.6,  -7.9, 3DDiff, 3704,      ,     12,  15.5,     17
2018-08-27, 17:34:30,  -04:00,    GDM,   42.4933243,  -72.0549393,  7000.4, 30.03,  7324.2,  16.8, 142.67, 156.85,  -13.35,   0.66,  -0.12,   0.00,  -0.00,   4.7,  11.7,  27.7,  28.8,   1.6,  22.98,  25.49,    15.83,  188.25,   52.83,  30.30, 2486.1,    0.73,  327.43,  358.87,  353.06,  337.10,  338.10,  337.99, 1447.97, 1505.29, 1474.32, 1462.52, 1449.80, 1456.41, 1531.86, 1525.99,  7228.6, 165,  GPS,   11.5, 110.60, 116.50, 123.750, 121.500, -0.002,       ,  21.05, -72.8,    3.2,   11.6,  -14.2,      1,   GPS,    ALT,  -0.1,   0.6, -19.7, 3DDiff, 3704,      ,     12,  15.5,     17
2018-08-27, 17:34:31,  -04:00,    GDM,   42.4940529,  -72.0549774,  7000.4, 30.03,  7323.8,  16.8, 142.50, 156.83,  -23.12,   0.69,  -0.11,   0.00,   0.01,   4.6,  11.7,  27.7,  28.8,   1.6,  22.99,  25.48,    15.83,  188.23,   52.87,  30.26, 2486.7,    0.73,  327.42,  358.86,  353.09,  337.08,  338.28,  337.99, 1447.19, 1504.96, 1474.56, 1461.16, 1449.30, 1454.17, 1530.37, 1525.49,  7228.3, 164,  GPS,   11.5, 110.60, 116.50, 123.750, 121.500, -0.002,       ,  21.05, -72.9,    3.1,   11.6,  -14.2,      1,   GPS,    ALT,  -0.1,   0.7, -19.7, 3DDiff, 3704,      ,     12,  15.5,     18
2018-08-27, 17:34:32,  -04:00,    GDM,   42.4947777,  -72.0550232,  7000.4, 30.03,  7324.2,  16.8, 142.51, 156.83,  -13.03,   0.70,  -0.12,  -0.00,  -0.00,   4.6,  11.7,  27.7,  28.8,   1.6,  22.99,  25.47,    15.78,  188.25,   52.70,  30.25, 2486.7,    0.73,  327.44,  358.85,  353.09,  337.07,  338.44,  337.99, 1448.07, 1504.92, 1474.46, 1462.42, 1449.20, 1453.84, 1530.38, 1525.54,  7228.6, 164,  GPS,   11.5, 110.60, 116.50, 123.750, 121.500, -0.002,       ,  21.05, -72.9,    3.1,   11.6,  -14.2,      1,   GPS,    ALT,  -0.1,   0.7, -19.7, 3DDiff, 3704,      ,     12,  15.5,     17
2018-08-27, 17:34:33,  -04:00,    GDM,   42.4955025,  -72.0550690,  6999.4, 30.03,  7324.2,  16.8, 142.46, 156.81,  -21.66,   0.75,  -0.12,   0.00,   0.00,   4.6,  11.7,  27.7,  28.8,   1.6,  22.99,  25.47,    15.80,  188.23,   52.74,  30.26, 2486.2,    0.73,  327.43,  358.82,  353.12,  337.07,  338.62,  337.99, 1447.37, 1504.92, 1474.76, 1460.83, 1449.28, 1453.59, 1530.05, 1525.81,  7228.7, 164,  GPS,   11.5, 110.60, 116.50, 123.750, 121.500, -0.002,       ,  21.06, -73.0,    3.0,   11.6,  -14.2,      1,   GPS,    ALT,  -0.1,   0.7, -15.7, 3DDiff, 3704,      ,     12,  15.5,     17
2018-08-27, 17:34:34,  -04:00,    GDM,   42.4962273,  -72.0551071,  7000.4, 30.03,  7323.6,  16.8, 142.45, 156.79,  -12.33,   0.78,  -0.10,   0.00,   0.00,   4.6,  11.5,  27.7,  28.8,   1.6,  23.00,  25.45,    15.82,  188.23,   52.63,  30.28, 2483.4,    0.73,  327.42,  358.81,  353.13,  337.07,  338.77,  337.99, 1447.38, 1505.17, 1475.03, 1460.24, 1449.89, 1453.15, 1530.09, 1525.87,  7228.0, 164,  GPS,   11.5, 110.60, 116.50, 123.750, 121.500, -0.002,       ,  21.07, -73.0,    3.0,   11.6,  -14.2,      1,   GPS,    ALT,  -0.1,   0.8, -11.8, 3DDiff, 3704,      ,     12,  15.5,     17
2018-08-27, 17:34:35,  -04:00,    GDM,   42.4969559,  -72.0551529,  6999.4, 30.03,  7323.4,  16.8, 142.37, 156.75,  -25.91,   0.81,  -0.14,   0.00,   0.01,   4.6,  11.6,  27.7,  28.8,   1.6,  23.01,  25.45,    15.82,  188.22,   52.79,  30.26, 2486.1,    0.73,  327.42,  358.79,  353.15,  337.07,  338.90,  337.99, 1448.50, 1505.60, 1474.56, 1461.03, 1449.92, 1453.40, 1530.40, 1526.15,  7227.9, 164,  GPS,   11.5, 110.60, 116.50, 123.750, 121.500, -0.002,       ,  21.07, -73.1,    2.9,   11.6,  -14.2,      1,   GPS,    ALT,  -0.1,   0.8, -11.8, 3DDiff, 3704,      ,     12,  15.5,     17
2018-08-27, 17:34:36,  -04:00,    GDM,   42.4976807,  -72.0551987,  6999.4, 30.03,  7323.3,  16.8, 142.40, 156.71,  -24.09,   0.83,  -0.18,  -0.00,   0.00,   4.6,  11.6,  27.7,  28.8,   1.6,  23.01,  25.44,    15.69,  188.22,   52.67,  30.23, 2485.5,    0.72,  327.39,  358.80,  353.15,  337.07,  339.02,  338.02, 1448.50, 1504.69, 1474.99, 1460.29, 1450.34, 1453.60, 1530.01, 1526.57,  7227.7, 164,  GPS,   11.5, 110.60, 116.50, 123.750, 121.500, -0.002,       ,  21.08, -73.2,    2.9,   11.6,  -14.2,      1,   GPS,    ALT,  -0.1,   0.8,  -7.9, 3DDiff, 3704,      ,     12,  15.5,     17
2018-08-27, 17:34:37,  -04:00,    GDM,   42.4984055,  -72.0552444,  6999.4, 30.03,  7323.2,  16.8, 142.52, 156.65,  -13.92,   0.86,  -0.13,   0.00,  -0.00,   4.7,  11.6,  27.7,  28.8,   1.6,  23.02,  25.42,    15.81,  188.22,   52.61,  30.26, 2482.6,    0.73,  327.39,  358.75,  353.18,  337.07,  339.13,  337.99, 1448.23, 1504.76, 1474.79, 1460.63, 1450.89, 1453.76, 1530.14, 1526.80,  7227.6, 164,  GPS,   11.5, 110.60, 116.50, 123.750, 121.500, -0.002,       ,  21.09, -73.3,    2.9,   11.6,  -14.2,      1,   GPS,    ALT,  -0.0,   0.8,  -7.9, 3DDiff, 3704,      ,     12,  15.5,     18
2018-08-27, 17:34:38,  -04:00,    GDM,   42.4991264,  -72.0552826,  6999.4, 30.03,  7322.5,  16.8, 142.57, 156.60,  -13.20,   0.85,   0.00,   0.00,   0.01,   4.8,  11.6,  27.7,  28.8,   1.6,  23.03,  25.40,    15.86,  188.26,   52.90,  30.24, 2485.6,    0.73,  327.39,  358.75,  353.21,  337.04,  339.20,  337.96, 1447.71, 1504.78, 1474.43, 1460.97, 1451.00, 1454.17, 1530.48, 1526.02,  7226.9, 165,  GPS,   11.5, 110.60, 116.50, 123.750, 121.500, -0.002,       ,  21.09, -73.4,    2.8,   11.6,  -14.2,      1,   GPS,    ALT,  -0.0,   0.9,  -3.9, 3DDiff, 3704,      ,     12,  15.5,     17
2018-08-27, 17:34:39,  -04:00,    GDM,   42.4998512,  -72.0553284,  6998.4, 30.03,  7322.9,  16.8, 142.44, 156.52,  -28.40,   0.89,   0.04,  -0.00,   0.01,   4.8,  11.6,  27.7,  28.8,   1.6,  23.05,  25.39,    15.87,  188.26,   52.92,  30.22, 2484.5,    0.73,  327.39,  358.72,  353.21,  337.05,  339.29,  337.98, 1447.98, 1504.23, 1474.51, 1460.69, 1451.43, 1454.03, 1529.79, 1526.29,  7227.4, 164,  GPS,   11.5, 110.60, 116.50, 123.750, 121.500, -0.002,       ,  21.10, -73.4,    2.8,   11.6,  -14.2,      1,   GPS,    ALT,  -0.0,   0.9,   3.9, 3DDiff, 3704,      ,     12,  15.5,     17
2018-08-27, 17:34:40,  -04:00,    GDM,   42.5005722,  -72.0553665,  6998.4, 30.03,  7323.7,  16.8, 142.39, 156.46,  -19.50,   0.93,   0.08,   0.00,   0.01,   4.8,  11.6,  27.7,  28.8,   1.6,  23.04,  25.40,    15.90,  188.26,   52.75,  30.24, 2484.7,    0.73,  327.39,  358.72,  353.21,  337.04,  339.36,  337.96, 1447.70, 1503.38, 1474.45, 1459.83, 1451.52, 1453.84, 1529.40, 1525.72,  7228.1, 164,  GPS,   11.5, 110.60, 116.50, 123.750, 121.500, -0.002,       ,  21.10, -73.5,    2.7,   11.6,  -14.2,      1,   GPS,    ALT,  -0.0,   0.9,  15.7, 3DDiff, 3704,      ,     12,  15.5,     17
2018-08-27, 17:34:41,  -04:00,    GDM,   42.5012970,  -72.0554199,  6998.4, 30.03,  7324.3,  16.8, 142.30, 156.38,  -17.61,   0.92,   0.02,  -0.00,   0.00,   4.8,  11.6,  27.7,  28.8,   1.6,  23.02,  25.41,    15.83,  188.26,   52.77,  30.28, 2486.4,    0.73,  327.37,  358.69,  353.22,  337.03,  339.39,  337.96, 1449.87, 1504.19, 1474.10, 1460.13, 1451.76, 1455.32, 1529.93, 1526.69,  7228.7, 164,  GPS,   11.5, 110.60, 116.50, 123.750, 121.500, -0.002,       ,  21.10, -73.6,    2.7,   11.6,  -14.2,      1,   GPS,    ALT,  -0.0,   0.9,  27.6, 3DDiff, 3704,      ,     12,  15.5,     17
2018-08-27, 17:34:42,  -04:00,    GDM,   42.5020218,  -72.0554581,  6999.4, 30.03,  7324.8,  16.8, 142.25, 156.30,   -5.59,   0.96,  -0.04,  -0.00,  -0.00,   4.8,  11.7,  27.7,  28.8,   1.6,  23.01,  25.42,    15.85,  188.24,   52.74,  30.27, 2486.1,    0.73,  327.38,  358.69,  353.24,  337.03,  339.48,  337.96, 1449.57, 1504.79, 1474.00, 1460.04, 1452.62, 1454.94, 1530.22, 1526.52,  7229.3, 164,  GPS,   11.5, 110.60, 116.50, 123.750, 121.500, -0.002,       ,  21.08, -73.7,    2.6,   11.6,  -14.2,      1,   GPS,    ALT,  -0.0,   0.9,  27.6, 3DDiff, 3704,      ,     12,  15.5,     17
2018-08-27, 17:34:43,  -04:00,    GDM,   42.5027428,  -72.0555038,  7000.4, 30.03,  7325.4,  16.8, 142.22, 156.23,   29.33,   0.91,  -0.13,  -0.01,  -0.01,   4.8,  11.7,  27.7,  28.8,   1.6,  23.00,  25.43,    15.86,  188.22,   52.68,  30.26, 2485.0,    0.73,  327.36,  358.66,  353.24,  337.02,  339.48,  337.96, 1449.82, 1505.48, 1474.40, 1460.14, 1452.12, 1454.81, 1530.30, 1526.37,  7229.8, 164,  GPS,   11.5, 110.60, 116.50, 123.750, 121.500, -0.002,       ,  21.08, -73.7,    2.6,   11.6,  -14.2,      1,   GPS,    ALT,  -0.0,   0.9,  27.6, 3DDiff, 3704,      ,     12,  15.5,     18
2018-08-27, 17:34:44,  -04:00,    GDM,   42.5034599,  -72.0555496,  7000.4, 30.03,  7326.3,  16.8, 142.19, 156.17,   34.44,   0.83,  -0.13,   0.00,  -0.01,   4.7,  11.7,  27.7,  28.8,   1.6,  22.99,  25.43,    15.85,  188.22,   52.76,  30.26, 2483.4,    0.73,  327.36,  358.66,  353.25,  337.01,  339.53,  337.96, 1449.97, 1505.87, 1475.03, 1459.79, 1452.05, 1454.66, 1530.51, 1526.72,  7230.7, 164,  GPS,   11.5, 110.60, 116.50, 123.750, 121.500, -0.002,       ,  21.07, -73.7,    2.5,   11.6,  -14.2,      1,   GPS,    ALT,  -0.1,   0.9,  15.7, 3DDiff, 3704,      ,     12,  15.5,     17
2018-08-27, 17:34:45,  -04:00,    GDM,   42.5041847,  -72.0555954,  7001.4, 30.03,  7325.1,  16.8, 142.22, 156.09,   24.30,   0.82,  -0.14,  -0.00,  -0.00,   4.7,  11.7,  27.7,  28.8,   1.6,  22.98,  25.43,    15.83,  188.21,   52.84,  30.24, 2484.6,    0.73,  327.36,  358.63,  353.25,  337.03,  339.55,  337.96, 1450.34, 1506.12, 1474.67, 1459.11, 1451.44, 1453.88, 1530.45, 1526.51,  7229.5, 164,  GPS,   11.5, 110.60, 116.50, 123.750, 121.500, -0.002,       ,  21.06, -73.8,    2.5,   11.6,  -14.2,      1,   GPS,    ALT,  -0.1,   0.9, -15.7, 3DDiff, 3704,      ,     12,  15.5,     17
2018-08-27, 17:34:46,  -04:00,    GDM,   42.5049095,  -72.0556335,  7000.4, 30.03,  7324.4,  16.8, 142.11, 156.05,   13.10,   0.81,  -0.10,   0.00,  -0.01,   4.7,  11.7,  27.7,  28.8,   1.6,  22.98,  25.43,    15.73,  188.20,   52.74,  30.22, 2485.7,    0.73,  327.33,  358.63,  353.25,  337.01,  339.55,  337.95, 1449.85, 1505.99, 1474.75, 1460.12, 1451.54, 1453.39, 1531.05, 1526.33,  7228.8, 164,  GPS,   11.5, 110.60, 116.50, 123.750, 121.500, -0.002,       ,  21.05, -73.8,    2.5,   11.6,  -14.2,      1,   GPS,    ALT,  -0.1,   0.9, -23.6, 3DDiff, 3704,      ,     12,  15.5,     17
2018-08-27, 17:34:47,  -04:00,    GDM,   42.5056343,  -72.0556793,  7000.4, 30.03,  7324.0,  16.8, 142.10, 155.99,  -13.17,   0.78,  -0.09,   0.00,   0.01,   4.7,  11.7,  27.7,  28.8,   1.6,  22.98,  25.42,    15.83,  188.19,   52.88,  30.22, 2485.7,    0.73,  327.33,  358.62,  353.27,  337.02,  339.57,  337.93, 1448.64, 1505.16, 1474.12, 1459.33, 1451.31, 1453.59, 1530.10, 1525.37,  7228.5, 164,  GPS,   11.5, 110.60, 116.50, 123.750, 121.500, -0.002,       ,  21.05, -73.8,    2.4,   11.6,  -14.2,      1,   GPS,    ALT,  -0.1,   0.8, -23.6, 3DDiff, 3704,      ,     12,  15.5,     17
2018-08-27, 17:34:48,  -04:00,    GDM,   42.5063553,  -72.0557251,  6999.4, 30.03,  7323.6,  16.8, 142.05, 155.95,  -25.39,   0.77,  -0.08,  -0.01,   0.00,   4.7,  11.7,  27.7,  28.8,   1.6,  22.98,  25.42,    15.80,  188.19,   52.78,  30.23, 2485.4,    0.73,  327.35,  358.60,  353.27,  337.03,  339.55,  337.93, 1448.03, 1503.36, 1473.96, 1459.76, 1451.65, 1452.73, 1529.30, 1525.28,  7228.0, 164,  GPS,   11.5, 110.60, 116.50, 123.750, 121.500, -0.002,       ,  21.05, -73.9,    2.4,   11.6,  -14.2,      1,   GPS,    ALT,  -0.1,   0.8, -23.6, 3DDiff, 3704,      ,     12,  15.5,     17
2018-08-27, 17:34:49,  -04:00,    GDM,   42.5070763,  -72.0557632,  6999.4, 30.03,  7323.3,  16.8, 142.05, 155.95,  -33.72,   0.81,  -0.07,   0.00,   0.00,   4.7,  11.7,  27.7,  28.8,   1.6,  22.98,  25.42,    15.80,  188.17,   52.83,  30.23, 2486.8,    0.73,  327.33,  358.59,  353.25,  337.04,  339.57,  337.95, 1448.23, 1504.95, 1474.13, 1459.64, 1452.01, 1453.10, 1529.95, 1525.49,  7227.7, 164,  GPS,   11.5, 110.60, 116.50, 123.750, 121.500, -0.002,       ,  21.04, -73.9,    2.3,   11.6,  -14.2,      1,   GPS,    ALT,  -0.1,   0.8, -19.7, 3DDiff, 3704,      ,     12,  15.5,     17
2018-08-27, 17:34:50,  -04:00,    GDM,   42.5077972,  -72.0558090,  6999.4, 30.03,  7322.6,  16.8, 141.98, 155.92,  -27.95,   0.85,  -0.08,   0.01,   0.01,   4.6,  11.7,  27.7,  28.8,   1.6,  22.98,  25.43,    15.78,  188.16,   52.89,  30.24, 2486.7,    0.73,  327.33,  358.59,  353.25,  337.04,  339.56,  337.96, 1448.39, 1505.22, 1473.68, 1458.12, 1451.47, 1452.72, 1529.38, 1525.44,  7227.0, 164,  GPS,   11.5, 110.60, 116.50, 123.750, 121.500, -0.002,       ,  21.04, -73.9,    2.3,   11.6,  -14.2,      1,   GPS,    ALT,  -0.1,   0.8,  -3.9, 3DDiff, 3704,      ,     12,  15.5,     17
2018-08-27, 17:34:51,  -04:00,    GDM,   42.5085144,  -72.0558472,  7000.4, 30.03,  7323.5,  16.8, 141.92, 155.88,   -7.12,   0.81,  -0.14,  -0.00,   0.00,   4.6,  11.7,  27.7,  28.8,   1.6,  22.97,  25.44,    15.77,  188.18,   52.44,  30.25, 2482.5,    0.73,  327.30,  358.56,  353.27,  337.04,  339.54,  337.96, 1449.10, 1505.66, 1473.03, 1459.78, 1450.99, 1454.12, 1529.91, 1525.52,  7227.9, 164,  GPS,   11.5, 110.60, 116.50, 123.750, 121.500, -0.002,       ,  21.04, -74.0,    2.2,   11.6,  -14.2,      1,   GPS,    ALT,  -0.1,   0.8,   7.9, 3DDiff, 3704,      ,     12,  15.5,     17
2018-08-27, 17:34:52,  -04:00,    GDM,   42.5092316,  -72.0558929,  7000.4, 30.03,  7324.1,  16.8, 141.78, 155.86,   13.24,   0.77,  -0.16,  -0.00,  -0.01,   4.5,  11.7,  27.7,  28.8,   1.6,  22.96,  25.45,    15.83,  188.18,   52.72,  30.23, 2485.2,    0.73,  327.30,  358.54,  353.25,  337.04,  339.51,  337.93, 1448.04, 1505.01, 1473.16, 1460.30, 1452.32, 1453.26, 1530.25, 1525.25,  7228.5, 164,  GPS,   11.5, 110.60, 116.50, 123.750, 121.500, -0.002,       ,  21.04, -74.0,    2.2,   11.6,  -14.2,      1,   GPS,    ALT,  -0.1,   0.8,   7.9, 3DDiff, 3704,      ,     12,  15.5,     17
2018-08-27, 17:34:53,  -04:00,    GDM,   42.5099525,  -72.0559387,  6999.4, 30.03,  7324.1,  16.8, 141.63, 155.84,   -0.66,   0.71,  -0.16,   0.00,  -0.01,   4.4,  11.6,  27.7,  28.8,   1.6,  22.96,  25.44,    15.83,  188.19,   52.94,  30.24, 2486.5,    0.73,  327.33,  358.56,  353.25,  337.04,  339.50,  337.95, 1448.33, 1504.58, 1473.57, 1460.19, 1452.49, 1453.45, 1529.94, 1526.48,  7228.5, 163,  GPS,   11.5, 110.60, 116.50, 123.750, 121.500, -0.002,       ,  21.05, -74.0,    2.2,   11.6,  -14.2,      1,   GPS,    ALT,  -0.1,   0.7,   0.0, 3DDiff, 3704,      ,     12,  15.5,     17
2018-08-27, 17:34:54,  -04:00,    GDM,   42.5106735,  -72.0559845,  7000.4, 30.03,  7324.0,  16.8, 141.74, 155.86,   -3.74,   0.71,  -0.12,  -0.00,   0.01,   4.4,  11.6,  27.7,  28.8,   1.6,  22.96,  25.43,    15.93,  188.20,   52.81,  30.29, 2486.9,    0.73,  327.30,  358.53,  353.27,  337.04,  339.48,  337.92, 1448.51, 1505.19, 1473.79, 1460.43, 1453.02, 1454.08, 1530.00, 1526.72,  7228.4, 164,  GPS,   11.5, 110.60, 116.50, 123.750, 121.500, -0.002,       ,  21.06, -74.0,    2.1,   11.6,  -14.2,      1,   GPS,    ALT,  -0.1,   0.7,  -3.9, 3DDiff, 3704,      ,     12,  15.5,     17
2018-08-27, 17:34:55,  -04:00,    GDM,   42.5113983,  -72.0560226,  7000.4, 30.03,  7324.3,  16.8, 141.77, 155.88,   -3.62,   0.71,  -0.11,  -0.00,   0.01,   4.4,  11.6,  27.7,  28.8,   1.6,  22.97,  25.42,    15.88,  188.21,   52.77,  30.26, 2485.1,    0.73,  327.30,  358.53,  353.25,  337.05,  339.45,  337.90, 1449.06, 1505.62, 1474.15, 1459.75, 1452.84, 1455.16, 1530.07, 1527.04,  7228.7, 164,  GPS,   11.5, 110.60, 116.50, 123.750, 121.500, -0.002,       ,  21.07, -74.1,    2.1,   11.6,  -14.2,      1,   GPS,    ALT,  -0.1,   0.7,   0.0, 3DDiff, 3704,      ,     12,  15.5,     18
2018-08-27, 17:34:56,  -04:00,    GDM,   42.5121117,  -72.0560684,  7000.4, 30.03,  7325.1,  16.8, 141.78, 155.88,   -1.00,   0.67,  -0.07,   0.00,  -0.01,   4.4,  11.6,  27.7,  28.8,   1.6,  22.97,  25.41,    15.83,  188.23,   52.87,  30.24, 2484.7,    0.73,  327.30,  358.53,  353.25,  337.07,  339.42,  337.90, 1448.01, 1505.05, 1473.67, 1459.03, 1453.28, 1454.40, 1529.58, 1525.63,  7229.5, 164,  GPS,   11.5, 110.60, 116.50, 123.750, 121.500, -0.002,       ,  21.08, -74.1,    2.0,   11.6,  -14.2,      1,   GPS,    ALT,  -0.0,   0.7,   7.9, 3DDiff, 3704,      ,     12,  15.5,     17
2018-08-27, 17:34:57,  -04:00,    GDM,   42.5128403,  -72.0561142,  7001.4, 30.03,  7324.7,  16.8, 141.90, 155.92,   12.18,   0.65,  -0.05,   0.00,   0.00,   4.5,  11.6,  27.7,  28.8,   1.6,  22.98,  25.39,    15.79,  188.23,   52.88,  30.25, 2486.1,    0.73,  327.28,  358.53,  353.27,  337.07,  339.39,  337.92, 1447.61, 1505.32, 1473.79, 1459.04, 1453.72, 1454.16, 1529.91, 1525.01,  7229.1, 164,  GPS,   11.5, 110.60, 116.50, 123.750, 121.500, -0.002,       ,  21.10, -74.2,    2.0,   11.6,  -14.2,      1,   GPS,    ALT,  -0.0,   0.6,   7.9, 3DDiff, 3704,      ,     12,  15.5,     17
2018-08-27, 17:34:58,  -04:00,    GDM,   42.5135651,  -72.0561600,  7000.4, 30.03,  7324.2,  16.8, 141.96, 155.94,   -3.35,   0.63,   0.00,  -0.00,  -0.00,   4.5,  11.6,  27.7,  28.8,   1.6,  23.00,  25.37,    15.82,  188.23,   52.85,  30.28, 2483.5,    0.73,  327.29,  358.50,  353.27,  337.08,  339.37,  337.89, 1448.23, 1505.55, 1473.81, 1458.97, 1453.48, 1454.94, 1530.20, 1525.34,  7228.6, 164,  GPS,   11.5, 110.60, 116.50, 123.750, 121.500, -0.002,       ,  21.12, -74.2,    1.9,   11.6,  -14.2,      1,   GPS,    ALT,  -0.0,   0.6,   3.9, 3DDiff, 3704,      ,     12,  15.5,     17
2018-08-27, 17:34:59,  -04:00,    GDM,   42.5142860,  -72.0561981,  6999.4, 30.03,  7324.1,  16.8, 141.87, 155.99,  -29.08,   0.63,   0.00,  -0.00,   0.00,   4.5,  11.6,  27.7,  28.8,   1.6,  23.00,  25.37,    15.88,  188.23,   52.79,  30.25, 2485.7,    0.73,  327.27,  358.50,  353.27,  337.10,  339.33,  337.86, 1448.61, 1505.61, 1474.82, 1458.33, 1453.38, 1454.71, 1530.11, 1526.22,  7228.6, 164,  GPS,   11.5, 110.60, 116.50, 123.750, 121.500, -0.002,       ,  21.15, -74.3,    1.9,   11.6,  -14.2,      1,   GPS,    ALT,  -0.0,   0.6,   0.0, 3DDiff, 3704,      ,     12,  15.0,     17
2018-08-27, 17:35:00,  -04:00,    GDM,   42.5150070,  -72.0562515,  7000.4, 30.03,  7324.3,  16.8, 141.91, 156.01,  -15.88,   0.67,  -0.01,   0.01,   0.00,   4.5,  11.6,  27.7,  28.8,   1.6,  22.99,  25.37,    15.86,  188.23,   53.04,  30.25, 2483.2,    0.73,  327.27,  358.50,  353.25,  337.10,  339.31,  337.83, 1448.73, 1506.29, 1475.05, 1457.28, 1452.89, 1453.26, 1529.75, 1526.17,  7228.7, 164,  GPS,   11.5, 110.60, 116.50, 123.750, 121.500, -0.001,       ,  21.15, -74.3,    1.9,   11.6,  -14.2,      1,   GPS,    ALT,  -0.0,   0.7,   7.9, 3DDiff, 3704,      ,     12,  15.0,     17
2018-08-27, 17:35:01,  -04:00,    GDM,   42.5157242,  -72.0562897,  7001.4, 30.03,  7324.7,  16.8, 141.99, 156.05,    5.12,   0.62,  -0.01,   0.00,  -0.00,   4.6,  11.6,  27.7,  28.8,   1.6,  22.98,  25.38,    15.76,  188.21,   52.88,  30.24, 2485.7,    0.73,  327.27,  358.53,  353.27,  337.10,  339.29,  337.81, 1449.04, 1505.98, 1474.48, 1457.23, 1452.89, 1453.35, 1529.69, 1525.60,  7229.1, 164,  GPS,   11.5, 110.60, 116.50, 123.750, 121.500, -0.002,       ,  21.17, -74.4,    1.8,   11.6,  -14.2,      1,   GPS,    ALT,  -0.0,   0.6,  23.6, 3DDiff, 3704,      ,     12,  15.0,     17
2018-08-27, 17:35:02,  -04:00,    GDM,   42.5164528,  -72.0563354,  7001.4, 30.03,  7324.3,  16.8, 141.94, 156.09,   17.74,   0.58,  -0.07,  -0.00,  -0.01,   4.7,  11.7,  27.7,  28.8,   1.6,  22.98,  25.39,    15.81,  188.20,   52.92,  30.23, 2483.6,    0.73,  327.27,  358.50,  353.27,  337.15,  339.24,  337.82, 1448.20, 1505.58, 1475.20, 1458.40, 1452.78, 1453.07, 1529.40, 1525.79,  7228.7, 164,  GPS,   11.5, 110.60, 116.50, 123.750, 121.500, -0.001,       ,  21.19, -74.4,    1.8,   11.6,  -14.3,      1,   GPS,    ALT,  -0.0,   0.6,  19.7, 3DDiff, 3704,      ,     12,  15.0,     17
2018-08-27, 17:35:03,  -04:00,    GDM,   42.5171738,  -72.0563812,  7001.4, 30.03,  7325.0,  16.8, 141.97, 156.13,    1.42,   0.60,  -0.03,   0.00,  -0.01,   4.7,  11.7,  27.7,  28.8,   1.6,  22.97,  25.39,    15.81,  188.18,   52.89,  30.29, 2484.6,    0.73,  327.24,  358.50,  353.28,  337.13,  339.21,  337.79, 1448.01, 1506.10, 1475.84, 1459.01, 1453.99, 1453.76, 1529.96, 1526.42,  7229.4, 164,  GPS,   11.5, 110.60, 116.50, 123.750, 121.500, -0.002,       ,  21.20, -74.5,    1.7,   11.6,  -14.3,      1,   GPS,    ALT,  -0.0,   0.6,  15.7, 3DDiff, 3704,      ,     12,  15.0,     16
2018-08-27, 17:35:04,  -04:00,    GDM,   42.5178909,  -72.0564194,  7000.4, 30.03,  7325.8,  16.8, 141.89, 156.17,  -17.39,   0.54,  -0.04,   0.00,  -0.01,   4.7,  11.7,  27.7,  28.8,   1.6,  22.97,  25.39,    15.85,  188.19,   53.09,  30.28, 2485.0,    0.73,  327.24,  358.50,  353.27,  337.14,  339.18,  337.77, 1449.32, 1506.31, 1475.51, 1458.18, 1454.07, 1454.26, 1530.09, 1526.57,  7230.3, 164,  GPS,   11.5, 110.60, 116.50, 123.750, 121.500, -0.002,       ,  21.21, -74.5,    1.7,   11.6,  -14.3,      1,   GPS,    ALT,  -0.0,   0.6,  15.7, 3DDiff, 3704,      ,     12,  15.0,     16
2018-08-27, 17:35:05,  -04:00,    GDM,   42.5186195,  -72.0564575,  7000.4, 30.03,  7325.8,  16.8, 141.83, 156.21,  -26.40,   0.56,   0.00,   0.00,   0.00,   4.6,  11.9,  27.7,  28.8,   1.6,  22.96,  25.39,    15.83,  188.18,   53.05,  30.29, 2485.0,    0.73,  327.22,  358.48,  353.27,  337.14,  339.12,  337.74, 1449.74, 1506.17, 1474.95, 1459.89, 1453.73, 1454.76, 1530.96, 1526.74,  7230.3, 164,  GPS,   11.5, 110.60, 116.50, 123.750, 121.500, -0.002,       ,  21.22, -74.5,    1.6,   11.6,  -14.3,      1,   GPS,    ALT,  -0.0,   0.6,   3.9, 3DDiff, 3704,      ,     12,  15.0,     17
2018-08-27, 17:35:06,  -04:00,    GDM,   42.5193367,  -72.0565109,  7000.4, 30.03,  7326.0,  16.8, 141.66, 156.27,  -16.52,   0.59,  -0.03,  -0.00,   0.00,   4.5,  11.8,  27.7,  28.8,   1.6,  22.94,  25.42,    15.77,  188.16,   52.70,  30.23, 2485.2,    0.73,  327.23,  358.52,  353.28,  337.16,  339.11,  337.74, 1449.10, 1505.58, 1475.24, 1459.17, 1453.58, 1454.30, 1530.39, 1526.19,  7230.4, 163,  GPS,   11.5, 110.60, 116.50, 123.750, 121.500, -0.002,       ,  21.22, -74.6,    1.6,   11.6,  -14.3,      1,   GPS,    ALT,  -0.0,   0.6,   7.9, 3DDiff, 3704,      ,     12,  15.0,     17
2018-08-27, 17:35:07,  -04:00,    GDM,   42.5200615,  -72.0565491,  7000.4, 30.03,  7326.5,  16.8, 141.48, 156.30,   -2.51,   0.54,  -0.11,   0.01,   0.00,   4.5,  11.8,  27.7,  28.8,   1.6,  22.92,  25.43,    15.80,  188.13,   52.73,  30.23, 2484.8,    0.73,  327.21,  358.50,  353.28,  337.15,  339.07,  337.71, 1449.09, 1505.25, 1474.72, 1458.98, 1452.89, 1453.41, 1529.80, 1525.68,  7230.9, 163,  GPS,   11.5, 110.60, 116.50, 123.750, 121.500, -0.002,       ,  21.22, -74.6,    1.6,   11.6,  -14.3,      1,   GPS,    ALT,  -0.1,   0.6,  23.6, 3DDiff, 3704,      ,     12,  15.0,     17
2018-08-27, 17:35:08,  -04:00,    GDM,   42.5207787,  -72.0565872,  7001.4, 30.03,  7327.6,  16.8, 141.38, 156.36,    6.02,   0.46,  -0.16,   0.00,  -0.00,   4.5,  11.8,  27.7,  28.8,   1.6,  22.91,  25.43,    15.79,  188.10,   52.88,  30.25, 2484.4,    0.73,  327.21,  358.49,  353.28,  337.18,  339.02,  337.71, 1449.62, 1505.67, 1475.04, 1459.57, 1453.33, 1454.20, 1530.32, 1526.28,  7232.0, 163,  GPS,   11.5, 110.60, 116.50, 123.750, 121.500, -0.002,       ,  21.23, -74.7,    1.5,   11.6,  -14.3,      1,   GPS,    ALT,  -0.1,   0.5,  23.6, 3DDiff, 3704,      ,     12,  15.0,     17
2018-08-27, 17:35:09,  -04:00,    GDM,   42.5215073,  -72.0566406,  7001.4, 30.03,  7327.8,  16.8, 141.47, 156.42,   16.00,   0.44,  -0.20,  -0.00,  -0.01,   4.5,  11.8,  27.7,  28.8,   1.6,  22.91,  25.43,    15.77,  188.08,   52.91,  30.25, 2485.9,    0.73,  327.19,  358.47,  353.30,  337.16,  338.99,  337.72, 1450.23, 1505.36, 1474.85, 1461.12, 1452.40, 1454.66, 1530.83, 1526.06,  7232.2, 163,  GPS,   11.5, 110.60, 116.50, 123.750, 121.500, -0.002,       ,  21.23, -74.7,    1.5,   11.6,  -14.3,      1,   GPS,    ALT,  -0.1,   0.5,  15.7, 3DDiff, 3704,      ,     12,  15.0,     16
2018-08-27, 17:35:10,  -04:00,    GDM,   42.5222321,  -72.0566788,  7002.4, 30.03,  7327.3,  16.8, 141.68, 156.50,   15.20,   0.45,  -0.09,   0.00,  -0.01,   4.5,  11.7,  27.7,  28.8,   1.6,  22.92,  25.41,    15.69,  188.05,   52.96,  30.25, 2483.9,    0.72,  327.20,  358.50,  353.28,  337.16,  338.94,  337.73, 1449.05, 1505.27, 1474.17, 1460.24, 1451.73, 1455.01, 1531.01, 1525.19,  7231.7, 163,  GPS,   11.5, 110.60, 116.50, 123.750, 121.500, -0.002,       ,  21.23, -74.8,    1.4,   11.6,  -14.3,      1,   GPS,    ALT,  -0.1,   0.4,   7.9, 3DDiff, 3704,      ,     12,  15.0,     16
2018-08-27, 17:35:11,  -04:00,    GDM,   42.5229568,  -72.0567245,  7002.4, 30.03,  7327.4,  16.8, 141.66, 156.58,   15.67,   0.45,  -0.05,   0.00,   0.00,   4.6,  11.7,  27.7,  28.8,   1.6,  22.93,  25.40,    15.81,  188.07,   53.02,  30.27, 2486.5,    0.73,  327.18,  358.50,  353.33,  337.16,  338.87,  337.69, 1449.45, 1504.56, 1474.63, 1459.90, 1452.67, 1453.34, 1529.56, 1526.14,  7231.8, 163,  GPS,   11.5, 110.60, 116.50, 123.750, 121.500, -0.002,       ,  21.24, -74.9,    1.4,   11.6,  -14.3,      1,   GPS,    ALT,  -0.1,   0.4,   3.9, 3DDiff, 3704,      ,     12,  15.0,     17
2018-08-27, 17:35:12,  -04:00,    GDM,   42.5236778,  -72.0567703,  7002.4, 30.03,  7327.2,  16.8, 141.59, 156.65,    2.20,   0.43,  -0.03,  -0.00,  -0.00,   4.6,  11.7,  27.7,  28.8,   1.6,  22.92,  25.39,    15.84,  188.07,   52.92,  30.26, 2485.3,    0.73,  327.18,  358.47,  353.31,  337.16,  338.82,  337.71, 1449.50, 1504.47, 1475.66, 1459.93, 1453.50, 1452.58, 1529.52, 1526.91,  7231.6, 163,  GPS,   11.5, 110.60, 116.50, 123.750, 121.500, -0.002,       ,  21.24, -75.0,    1.3,   11.6,  -14.3,      1,   GPS,    ALT,  -0.0,   0.4,  -7.9, 3DDiff, 3704,      ,     12,  15.0,     17
2018-08-27, 17:35:13,  -04:00,    GDM,   42.5244102,  -72.0568161,  7001.4, 30.03,  7327.0,  16.8, 141.52, 156.75,  -28.49,   0.45,  -0.01,  -0.00,  -0.00,   4.6,  11.7,  27.7,  28.8,   1.6,  22.92,  25.39,    15.84,  188.10,   52.91,  30.28, 2487.6,    0.73,  327.15,  358.47,  353.31,  337.16,  338.78,  337.68, 1449.80, 1505.70, 1476.01, 1459.64, 1453.28, 1452.86, 1529.74, 1526.93,  7231.4, 163,  GPS,   11.5, 110.60, 116.50, 123.750, 121.500, -0.001,       ,  21.24, -75.1,    1.3,   11.6,  -14.3,      1,   GPS,    ALT,  -0.0,   0.4, -11.8, 3DDiff, 3704,      ,     12,  15.0,     17
2018-08-27, 17:35:14,  -04:00,    GDM,   42.5251350,  -72.0568542,  7002.4, 30.03,  7326.1,  16.8, 141.65, 156.83,   -3.75,   0.48,   0.00,   0.00,  -0.00,   4.6,  11.8,  27.7,  28.8,   1.6,  22.92,  25.40,    15.86,  188.10,   52.84,  30.25, 2485.5,    0.73,  327.17,  358.50,  353.34,  337.16,  338.72,  337.70, 1449.16, 1505.48, 1475.31, 1458.99, 1451.74, 1452.14, 1529.67, 1526.18,  7230.5, 163,  GPS,   11.5, 110.60, 116.50, 123.750, 121.500, -0.002,       ,  21.23, -75.2,    1.2,   11.6,  -14.3,      1,   GPS,    ALT,  -0.0,   0.5, -11.8, 3DDiff, 3704,      ,     12,  15.0,     17
2018-08-27, 17:35:15,  -04:00,    GDM,   42.5258598,  -72.0569000,  7001.4, 30.03,  7326.0,  16.8, 141.68, 156.91,   -9.47,   0.46,  -0.04,   0.00,  -0.01,   4.6,  11.8,  27.7,  28.8,   1.6,  22.91,  25.40,    15.81,  188.12,   52.59,  30.24, 2485.0,    0.73,  327.15,  358.47,  353.34,  337.14,  338.66,  337.68, 1449.35, 1504.98, 1476.01, 1459.13, 1451.48, 1452.54, 1529.84, 1526.68,  7230.4, 163,  GPS,   11.5, 110.60, 116.50, 123.750, 121.500, -0.002,       ,  21.23, -75.3,    1.2,   11.5,  -14.3,      1,   GPS,    ALT,  -0.0,   0.5, -11.8, 3DDiff, 3704,      ,     12,  15.0,     16
2018-08-27, 17:35:16,  -04:00,    GDM,   42.5265808,  -72.0569458,  7000.4, 30.03,  7325.9,  16.8, 141.77, 156.98,  -37.43,   0.54,  -0.10,  -0.00,   0.01,   4.7,  11.8,  27.7,  28.8,   1.6,  22.91,  25.40,    15.85,  188.12,   52.60,  30.21, 2484.3,    0.73,  327.15,  358.49,  353.37,  337.16,  338.60,  337.68, 1447.92, 1504.99, 1475.48, 1458.37, 1450.83, 1452.55, 1529.46, 1525.08,  7230.3, 164,  GPS,   11.5, 110.60, 116.50, 123.750, 121.500, -0.002,       ,  21.22, -75.4,    1.2,   11.5,  -14.3,      1,   GPS,    ALT,  -0.1,   0.5, -19.7, 3DDiff, 3704,      ,     12,  15.0,     16
2018-08-27, 17:35:17,  -04:00,    GDM,   42.5273056,  -72.0569839,  7001.4, 30.03,  7325.8,  16.8, 142.00, 157.00,  -23.51,   0.59,  -0.11,   0.00,   0.00,   4.6,  11.8,  27.7,  28.8,   1.6,  22.90,  25.41,    15.81,  188.13,   52.52,  30.27, 2485.2,    0.73,  327.12,  358.47,  353.37,  337.19,  338.54,  337.68, 1448.10, 1505.38, 1474.91, 1458.94, 1451.39, 1453.01, 1529.41, 1525.65,  7230.2, 164,  GPS,   11.5, 110.60, 116.50, 123.750, 121.500, -0.002,       ,  21.21, -75.5,    1.1,   11.5,  -14.3,      1,   GPS,    ALT,  -0.1,   0.6,  -7.9, 3DDiff, 3704,      ,     12,  15.0,     17
2018-08-27, 17:35:18,  -04:00,    GDM,   42.5280342,  -72.0570297,  7000.4, 30.03,  7326.0,  16.8, 142.05, 157.04,  -15.95,   0.57,  -0.07,   0.00,   0.00,   4.6,  11.8,  27.7,  28.8,   1.6,  22.89,  25.42,    15.84,  188.12,   52.63,  30.29, 2485.9,    0.73,  327.14,  358.49,  353.36,  337.18,  338.50,  337.67, 1448.89, 1504.90, 1475.01, 1459.18, 1451.40, 1452.02, 1529.51, 1526.27,  7230.4, 164,  GPS,   11.5, 110.60, 116.50, 123.750, 121.500, -0.002,       ,  21.20, -75.7,    1.1,   11.5,  -14.3,      1,   GPS,    ALT,  -0.1,   0.6,   7.9, 3DDiff, 3704,      ,     12,  15.0,     17
2018-08-27, 17:35:19,  -04:00,    GDM,   42.5287590,  -72.0570755,  7001.4, 30.03,  7326.0,  16.8, 141.94, 157.06,   -8.04,   0.58,  -0.05,  -0.01,  -0.00,   4.6,  11.8,  27.7,  28.8,   1.6,  22.88,  25.42,    15.86,  188.10,   52.73,  30.28, 2486.6,    0.73,  327.12,  358.47,  353.34,  337.19,  338.45,  337.65, 1449.13, 1505.45, 1474.55, 1458.77, 1451.98, 1452.00, 1530.41, 1526.49,  7230.4, 164,  GPS,   11.5, 110.60, 116.50, 123.750, 121.500, -0.002,       ,  21.19, -75.8,    1.0,   11.5,  -14.3,      1,   GPS,    ALT,  -0.1,   0.6,   3.9, 3DDiff, 3704,      ,     12,  15.0,     18
2018-08-27, 17:35:20,  -04:00,    GDM,   42.5294838,  -72.0571136,  7000.4, 30.03,  7326.5,  16.5, 141.85, 157.10,  -21.92,   0.59,  -0.04,   0.00,   0.00,   4.6,  11.8,  27.7,  28.8,   1.6,  22.88,  25.43,    15.92,  188.10,   52.61,  30.27, 2486.9,    0.73,  327.12,  358.49,  353.34,  337.17,  338.41,  337.65, 1448.88, 1505.73, 1475.02, 1459.56, 1451.24, 1452.97, 1531.21, 1526.56,  7231.2, 164,  GPS,   11.5, 110.60, 116.50, 123.750, 121.500, -0.002,       ,  21.18, -75.9,    1.0,   11.5,  -14.3,      1,   GPS,    ALT,   0.1,   0.6,   3.9, 3DDiff, 3704,      ,     12,  15.0,     17
2018-08-27, 17:35:21,  -04:00,    GDM,   42.5302124,  -72.0571594,  7001.4, 30.03,  7326.5,  16.5, 141.98, 157.12,   -5.96,   0.59,   1.05,  -0.00,   0.00,   4.6,  11.8,  27.7,  28.8,   1.6,  22.86,  25.43,    15.85,  188.06,   52.90,  30.28, 2483.9,    0.73,  327.11,  358.45,  353.33,  337.19,  338.35,  337.67, 1449.06, 1506.31, 1474.23, 1459.53, 1452.10, 1453.22, 1531.30, 1526.48,  7231.2, 164,  GPS,   11.5, 110.60, 116.50, 123.750, 121.500, -0.002,       ,  21.17, -76.0,    0.9,   11.5,  -14.3,      1,   GPS,    ALT,   1.6,   0.6,   7.9, 3DDiff, 3704,      ,     12,  15.0,     17
2018-08-27, 17:35:22,  -04:00,    GDM,   42.5309448,  -72.0571976,  7001.4, 30.03,  7326.5,  16.5, 141.83, 157.18,   13.87,   0.53,   3.24,  -0.00,  -0.01,   4.9,  11.9,  27.7,  28.8,   1.6,  22.86,  25.42,    15.84,  188.05,   52.86,  30.29, 2484.9,    0.73,  327.11,  358.49,  353.31,  337.19,  338.30,  337.65, 1449.24, 1506.12, 1474.28, 1460.18, 1452.21, 1452.19, 1531.03, 1526.30,  7231.2, 164,  GPS,   11.5, 110.60, 116.50, 123.750, 121.500, -0.002,       ,  21.16, -76.1,    0.9,   11.5,  -14.3,      1,   GPS,    ALT,   4.2,   0.6,  15.7, 3DDiff, 3704,      ,     12,  15.0,     17
2018-08-27, 17:35:23,  -04:00,    GDM,   42.5316696,  -72.0572357,  7001.4, 30.03,  7326.4,  16.5, 141.79, 157.32,   15.63,   0.51,   6.04,  -0.01,   0.00,   5.4,  12.4,  27.7,  28.8,   1.6,  22.88,  25.37,    15.88,  188.03,   52.86,  30.26, 2485.9,    0.73,  327.09,  358.50,  353.27,  337.19,  338.26,  337.67, 1449.89, 1505.41, 1473.98, 1460.47, 1452.74, 1452.48, 1530.55, 1526.76,  7231.1, 164,  GPS,   67.5, 110.60, 116.50, 123.750, 121.500, -0.002,       ,  21.14, -76.3,    0.9,   11.4,  -14.3,      1,   GPS,    ALT,   7.2,   0.5,  -3.9, 3DDiff, 3704,      ,     12,  15.0,     17
2018-08-27, 17:35:24,  -04:00,    GDM,   42.5324020,  -72.0572510,  7001.4, 30.03,  7326.1,  16.5, 141.83, 157.59,    7.13,   0.51,   8.79,  -0.00,  -0.00,   6.3,  13.1,  27.7,  28.8,   1.6,  22.92,  25.30,    15.86,  188.01,   52.99,  30.24, 2486.9,    0.73,  327.09,  358.49,  353.25,  337.19,  338.21,  337.68, 1449.40, 1504.71, 1472.63, 1459.78, 1452.41, 1452.75, 1530.00, 1525.75,  7230.8, 164,  GPS,   67.5, 110.60, 116.50, 123.750, 121.500, -0.001,       ,  21.13, -76.4,    0.8,   11.3,  -14.3,      1,   GPS,    ALT,   9.8,   0.5, -15.7, 3DDiff, 3704,      ,     12,  15.0,     17
2018-08-27, 17:35:25,  -04:00,    GDM,   42.5331268,  -72.0572510,  7000.4, 30.03,  7325.8,  16.5, 142.04, 157.84,  -17.53,   0.51,  10.80,   0.00,   0.03,   7.5,  14.1,  27.7,  28.8,   1.6,  22.96,  25.23,    15.83,  188.03,   52.73,  30.29, 2484.7,    0.73,  327.06,  358.47,  353.19,  337.16,  338.17,  337.68, 1449.14, 1505.41, 1472.84, 1459.96, 1451.52, 1453.03, 1529.75, 1525.33,  7230.5, 164,  GPS,   67.5, 110.60, 116.50, 123.750, 121.500, -0.001,       ,  21.11, -76.5,    0.8,   11.2,  -14.3,      1,   GPS,    ALT,  11.5,   0.5, -15.7, 3DDiff, 3704,      ,     12,  15.0,     18
2018-08-27, 17:35:26,  -04:00,    GDM,   42.5338669,  -72.0572433,  7000.4, 30.03,  7325.0,  16.5, 142.40, 158.21,  -34.46,   0.57,  12.10,   0.00,   0.03,   9.0,  15.3,  27.7,  28.8,   1.6,  22.97,  25.19,    15.83,  188.01,   52.71,  30.29, 2486.5,    0.73,  327.09,  358.45,  353.16,  337.16,  338.15,  337.71, 1448.82, 1504.73, 1473.39, 1460.06, 1452.20, 1453.75, 1530.13, 1525.60,  7229.7, 164,  GPS,   67.5, 110.60, 116.50, 123.750, 121.500, -0.000,       ,  21.09, -76.6,    0.7,   10.9,  -14.3,      1,   GPS,    ALT,  12.5,   0.5, -11.8, 3DDiff, 3704,      ,     12,  15.0,     17
2018-08-27, 17:35:27,  -04:00,    GDM,   42.5345955,  -72.0571899,  7000.4, 30.03,  7325.0,  16.5, 142.43, 158.60,  -25.22,   0.62,  12.82,   0.01,   0.02,  10.5,  16.9,  27.7,  28.8,   1.6,  22.97,  25.18,    15.79,  188.02,   52.47,  30.28, 2483.1,    0.73,  327.06,  358.44,  353.13,  337.16,  338.11,  337.69, 1448.52, 1504.79, 1472.98, 1460.18, 1453.27, 1454.07, 1530.30, 1525.42,  7229.7, 164,  GPS,   67.5, 110.60, 116.50, 123.750, 121.500,  0.000,       ,  21.05, -76.6,    0.7,   10.6,  -14.3,      1,   GPS,    ALT,  12.9,   0.6,   3.9, 3DDiff, 3704,      ,     12,  15.0,     17
2018-08-27, 17:35:28,  -04:00,    GDM,   42.5353317,  -72.0571136,  6999.4, 30.03,  7325.8,  16.5, 142.33, 159.03,  -37.69,   0.64,  13.14,   0.01,   0.03,  12.1,  18.6,  27.7,  28.8,   1.6,  22.95,  25.19,    15.83,  188.02,   52.58,  30.26, 2486.1,    0.73,  327.06,  358.44,  353.12,  337.16,  338.08,  337.71, 1447.14, 1504.91, 1472.58, 1459.95, 1453.25, 1454.91, 1530.47, 1523.98,  7230.5, 164,  GPS,   67.5, 110.60, 116.50, 123.750, 121.500,  0.000,       ,  21.01, -76.7,    0.6,   10.0,  -14.3,      1,   GPS,    ALT,  13.2,   0.6,  11.8, 3DDiff, 3704,      ,     12,  15.0,     17
2018-08-27, 17:35:29,  -04:00,    GDM,   42.5360527,  -72.0570145,  7000.4, 30.03,  7326.2,  16.5, 142.30, 159.49,  -22.95,   0.66,  13.27,   0.00,   0.03,  13.8,  20.1,  27.7,  28.8,   1.6,  22.92,  25.22,    15.83,  188.01,   52.63,  30.28, 2485.7,    0.73,  327.03,  358.43,  353.06,  337.16,  338.02,  337.68, 1447.47, 1504.70, 1473.85, 1459.27, 1453.48, 1455.81, 1530.57, 1525.35,  7230.9, 164,  GPS,   67.5, 110.60, 116.50, 123.750, 121.500,  0.001,       ,  20.95, -76.7,    0.6,    9.3,  -14.3,      1,   GPS,    ALT,  13.3,   0.6,  23.6, 3DDiff, 3704,      ,     12,  15.0,     17
2018-08-27, 17:35:30,  -04:00,    GDM,   42.5367813,  -72.0568848,  7001.4, 30.03,  7326.7,  16.5, 142.34, 159.96,    4.08,   0.69,  13.37,   0.00,   0.02,  15.4,  21.7,  27.7,  28.8,   1.6,  22.88,  25.24,    15.88,  187.99,   52.74,  30.29, 2485.5,    0.73,  327.05,  358.43,  353.03,  337.16,  337.99,  337.69, 1447.80, 1505.14, 1474.57, 1460.37, 1454.25, 1454.54, 1530.72, 1526.08,  7231.4, 164,  GPS,   67.5, 110.60, 116.50, 123.750, 121.500,  0.001,       ,  20.88, -76.7,    0.6,    8.3,  -14.3,      1,   GPS,    ALT,  13.3,   0.6,  31.5, 3DDiff, 3704,      ,     12,  15.0,     17
2018-08-27, 17:35:31,  -04:00,    GDM,   42.5375175,  -72.0567245,  7000.4, 30.03,  7327.3,  16.5, 142.24, 160.43,   12.37,   0.71,  13.39,   0.00,   0.02,  17.0,  23.5,  27.7,  28.8,   1.6,  22.85,  25.27,    15.86,  187.96,   52.74,  30.32, 2486.5,    0.73,  327.03,  358.41,  352.97,  337.13,  337.93,  337.68, 1448.80, 1505.66, 1474.36, 1461.08, 1454.96, 1454.73, 1530.67, 1526.42,  7231.9, 164,  GPS,   67.5, 110.60, 116.50, 123.750, 121.500,  0.002,       ,  20.80, -76.6,    0.5,    7.0,  -14.3,      1,   GPS,    ALT,  13.4,   0.6,  31.5, 3DDiff, 3704,      ,     12,  15.5,     18
2018-08-27, 17:35:32,  -04:00,    GDM,   42.5382462,  -72.0565338,  7001.4, 30.03,  7328.5,  16.5, 142.15, 160.93,    3.95,   0.74,  13.36,   0.00,   0.02,  18.6,  25.0,  27.7,  28.8,   1.6,  22.81,  25.30,    15.85,  187.93,   52.77,  30.29, 2480.7,    0.73,  327.03,  358.39,  352.94,  337.13,  337.90,  337.66, 1448.06, 1505.52, 1473.87, 1459.61, 1453.73, 1453.91, 1530.00, 1525.65,  7233.2, 164,  GPS,   67.5, 110.60, 116.50, 123.750, 121.500,  0.002,       ,  20.71, -76.6,    0.5,    5.2,  -14.3,      1,   GPS,    ALT,  13.4,   0.7,  27.6, 3DDiff, 3704,      ,     12,  15.0,     17
2018-08-27, 17:35:33,  -04:00,    GDM,   42.5389824,  -72.0563278,  7001.4, 30.03,  7329.3,  16.5, 142.05, 161.40,   10.22,   0.76,  13.34,  -0.00,   0.03,  20.1,  26.6,  27.7,  28.8,   1.6,  22.77,  25.33,    15.78,  187.93,   52.62,  30.29, 2485.2,    0.73,  327.00,  358.39,  352.88,  337.11,  337.86,  337.65, 1448.50, 1504.61, 1474.55, 1459.49, 1453.38, 1453.02, 1529.40, 1526.23,  7234.0, 164,  GPS,   67.5, 110.60, 116.50, 123.750, 121.500,  0.002,       ,  20.61, -76.5,    0.4,    3.1,  -14.3,      1,   GPS,    ALT,  13.4,   0.7,  15.7, 3DDiff, 3704,      ,     12,  15.0,     17
2018-08-27, 17:35:34,  -04:00,    GDM,   42.5397110,  -72.0560760,  7002.4, 30.03,  7328.9,  16.5, 142.06, 161.90,   20.18,   0.77,  13.36,   0.00,   0.02,  21.7,  28.2,  27.7,  28.8,   1.6,  22.74,  25.35,    15.87,  187.93,   52.68,  30.25, 2484.1,    0.73,  327.00,  358.38,  352.85,  337.10,  337.80,  337.65, 1448.75, 1505.44, 1474.14, 1459.96, 1453.93, 1451.66, 1529.94, 1526.66,  7233.5, 164,  GPS,   67.5, 110.60, 116.50, 123.750, 121.500,  0.002,       ,  20.50, -76.4,    0.4,    0.2,  -14.3,      1,   GPS,    ALT,  13.4,   0.7,   7.9, 3DDiff, 3704,      ,     12,  15.0,     17
2018-08-27, 17:35:35,  -04:00,    GDM,   42.5404320,  -72.0558090,  7002.4, 30.03,  7329.2,  16.5, 142.12, 162.41,   20.71,   0.75,  13.36,   0.00,   0.03,  23.3,  29.8,  27.7,  28.8,   1.6,  22.71,  25.37,    15.86,  187.92,   52.60,  30.27, 2483.2,    0.73,  327.00,  358.36,  352.82,  337.10,  337.75,  337.65, 1448.75, 1506.49, 1473.78, 1460.77, 1454.45, 1450.45, 1530.81, 1526.37,  7233.9, 164,  GPS,   67.5, 110.60, 116.50, 123.750, 121.500,  0.003,       ,  20.39, -76.3,    0.3,   -3.5,  -14.3,      1,   GPS,    ALT,  13.5,   0.7,  11.8, 3DDiff, 3704,      ,     12,  15.0,     17
2018-08-27, 17:35:36,  -04:00,    GDM,   42.5411530,  -72.0555038,  7002.4, 30.03,  7329.3,  16.5, 142.20, 162.91,   10.35,   0.60,  13.40,  -0.00,   0.01,  24.8,  31.4,  27.7,  28.8,   1.6,  22.70,  25.38,    15.81,  187.91,   52.95,  30.27, 2483.7,    0.73,  327.00,  358.36,  352.81,  337.07,  337.74,  337.68, 1447.61, 1505.86, 1474.70, 1460.47, 1454.53, 1449.67, 1530.38, 1526.03,  7234.0, 164,  GPS,   67.5, 110.60, 116.50, 123.750, 121.500,  0.003,       ,  20.28, -76.2,    0.3,   -8.3,  -14.3,      1,   GPS,    ALT,  13.5,   0.7,   3.9, 3DDiff, 3704,      ,     12,  15.0,     17
2018-08-27, 17:35:37,  -04:00,    GDM,   42.5418739,  -72.0551758,  7002.4, 30.03,  7328.7,  16.5, 142.20, 163.44,    4.56,   0.57,  13.47,   0.00,   0.01,  26.4,  33.0,  27.7,  28.8,   1.6,  22.70,  25.37,    15.81,  187.90,   52.92,  30.25, 2486.7,    0.73,  326.99,  358.35,  352.78,  337.07,  337.68,  337.68, 1448.06, 1504.75, 1475.06, 1460.12, 1453.45, 1450.67, 1529.63, 1526.08,  7233.4, 164,  GPS,   67.5, 110.60, 116.50, 123.750, 121.500,  0.003,       ,  20.07, -75.9,    0.3,  -14.5,  -14.3,      1,   GPS,    ALT,  13.5,   0.6, -31.5, 3DDiff, 3704,      ,     12,  15.5,     18
2018-08-27, 17:35:38,  -04:00,    GDM,   42.5425873,  -72.0548172,  7002.4, 30.03,  7326.9,  16.5, 142.18, 163.98,  -10.92,   0.66,  13.51,   0.01,   0.04,  28.0,  34.6,  27.7,  28.8,   1.6,  22.70,  25.36,    15.86,  187.88,   52.77,  30.24, 2486.7,    0.73,  326.97,  358.35,  352.73,  337.05,  337.65,  337.66, 1447.58, 1504.26, 1474.59, 1459.55, 1453.33, 1452.01, 1529.78, 1526.59,  7231.5, 164,  GPS,   67.5, 110.60, 116.50, 123.750, 121.500,  0.003,       ,  20.07, -75.9,    0.2,  -22.5,  -14.3,      1,   GPS,    ALT,  13.6,   0.7, -47.2, 3DDiff, 3704,      ,     12,  15.0,     17
2018-08-27, 17:35:39,  -04:00,    GDM,   42.5432930,  -72.0544281,  7002.4, 30.03,  7325.7,  16.5, 142.33, 164.55,   -8.56,   0.70,  13.58,   0.00,   0.04,  29.6,  36.3,  27.7,  28.8,   1.6,  22.70,  25.36,    15.84,  187.85,   52.64,  30.30, 2481.0,    0.73,  326.97,  358.34,  352.72,  337.05,  337.60,  337.68, 1448.18, 1505.33, 1474.90, 1459.40, 1452.81, 1451.73, 1529.78, 1526.89,  7230.4, 164,  GPS,   67.5, 110.60, 116.50, 123.750, 121.500,  0.003,       ,  19.96, -75.8,    0.2,  -32.3,  -14.3,      1,   GPS,    ALT,  13.7,   0.7, -39.4, 3DDiff, 3704,      ,     12,  15.0,     17
2018-08-27, 17:35:40,  -04:00,    GDM,   42.5439911,  -72.0540161,  7002.4, 30.03,  7325.4,  16.5, 142.29, 165.09,  -15.73,   0.70,  13.65,  -0.00,   0.02,  31.2,  37.9,  27.7,  28.8,   1.6,  22.71,  25.34,    15.78,  187.86,   52.82,  30.26, 2486.0,    0.73,  326.96,  358.32,  352.72,  337.04,  337.56,  337.68, 1448.30, 1505.06, 1474.41, 1457.84, 1452.51, 1452.49, 1528.81, 1526.69,  7230.0, 164,  GPS,   67.5, 110.60, 116.50, 123.750, 121.500,  0.003,       ,  19.86, -75.6,    0.2,  -43.7,  -14.3,      1,   GPS,    ALT,  13.7,   0.7, -31.5, 3DDiff, 3704,      ,     12,  15.0,     17
2018-08-27, 17:35:41,  -04:00,  RAYMY,   42.5446892,  -72.0535812,  7001.4, 30.03,  7324.6,  16.5, 142.42, 165.63,  -21.14,   0.70,  13.75,   0.00,   0.03,  32.8,  39.3,  27.7,  28.8,   1.6,  22.72,  25.32,    15.77,  187.86,   52.88,  30.29, 2481.1,    0.73,  326.94,  358.32,  352.70,  337.04,  337.51,  337.65, 1448.46, 1505.02, 1476.10, 1457.89, 1452.60, 1454.05, 1529.38, 1527.45,  7229.3, 164,  GPS,   67.5, 110.60, 116.50, 123.750, 121.500,  0.003,       ,  19.68, -75.3,   51.8,   67.3,  -14.3,      1,   GPS,    ALT,  13.8,   0.7, -35.4, 3DDiff, 3704,      ,     12,  15.0,     17
2018-08-27, 17:35:42,  -04:00,  RAYMY,   42.5453720,  -72.0531082,  7001.4, 30.03,  7324.0,  16.5, 142.60, 166.18,  -37.91,   0.77,  13.88,   0.00,   0.04,  34.4,  41.1,  27.7,  28.8,   1.6,  22.72,  25.31,    15.86,  187.85,   52.62,  30.29, 2483.9,    0.73,  326.91,  358.29,  352.72,  337.02,  337.48,  337.67, 1449.00, 1504.78, 1474.71, 1458.29, 1451.26, 1452.91, 1529.28, 1526.37,  7228.6, 164,  GPS,   67.5, 110.60, 116.50, 123.750, 121.500,  0.003,       ,  19.68, -75.3,   51.8,   67.3,  -14.3,      1,   GPS,    ALT,  13.9,   0.7, -31.5, 3DDiff, 3704,      ,     12,  15.0,     17
2018-08-27, 17:35:43,  -04:00,  RAYMY,   42.5460548,  -72.0526123,  7000.4, 30.03,  7323.8,  16.5, 142.57, 166.72,  -41.54,   0.77,  13.94,  -0.00,   0.04,  36.1,  42.7,  27.7,  28.8,   1.6,  22.72,  25.31,    15.81,  187.84,   52.80,  30.27, 2484.5,    0.73,  326.94,  358.32,  352.75,  337.03,  337.44,  337.64, 1448.86, 1504.67, 1475.08, 1457.96, 1453.07, 1452.30, 1529.57, 1526.92,  7228.4, 164,  GPS,   67.5, 110.60, 116.50, 123.750, 121.500,  0.003,       ,  19.59, -75.1,   51.8,   67.4,  -14.3,      1,   GPS,    ALT,  13.9,   0.7, -15.7, 3DDiff, 3704,      ,     12,  15.5,     17
2018-08-27, 17:35:44,  -04:00,  RAYMY,   42.5467224,  -72.0520935,  6999.4, 30.03,  7324.7,  16.5, 142.59, 167.27,  -46.53,   0.80,  13.96,   0.00,   0.03,  37.7,  44.2,  27.7,  28.8,   1.6,  22.72,  25.31,    15.80,  187.82,   52.65,  30.25, 2485.4,    0.73,  326.91,  358.29,  352.75,  336.99,  337.41,  337.62, 1448.54, 1503.94, 1474.90, 1457.68, 1452.06, 1452.81, 1529.11, 1525.91,  7229.4, 164,  GPS,   67.5, 110.60, 116.50, 123.750, 121.500,  0.003,       ,  19.51, -75.0,   51.7,   67.4,  -14.3,      1,   GPS,    ALT,  14.0,   0.8,  -3.9, 3DDiff, 3704,      ,     12,  15.0,     17
2018-08-27, 17:35:45,  -04:00,  RAYMY,   42.5473900,  -72.0515442,  6999.4, 30.03,  7325.5,  16.5, 142.65, 167.79,  -27.19,   0.81,  14.00,   0.00,   0.03,  39.5,  45.8,  27.7,  28.8,   1.6,  22.72,  25.30,    15.81,  187.82,   52.88,  30.28, 2485.9,    0.73,  326.90,  358.29,  352.78,  336.98,  337.37,  337.59, 1448.66, 1503.80, 1474.83, 1456.48, 1452.74, 1452.66, 1528.44, 1525.80,  7230.1, 165,  GPS,   67.5, 110.60, 116.50, 123.750, 121.500,  0.003,       ,  19.43, -74.8,   51.7,   67.4,  -14.3,      1,   GPS,    ALT,  14.1,   0.8,   7.9, 3DDiff, 3704,      ,     12,  15.0,     17
2018-08-27, 17:35:46,  -04:00,  RAYMY,   42.5480461,  -72.0509644,  7000.4, 30.03,  7325.4,  16.5, 142.81, 168.32,   -8.84,   0.88,  14.11,  -0.00,   0.03,  41.1,  47.4,  27.7,  28.8,   1.6,  22.72,  25.28,    15.79,  187.80,   53.11,  30.30, 2484.4,    0.73,  326.88,  358.27,  352.81,  336.96,  337.32,  337.56, 1448.72, 1503.46, 1474.19, 1455.70, 1452.62, 1452.59, 1527.97, 1525.54,  7230.1, 165,  GPS,   67.5, 110.60, 116.50, 123.750, 121.500,  0.003,       ,  19.36, -74.6,   51.6,   67.4,  -14.3,      1,   GPS,    ALT,  14.1,   0.8,   7.9, 3DDiff, 3704,      ,     12,  15.0,     17
2018-08-27, 17:35:47,  -04:00,  RAYMY,   42.5486870,  -72.0503616,  7001.4, 30.03,  7325.6,  16.5, 142.78, 168.80,    9.15,   0.90,  14.17,   0.00,   0.03,  42.8,  49.0,  27.7,  28.8,   1.6,  22.71,  25.29,    15.82,  187.80,   53.02,  30.28, 2486.0,    0.73,  326.90,  358.27,  352.79,  336.95,  337.26,  337.53, 1448.73, 1503.61, 1474.07, 1456.09, 1452.32, 1453.20, 1528.15, 1525.91,  7230.3, 165,  GPS,   67.5, 110.60, 116.50, 123.750, 121.500,  0.003,       ,  19.22, -74.2,   51.6,   67.4,  -14.3,      1,   GPS,    ALT,  14.2,   0.9,   3.9, 3DDiff, 3704,      ,     12,  15.5,     17
2018-08-27, 17:35:48,  -04:00,  RAYMY,   42.5493164,  -72.0497360,  7000.4, 30.03,  7325.8,  16.5, 142.74, 169.29,   10.75,   0.88,  14.22,   0.01,   0.02,  44.4,  50.7,  27.7,  28.8,   1.6,  22.69,  25.30,    15.91,  187.78,   52.98,  30.29, 2480.7,    0.73,  326.87,  358.29,  352.82,  336.93,  337.25,  337.52, 1448.23, 1502.78, 1473.84, 1456.43, 1452.71, 1453.36, 1528.24, 1525.57,  7230.4, 165,  GPS,   67.5, 110.60, 116.50, 123.750, 121.500,  0.003,       ,  19.22, -74.2,   51.5,   67.5,  -14.3,      1,   GPS,    ALT,  14.2,   0.9,   7.9, 3DDiff, 3704,      ,     12,  15.5,     17
2018-08-27, 17:35:49,  -04:00,  RAYMY,   42.5499382,  -72.0490799,  7000.4, 30.03,  7325.9,  16.5, 142.58, 169.79,   -9.84,   0.85,  14.26,  -0.00,   0.03,  46.0,  52.3,  27.7,  28.8,   1.6,  22.68,  25.31,    15.82,  187.78,   52.72,  30.29, 2485.8,    0.73,  326.85,  358.26,  352.84,  336.94,  337.22,  337.50, 1448.36, 1503.29, 1474.54, 1456.72, 1453.42, 1453.09, 1527.83, 1525.86,  7230.5, 164,  GPS,   67.5, 110.60, 116.50, 123.750, 121.500,  0.003,       ,  19.16, -74.1,   51.5,   67.5,  -14.3,      1,   GPS,    ALT,  14.3,   0.9,   3.9, 3DDiff, 3704,      ,     12,  15.5,     18
2018-08-27, 17:35:50,  -04:00,  RAYMY,   42.5505409,  -72.0483932,  7000.4, 30.03,  7324.9,  16.5, 142.63, 170.34,   -3.98,   0.86,  14.29,  -0.00,   0.04,  47.7,  53.9,  27.7,  28.8,   1.6,  22.67,  25.31,    15.82,  187.80,   52.80,  30.30, 2484.3,    0.73,  326.85,  358.26,  352.85,  336.92,  337.16,  337.50, 1448.50, 1503.02, 1475.14, 1457.33, 1454.15, 1453.57, 1528.44, 1526.31,  7229.6, 165,  GPS,   67.5, 110.60, 116.50, 123.750, 121.500,  0.003,       ,  19.11, -73.9,   51.4,   67.5,  -14.3,      1,   GPS,    ALT,  14.4,   0.9,   3.9, 3DDiff, 3704,      ,     12,  15.0,     17
2018-08-27, 17:35:51,  -04:00,  RAYMY,   42.5511398,  -72.0476837,  7000.4, 30.03,  7324.7,  16.5, 142.67, 170.84,   -2.20,   0.81,  14.33,   0.00,   0.02,  49.4,  55.7,  27.7,  28.8,   1.6,  22.65,  25.32,    15.84,  187.78,   52.83,  30.29, 2486.2,    0.73,  326.81,  358.26,  352.88,  336.89,  337.13,  337.47, 1448.15, 1504.72, 1475.35, 1458.82, 1453.37, 1453.59, 1529.38, 1525.78,  7229.4, 165,  GPS,   67.5, 110.60, 116.50, 123.750, 121.500,  0.003,       ,  19.06, -73.7,   51.4,   67.5,  -14.3,      1,   GPS,    ALT,  14.4,   0.8,  15.7, 3DDiff, 3704,      ,     12,  15.5,     17
2018-08-27, 17:35:52,  -04:00,  RAYMY,   42.5517197,  -72.0469513,  7001.4, 30.03,  7325.3,  16.5, 142.72, 171.37,   -5.64,   0.81,  14.44,   0.00,   0.04,  51.1,  57.2,  27.7,  28.8,   1.6,  22.65,  25.33,    15.83,  187.78,   52.88,  30.32, 2484.9,    0.73,  326.81,  358.25,  352.88,  336.89,  337.10,  337.47, 1447.75, 1505.20, 1475.26, 1459.76, 1452.62, 1454.31, 1530.05, 1525.87,  7230.0, 165,  GPS,   67.5, 110.60, 116.50, 123.750, 121.500,  0.003,       ,  19.02, -73.5,   51.3,   67.5,  -14.3,      1,   GPS,    ALT,  14.5,   0.8,  15.7, 3DDiff, 3704,      ,     12,  15.5,     17
2018-08-27, 17:35:53,  -04:00,  RAYMY,   42.5522842,  -72.0461960,  7002.4, 30.03,  7325.4,  16.5, 142.73, 171.89,   21.36,   0.79,  14.46,  -0.00,   0.02,  52.8,  58.8,  27.7,  28.8,   1.6,  22.64,  25.34,    15.86,  187.77,   52.79,  30.29, 2483.3,    0.73,  326.79,  358.26,  352.88,  336.86,  337.04,  337.44, 1447.64, 1504.59, 1475.24, 1459.70, 1452.31, 1454.79, 1529.71, 1525.85,  7230.1, 165,  GPS,   67.5, 110.60, 116.50, 123.750, 121.500,  0.003,       ,  18.99, -73.3,   51.3,   67.5,  -14.3,      1,   GPS,    ALT,  14.6,   0.8,  11.8, 3DDiff, 3704,      ,     12,  15.5,     17
2018-08-27, 17:35:54,  -04:00,  RAYMY,   42.5528374,  -72.0454178,  7001.4, 30.03,  7325.4,  16.5, 142.61, 172.40,   12.64,   0.77,  14.55,   0.00,   0.02,  54.5,  60.4,  27.7,  28.8,   1.6,  22.64,  25.35,    15.90,  187.75,   52.77,  30.31, 2485.9,    0.73,  326.78,  358.26,  352.90,  336.85,  337.03,  337.43, 1447.95, 1504.50, 1475.91, 1459.61, 1452.34, 1453.93, 1529.67, 1526.71,  7230.0, 164,  GPS,   67.5, 116.50, 116.50, 123.750, 121.500,  0.003,       ,  18.96, -73.1,   51.3,   67.5,  -14.3,      1,   GPS,    ALT,  14.6,   0.8,   0.0, 3DDiff, 3704,      ,     12,  15.5,     17
2018-08-27, 17:35:55,  -04:00,  RAYMY,   42.5533752,  -72.0446091,  7001.4, 30.03,  7325.2,  16.5, 142.63, 172.90,   -9.06,   0.76,  14.66,   0.01,   0.04,  56.2,  62.2,  27.7,  28.8,   1.6,  22.63,  25.36,    15.84,  187.72,   52.61,  30.30, 2484.1,    0.73,  326.78,  358.23,  352.88,  336.83,  336.98,  337.39, 1447.34, 1504.99, 1475.06, 1458.55, 1451.85, 1454.10, 1529.00, 1526.23,  7229.8, 164,  GPS,   67.5, 116.50, 116.50, 123.750, 121.500,  0.002,       ,  18.94, -73.0,   51.2,   67.5,  -14.3,      1,   GPS,    ALT,  14.7,   0.8,  -7.9, 3DDiff, 3704,      ,     12,  15.5,     18
2018-08-27, 17:35:56,  -04:00,  RAYMY,   42.5538940,  -72.0437927,  7001.4, 30.03,  7326.1,  16.2, 142.62, 173.45,  -19.98,   0.73,  14.28,  -0.00,   0.04,  57.9,  63.7,  27.7,  28.8,   1.6,  22.62,  25.37,    15.90,  187.69,   52.45,  30.32, 2482.9,    0.73,  326.75,  358.23,  352.87,  336.78,  336.95,  337.41, 1447.24, 1505.71, 1475.25, 1458.66, 1451.44, 1453.75, 1529.56, 1526.48,  7230.7, 164,  GPS,   67.5, 116.50, 116.50, 123.750, 121.500,  0.002,       ,  18.92, -72.8,   51.2,   67.5,  -14.3,      1,   GPS,    ALT,  13.9,   0.8,  -7.9, 3DDiff, 3704,      ,     12,  15.0,     17
2018-08-27, 17:35:57,  -04:00,  RAYMY,   42.5544052,  -72.0429382,  7001.4, 30.03,  7326.8,  16.2, 142.69, 173.97,   -1.15,   0.73,  13.04,   0.00,   0.03,  59.6,  65.3,  27.7,  28.8,   1.6,  22.62,  25.38,    15.84,  187.69,   52.60,  30.27, 2485.5,    0.73,  326.73,  358.23,  352.88,  336.77,  336.90,  337.39, 1446.56, 1505.41, 1475.33, 1459.64, 1451.73, 1452.58, 1529.67, 1525.77,  7231.5, 165,  GPS,   67.5, 116.50, 115.60, 123.750, 121.500,  0.002,       ,  18.91, -72.7,   51.1,   67.5,  -14.3,      1,   GPS,    ALT,  11.7,   0.7,   3.9, 3DDiff, 3704,      ,     12,  15.5,     17
2018-08-27, 17:35:58,  -04:00,  RAYMY,   42.5549011,  -72.0420761,  7002.4, 30.03,  7326.9,  16.5, 142.77, 174.44,    1.30,   0.80,  10.61,   0.01,   0.02,  61.1,  66.8,  27.7,  28.8,   1.6,  22.60,  25.42,    15.79,  187.67,   52.75,  30.26, 2485.5,    0.73,  326.72,  358.26,  352.88,  336.75,  336.86,  337.41, 1446.57, 1505.31, 1475.21, 1458.61, 1451.32, 1452.21, 1528.82, 1526.07,  7231.5, 165,  GPS,   67.5, 116.50, 115.60, 123.750, 121.500,  0.002,       ,  18.91, -72.5,   51.1,   67.5,  -14.3,      1,   GPS,    ALT,   8.8,   0.7,  23.6, 3DDiff, 3704,      ,     12,  15.5,     17
2018-08-27, 17:35:59,  -04:00,  RAYMY,   42.5553780,  -72.0411911,  7002.4, 30.03,  7327.7,  16.2, 142.72, 174.83,   -3.20,   0.79,   7.69,   0.01,   0.01,  62.1,  67.9,  27.7,  28.8,   1.6,  22.56,  25.47,    15.84,  187.64,   52.72,  30.31, 2483.9,    0.73,  326.70,  358.24,  352.88,  336.74,  336.83,  337.41, 1446.67, 1504.88, 1475.38, 1459.57, 1449.92, 1453.59, 1529.03, 1525.43,  7232.4, 165,  GPS,   67.5, 116.50, 115.60, 123.750, 121.500,  0.002,       ,  18.91, -72.4,   51.0,   67.5,  -14.3,      1,   GPS,    ALT,   5.8,   0.7,  35.4, 3DDiff, 3704,      ,     12,  15.5,     17
2018-08-27, 17:36:00,  -04:00,  RAYMY,   42.5558472,  -72.0402985,  7002.4, 30.03,  7328.3,  16.2, 142.66, 175.10,    3.68,   0.79,   4.56,   0.00,   0.00,  62.8,  68.9,  27.7,  28.8,   1.6,  22.50,  25.53,    15.91,  187.63,   52.93,  30.28, 2486.8,    0.73,  326.69,  358.26,  352.85,  336.71,  336.80,  337.41, 1445.96, 1505.20, 1474.99, 1460.26, 1450.13, 1453.04, 1529.72, 1525.27,  7232.9, 165,  GPS,   67.5, 116.50, 115.60, 123.750, 121.500,  0.001,       ,  18.93, -72.1,   51.0,   67.5,  -14.3,      1,   GPS,    ALT,   2.9,   0.7,  31.5, 3DDiff, 3704,      ,     12,  15.5,     17
2018-08-27, 17:36:01,  -04:00,  RAYMY,   42.5563087,  -72.0393982,  7002.4, 30.03,  7328.8,  16.2, 142.58, 175.30,    2.53,   0.82,   1.75,   0.01,  -0.01,  63.1,  69.4,  27.7,  28.8,   1.6,  22.44,  25.59,    15.83,  187.60,   52.71,  30.29, 2485.7,    0.73,  326.66,  358.26,  352.82,  336.68,  336.75,  337.41, 1446.94, 1506.04, 1474.32, 1459.99, 1451.25, 1454.05, 1530.47, 1526.28,  7233.5, 164,  GPS,   67.5, 116.50, 115.60, 123.750, 121.500,  0.001,       ,  18.93, -72.1,   50.9,   67.5,  -14.3,      1,   GPS,    ALT,   0.9,   0.8,  27.6, 3DDiff, 3704,      ,     12,  15.5,     18
2018-08-27, 17:36:02,  -04:00,  RAYMY,   42.5567780,  -72.0384979,  7003.4, 30.03,  7328.2,  16.2, 142.65, 175.39,   16.26,   0.76,  -0.26,   0.00,  -0.00,  63.0,  69.5,  27.7,  28.8,   1.6,  22.38,  25.65,    15.82,  187.59,   52.83,  30.32, 2486.0,    0.73,  326.66,  358.26,  352.82,  336.67,  336.71,  337.41, 1447.28, 1505.19, 1473.96, 1459.44, 1451.49, 1453.48, 1529.85, 1526.16,  7232.8, 165,  GPS,   67.5, 116.50, 115.60, 123.750, 121.500, -0.000,       ,  18.96, -71.9,   50.9,   67.5,  -14.3,      1,   GPS,    ALT,  -0.3,   0.8,  19.7, 3DDiff, 3704,      ,     12,  15.0,     17
2018-08-27, 17:36:03,  -04:00,  RAYMY,   42.5572357,  -72.0375900,  7004.4, 30.03,  7327.8,  16.2, 142.65, 175.43,   27.55,   0.69,  -1.51,  -0.00,  -0.01,  62.8,  69.6,  27.7,  28.8,   1.6,  22.34,  25.67,    15.79,  187.56,   52.68,  30.24, 2484.9,    0.73,  326.66,  358.23,  352.79,  336.61,  336.68,  337.41, 1447.85, 1504.64, 1473.27, 1459.69, 1450.60, 1453.11, 1529.54, 1525.16,  7232.4, 165,  GPS,   67.5, 116.50, 115.60, 123.750, 121.500, -0.001,       ,  19.01, -71.7,   50.8,   67.5,  -14.3,      1,   GPS,    ALT,  -0.9,   0.7,   7.9, 3DDiff, 3704,      ,     12,  15.5,     17
2018-08-27, 17:36:04,  -04:00,  RAYMY,   42.5577049,  -72.0366898,  7004.4, 30.03,  7327.8,  16.2, 142.65, 175.43,   24.74,   0.58,  -1.91,  -0.00,  -0.02,  62.5,  69.5,  27.7,  28.8,   1.6,  22.34,  25.67,    15.81,  187.55,   52.78,  30.24, 2484.5,    0.73,  326.63,  358.25,  352.75,  336.61,  336.67,  337.41, 1448.01, 1504.50, 1473.54, 1458.67, 1450.63, 1452.43, 1528.77, 1525.01,  7232.5, 165,  GPS,   67.5, 116.50, 115.60, 123.750, 121.500, -0.002,       ,  19.08, -71.5,   50.8,   67.5,  -14.3,      1,   GPS,    ALT,  -1.1,   0.7, -11.8, 3DDiff, 3704,      ,     12,  15.5,     17
2018-08-27, 17:36:05,  -04:00,  RAYMY,   42.5581665,  -72.0357895,  7005.4, 30.03,  7327.1,  16.2, 142.74, 175.43,   29.19,   0.49,  -1.81,   0.00,  -0.01,  62.2,  69.3,  27.7,  28.8,   1.6,  22.35,  25.64,    15.74,  187.53,   52.78,  30.23, 2481.1,    0.73,  326.63,  358.25,  352.73,  336.58,  336.62,  337.40, 1447.40, 1505.80, 1472.95, 1458.73, 1450.09, 1451.95, 1529.47, 1524.42,  7231.7, 165,  GPS,   67.5, 116.50, 115.60, 123.750, 121.500, -0.003,       ,  19.17, -71.3,   50.7,   67.5,  -14.3,      1,   GPS,    ALT,  -1.2,   0.6, -35.4, 3DDiff, 3704,      ,     12,  15.5,     17
2018-08-27, 17:36:06,  -04:00,  RAYMY,   42.5586357,  -72.0348892,  7004.4, 30.03,  7326.2,  16.2, 142.73, 175.43,   -0.76,   0.42,  -1.52,  -0.00,  -0.00,  62.0,  68.9,  27.7,  28.8,   1.6,  22.38,  25.60,    15.79,  187.52,   52.73,  30.23, 2485.5,    0.73,  326.60,  358.23,  352.70,  336.55,  336.58,  337.38, 1447.43, 1505.76, 1473.53, 1456.60, 1450.18, 1452.60, 1528.68, 1524.56,  7230.9, 165,  GPS,   67.5, 116.50, 115.60, 123.750, 121.500, -0.003,       ,  19.28, -71.1,   50.7,   67.5,  -14.3,      1,   GPS,    ALT,  -1.2,   0.5, -47.2, 3DDiff, 3704,      ,     12,  15.5,     17
2018-08-27, 17:36:07,  -04:00,  RAYMY,   42.5591087,  -72.0339966,  7004.4, 30.03,  7325.2,  16.2, 142.93, 175.49,   -5.44,   0.40,  -1.24,  -0.01,  -0.00,  61.7,  68.9,  27.7,  28.8,   1.6,  22.43,  25.54,    15.80,  187.51,   52.73,  30.26, 2481.9,    0.73,  326.58,  358.22,  352.67,  336.53,  336.55,  337.38, 1446.84, 1505.19, 1473.86, 1456.37, 1450.99, 1453.13, 1528.39, 1524.43,  7229.8, 165,  GPS,   67.5, 116.50, 115.60, 123.750, 121.500, -0.004,       ,  19.41, -70.8,   50.6,   67.5,  -14.3,      1,   GPS,    ALT,  -1.1,   0.4, -59.1, 3DDiff, 3704,      ,     12,  15.5,     17
2018-08-27, 17:36:08,  -04:00,  RAYMY,   42.5595779,  -72.0331039,  7003.4, 30.03,  7324.8,  16.2, 142.96, 175.55,  -24.64,   0.27,  -1.01,   0.00,  -0.01,  61.6,  68.7,  27.7,  28.8,   1.6,  22.47,  25.49,    15.87,  187.49,   52.94,  30.27, 2482.4,    0.73,  326.57,  358.22,  352.65,  336.52,  336.51,  337.35, 1446.74, 1504.57, 1474.86, 1457.23, 1451.47, 1453.42, 1528.67, 1525.17,  7229.5, 165,  GPS,   67.5, 116.50, 115.60, 123.750, 121.500, -0.004,       ,  19.55, -70.6,   50.6,   67.5,  -14.3,      1,   GPS,    ALT,  -1.0,   0.4, -63.0, 3DDiff, 3704,      ,     12,  15.0,     17
2018-08-27, 17:36:09,  -04:00,  RAYMY,   42.5600586,  -72.0322113,  7001.4, 30.03,  7324.0,  16.2, 142.98, 175.65,  -63.27,   0.27,  -0.87,   0.00,   0.01,  61.5,  68.6,  27.7,  28.8,   1.6,  22.50,  25.45,    15.82,  187.50,   52.74,  30.30, 2483.9,    0.73,  326.56,  358.20,  352.60,  336.52,  336.46,  337.35, 1446.72, 1504.81, 1474.38, 1458.95, 1450.74, 1453.74, 1529.13, 1524.77,  7228.7, 165,  GPS,   67.5, 116.50, 115.60, 123.750, 121.500, -0.005,       ,  19.71, -70.3,   50.5,   67.5,  -14.3,      1,   GPS,    ALT,  -0.9,   0.4, -78.7, 3DDiff, 3704,      ,     12,  15.5,     17
2018-08-27, 17:36:10,  -04:00,  RAYMY,   42.5605392,  -72.0313187,  7000.4, 30.03,  7322.6,  16.2, 143.14, 175.72,  -72.54,   0.42,  -0.82,  -0.01,   0.01,  61.4,  68.3,  27.7,  28.8,   1.6,  22.53,  25.41,    15.76,  187.50,   52.60,  30.29, 2485.3,    0.73,  326.52,  358.20,  352.57,  336.47,  336.41,  337.37, 1447.45, 1504.63, 1474.57, 1458.53, 1450.40, 1453.40, 1528.77, 1525.02,  7227.2, 165,  GPS,   67.5, 116.50, 115.60, 123.750, 121.500, -0.005,       ,  19.88, -70.0,   50.5,   67.5,  -14.3,      1,   GPS,    ALT,  -0.8,   0.4, -66.9, 3DDiff, 3704,      ,     12,  15.5,     17
2018-08-27, 17:36:11,  -04:00,  RAYMY,   42.5610123,  -72.0304337,  6998.4, 30.03,  7322.3,  16.2, 143.07, 175.78,  -88.80,   0.47,  -0.70,   0.00,   0.01,  61.3,  68.2,  27.7,  28.8,   1.6,  22.55,  25.39,    15.77,  187.53,   52.56,  30.28, 2486.9,    0.73,  326.54,  358.20,  352.56,  336.46,  336.35,  337.35, 1447.96, 1504.39, 1474.78, 1459.48, 1448.89, 1453.31, 1529.19, 1524.95,  7226.9, 165,  GPS,   67.5, 116.50, 115.60, 123.750, 121.500, -0.005,       ,  20.06, -69.8,   50.4,   67.5,  -14.3,      1,   GPS,    ALT,  -0.8,   0.5, -31.5, 3DDiff, 3704,      ,     12,  15.5,     17
2018-08-27, 17:36:12,  -04:00,  RAYMY,   42.5614929,  -72.0295410,  6999.4, 30.03,  7322.4,  16.2, 143.05, 175.80,  -51.37,   0.51,  -0.69,   0.01,   0.02,  61.2,  68.3,  27.7,  28.8,   1.6,  22.56,  25.39,    15.91,  187.54,   52.80,  30.28, 2486.8,    0.73,  326.51,  358.20,  352.54,  336.43,  336.31,  337.35, 1447.48, 1504.25, 1474.81, 1458.65, 1449.34, 1453.68, 1529.28, 1524.79,  7227.0, 165,  GPS,   67.5, 116.50, 115.60, 123.750, 121.500, -0.006,       ,  20.24, -69.5,   50.4,   67.5,  -14.3,      1,   GPS,    ALT,  -0.7,   0.5,  -3.9, 3DDiff, 3704,      ,     12,  15.5,     17
2018-08-27, 17:36:13,  -04:00,  RAYMY,   42.5619736,  -72.0286484,  7000.4, 30.03,  7322.9,  16.2, 143.11, 175.84,  -20.18,   0.53,  -0.66,  -0.00,   0.01,  61.1,  68.2,  27.7,  28.8,   1.6,  22.55,  25.40,    15.84,  187.53,   52.58,  30.34, 2484.6,    0.73,  326.51,  358.20,  352.51,  336.43,  336.28,  337.35, 1448.24, 1505.59, 1475.29, 1458.98, 1448.96, 1453.92, 1529.93, 1525.34,  7227.6, 165,  GPS,   67.5, 116.50, 115.60, 123.750, 121.500, -0.006,       ,  20.43, -69.3,   50.3,   67.5,  -14.3,      1,   GPS,    ALT,  -0.7,   0.5,  23.6, 3DDiff, 3704,      ,     12,  15.5,     18
2018-08-27, 17:36:14,  -04:00,  RAYMY,   42.5624542,  -72.0277634,  6999.4, 30.03,  7323.5,  16.2, 143.19, 175.86,  -10.55,   0.44,  -0.59,   0.00,  -0.01,  61.1,  68.1,  27.7,  28.8,   1.6,  22.55,  25.40,    15.90,  187.51,   52.68,  30.29, 2487.5,    0.73,  326.48,  358.20,  352.50,  336.42,  336.20,  337.33, 1448.54, 1505.04, 1474.75, 1459.12, 1449.35, 1454.96, 1530.12, 1525.38,  7228.1, 165,  GPS,   67.5, 116.50, 115.60, 123.750, 121.500, -0.006,       ,  20.61, -69.0,   50.3,   67.5,  -14.3,      1,   GPS,    ALT,  -0.6,   0.4,  39.4, 3DDiff, 3704,      ,     12,  15.0,     17
2018-08-27, 17:36:15,  -04:00,  RAYMY,   42.5629311,  -72.0268707,  6999.4, 30.03,  7323.4,  16.2, 143.12, 175.88,  -19.41,   0.45,  -0.62,   0.01,   0.01,  61.0,  68.1,  27.7,  28.8,   1.6,  22.53,  25.41,    15.89,  187.48,   52.85,  30.34, 2483.2,    0.73,  326.50,  358.17,  352.49,  336.40,  336.15,  337.35, 1448.83, 1505.39, 1474.72, 1459.57, 1449.28, 1455.14, 1530.33, 1525.32,  7228.1, 165,  GPS,   67.5, 116.50, 115.60, 123.750, 121.500, -0.006,       ,  20.80, -68.8,   50.2,   67.5,  -14.3,      1,   GPS,    ALT,  -0.6,   0.4,  31.5, 3DDiff, 3704,      ,     12,  15.5,     16
2018-08-27, 17:36:16,  -04:00,  RAYMY,   42.5634155,  -72.0259857,  7001.4, 30.03,  7324.9,  16.2, 143.42, 175.88,   20.61,   0.43,  -0.68,   0.00,   0.01,  60.9,  68.0,  27.7,  28.8,   1.6,  22.51,  25.42,    15.90,  187.47,   52.73,  30.34, 2487.3,    0.73,  326.48,  358.17,  352.48,  336.37,  336.11,  337.35, 1450.05, 1506.33, 1476.13, 1459.80, 1448.48, 1455.30, 1530.90, 1525.90,  7229.5, 165,  GPS,   67.5, 116.50, 115.60, 123.750, 121.500, -0.007,       ,  20.99, -68.6,   50.2,   67.5,  -14.3,      1,   GPS,    ALT,  -0.5,   0.4,  43.3, 3DDiff, 3704,      ,     12,  15.5,     16
2018-08-27, 17:36:17,  -04:00,  RAYMY,   42.5639000,  -72.0251007,  7002.4, 30.03,  7325.6,  16.2, 143.40, 175.92,   37.84,   0.31,  -0.59,  -0.00,  -0.01,  60.9,  68.0,  27.7,  28.8,   1.6,  22.49,  25.43,    15.83,  187.44,   52.87,  30.33, 2486.9,    0.73,  326.45,  358.17,  352.51,  336.36,  336.07,  337.35, 1448.81, 1505.36, 1475.80, 1459.21, 1449.00, 1455.06, 1530.43, 1525.83,  7230.3, 165,  GPS,   67.5, 116.50, 115.60, 123.750, 121.500, -0.007,       ,  21.18, -68.4,   50.1,   67.5,  -14.3,      1,   GPS,    ALT,  -0.5,   0.4,  43.3, 3DDiff, 3704,      ,     12,  15.5,     17
2018-08-27, 17:36:18,  -04:00,  RAYMY,   42.5643845,  -72.0242081,  7002.4, 30.03,  7326.1,  16.2, 143.44, 175.94,   34.94,   0.24,  -0.53,   0.00,  -0.01,  60.8,  67.9,  27.7,  28.8,   1.6,  22.48,  25.44,    15.89,  187.43,   52.98,  30.30, 2486.4,    0.73,  326.45,  358.17,  352.51,  336.35,  336.01,  337.32, 1447.93, 1504.40, 1475.33, 1459.09, 1449.17, 1455.29, 1530.43, 1525.18,  7230.7, 165,  GPS,   67.5, 116.50, 115.60, 123.750, 121.500, -0.007,       ,  21.36, -68.2,   50.1,   67.5,  -14.3,      1,   GPS,    ALT,  -0.5,   0.3,  27.6, 3DDiff, 3704,      ,     12,  15.5,     17
2018-08-27, 17:36:19,  -04:00,  RAYMY,   42.5648689,  -72.0233231,  7002.4, 30.03,  7326.2,  16.2, 143.54, 176.00,   23.09,   0.19,  -0.51,   0.00,  -0.00,  60.8,  67.7,  27.7,  28.8,   1.6,  22.47,  25.45,    15.96,  187.40,   52.68,  30.32, 2487.9,    0.74,  326.42,  358.14,  352.54,  336.33,  335.98,  337.32, 1448.86, 1505.37, 1474.87, 1458.54, 1450.53, 1455.01, 1530.41, 1525.94,  7230.9, 165,  GPS,   67.5, 116.50, 115.60, 123.750, 121.500, -0.007,       ,  21.54, -68.1,   50.0,   67.5,  -14.3,      1,   GPS,    ALT,  -0.5,   0.2,  11.8, 3DDiff, 3704,      ,     12,  15.5,     17
2018-08-27, 17:36:20,  -04:00,  RAYMY,   42.5653496,  -72.0224380,  7003.4, 30.03,  7325.8,  16.2, 143.74, 176.05,   24.87,   0.16,  -0.48,   0.01,  -0.00,  60.7,  67.8,  27.7,  28.8,   1.6,  22.46,  25.45,    15.93,  187.37,   52.19,  30.38, 2480.1,    0.74,  326.42,  358.14,  352.57,  336.34,  335.95,  337.31, 1448.09, 1506.30, 1475.48, 1460.51, 1450.42, 1455.19, 1531.73, 1525.62,  7230.7, 166,  GPS,   67.5, 116.50, 115.60, 123.750, 121.500, -0.007,       ,  21.71, -67.9,   50.0,   67.5,  -14.3,      1,   GPS,    ALT,  -0.4,   0.2,   3.9, 3DDiff, 3704,      ,     12,  15.0,     17
2018-08-27, 17:36:21,  -04:00,  RAYMY,   42.5658417,  -72.0215530,  7002.4, 30.03,  7326.3,  16.2, 143.77, 176.11,    3.68,   0.11,  -0.41,   0.00,  -0.01,  60.7,  67.6,  27.7,  28.8,   1.6,  22.46,  25.46,    15.95,  187.33,   52.60,  30.33, 2486.7,    0.74,  326.39,  358.11,  352.58,  336.32,  335.91,  337.28, 1447.56, 1506.07, 1475.53, 1463.00, 1451.15, 1455.51, 1532.56, 1525.75,  7231.2, 166,  GPS,   67.5, 116.50, 115.60, 123.750, 121.500, -0.007,       ,  21.88, -67.7,   49.9,   67.5,  -14.3,      1,   GPS,    ALT,  -0.4,   0.1,   0.0, 3DDiff, 3704,      ,     12,  15.5,     16
2018-08-27, 17:36:22,  -04:00,  RAYMY,   42.5663223,  -72.0206680,  7002.4, 30.03,  7325.4,  16.2, 144.00, 176.19,  -11.32,   0.14,  -0.38,   0.00,  -0.00,  60.7,  67.7,  27.7,  28.8,   1.6,  22.45,  25.47,    15.94,  187.31,   52.80,  30.35, 2486.7,    0.74,  326.39,  358.10,  352.60,  336.32,  335.88,  337.28, 1448.21, 1505.33, 1475.94, 1461.69, 1450.80, 1455.40, 1531.61, 1526.55,  7230.3, 166,  GPS,   67.5, 116.50, 115.60, 123.750, 121.500, -0.007,       ,  22.03, -67.6,   49.9,   67.5,  -14.3,      1,   GPS,    ALT,  -0.4,   0.1, -15.7, 3DDiff, 3704,      ,     12,  15.5,     16
2018-08-27, 17:36:23,  -04:00,  RAYMY,   42.5668068,  -72.0197830,  7001.4, 30.03,  7325.2,  16.2, 144.10, 176.23,  -33.10,   0.20,  -0.37,   0.00,   0.01,  60.6,  67.7,  27.7,  28.8,   1.6,  22.44,  25.47,    15.96,  187.29,   52.98,  30.30, 2485.2,    0.74,  326.36,  358.10,  352.63,  336.31,  335.83,  337.25, 1448.27, 1504.12, 1474.84, 1461.17, 1450.54, 1454.89, 1531.00, 1525.77,  7230.1, 166,  GPS,   67.5, 116.50, 115.60, 123.750, 121.500, -0.007,       ,  22.18, -67.5,   49.8,   67.5,  -14.3,      1,   GPS,    ALT,  -0.3,   0.2, -11.8, 3DDiff, 3704,      ,     12,  15.5,     17
2018-08-27, 17:36:24,  -04:00,  RAYMY,   42.5672989,  -72.0188980,  7003.4, 30.03,  7325.1,  16.2, 144.25, 176.29,    2.63,   0.22,  -0.33,  -0.00,  -0.00,  60.6,  67.6,  27.7,  28.8,   1.6,  22.43,  25.47,    15.91,  187.26,   52.94,  30.29, 2485.9,    0.73,  326.36,  358.08,  352.65,  336.28,  335.82,  337.22, 1447.49, 1503.92, 1474.21, 1458.20, 1450.85, 1454.36, 1530.02, 1525.67,  7230.0, 166,  GPS,   67.5, 116.50, 115.60, 123.750, 121.500, -0.007,       ,  22.31, -67.3,   49.8,   67.5,  -14.3,      1,   GPS,    ALT,  -0.3,   0.2,  -3.9, 3DDiff, 3704,      ,     12,  15.5,     17
2018-08-27, 17:36:25,  -04:00,  RAYMY,   42.5677872,  -72.0180054,  7003.4, 30.03,  7324.9,  16.0, 144.34, 176.31,    9.37,   0.16,  -0.30,   0.01,  -0.02,  60.6,  67.6,  27.7,  28.8,   1.6,  22.42,  25.47,    15.93,  187.22,   52.95,  30.32, 2487.1,    0.74,  326.36,  358.07,  352.64,  336.28,  335.77,  337.20, 1448.77, 1504.55, 1474.88, 1457.80, 1451.41, 1454.56, 1530.36, 1526.49,  7229.8, 166,  GPS,   67.5, 116.50, 115.60, 123.750, 121.500, -0.007,       ,  22.44, -67.2,   49.7,   67.5,  -14.3,      1,   GPS,    ALT,  -0.3,   0.2,  -7.9, 3DDiff, 3704,      ,     12,  15.5,     17
2018-08-27, 17:36:26,  -04:00,  RAYMY,   42.5682755,  -72.0171280,  7002.4, 30.03,  7324.6,  16.0, 144.38, 176.35,   -5.61,   0.18,  -0.29,   0.00,   0.00,  60.6,  67.6,  27.7,  28.8,   1.6,  22.41,  25.48,    15.90,  187.19,   52.70,  30.30, 2486.2,    0.73,  326.33,  358.07,  352.63,  336.26,  335.76,  337.19, 1448.05, 1505.10, 1472.87, 1457.13, 1450.99, 1454.11, 1530.05, 1525.05,  7229.5, 166,  GPS,   67.5, 116.50, 115.60, 123.750, 121.500, -0.007,       ,  22.56, -67.1,   49.7,   67.5,  -14.3,      1,   GPS,    ALT,  -0.3,   0.2, -27.6, 3DDiff, 3704,      ,     12,  15.0,     17
2018-08-27, 17:36:27,  -04:00,  RAYMY,   42.5687637,  -72.0162354,  7001.4, 30.03,  7323.6,  16.0, 144.49, 176.38,  -27.45,   0.21,  -0.31,  -0.00,  -0.00,  60.5,  67.6,  27.7,  28.8,   1.6,  22.40,  25.48,    15.89,  187.17,   52.85,  30.32, 2485.7,    0.73,  326.31,  358.04,  352.63,  336.28,  335.75,  337.17, 1446.96, 1505.98, 1472.85, 1458.19, 1450.72, 1452.75, 1530.67, 1525.22,  7228.5, 167,  GPS,   67.5, 116.50, 115.60, 123.750, 121.500, -0.007,       ,  22.67, -67.0,   49.6,   67.5,  -14.3,      1,   GPS,    ALT,  -0.3,   0.2, -31.5, 3DDiff, 3704,      ,     12,  15.5,     16
2018-08-27, 17:36:28,  -04:00,  RAYMY,   42.5692520,  -72.0153580,  7001.4, 30.03,  7323.3,  16.0, 144.58, 176.38,  -45.19,   0.30,  -0.27,  -0.00,   0.00,  60.6,  67.5,  27.7,  28.8,   1.6,  22.39,  25.48,    15.90,  187.14,   53.01,  30.28, 2486.7,    0.73,  326.32,  358.04,  352.63,  336.25,  335.71,  337.16, 1446.38, 1505.31, 1473.09, 1459.01, 1450.19, 1452.24, 1530.25, 1525.19,  7228.2, 167,  GPS,   67.5, 116.50, 115.60, 123.750, 121.500, -0.007,       ,  22.77, -66.9,   49.6,   67.5,  -14.3,      1,   GPS,    ALT,  -0.2,   0.2, -31.5, 3DDiff, 3704,      ,     12,  15.5,     16
2018-08-27, 17:36:29,  -04:00,  RAYMY,   42.5697441,  -72.0144730,  7001.4, 30.03,  7323.0,  16.0, 144.70, 176.38,  -35.70,   0.37,  -0.23,   0.01,  -0.00,  60.6,  67.5,  27.7,  28.8,   1.6,  22.38,  25.48,    15.88,  187.11,   53.06,  30.36, 2486.9,    0.73,  326.30,  358.01,  352.63,  336.23,  335.72,  337.16, 1447.62, 1506.38, 1473.82, 1459.02, 1450.63, 1452.97, 1530.86, 1526.06,  7227.9, 167,  GPS,   67.5, 116.50, 115.60, 123.750, 121.500, -0.007,       ,  22.93, -66.6,   49.5,   67.5,  -14.3,      1,   GPS,    ALT,  -0.2,   0.3, -19.7, 3DDiff, 3704,      ,     12,  15.5,     17
2018-08-27, 17:36:30,  -04:00,  RAYMY,   42.5702324,  -72.0135803,  7001.4, 30.03,  7322.9,  16.0, 144.75, 176.36,  -16.35,   0.37,  -0.21,   0.00,   0.00,  60.6,  67.5,  27.7,  28.8,   1.6,  22.37,  25.48,    15.87,  187.09,   53.07,  30.36, 2487.6,    0.73,  326.27,  358.01,  352.60,  336.22,  335.74,  337.16, 1447.44, 1506.59, 1474.20, 1459.16, 1451.47, 1453.42, 1530.91, 1526.18,  7227.8, 167,  GPS,   67.5, 116.50, 115.60, 123.750, 121.500, -0.007,       ,  22.93, -66.6,   49.5,   67.5,  -14.3,      1,   GPS,    ALT,  -0.2,   0.4,  -7.9, 3DDiff, 3704,      ,     12,  15.5,     17
2018-08-27, 17:36:31,  -04:00,  RAYMY,   42.5707207,  -72.0127029,  7000.4, 30.03,  7322.9,  16.0, 144.59, 176.33,  -34.21,   0.40,  -0.24,  -0.01,  -0.00,  60.6,  67.5,  27.7,  28.8,   1.6,  22.36,  25.49,    15.97,  187.06,   53.02,  30.33, 2487.8,    0.74,  326.27,  357.96,  352.57,  336.22,  335.76,  337.13, 1448.26, 1506.87, 1474.11, 1459.35, 1451.33, 1454.02, 1530.94, 1526.09,  7227.8, 167,  GPS,   67.5, 116.50, 115.60, 123.750, 121.500, -0.007,       ,  23.00, -66.5,   49.4,   67.5,  -14.3,      1,   GPS,    ALT,  -0.2,   0.4, -11.8, 3DDiff, 3704,      ,     12,  15.5,     17
2018-08-27, 17:36:32,  -04:00,  RAYMY,   42.5712090,  -72.0118179,  7000.4, 30.03,  7322.4,  16.0, 144.59, 176.27,  -39.82,   0.52,  -0.21,   0.01,   0.00,  60.5,  67.5,  27.7,  28.8,   1.6,  22.34,  25.50,    15.93,  187.04,   53.10,  30.29, 2486.6,    0.74,  326.27,  357.96,  352.56,  336.16,  335.81,  337.11, 1447.39, 1505.58, 1473.65, 1458.89, 1450.95, 1453.39, 1530.13, 1525.16,  7227.3, 167,  GPS,   67.5, 116.50, 115.60, 123.750, 121.500, -0.007,       ,  23.05, -66.4,   49.4,   67.5,  -14.3,      1,   GPS,    ALT,  -0.2,   0.5, -15.7, 3DDiff, 3704,      ,     12,  15.0,     17
2018-08-27, 17:36:33,  -04:00,  RAYMY,   42.5716972,  -72.0109406,  6999.4, 30.03,  7323.0,  16.0, 144.43, 176.19,  -36.50,   0.55,  -0.24,   0.00,   0.00,  60.5,  67.5,  27.7,  28.8,   1.6,  22.33,  25.51,    15.89,  187.04,   53.14,  30.37, 2483.9,    0.73,  326.24,  357.93,  352.53,  336.14,  335.85,  337.10, 1446.94, 1505.99, 1473.52, 1458.23, 1450.53, 1453.41, 1530.15, 1525.72,  7227.9, 166,  GPS,   67.5, 116.50, 115.60, 123.750, 121.500, -0.007,       ,  23.10, -66.3,   49.4,   67.6,  -14.3,      1,   GPS,    ALT,  -0.2,   0.5,  -3.9, 3DDiff, 3704,      ,     12,  15.5,     16
2018-08-27, 17:36:34,  -04:00,  RAYMY,   42.5722008,  -72.0100327,  6998.4, 30.03,  7322.8,  16.0, 144.37, 176.11,  -46.31,   0.63,  -0.27,  -0.00,   0.01,  60.4,  67.4,  27.7,  28.8,   1.6,  22.32,  25.52,    15.88,  187.01,   52.82,  30.32, 2486.2,    0.73,  326.24,  357.92,  352.49,  336.13,  335.90,  337.07, 1447.43, 1505.75, 1473.19, 1459.27, 1450.55, 1454.08, 1530.63, 1526.00,  7227.7, 166,  GPS,   67.5, 116.50, 115.60, 123.750, 121.500, -0.007,       ,  23.14, -66.3,   49.3,   67.6,  -14.3,      1,   GPS,    ALT,  -0.2,   0.6,   3.9, 3DDiff, 3704,      ,     12,  15.5,     16
2018-08-27, 17:36:35,  -04:00,  RAYMY,   42.5726738,  -72.0091782,  7000.4, 30.03,  7323.2,  16.0, 144.40, 176.00,  -13.59,   0.69,  -0.26,  -0.00,  -0.01,  60.4,  67.4,  27.7,  28.8,   1.6,  22.31,  25.52,    15.90,  186.99,   52.84,  30.33, 2487.2,    0.73,  326.21,  357.89,  352.45,  336.10,  336.03,  337.01, 1447.78, 1506.15, 1473.60, 1460.10, 1451.46, 1455.06, 1531.35, 1526.74,  7228.1, 166,  GPS,   67.5, 116.50, 115.60, 123.750, 121.500, -0.007,       ,  23.17, -66.2,   49.3,   67.6,  -14.3,      1,   GPS,    ALT,  -0.2,   0.7,  19.7, 3DDiff, 3704,      ,     12,  15.5,     17
2018-08-27, 17:36:36,  -04:00,  RAYMY,   42.5731621,  -72.0082932,  7001.4, 30.03,  7323.6,  16.0, 144.30, 175.90,   28.42,   0.58,  -0.25,   0.00,  -0.03,  60.4,  67.4,  27.7,  28.8,   1.6,  22.31,  25.52,    15.92,  186.96,   53.05,  30.32, 2483.8,    0.73,  326.18,  357.88,  352.40,  336.07,  336.15,  337.00, 1448.09, 1505.69, 1473.31, 1458.33, 1451.03, 1454.39, 1530.47, 1526.05,  7228.5, 166,  GPS,   67.5, 116.50, 115.60, 123.750, 121.500, -0.007,       ,  23.20, -66.1,   49.2,   67.6,  -14.3,      1,   GPS,    ALT,  -0.1,   0.6,  27.6, 3DDiff, 3704,      ,     12,  15.5,     17
2018-08-27, 17:36:37,  -04:00,  RAYMY,   42.5736542,  -72.0074158,  7000.4, 30.03,  7323.5,  16.0, 144.20, 175.82,    3.05,   0.60,  -0.19,  -0.00,   0.01,  60.4,  67.4,  27.7,  28.8,   1.6,  22.32,  25.50,    15.90,  186.96,   53.18,  30.31, 2486.9,    0.73,  326.19,  357.84,  352.38,  336.04,  336.29,  337.00, 1448.13, 1504.80, 1472.51, 1457.65, 1449.83, 1454.60, 1529.73, 1524.94,  7228.4, 166,  GPS,   67.5, 116.50, 115.60, 123.750, 121.500, -0.007,       ,  23.22, -66.0,   49.2,   67.6,  -14.3,      1,   GPS,    ALT,  -0.1,   0.6,   0.0, 3DDiff, 3704,      ,     12,  15.5,     18
2018-08-27, 17:36:38,  -04:00,  RAYMY,   42.5741425,  -72.0065308,  6999.4, 30.03,  7323.6,  16.0, 144.19, 175.76,   -9.43,   0.65,  -0.15,  -0.01,   0.00,  60.3,  67.3,  27.7,  28.8,   1.6,  22.33,  25.49,    15.91,  186.97,   53.26,  30.31, 2486.2,    0.73,  326.18,  357.85,  352.32,  336.03,  336.42,  336.95, 1448.40, 1503.98, 1471.17, 1457.29, 1449.70, 1453.80, 1529.16, 1524.34,  7228.5, 166,  GPS,   67.5, 116.50, 115.60, 123.750, 121.500, -0.007,       ,  23.24, -65.9,   49.1,   67.6,  -14.3,      1,   GPS,    ALT,  -0.1,   0.6,  -7.9, 3DDiff, 3704,      ,     12,  15.0,     17
2018-08-27, 17:36:39,  -04:00,  RAYMY,   42.5746307,  -72.0056534,  6999.4, 30.03,  7323.2,  16.0, 144.22, 175.72,  -28.05,   0.71,  -0.11,   0.00,   0.00,  60.3,  67.3,  27.7,  28.8,   1.6,  22.33,  25.48,    15.92,  186.96,   52.94,  30.29, 2488.1,    0.73,  326.15,  357.83,  352.24,  336.01,  336.60,  336.92, 1447.76, 1504.74, 1470.75, 1457.27, 1449.18, 1454.50, 1529.89, 1523.62,  7228.1, 166,  GPS,   67.5, 116.50, 115.60, 123.750, 121.500, -0.007,       ,  23.24, -65.9,   49.1,   67.6,  -14.3,      1,   GPS,    ALT,  -0.1,   0.7,   0.0, 3DDiff, 3704,      ,     12,  15.5,     17
2018-08-27, 17:36:40,  -04:00,  RAYMY,   42.5751343,  -72.0047531,  6999.4, 30.03,  7323.8,  16.0, 144.21, 175.67,  -11.27,   0.71,  -0.03,   0.00,   0.00,  60.2,  67.3,  27.7,  28.8,   1.6,  22.34,  25.48,    15.85,  186.94,   52.83,  30.29, 2485.6,    0.73,  326.14,  357.81,  352.21,  335.98,  336.82,  336.92, 1447.06, 1505.62, 1471.07, 1456.58, 1449.62, 1452.70, 1529.35, 1523.82,  7228.7, 166,  GPS,   67.5, 116.50, 115.60, 123.750, 121.500, -0.007,       ,  23.25, -65.8,   49.0,   67.6,  -14.3,      1,   GPS,    ALT,  -0.1,   0.7,  11.8, 3DDiff, 3704,      ,     12,  15.5,     17
2018-08-27, 17:36:41,  -04:00,  RAYMY,   42.5756073,  -72.0038910,  6998.4, 30.03,  7324.1,  16.0, 144.28, 175.57,  -25.67,   0.74,  -0.04,   0.00,   0.01,  60.3,  67.3,  27.7,  28.8,   1.6,  22.34,  25.47,    15.90,  186.93,   52.93,  30.32, 2487.0,    0.73,  326.11,  357.78,  352.14,  335.97,  336.98,  336.89, 1446.91, 1505.95, 1470.52, 1457.21, 1449.74, 1452.49, 1529.59, 1523.61,  7229.0, 166,  GPS,   67.5, 116.50, 115.60, 123.750, 121.500, -0.007,       ,  23.25, -65.8,   49.0,   67.6,  -14.3,      1,   GPS,    ALT,  -0.1,   0.7,  15.7, 3DDiff, 3704,      ,     12,  15.5,     17
2018-08-27, 17:36:42,  -04:00,  RAYMY,   42.5760956,  -72.0030136,  6999.4, 30.03,  7324.5,  16.0, 144.35, 175.49,   -5.40,   0.79,  -0.07,  -0.00,   0.00,  60.3,  67.3,  27.7,  28.8,   1.6,  22.34,  25.47,    15.92,  186.91,   52.80,  30.31, 2485.2,    0.73,  326.08,  357.77,  352.08,  335.97,  337.18,  336.88, 1446.71, 1505.84, 1471.79, 1457.55, 1449.26, 1451.94, 1529.74, 1523.97,  7229.4, 166,  GPS,   67.5, 116.50, 115.60, 123.750, 121.500, -0.006,       ,  23.25, -65.7,   48.9,   67.6,  -14.3,      1,   GPS,    ALT,  -0.0,   0.8,  23.6, 3DDiff, 3704,      ,     12,  15.5,     17
2018-08-27, 17:36:43,  -04:00,  RAYMY,   42.5765877,  -72.0021362,  6998.4, 30.03,  7325.1,  16.0, 144.06, 175.39,  -13.76,   0.78,  -0.04,  -0.00,  -0.00,  60.4,  67.3,  27.7,  28.8,   1.6,  22.34,  25.46,    15.85,  186.90,   52.79,  30.27, 2487.1,    0.73,  326.05,  357.74,  352.05,  335.94,  337.34,  336.84, 1447.13, 1505.44, 1471.48, 1457.39, 1450.47, 1453.05, 1529.64, 1524.18,  7230.0, 166,  GPS,   67.5, 116.50, 115.60, 123.750, 121.500, -0.006,       ,  23.25, -65.6,   48.9,   67.6,  -14.3,      1,   GPS,    ALT,  -0.0,   0.8,  31.5, 3DDiff, 3704,      ,     12,  15.0,     17
2018-08-27, 17:36:44,  -04:00,  RAYMY,   42.5770760,  -72.0012589,  7000.4, 30.03,  7324.9,  16.0, 144.05, 175.30,   10.32,   0.74,  -0.04,   0.00,   0.00,  60.4,  67.3,  27.7,  28.8,   1.6,  22.33,  25.46,    15.92,  186.89,   52.95,  30.29, 2485.8,    0.73,  326.05,  357.73,  352.02,  335.91,  337.49,  336.83, 1446.96, 1504.54, 1471.40, 1455.92, 1448.95, 1453.35, 1529.33, 1523.76,  7229.8, 166,  GPS,   67.5, 116.50, 115.60, 123.750, 121.500, -0.006,       ,  23.24, -65.6,   48.8,   67.6,  -14.3,      1,   GPS,    ALT,  -0.0,   0.8,  35.4, 3DDiff, 3704,      ,     12,  15.0,     17
2018-08-27, 17:36:45,  -04:00,  RAYMY,   42.5775642,  -72.0003891,  6999.4, 30.03,  7325.9,  16.0, 143.94, 175.20,    6.35,   0.68,  -0.08,  -0.01,  -0.00,  60.5,  67.3,  27.7,  28.8,   1.6,  22.33,  25.46,    15.86,  186.89,   53.06,  30.28, 2485.3,    0.73,  326.00,  357.68,  351.96,  335.88,  337.64,  336.80, 1447.10, 1504.13, 1472.12, 1456.05, 1449.24, 1453.73, 1529.08, 1524.05,  7230.8, 166,  GPS,   67.5, 116.50, 115.60, 123.750, 121.500, -0.006,       ,  23.23, -65.5,   48.8,   67.6,  -14.3,      1,   GPS,    ALT,  -0.0,   0.7,  31.5, 3DDiff, 3704,      ,     12,  15.0,     16
2018-08-27, 17:36:46,  -04:00,  RAYMY,   42.5780525,  -71.9995117,  7000.4, 30.03,  7325.9,  16.0, 144.01, 175.12,    5.64,   0.68,  -0.08,  -0.00,  -0.00,  60.5,  67.3,  27.7,  28.8,   1.6,  22.33,  25.46,    15.79,  186.90,   52.98,  30.22, 2487.1,    0.73,  325.99,  357.65,  351.91,  335.86,  337.75,  336.77, 1446.75, 1503.41, 1471.40, 1453.84, 1448.83, 1452.55, 1527.94, 1523.49,  7230.8, 166,  GPS,   67.5, 116.50, 115.60, 123.750, 121.500, -0.006,       ,  23.21, -65.5,   48.7,   67.6,  -14.3,      1,   GPS,    ALT,  -0.0,   0.7,  31.5, 3DDiff, 3704,      ,     12,  15.0,     16
2018-08-27, 17:36:47,  -04:00,  RAYMY,   42.5785408,  -71.9986343,  7000.4, 30.03,  7326.5,  16.0, 143.98, 175.06,   11.03,   0.64,  -0.01,   0.01,  -0.00,  60.5,  67.3,  27.7,  28.8,   1.6,  22.32,  25.46,    15.79,  186.89,   53.14,  30.25, 2485.8,    0.73,  325.96,  357.62,  351.89,  335.85,  337.88,  336.74, 1446.15, 1502.16, 1470.85, 1453.88, 1449.07, 1451.77, 1527.02, 1523.40,  7231.4, 166,  GPS,   67.5, 116.50, 115.60, 123.750, 121.500, -0.006,       ,  23.19, -65.4,   48.7,   67.6,  -14.3,      1,   GPS,    ALT,  -0.0,   0.6,  39.4, 3DDiff, 3704,      ,     12,  15.0,     17
2018-08-27, 17:36:48,  -04:00,  RAYMY,   42.5790138,  -71.9977798,  7002.4, 30.03,  7327.1,  16.0, 144.10, 175.02,   28.65,   0.57,  -0.02,   0.00,   0.00,  60.6,  67.3,  27.7,  28.8,   1.6,  22.32,  25.46,    15.79,  186.88,   52.94,  30.24, 2482.6,    0.73,  325.95,  357.61,  351.84,  335.85,  337.95,  336.68, 1445.48, 1501.78, 1471.13, 1454.68, 1448.00, 1450.59, 1527.05, 1523.73,  7232.0, 166,  GPS,   67.5, 116.50, 115.60, 123.750, 121.500, -0.006,       ,  23.16, -65.4,   48.6,   67.6,  -14.3,      1,   GPS,    ALT,  -0.0,   0.6,  39.4, 3DDiff, 3704,      ,     12,  15.0,     17
2018-08-27, 17:36:49,  -04:00,  RAYMY,   42.5795174,  -71.9968796,  7003.4, 30.03,  7327.7,  16.0, 144.14, 174.97,   47.30,   0.46,  -0.04,  -0.00,  -0.01,  60.6,  67.3,  27.7,  28.8,   1.6,  22.30,  25.48,    15.83,  186.89,   52.97,  30.28, 2484.4,    0.73,  325.93,  357.58,  351.84,  335.82,  338.04,  336.67, 1445.28, 1502.84, 1470.57, 1454.81, 1448.35, 1451.00, 1527.28, 1523.28,  7232.6, 166,  GPS,   67.5, 116.50, 115.60, 123.750, 121.500, -0.006,       ,  23.13, -65.3,   48.6,   67.6,  -14.3,      1,   GPS,    ALT,  -0.0,   0.5,  35.4, 3DDiff, 3704,      ,     12,  15.0,     17
2018-08-27, 17:36:50,  -04:00,  RAYMY,   42.5800171,  -71.9959869,  7002.4, 30.03,  7329.1,  16.0, 144.09, 174.97,   28.90,   0.38,  -0.05,   0.01,  -0.02,  60.6,  67.3,  27.7,  28.8,   1.6,  22.29,  25.50,    15.87,  186.90,   52.99,  30.25, 2485.7,    0.73,  325.90,  357.55,  351.81,  335.82,  338.10,  336.62, 1445.02, 1502.48, 1469.82, 1454.21, 1448.56, 1452.03, 1527.03, 1522.83,  7234.0, 166,  GPS,   67.5, 116.50, 115.60, 123.750, 121.500, -0.005,       ,  23.09, -65.3,   48.5,   67.6,  -14.3,      1,   GPS,    ALT,  -0.0,   0.4,  15.7, 3DDiff, 3704,      ,     12,  15.0,     17
2018-08-27, 17:36:51,  -04:00,  RAYMY,   42.5804901,  -71.9951324,  7003.4, 30.03,  7328.6,  16.0, 144.27, 174.95,   -3.06,   0.44,  -0.05,   0.00,   0.01,  60.7,  67.3,  27.7,  28.8,   1.6,  22.27,  25.51,    15.81,  186.88,   53.07,  30.25, 2487.6,    0.73,  325.87,  357.53,  351.80,  335.79,  338.13,  336.58, 1446.29, 1501.91, 1470.21, 1453.95, 1448.71, 1452.45, 1526.97, 1524.14,  7233.5, 166,  GPS,   67.5, 116.50, 115.60, 123.750, 121.500, -0.005,       ,  22.99, -65.2,   48.5,   67.6,  -14.3,      1,   GPS,    ALT,  -0.0,   0.4,  -3.9, 3DDiff, 3704,      ,     12,  15.0,     16
2018-08-27, 17:36:52,  -04:00,  RAYMY,   42.5809898,  -71.9942398,  7003.4, 30.03,  7329.1,  16.0, 144.50, 174.97,    6.40,   0.42,  -0.08,  -0.00,  -0.00,  60.7,  67.3,  27.7,  28.8,   1.6,  22.26,  25.51,    15.73,  186.85,   52.99,  30.27, 2485.4,    0.73,  325.83,  357.50,  351.80,  335.79,  338.14,  336.56, 1446.21, 1502.21, 1470.48, 1454.57, 1448.65, 1450.89, 1527.01, 1524.50,  7234.0, 166,  GPS,   67.5, 116.50, 115.60, 123.750, 121.500, -0.005,       ,  22.99, -65.2,   48.4,   67.6,  -14.3,      1,   GPS,    ALT,   0.0,   0.4,   3.9, 3DDiff, 3704,      ,     12,  15.0,     16
2018-08-27, 17:36:53,  -04:00,  RAYMY,   42.5814629,  -71.9933853,  7003.4, 30.03,  7329.3,  16.0, 144.59, 174.93,   -2.07,   0.36,  -0.03,  -0.00,  -0.00,  60.7,  67.3,  27.7,  28.8,   1.6,  22.25,  25.51,    15.75,  186.85,   53.00,  30.24, 2488.3,    0.73,  325.82,  357.47,  351.81,  335.76,  338.20,  336.52, 1446.54, 1501.80, 1470.60, 1454.63, 1447.98, 1449.83, 1526.59, 1524.16,  7234.2, 167,  GPS,   67.5, 116.50, 115.60, 123.750, 121.500, -0.005,       ,  22.93, -65.1,   48.4,   67.6,  -14.3,      1,   GPS,    ALT,   0.0,   0.4,   3.9, 3DDiff, 3704,      ,     12,  14.5,     17
2018-08-27, 17:36:54,  -04:00,  RAYMY,   42.5819511,  -71.9925079,  7002.4, 30.03,  7329.2,  16.0, 144.67, 174.93,  -16.87,   0.35,  -0.04,   0.00,  -0.01,  60.8,  67.3,  27.7,  28.8,   1.6,  22.24,  25.52,    15.82,  186.83,   53.25,  30.26, 2486.9,    0.73,  325.81,  357.46,  351.84,  335.73,  338.20,  336.50, 1447.24, 1501.67, 1470.19, 1455.22, 1448.00, 1450.23, 1526.67, 1523.99,  7234.1, 167,  GPS,   67.5, 116.50, 115.60, 123.750, 121.500, -0.005,       ,  22.87, -65.1,   48.3,   67.6,  -14.3,      1,   GPS,    ALT,   0.0,   0.3,   0.0, 3DDiff, 3704,      ,     12,  14.5,     17
2018-08-27, 17:36:55,  -04:00,  RAYMY,   42.5824356,  -71.9916306,  7002.4, 30.03,  7329.2,  16.0, 144.73, 174.93,  -12.85,   0.37,  -0.01,   0.00,  -0.00,  60.9,  67.3,  27.7,  28.8,   1.6,  22.23,  25.52,    15.83,  186.83,   53.08,  30.25, 2487.4,    0.73,  325.78,  357.43,  351.84,  335.71,  338.20,  336.48, 1447.72, 1501.53, 1469.65, 1454.58, 1447.98, 1451.29, 1526.75, 1524.08,  7234.1, 167,  GPS,   67.5, 116.50, 115.60, 123.750, 121.500, -0.005,       ,  22.80, -65.0,   48.3,   67.6,  -14.3,      1,   GPS,    ALT,   0.0,   0.3,   0.0, 3DDiff, 3704,      ,     12,  14.5,     17
2018-08-27, 17:36:56,  -04:00,  RAYMY,   42.5829239,  -71.9907532,  7001.4, 30.03,  7327.9,  16.0, 144.69, 174.91,  -24.32,   0.41,   0.02,   0.00,   0.00,  60.9,  67.3,  27.7,  28.8,   1.6,  22.23,  25.52,    15.79,  186.83,   52.99,  30.23, 2486.3,    0.73,  325.77,  357.40,  351.87,  335.70,  338.22,  336.47, 1448.19, 1501.70, 1469.49, 1454.77, 1449.67, 1451.05, 1526.97, 1524.71,  7232.8, 167,  GPS,   67.5, 116.50, 115.60, 123.750, 121.500, -0.005,       ,  22.72, -64.9,   48.2,   67.6,  -14.3,      1,   GPS,    ALT,   0.0,   0.4,  -3.9, 3DDiff, 3704,      ,     12,  14.5,     17
2018-08-27, 17:36:57,  -04:00,  RAYMY,   42.5834084,  -71.9898834,  7002.4, 30.03,  7328.1,  16.0, 144.69, 174.89,  -15.16,   0.38,   0.00,   0.00,  -0.01,  60.9,  67.3,  27.7,  28.8,   1.6,  22.22,  25.53,    15.78,  186.82,   52.90,  30.25, 2487.9,    0.73,  325.74,  357.37,  351.90,  335.69,  338.20,  336.46, 1446.40, 1502.54, 1469.76, 1454.47, 1449.59, 1451.84, 1527.44, 1523.48,  7233.0, 167,  GPS,   67.5, 116.50, 115.60, 123.750, 121.500, -0.005,       ,  22.64, -64.8,   48.2,   67.6,  -14.3,      1,   GPS,    ALT,   0.0,   0.4,   0.0, 3DDiff, 3704,      ,     12,  14.5,     16
2018-08-27, 17:36:58,  -04:00,  RAYMY,   42.5838966,  -71.9890060,  7001.4, 30.03,  7327.6,  16.0, 144.71, 174.87,  -20.21,   0.37,  -0.03,   0.01,  -0.00,  60.9,  67.4,  27.7,  28.8,   1.6,  22.20,  25.54,    15.83,  186.79,   52.93,  30.25, 2486.9,    0.73,  325.70,  357.35,  351.91,  335.67,  338.20,  336.43, 1446.67, 1502.46, 1469.28, 1455.17, 1449.42, 1451.88, 1527.52, 1523.33,  7232.5, 167,  GPS,   67.5, 116.50, 115.60, 123.750, 121.500, -0.005,       ,  22.55, -64.8,   48.1,   67.6,  -14.3,      1,   GPS,    ALT,   0.0,   0.4,   0.0, 3DDiff, 3704,      ,     12,  14.5,     16
2018-08-27, 17:36:59,  -04:00,  RAYMY,   42.5843811,  -71.9881287,  7002.4, 30.03,  7327.5,  16.0, 144.76, 174.85,  -10.48,   0.42,  -0.02,  -0.00,   0.00,  60.9,  67.4,  27.7,  28.8,   1.6,  22.19,  25.54,    15.81,  186.79,   53.03,  30.26, 2484.9,    0.73,  325.69,  357.31,  351.93,  335.66,  338.19,  336.42, 1446.27, 1501.43, 1469.62, 1455.30, 1450.11, 1451.73, 1527.16, 1523.55,  7232.4, 167,  GPS,   67.5, 116.50, 115.60, 123.750, 121.500, -0.005,       ,  22.45, -64.7,   48.1,   67.6,  -14.3,      1,   GPS,    ALT,   0.0,   0.4,  -3.9, 3DDiff, 3704,      ,     12,  14.5,     17
2018-08-27, 17:37:00,  -04:00,  RAYMY,   42.5848694,  -71.9872513,  7003.4, 30.03,  7327.4,  16.0, 144.79, 174.83,   15.11,   0.37,  -0.07,  -0.00,  -0.01,  60.9,  67.4,  27.7,  28.8,   1.6,  22.18,  25.55,    15.78,  186.75,   53.07,  30.23, 2486.4,    0.73,  325.66,  357.28,  351.95,  335.64,  338.15,  336.37, 1446.33, 1502.07, 1469.97, 1455.52, 1450.00, 1451.06, 1527.24, 1523.28,  7232.3, 167,  GPS,   67.5, 116.50, 115.60, 123.750, 121.500, -0.005,       ,  22.36, -64.6,   48.0,   67.6,  -14.3,      1,   GPS,    ALT,  -0.0,   0.4,   0.0, 3DDiff, 3704,      ,     12,  14.0,     17
2018-08-27, 17:37:01,  -04:00,  RAYMY,   42.5853577,  -71.9863739,  7001.4, 30.03,  7327.2,  16.0, 144.59, 174.81,  -11.43,   0.34,  -0.08,   0.01,  -0.01,  60.9,  67.4,  27.7,  28.8,   1.6,  22.17,  25.54,    15.82,  186.75,   52.92,  30.25, 2485.6,    0.73,  325.63,  357.25,  351.99,  335.64,  338.14,  336.34, 1446.84, 1503.01, 1470.16, 1455.95, 1450.07, 1450.95, 1527.20, 1523.36,  7232.1, 167,  GPS,   67.5, 116.50, 115.60, 123.750, 121.500, -0.005,       ,  22.27, -64.5,   48.0,   67.6,  -14.3,      1,   GPS,    ALT,  -0.0,   0.4, -11.8, 3DDiff, 3704,      ,     12,  14.5,     18
2018-08-27, 17:37:02,  -04:00,  RAYMY,   42.5858459,  -71.9855118,  7001.4, 30.03,  7327.9,  16.0, 144.57, 174.81,  -33.63,   0.45,   0.01,   0.00,   0.01,  60.9,  67.4,  27.7,  28.8,   1.6,  22.17,  25.54,    15.84,  186.75,   52.92,  30.26, 2486.6,    0.73,  325.62,  357.22,  351.99,  335.62,  338.11,  336.33, 1447.21, 1502.50, 1470.23, 1455.93, 1449.68, 1451.24, 1527.13, 1523.28,  7232.8, 167,  GPS,   67.5, 116.50, 115.60, 123.750, 121.500, -0.004,       ,  22.18, -64.4,   47.9,   67.6,  -14.3,      1,   GPS,    ALT,  -0.0,   0.4, -23.6, 3DDiff, 3704,      ,     12,  14.0,     17
2018-08-27, 17:37:03,  -04:00,  RAYMY,   42.5863304,  -71.9846268,  7000.4, 30.03,  7327.8,  16.0, 144.39, 174.81,  -35.32,   0.51,  -0.04,  -0.00,   0.00,  60.9,  67.4,  27.7,  28.8,   1.6,  22.17,  25.54,    15.86,  186.74,   53.02,  30.24, 2485.3,    0.73,  325.57,  357.17,  352.02,  335.59,  338.08,  336.31, 1447.35, 1502.37, 1470.24, 1455.60, 1449.29, 1451.09, 1526.94, 1523.72,  7232.7, 166,  GPS,   67.5, 116.50, 115.60, 123.750, 121.500, -0.004,       ,  22.09, -64.3,   47.9,   67.6,  -14.3,      1,   GPS,    ALT,  -0.0,   0.5, -15.7, 3DDiff, 3704,      ,     12,  14.0,     16
2018-08-27, 17:37:04,  -04:00,  RAYMY,   42.5868187,  -71.9837570,  7000.4, 30.03,  7328.0,  16.0, 144.36, 174.77,  -32.46,   0.55,  -0.07,   0.00,   0.01,  60.9,  67.4,  27.7,  28.8,   1.6,  22.17,  25.54,    15.85,  186.73,   53.03,  30.20, 2486.2,    0.73,  325.55,  357.13,  352.02,  335.58,  338.05,  336.28, 1446.33, 1502.17, 1470.14, 1455.82, 1449.34, 1451.19, 1526.91, 1523.20,  7232.9, 166,  GPS,   67.5, 116.50, 115.60, 123.750, 121.500, -0.004,       ,  22.00, -64.2,   47.8,   67.6,  -14.3,      1,   GPS,    ALT,  -0.0,   0.5,  -7.9, 3DDiff, 3704,      ,     12,  14.0,     16
2018-08-27, 17:37:05,  -04:00,  RAYMY,   42.5873032,  -71.9828720,  7002.4, 30.03,  7328.2,  16.0, 144.42, 174.73,    5.26,   0.52,  -0.03,   0.01,  -0.00,  60.9,  67.4,  27.7,  28.8,   1.6,  22.16,  25.54,    15.84,  186.72,   53.01,  30.25, 2486.9,    0.73,  325.53,  357.10,  352.00,  335.56,  337.99,  336.27, 1446.18, 1503.47, 1469.84, 1455.56, 1450.21, 1450.63, 1527.04, 1523.94,  7233.1, 166,  GPS,   67.5, 116.50, 115.60, 123.750, 121.500, -0.004,       ,  21.91, -64.1,   47.8,   67.6,  -14.3,      1,   GPS,    ALT,  -0.0,   0.5,   3.9, 3DDiff, 3704,      ,     12,  14.0,     17
2018-08-27, 17:37:06,  -04:00,  RAYMY,   42.5877876,  -71.9820023,  7001.4, 30.03,  7328.4,  16.0, 144.32, 174.71,    5.18,   0.46,  -0.01,  -0.00,  -0.01,  60.9,  67.4,  27.7,  28.8,   1.6,  22.16,  25.54,    15.90,  186.72,   53.06,  30.24, 2485.7,    0.73,  325.48,  357.07,  352.02,  335.55,  337.96,  336.22, 1446.33, 1504.16, 1469.55, 1455.62, 1450.69, 1450.45, 1527.36, 1523.38,  7233.3, 166,  GPS,   67.5, 116.50, 115.60, 123.750, 121.500, -0.004,       ,  21.83, -64.1,   47.7,   67.6,  -14.3,      1,   GPS,    ALT,  -0.0,   0.5,   3.9, 3DDiff, 3704,      ,     12,  14.0,     17
2018-08-27, 17:37:07,  -04:00,  RAYMY,   42.5882759,  -71.9811325,  7000.4, 30.03,  7328.2,  16.2, 144.26, 174.67,  -18.06,   0.49,  -0.02,  -0.00,   0.01,  61.0,  67.4,  27.7,  28.8,   1.6,  22.15,  25.54,    15.89,  186.69,   53.03,  30.23, 2486.5,    0.73,  325.45,  357.07,  352.08,  335.52,  337.90,  336.22, 1445.78, 1503.59, 1470.22, 1454.67, 1449.80, 1449.20, 1526.75, 1523.45,  7233.1, 166,  GPS,   67.5, 116.50, 115.60, 123.750, 121.500, -0.004,       ,  21.75, -64.0,   47.7,   67.6,  -14.3,      1,   GPS,    ALT,  -0.0,   0.5, -11.8, 3DDiff, 3704,      ,     12,  14.5,     17
2018-08-27, 17:37:08,  -04:00,  RAYMY,   42.5887604,  -71.9802475,  7001.4, 30.03,  7327.3,  16.2, 144.45, 174.65,    1.13,   0.53,   0.00,   0.01,  -0.00,  61.0,  67.4,  27.7,  28.8,   1.6,  22.15,  25.54,    15.84,  186.69,   52.94,  30.20, 2486.0,    0.73,  325.42,  357.03,  352.11,  335.52,  337.86,  336.21, 1444.97, 1503.53, 1469.98, 1455.00, 1450.08, 1449.55, 1527.32, 1522.55,  7232.2, 166,  GPS,   67.5, 116.50, 115.60, 123.750, 121.500, -0.004,       ,  21.68, -63.9,   47.6,   67.6,  -14.3,      1,   GPS,    ALT,  -0.0,   0.5,  -7.9, 3DDiff, 3704,      ,     12,  14.0,     17
2018-08-27, 17:37:09,  -04:00,  RAYMY,   42.5892487,  -71.9793777,  7001.4, 30.03,  7327.4,  16.2, 144.33, 174.63,  -10.41,   0.52,   0.00,   0.00,  -0.00,  61.0,  67.4,  27.7,  28.8,   1.6,  22.14,  25.55,    15.83,  186.68,   52.98,  30.26, 2486.5,    0.73,  325.41,  356.98,  352.11,  335.49,  337.81,  336.19, 1444.71, 1504.00, 1469.58, 1455.16, 1449.70, 1450.23, 1527.62, 1522.25,  7232.3, 166,  GPS,   67.5, 116.50, 115.60, 123.750, 121.500, -0.004,       ,  21.61, -63.9,   47.6,   67.6,  -14.3,      1,   GPS,    ALT,  -0.0,   0.5,   0.0, 3DDiff, 3704,      ,     12,  14.0,     16
2018-08-27, 17:37:10,  -04:00,  RAYMY,   42.5897331,  -71.9785004,  7001.4, 30.03,  7326.7,  16.2, 144.31, 174.62,   -3.83,   0.53,  -0.04,  -0.00,   0.00,  61.0,  67.4,  27.7,  28.8,   1.6,  22.13,  25.56,    15.84,  186.67,   52.94,  30.28, 2485.3,    0.73,  325.36,  356.94,  352.14,  335.48,  337.75,  336.16, 1445.71, 1504.19, 1470.26, 1454.90, 1449.24, 1451.15, 1527.19, 1523.03,  7231.6, 166,  GPS,   67.5, 116.50, 115.60, 123.750, 121.500, -0.004,       ,  21.54, -63.8,   47.6,   67.6,  -14.3,      1,   GPS,    ALT,   0.0,   0.5,  -7.9, 3DDiff, 3704,      ,     12,  14.0,     16
2018-08-27, 17:37:11,  -04:00,  RAYMY,   42.5902176,  -71.9776306,  7001.4, 30.03,  7326.5,  16.2, 144.32, 174.60,  -17.85,   0.53,  -0.07,   0.00,  -0.00,  61.0,  67.4,  27.7,  28.8,   1.6,  22.12,  25.56,    15.87,  186.67,   52.96,  30.21, 2483.1,    0.73,  325.35,  356.91,  352.14,  335.48,  337.71,  336.13, 1445.78, 1503.38, 1469.59, 1454.71, 1448.92, 1450.22, 1526.91, 1522.39,  7231.4, 166,  GPS,   67.5, 116.50, 115.60, 123.750, 121.500, -0.004,       ,  21.47, -63.8,   47.5,   67.6,  -14.3,      1,   GPS,    ALT,   0.0,   0.5,  -7.9, 3DDiff, 3704,      ,     12,  14.0,     17
2018-08-27, 17:37:12,  -04:00,  RAYMY,   42.5907021,  -71.9767532,  7000.4, 30.03,  7326.4,  16.2, 144.37, 174.56,   -8.62,   0.54,  -0.05,   0.00,   0.00,  61.0,  67.4,  27.7,  28.8,   1.6,  22.12,  25.56,    15.81,  186.68,   52.88,  30.24, 2482.9,    0.73,  325.32,  356.88,  352.17,  335.46,  337.66,  336.13, 1445.02, 1503.02, 1470.57, 1453.83, 1448.47, 1450.50, 1526.89, 1522.09,  7231.3, 166,  GPS,   67.5, 116.50, 115.60, 123.750, 121.500, -0.004,       ,  21.40, -63.7,   47.5,   67.6,  -14.3,      1,   GPS,    ALT,   0.0,   0.5,  -7.9, 3DDiff, 3704,      ,     12,  14.0,     17
2018-08-27, 17:37:13,  -04:00,  RAYMY,   42.5911903,  -71.9758759,  7001.4, 30.03,  7326.2,  16.2, 144.47, 174.50,   -8.65,   0.56,  -0.03,  -0.00,  -0.00,  61.1,  67.4,  27.7,  28.8,   1.6,  22.11,  25.56,    15.89,  186.69,   52.95,  30.21, 2486.3,    0.73,  325.29,  356.88,  352.17,  335.46,  337.62,  336.12, 1445.09, 1502.48, 1469.99, 1454.90, 1448.47, 1451.31, 1527.11, 1522.21,  7231.1, 167,  GPS,   67.5, 116.50, 115.60, 123.750, 121.500, -0.004,       ,  21.34, -63.7,   47.4,   67.6,  -14.3,      1,   GPS,    ALT,   0.0,   0.5,  -3.9, 3DDiff, 3704,      ,     12,  14.5,     17
2018-08-27, 17:37:14,  -04:00,  RAYMY,   42.5916786,  -71.9750137,  7001.4, 30.03,  7327.3,  16.2, 144.41, 174.46,   -5.23,   0.55,  -0.03,  -0.00,  -0.01,  61.1,  67.4,  27.7,  28.8,   1.6,  22.10,  25.55,    15.80,  186.71,   52.89,  30.22, 2485.3,    0.73,  325.24,  356.85,  352.20,  335.43,  337.56,  336.07, 1445.81, 1501.68, 1469.87, 1455.17, 1447.94, 1451.11, 1527.08, 1522.29,  7232.2, 166,  GPS,   67.5, 116.50, 115.60, 123.750, 121.500, -0.003,       ,  21.28, -63.6,   47.4,   67.6,  -14.3,      1,   GPS,    ALT,   0.0,   0.5,  -3.9, 3DDiff, 3704,      ,     12,  14.0,     17
2018-08-27, 17:37:15,  -04:00,  RAYMY,   42.5921631,  -71.9741287,  7001.4, 30.03,  7327.1,  16.2, 144.37, 174.40,   -5.66,   0.55,  -0.03,   0.00,  -0.01,  61.2,  67.4,  27.7,  28.8,   1.6,  22.11,  25.54,    15.82,  186.69,   53.11,  30.20, 2488.8,    0.73,  325.20,  356.82,  352.20,  335.43,  337.48,  336.06, 1445.94, 1502.09, 1469.34, 1455.14, 1447.12, 1448.99, 1526.71, 1522.29,  7232.0, 166,  GPS,   67.5, 116.50, 115.60, 123.750, 121.500, -0.002,       ,  21.22, -63.6,   47.3,   67.6,  -14.3,      1,   GPS,    ALT,   0.0,   0.6, -11.8, 3DDiff, 3704,      ,     12,  14.0,     16
2018-08-27, 17:37:16,  -04:00,  RAYMY,   42.5926437,  -71.9732590,  7001.4, 30.03,  7327.2,  16.2, 144.40, 174.34,  -13.14,   0.60,   0.01,   0.00,   0.01,  61.2,  67.4,  27.7,  28.8,   1.6,  22.11,  25.54,    15.79,  186.68,   52.94,  30.23, 2486.5,    0.73,  325.20,  356.79,  352.21,  335.42,  337.44,  336.01, 1445.94, 1502.24, 1469.25, 1455.02, 1447.54, 1448.86, 1526.62, 1523.20,  7232.1, 166,  GPS,   67.5, 116.50, 115.60, 123.750, 121.500, -0.002,       ,  21.15, -63.5,   47.3,   67.6,  -14.3,      1,   GPS,    ALT,   0.0,   0.6, -19.7, 3DDiff, 3704,      ,     12,  14.0,     16
2018-08-27, 17:37:17,  -04:00,  RAYMY,   42.5931282,  -71.9723892,  7000.4, 30.03,  7326.9,  16.2, 144.33, 174.29,  -22.14,   0.57,   0.04,  -0.00,  -0.01,  61.2,  67.4,  27.7,  28.8,   1.6,  22.11,  25.53,    15.77,  186.65,   53.04,  30.25, 2484.8,    0.73,  325.17,  356.78,  352.24,  335.40,  337.38,  336.01, 1446.30, 1502.25, 1470.01, 1454.32, 1448.08, 1449.00, 1526.18, 1523.56,  7231.8, 166,  GPS,   67.5, 116.50, 115.60, 123.750, 121.500, -0.002,       ,  21.09, -63.5,   47.2,   67.6,  -14.3,      1,   GPS,    ALT,   0.0,   0.6, -23.6, 3DDiff, 3704,      ,     12,  14.0,     17
2018-08-27, 17:37:18,  -04:00,  RAYMY,   42.5936127,  -71.9715118,  7000.4, 30.03,  7326.5,  16.2, 144.32, 174.25,  -18.18,   0.60,   0.07,  -0.00,  -0.00,  61.2,  67.4,  27.7,  28.8,   1.6,  22.11,  25.54,    15.83,  186.64,   53.00,  30.24, 2486.4,    0.73,  325.14,  356.76,  352.27,  335.39,  337.32,  336.01, 1445.91, 1502.67, 1470.25, 1456.15, 1447.15, 1450.88, 1527.14, 1522.67,  7231.4, 166,  GPS,   67.5, 116.50, 115.60, 123.750, 121.500, -0.002,       ,  21.03, -63.5,   47.2,   67.6,  -14.3,      1,   GPS,    ALT,   0.0,   0.6, -27.6, 3DDiff, 3704,      ,     12,  14.5,     17
2018-08-27, 17:37:19,  -04:00,  RAYMY,   42.5940971,  -71.9706421,  6999.4, 30.03,  7326.5,  16.2, 144.30, 174.17,  -29.75,   0.66,  -0.01,   0.01,  -0.01,  61.2,  67.4,  27.7,  28.8,   1.6,  22.11,  25.53,    15.82,  186.63,   53.18,  30.21, 2487.3,    0.73,  325.11,  356.71,  352.30,  335.37,  337.26,  335.98, 1444.84, 1503.48, 1470.60, 1456.13, 1445.99, 1450.97, 1527.18, 1521.89,  7231.4, 166,  GPS,   67.5, 116.50, 115.60, 123.750, 121.500, -0.002,       ,  20.97, -63.4,   47.1,   67.6,  -14.3,      1,   GPS,    ALT,   0.0,   0.7, -15.7, 3DDiff, 3704,      ,     12,  14.5,     17
2018-08-27, 17:37:20,  -04:00,  RAYMY,   42.5945778,  -71.9697647,  7000.4, 30.03,  7324.9,  16.2, 144.28, 174.11,  -14.94,   0.78,  -0.05,   0.00,   0.01,  61.1,  67.4,  27.7,  28.8,   1.6,  22.11,  25.53,    15.85,  186.60,   52.94,  30.23, 2487.0,    0.73,  325.05,  356.72,  352.31,  335.34,  337.22,  335.97, 1444.16, 1503.07, 1470.72, 1455.74, 1446.22, 1451.21, 1527.10, 1521.71,  7230.1, 166,  GPS,   67.5, 116.50, 115.60, 123.750, 121.500, -0.002,       ,  20.85, -63.4,   47.1,   67.6,  -14.3,      1,   GPS,    ALT,   0.0,   0.7,  -3.9, 3DDiff, 3704,      ,     12,  14.5,     17
2018-08-27, 17:37:21,  -04:00,  RAYMY,   42.5950623,  -71.9688950,  7000.4, 30.03,  7325.2,  16.2, 144.22, 174.01,   14.18,   0.71,  -0.04,  -0.00,  -0.01,  61.1,  67.4,  27.7,  28.8,   1.6,  22.11,  25.53,    15.87,  186.60,   52.97,  30.24, 2487.7,    0.73,  325.02,  356.67,  352.35,  335.33,  337.16,  335.97, 1445.13, 1502.33, 1472.03, 1455.04, 1446.90, 1451.45, 1526.87, 1523.22,  7230.4, 166,  GPS,   67.5, 116.50, 115.60, 123.750, 121.500, -0.002,       ,  20.85, -63.4,   47.0,   67.6,  -14.3,      1,   GPS,    ALT,   0.0,   0.7,   7.9, 3DDiff, 3704,      ,     12,  14.5,     17
2018-08-27, 17:37:22,  -04:00,  RAYMY,   42.5955467,  -71.9680252,  7001.4, 30.03,  7324.5,  16.2, 144.19, 173.94,   13.88,   0.68,   0.02,   0.00,  -0.01,  61.1,  67.4,  27.7,  28.8,   1.6,  22.11,  25.52,    15.83,  186.57,   52.96,  30.23, 2484.9,    0.73,  324.99,  356.67,  352.35,  335.28,  337.10,  335.92, 1445.44, 1502.30, 1471.55, 1454.70, 1446.08, 1450.24, 1526.53, 1523.04,  7229.7, 166,  GPS,   67.5, 116.50, 115.60, 123.750, 121.500, -0.002,       ,  20.79, -63.3,   47.0,   67.6,  -14.3,      1,   GPS,    ALT,   0.0,   0.7,   0.0, 3DDiff, 3704,      ,     12,  14.5,     16
2018-08-27, 17:37:23,  -04:00,  RAYMY,   42.5960274,  -71.9671478,  7000.4, 30.03,  7324.0,  16.2, 144.07, 173.86,   -5.12,   0.74,   0.03,   0.00,   0.02,  61.1,  67.5,  27.7,  28.8,   1.6,  22.11,  25.52,    15.83,  186.55,   53.28,  30.22, 2487.2,    0.73,  324.96,  356.64,  352.34,  335.27,  337.04,  335.91, 1444.62, 1502.04, 1470.64, 1454.61, 1446.42, 1449.39, 1526.30, 1522.62,  7229.1, 166,  GPS,   67.5, 116.50, 115.60, 123.750, 121.500, -0.002,       ,  20.74, -63.3,   46.9,   67.6,  -14.3,      1,   GPS,    ALT,   0.0,   0.7, -19.7, 3DDiff, 3704,      ,     12,  14.5,     17
2018-08-27, 17:37:24,  -04:00,  RAYMY,   42.5965080,  -71.9662857,  6999.4, 30.03,  7323.6,  16.2, 144.03, 173.80,  -32.40,   0.83,   0.02,  -0.00,   0.02,  61.1,  67.5,  27.7,  28.8,   1.6,  22.10,  25.52,    15.78,  186.53,   53.49,  30.22, 2486.9,    0.73,  324.93,  356.61,  352.31,  335.24,  337.01,  335.91, 1445.10, 1502.28, 1471.22, 1454.16, 1446.73, 1449.10, 1526.19, 1522.64,  7228.8, 166,  GPS,   67.5, 116.50, 115.60, 123.750, 121.500, -0.002,       ,  20.69, -63.3,   46.9,   67.6,  -14.3,      1,   GPS,    ALT,   0.0,   0.8, -19.7, 3DDiff, 3704,      ,     12,  14.5,     17
2018-08-27, 17:37:25,  -04:00,  RAYMY,   42.5969925,  -71.9654083,  7000.4, 30.03,  7323.6,  16.2, 144.12, 173.70,  -13.11,   0.82,   0.00,  -0.00,  -0.00,  61.1,  67.5,  27.7,  28.8,   1.6,  22.10,  25.51,    15.82,  186.54,   53.23,  30.21, 2486.7,    0.73,  324.88,  356.55,  352.36,  335.21,  336.95,  335.94, 1445.47, 1502.28, 1471.62, 1453.49, 1446.51, 1450.88, 1526.45, 1523.67,  7228.8, 166,  GPS,   67.5, 116.50, 115.60, 123.750, 121.500, -0.002,       ,  20.64, -63.2,   46.8,   67.6,  -14.3,      1,   GPS,    ALT,   0.0,   0.8,   3.9, 3DDiff, 3704,      ,     12,  14.5,     17
2018-08-27, 17:37:26,  -04:00,  RAYMY,   42.5974770,  -71.9645386,  6999.4, 30.03,  7324.9,  16.2, 144.14, 173.60,  -18.91,   0.83,  -0.01,   0.01,   0.00,  61.1,  67.5,  27.7,  28.8,   1.6,  22.10,  25.50,    15.87,  186.56,   53.10,  30.21, 2486.9,    0.73,  324.84,  356.55,  352.33,  335.21,  336.89,  335.92, 1446.07, 1502.47, 1471.20, 1453.99, 1445.40, 1451.56, 1526.82, 1523.45,  7230.0, 166,  GPS,   67.5, 116.50, 115.60, 123.750, 121.500, -0.001,       ,  20.59, -63.2,   46.8,   67.6,  -14.3,      1,   GPS,    ALT,  -0.0,   0.8,  11.8, 3DDiff, 3704,      ,     12,  14.5,     17
2018-08-27, 17:37:27,  -04:00,  RAYMY,   42.5979538,  -71.9636688,  7000.4, 30.03,  7325.3,  16.2, 144.16, 173.49,    7.90,   0.78,  -0.05,   0.00,  -0.01,  61.2,  67.5,  27.7,  28.8,   1.6,  22.11,  25.50,    15.90,  186.57,   53.02,  30.24, 2485.8,    0.73,  324.81,  356.51,  352.32,  335.18,  336.83,  335.91, 1445.96, 1503.04, 1471.86, 1454.44, 1446.38, 1450.04, 1526.58, 1523.96,  7230.4, 166,  GPS,   67.5, 116.50, 115.60, 123.750, 121.500, -0.002,       ,  20.55, -63.2,   46.7,   67.6,  -14.3,      1,   GPS,    ALT,  -0.0,   0.8,  19.7, 3DDiff, 3704,      ,     12,  14.5,     16
2018-08-27, 17:37:28,  -04:00,  RAYMY,   42.5984344,  -71.9627914,  7000.4, 30.03,  7325.8,  16.2, 144.12, 173.37,   -5.02,   0.82,  -0.02,  -0.00,   0.00,  61.2,  67.5,  27.7,  28.8,   1.6,  22.11,  25.50,    15.88,  186.58,   53.11,  30.21, 2484.3,    0.73,  324.78,  356.48,  352.32,  335.18,  336.78,  335.89, 1445.73, 1503.65, 1470.92, 1454.93, 1447.19, 1450.67, 1527.25, 1523.19,  7230.9, 166,  GPS,   67.5, 116.50, 115.60, 123.750, 121.500, -0.001,       ,  20.51, -63.1,   46.7,   67.6,  -14.3,      1,   GPS,    ALT,  -0.0,   0.8,   3.9, 3DDiff, 3704,      ,     12,  14.5,     16
2018-08-27, 17:37:29,  -04:00,  RAYMY,   42.5989189,  -71.9619217,  7001.4, 30.03,  7325.9,  16.2, 144.14, 173.25,    1.41,   0.81,  -0.02,   0.00,  -0.01,  61.2,  67.5,  27.7,  28.8,   1.6,  22.10,  25.49,    15.81,  186.59,   53.00,  30.26, 2487.7,    0.73,  324.75,  356.45,  352.27,  335.15,  336.74,  335.91, 1445.70, 1502.68, 1471.39, 1456.67, 1448.58, 1449.78, 1527.73, 1523.88,  7231.0, 166,  GPS,   67.5, 116.50, 115.60, 123.750, 121.500, -0.001,       ,  20.44, -63.0,   46.6,   67.6,  -14.3,      1,   GPS,    ALT,  -0.0,   0.8,   3.9, 3DDiff, 3704,      ,     12,  14.5,     17
2018-08-27, 17:37:30,  -04:00,  RAYMY,   42.5993958,  -71.9610596,  7001.4, 30.03,  7326.0,  16.2, 144.22, 173.12,   12.71,   0.81,  -0.01,   0.00,   0.00,  61.2,  67.5,  27.7,  28.8,   1.6,  22.10,  25.49,    15.89,  186.59,   53.09,  30.20, 2488.4,    0.73,  324.72,  356.40,  352.24,  335.12,  336.69,  335.89, 1444.66, 1502.78, 1471.39, 1457.80, 1448.76, 1449.02, 1527.99, 1523.19,  7231.2, 166,  GPS,   67.5, 116.50, 115.60, 123.750, 121.500, -0.001,       ,  20.44, -63.0,   46.6,   67.6,  -14.3,      1,   GPS,    ALT,  -0.0,   0.8,   3.9, 3DDiff, 3704,      ,     12,  14.5,     17
2018-08-27, 17:37:31,  -04:00,  RAYMY,   42.5998764,  -71.9601898,  7000.4, 30.03,  7326.2,  16.2, 144.18, 173.00,  -12.13,   0.85,  -0.03,  -0.00,   0.01,  61.2,  67.6,  27.7,  28.8,   1.6,  22.10,  25.50,    15.87,  186.59,   53.03,  30.25, 2487.5,    0.73,  324.69,  356.37,  352.21,  335.12,  336.62,  335.91, 1445.20, 1502.32, 1471.63, 1457.79, 1451.02, 1449.02, 1527.70, 1524.06,  7231.4, 166,  GPS,   67.5, 116.50, 115.60, 123.750, 121.500, -0.001,       ,  20.41, -62.9,   46.5,   67.6,  -14.3,      1,   GPS,    ALT,  -0.0,   0.8,   3.9, 3DDiff, 3704,      ,     12,  14.5,     17
2018-08-27, 17:37:32,  -04:00,  RAYMY,   42.6003532,  -71.9593201,  7000.4, 30.03,  7325.5,  16.2, 144.13, 172.90,   -9.54,   0.81,  -0.05,  -0.00,  -0.01,  61.2,  67.6,  27.7,  28.8,   1.6,  22.09,  25.50,    15.85,  186.59,   53.00,  30.27, 2486.7,    0.73,  324.66,  356.36,  352.17,  335.12,  336.56,  335.91, 1445.70, 1501.82, 1471.44, 1456.62, 1451.42, 1449.76, 1527.26, 1524.26,  7230.7, 166,  GPS,   67.5, 116.50, 115.60, 123.750, 121.500, -0.001,       ,  20.37, -62.8,   46.5,   67.6,  -14.3,      1,   GPS,    ALT,  -0.0,   0.8,  11.8, 3DDiff, 3704,      ,     12,  14.5,     17
2018-08-27, 17:37:33,  -04:00,  RAYMY,   42.6008301,  -71.9584579,  7000.4, 30.03,  7325.6,  16.2, 144.01, 172.79,  -12.15,   0.80,  -0.08,   0.00,  -0.01,  61.2,  67.6,  27.7,  28.8,   1.6,  22.09,  25.50,    15.76,  186.59,   53.23,  30.20, 2486.2,    0.73,  324.62,  356.31,  352.11,  335.09,  336.47,  335.88, 1444.35, 1501.65, 1470.51, 1456.71, 1449.77, 1449.76, 1526.77, 1522.97,  7230.8, 166,  GPS,   67.5, 116.50, 115.60, 123.750, 121.500, -0.001,       ,  20.34, -62.7,   46.4,   67.6,  -14.3,      1,   GPS,    ALT,  -0.0,   0.8,   3.9, 3DDiff, 3704,      ,     12,  14.5,     17
2018-08-27, 17:37:34,  -04:00,  RAYMY,   42.6013107,  -71.9575882,  7001.4, 30.03,  7325.0,  16.2, 144.02, 172.69,   -7.51,   0.88,  -0.07,   0.00,   0.01,  61.2,  67.6,  27.7,  28.8,   1.6,  22.08,  25.51,    15.87,  186.58,   53.27,  30.20, 2486.8,    0.73,  324.59,  356.28,  352.08,  335.09,  336.43,  335.88, 1444.29, 1502.60, 1470.41, 1456.41, 1448.18, 1448.91, 1527.07, 1522.60,  7230.2, 166,  GPS,   67.5, 116.50, 115.60, 123.750, 121.500, -0.001,       ,  20.31, -62.5,   46.4,   67.6,  -14.3,      1,   GPS,    ALT,  -0.1,   0.9,   3.9, 3DDiff, 3704,      ,     12,  14.5,     17
2018-08-27, 17:37:35,  -04:00,  RAYMY,   42.6017876,  -71.9567184,  7001.4, 30.03,  7325.2,  16.2, 143.87, 172.57,    2.50,   0.86,  -0.08,  -0.00,  -0.00,  61.2,  67.6,  27.7,  28.8,   1.6,  22.08,  25.51,    15.89,  186.57,   53.19,  30.22, 2484.8,    0.73,  324.54,  356.24,  352.00,  335.06,  336.37,  335.88, 1444.34, 1502.88, 1471.25, 1456.89, 1448.78, 1448.54, 1527.34, 1523.34,  7230.4, 166,  GPS,   67.5, 116.50, 115.60, 123.750, 121.500, -0.001,       ,  20.28, -62.4,   46.3,   67.6,  -14.3,      1,   GPS,    ALT,  -0.1,   0.9,  11.8, 3DDiff, 3704,      ,     12,  14.5,     17
2018-08-27, 17:37:36,  -04:00,  RAYMY,   42.6022606,  -71.9558487,  7001.4, 30.03,  7325.3,  16.2, 143.91, 172.44,    8.78,   0.80,  -0.08,  -0.00,  -0.01,  61.2,  67.6,  27.7,  28.8,   1.6,  22.08,  25.51,    15.84,  186.57,   53.18,  30.19, 2486.9,    0.73,  324.51,  356.22,  351.99,  335.04,  336.33,  335.88, 1444.23, 1502.60, 1470.57, 1457.26, 1449.14, 1448.02, 1527.03, 1522.21,  7230.5, 166,  GPS,   67.5, 116.50, 115.60, 123.750, 121.500, -0.001,       ,  20.25, -62.3,   46.3,   67.6,  -14.3,      1,   GPS,    ALT,  -0.1,   0.8,  11.8, 3DDiff, 3704,      ,     12,  14.5,     17
2018-08-27, 17:37:37,  -04:00,  RAYMY,   42.6027527,  -71.9549637,  7001.4, 30.03,  7325.4,  16.2, 143.81, 172.36,    9.05,   0.74,  -0.08,   0.00,  -0.01,  61.2,  67.6,  27.7,  28.8,   1.6,  22.08,  25.51,    15.89,  186.57,   53.26,  30.25, 2486.4,    0.73,  324.50,  356.21,  351.90,  335.04,  336.28,  335.88, 1446.08, 1503.84, 1471.21, 1457.58, 1450.55, 1448.40, 1527.70, 1523.96,  7230.6, 166,  GPS,   67.5, 116.50, 115.60, 123.750, 121.500, -0.001,       ,  20.23, -62.1,   46.2,   67.6,  -14.3,      1,   GPS,    ALT,  -0.1,   0.8,   7.9, 3DDiff, 3704,      ,     12,  14.5,     17
2018-08-27, 17:37:38,  -04:00,  RAYMY,   42.6032181,  -71.9541168,  7001.4, 30.03,  7326.4,  16.2, 143.77, 172.26,   -2.80,   0.82,  -0.09,  -0.00,   0.02,  61.2,  67.6,  27.7,  28.8,   1.6,  22.07,  25.51,    15.91,  186.57,   53.11,  30.26, 2487.6,    0.73,  324.47,  356.18,  351.87,  335.03,  336.23,  335.88, 1445.97, 1503.56, 1472.25, 1457.50, 1450.92, 1449.76, 1527.60, 1524.40,  7231.6, 166,  GPS,   67.5, 116.50, 115.60, 134.750, 121.500, -0.001,       ,  20.20, -62.0,   46.2,   67.6,  -14.3,      1,   GPS,    ALT,  -0.1,   0.8,  -3.9, 3DDiff, 3704,      ,     12,  14.5,     17
2018-08-27, 17:37:39,  -04:00,  RAYMY,   42.6036797,  -71.9532776,  7002.4, 30.03,  7326.4,  16.2, 143.84, 172.19,   13.19,   0.77,  -0.05,  -0.00,  -0.00,  61.3,  67.6,  27.7,  28.8,   1.6,  22.07,  25.51,    15.83,  186.57,   53.21,  30.24, 2487.0,    0.73,  324.44,  356.13,  351.80,  335.00,  336.19,  335.86, 1446.15, 1504.60, 1471.40, 1458.34, 1449.57, 1449.75, 1528.27, 1523.36,  7231.6, 166,  GPS,   67.5, 116.50, 115.60, 134.750, 121.500, -0.001,       ,  20.17, -61.8,   46.2,   67.6,  -14.3,      1,   GPS,    ALT,  -0.1,   0.8,   3.9, 3DDiff, 3704,      ,     12,  14.5,     16
2018-08-27, 17:37:40,  -04:00,  RAYMY,   42.6041679,  -71.9523926,  7002.4, 30.03,  7327.1,  16.2, 143.76, 172.09,   -3.71,   0.70,  -0.05,   0.00,  -0.01,  61.3,  67.6,  27.7,  28.8,   1.6,  22.06,  25.51,    15.76,  186.57,   53.20,  30.20, 2485.9,    0.73,  324.41,  356.12,  351.76,  334.99,  336.15,  335.83, 1445.82, 1503.47, 1470.73, 1457.02, 1449.11, 1450.18, 1528.10, 1522.78,  7232.2, 166,  GPS,   67.5, 116.50, 115.60, 134.750, 121.500, -0.001,       ,  20.15, -61.6,   46.1,   67.6,  -14.3,      1,   GPS,    ALT,  -0.0,   0.7,   0.0, 3DDiff, 3704,      ,     12,  14.5,     16
2018-08-27, 17:37:41,  -04:00,  RAYMY,   42.6046562,  -71.9514999,  7002.4, 30.03,  7327.0,  16.2, 143.80, 172.03,   -3.98,   0.71,  -0.02,   0.00,   0.01,  61.3,  67.7,  27.7,  28.8,   1.6,  22.06,  25.51,    15.83,  186.57,   53.09,  30.24, 2484.9,    0.73,  324.38,  356.09,  351.72,  334.97,  336.10,  335.83, 1445.55, 1503.89, 1471.35, 1457.54, 1449.86, 1449.41, 1527.84, 1523.17,  7232.2, 166,  GPS,   67.5, 116.50, 115.60, 134.750, 121.500, -0.001,       ,  20.12, -61.5,   46.1,   67.6,  -14.3,      1,   GPS,    ALT,  -0.0,   0.7,  -7.9, 3DDiff, 3704,      ,     12,  14.5,     17
2018-08-27, 17:37:42,  -04:00,  RAYMY,   42.6051178,  -71.9506607,  7002.4, 30.03,  7327.0,  16.2, 143.78, 171.97,  -14.89,   0.67,  -0.02,  -0.00,   0.00,  61.3,  67.7,  27.7,  28.8,   1.6,  22.06,  25.51,    15.81,  186.57,   53.20,  30.20, 2487.4,    0.73,  324.37,  356.06,  351.63,  334.95,  336.04,  335.84, 1445.59, 1503.77, 1471.84, 1456.67, 1450.36, 1448.96, 1527.89, 1523.46,  7232.2, 166,  GPS,   67.5, 116.50, 115.60, 134.750, 121.500, -0.001,       ,  20.07, -61.1,   46.0,   67.6,  -14.3,      1,   GPS,    ALT,  -0.1,   0.7,  -3.9, 3DDiff, 3704,      ,     12,  14.5,     17
2018-08-27, 17:37:43,  -04:00,  RAYMY,   42.6055946,  -71.9497910,  7001.4, 30.03,  7327.1,  16.2, 143.76, 171.91,  -10.63,   0.68,   0.00,  -0.00,  -0.00,  61.3,  67.7,  27.7,  28.8,   1.6,  22.05,  25.52,    15.77,  186.57,   53.27,  30.18, 2486.9,    0.73,  324.33,  356.03,  351.59,  334.91,  336.01,  335.82, 1446.13, 1503.80, 1471.63, 1455.44, 1450.36, 1448.68, 1527.12, 1523.73,  7232.2, 166,  GPS,   67.5, 116.50, 115.60, 134.750, 121.500, -0.001,       ,  20.07, -61.1,   46.0,   67.6,  -14.3,      1,   GPS,    ALT,  -0.1,   0.7,  -7.9, 3DDiff, 3704,      ,     12,  14.5,     17
2018-08-27, 17:37:44,  -04:00,  RAYMY,   42.6060638,  -71.9489288,  7001.4, 30.03,  7325.8,  16.2, 143.76, 171.86,  -27.01,   0.64,  -0.02,   0.01,  -0.00,  61.3,  67.7,  27.7,  28.8,   1.6,  22.04,  25.53,    15.74,  186.57,   53.24,  30.17, 2486.8,    0.73,  324.31,  355.97,  351.54,  334.93,  335.97,  335.82, 1445.58, 1502.66, 1471.64, 1456.46, 1451.05, 1448.31, 1527.03, 1523.23,  7231.0, 166,  GPS,   67.5, 116.50, 115.60, 134.750, 121.500, -0.001,       ,  20.05, -60.9,   45.9,   67.6,  -14.3,      1,   GPS,    ALT,  -0.1,   0.7,  -7.9, 3DDiff, 3704,      ,     12,  14.5,     17
2018-08-27, 17:37:45,  -04:00,  RAYMY,   42.6065292,  -71.9480896,  7000.4, 30.03,  7325.7,  16.2, 143.62, 171.82,  -26.39,   0.59,  -0.11,   0.00,  -0.01,  61.3,  67.7,  27.7,  28.8,   1.6,  22.02,  25.54,    15.77,  186.58,   52.97,  30.22, 2486.0,    0.73,  324.27,  355.96,  351.47,  334.91,  335.94,  335.80, 1445.58, 1502.76, 1471.45, 1457.59, 1451.05, 1449.98, 1528.10, 1523.50,  7230.9, 166,  GPS,   67.5, 116.50, 115.60, 134.750, 121.500, -0.001,       ,  20.02, -60.7,   45.9,   67.6,  -14.3,      1,   GPS,    ALT,  -0.1,   0.7, -11.8, 3DDiff, 3704,      ,     12,  14.5,     16
2018-08-27, 17:37:46,  -04:00,  RAYMY,   42.6070099,  -71.9471970,  7000.4, 30.03,  7324.5,  16.5, 143.71, 171.80,  -23.06,   0.62,  -0.07,   0.00,   0.00,  61.3,  67.7,  27.7,  28.8,   1.6,  22.01,  25.55,    15.74,  186.57,   53.11,  30.21, 2487.4,    0.73,  324.23,  355.91,  351.41,  334.89,  335.88,  335.82, 1446.00, 1503.03, 1471.51, 1458.10, 1450.91, 1451.42, 1528.88, 1523.74,  7229.7, 166,  GPS,   67.5, 116.50, 115.60, 134.750, 121.500, -0.002,       ,  20.00, -60.6,   45.8,   67.6,  -14.3,      1,   GPS,    ALT,  -0.1,   0.7, -19.7, 3DDiff, 3704,      ,     12,  14.5,     16
2018-08-27, 17:37:47,  -04:00,  RAYMY,   42.6074982,  -71.9463196,  7000.4, 30.03,  7324.2,  16.5, 143.77, 171.78,  -20.03,   0.60,  -0.05,   0.00,   0.00,  61.3,  67.7,  27.7,  28.8,   1.6,  22.00,  25.55,    15.81,  186.56,   53.19,  30.19, 2486.7,    0.73,  324.21,  355.90,  351.38,  334.90,  335.85,  335.82, 1445.98, 1502.26, 1471.39, 1458.02, 1451.19, 1450.56, 1528.37, 1524.12,  7229.4, 166,  GPS,   67.5, 116.50, 115.60, 134.750, 121.500, -0.002,       ,  19.98, -60.4,   45.8,   67.6,  -14.3,      1,   GPS,    ALT,  -0.1,   0.6, -15.7, 3DDiff, 3704,      ,     12,  14.5,     17
2018-08-27, 17:37:48,  -04:00,  RAYMY,   42.6079636,  -71.9454727,  7000.4, 30.03,  7323.9,  16.5, 143.81, 171.76,  -23.82,   0.68,  -0.15,   0.00,   0.02,  61.3,  67.7,  27.7,  28.8,   1.6,  21.99,  25.56,    15.77,  186.55,   53.32,  30.20, 2488.3,    0.73,  324.20,  355.88,  351.32,  334.88,  335.79,  335.82, 1445.82, 1502.51, 1471.68, 1456.21, 1450.87, 1451.42, 1527.78, 1524.05,  7229.1, 166,  GPS,   67.5, 116.50, 115.60, 134.750, 121.500, -0.002,       ,  19.96, -60.2,   45.7,   67.6,  -14.3,      1,   GPS,    ALT,  -0.1,   0.6,  -7.9, 3DDiff, 3704,      ,     12,  14.5,     17
2018-08-27, 17:37:49,  -04:00,  RAYMY,   42.6084442,  -71.9445877,  6999.4, 30.03,  7324.1,  16.5, 143.83, 171.74,  -25.63,   0.70,  -0.23,   0.00,   0.00,  61.3,  67.7,  27.7,  28.8,   1.6,  21.99,  25.56,    15.88,  186.54,   53.11,  30.28, 2486.7,    0.73,  324.17,  355.87,  351.29,  334.89,  335.74,  335.81, 1446.74, 1503.04, 1472.00, 1456.78, 1451.67, 1452.06, 1527.90, 1525.13,  7229.3, 166,  GPS,   67.5, 116.50, 115.60, 134.750, 121.500, -0.002,       ,  19.94, -60.0,   45.7,   67.6,  -14.3,      1,   GPS,    ALT,  -0.1,   0.6,  15.7, 3DDiff, 3704,      ,     12,  14.5,     17
2018-08-27, 17:37:50,  -04:00,  RAYMY,   42.6089096,  -71.9437408,  7001.4, 30.03,  7325.7,  16.5, 143.91, 171.68,    5.84,   0.69,  -0.16,   0.00,   0.00,  61.4,  67.7,  27.7,  28.8,   1.6,  22.00,  25.55,    15.87,  186.54,   53.32,  30.21, 2487.5,    0.73,  324.14,  355.84,  351.24,  334.91,  335.70,  335.79, 1446.53, 1502.28, 1472.25, 1456.28, 1450.27, 1450.73, 1527.48, 1524.79,  7230.9, 166,  GPS,   67.5, 116.50, 115.60, 134.750, 121.500, -0.002,       ,  19.92, -59.8,   45.6,   67.6,  -14.3,      1,   GPS,    ALT,  -0.1,   0.6,  27.6, 3DDiff, 3704,      ,     12,  14.5,     17
2018-08-27, 17:37:51,  -04:00,  RAYMY,   42.6093903,  -71.9428558,  7000.4, 30.03,  7326.0,  16.5, 143.83, 171.64,    0.40,   0.62,  -0.14,   0.00,  -0.00,  61.4,  67.7,  27.7,  28.8,   1.6,  22.00,  25.54,    15.83,  186.52,   53.30,  30.21, 2486.2,    0.73,  324.11,  355.82,  351.20,  334.88,  335.65,  335.82, 1446.35, 1502.74, 1470.95, 1456.11, 1450.21, 1449.39, 1527.61, 1524.23,  7231.2, 166,  GPS,   67.5, 116.50, 115.60, 134.750, 121.500, -0.002,       ,  19.91, -59.6,   45.6,   67.7,  -14.3,      1,   GPS,    ALT,  -0.1,   0.6,  27.6, 3DDiff, 3704,      ,     12,  14.5,     16
2018-08-27, 17:37:52,  -04:00,  RAYMY,   42.6098557,  -71.9420166,  7001.4, 30.03,  7326.9,  16.5, 143.85, 171.60,    8.51,   0.57,  -0.11,  -0.00,  -0.01,  61.5,  67.7,  27.7,  28.8,   1.6,  22.00,  25.53,    15.76,  186.52,   52.93,  30.19, 2483.9,    0.73,  324.11,  355.82,  351.17,  334.88,  335.61,  335.82, 1446.48, 1502.61, 1470.55, 1456.18, 1450.15, 1450.12, 1527.59, 1523.79,  7232.0, 166,  GPS,   67.5, 116.50, 115.60, 134.750, 121.500, -0.002,       ,  19.89, -59.4,   45.5,   67.7,  -14.3,      1,   GPS,    ALT,  -0.1,   0.6,  27.6, 3DDiff, 3704,      ,     12,  14.5,     16
2018-08-27, 17:37:53,  -04:00,  RAYMY,   42.6103401,  -71.9411316,  7002.4, 30.03,  7327.3,  16.5, 143.87, 171.60,   12.17,   0.56,  -0.10,   0.00,  -0.01,  61.5,  67.7,  27.7,  28.8,   1.6,  22.00,  25.53,    15.71,  186.53,   53.17,  30.21, 2487.8,    0.72,  324.08,  355.81,  351.14,  334.88,  335.56,  335.84, 1445.98, 1501.97, 1469.86, 1455.04, 1449.65, 1448.70, 1526.46, 1523.42,  7232.4, 166,  GPS,   67.5, 116.50, 115.60, 134.750, 121.500, -0.002,       ,  19.86, -59.2,   45.5,   67.7,  -14.3,      1,   GPS,    ALT,  -0.1,   0.6,  19.7, 3DDiff, 3704,      ,     12,  14.5,     17
2018-08-27, 17:37:54,  -04:00,  RAYMY,   42.6108017,  -71.9402924,  7002.4, 30.03,  7327.6,  16.5, 143.99, 171.58,   24.72,   0.52,  -0.08,   0.00,   0.00,  61.5,  67.7,  27.7,  28.8,   1.6,  21.99,  25.53,    15.80,  186.54,   53.04,  30.18, 2486.7,    0.73,  324.03,  355.81,  351.10,  334.87,  335.52,  335.82, 1447.11, 1503.54, 1471.03, 1455.87, 1450.29, 1449.14, 1527.09, 1524.56,  7232.8, 166,  GPS,   67.5, 116.50, 115.60, 134.750, 121.500, -0.002,       ,  19.84, -59.1,   45.4,   67.7,  -14.3,      1,   GPS,    ALT,  -0.1,   0.5,  15.7, 3DDiff, 3704,      ,     12,  14.5,     17
2018-08-27, 17:37:55,  -04:00,  RAYMY,   42.6112862,  -71.9393997,  6974.7, 30.00,  7327.7,  16.5, 144.01, 171.60,   12.05,   0.48,  -0.11,   0.00,  -0.01,  61.5,  67.7,  27.7,  28.8,   1.6,  21.99,  25.54,    15.79,  186.55,   53.12,  30.19, 2485.9,    0.73,  324.02,  355.81,  351.08,  334.85,  335.49,  335.82, 1445.23, 1502.89, 1470.88, 1454.82, 1448.25, 1450.00, 1527.05, 1523.01,  7232.8, 166,  GPS,   67.5, 116.50, 115.60, 134.750, 121.500, -0.002,       ,  19.82, -58.9,   45.4,   67.7,  -14.3,      1,   GPS,    ALT,  -0.1,   0.5,   3.9, 3DDiff, 3704,      ,     12,  14.5,     17
2018-08-27, 17:37:56,  -04:00,  RAYMY,   42.6117516,  -71.9385605,  6973.7, 30.00,  7326.6,  16.5, 144.03, 171.62,   -8.79,   0.48,  -0.15,  -0.00,  -0.01,  61.4,  67.7,  27.7,  28.8,   1.6,  21.98,  25.54,    15.78,  186.54,   53.20,  30.18, 2483.8,    0.73,  323.99,  355.78,  351.08,  334.87,  335.43,  335.79, 1444.27, 1502.43, 1471.17, 1453.89, 1448.42, 1449.96, 1526.54, 1522.19,  7231.7, 166,  GPS,   67.5, 116.50, 115.60, 134.750, 121.500, -0.002,       ,  19.79, -58.7,   45.3,   67.7,  -14.3,      1,   GPS,    ALT,  -0.1,   0.5,   0.0, 3DDiff, 3704,      ,     12,  14.5,     17
2018-08-27, 17:37:57,  -04:00,  RAYMY,   42.6122246,  -71.9377060,  6973.7, 30.00,  7327.2,  16.5, 143.99, 171.62,  -17.86,   0.54,  -0.12,   0.00,   0.01,  61.4,  67.7,  27.7,  28.8,   1.6,  21.97,  25.55,    15.85,  186.54,   53.26,  30.17, 2486.2,    0.73,  323.96,  355.78,  351.08,  334.84,  335.42,  335.76, 1444.24, 1501.90, 1471.45, 1454.38, 1447.53, 1450.31, 1526.28, 1522.20,  7232.4, 166,  GPS,   67.5, 116.50, 115.60, 134.750, 121.500, -0.002,       ,  19.76, -58.5,   45.3,   67.7,  -14.3,      1,   GPS,    ALT,  -0.1,   0.6,   3.9, 3DDiff, 3704,      ,     12,  14.5,     16
2018-08-27, 17:37:58,  -04:00,  RAYMY,   42.6127014,  -71.9368362,  6974.7, 30.00,  7327.0,  16.5, 144.06, 171.64,   -4.24,   0.60,  -0.10,   0.00,   0.01,  61.4,  67.7,  27.7,  28.8,   1.6,  21.96,  25.55,    15.84,  186.54,   53.18,  30.17, 2487.2,    0.73,  323.95,  355.76,  351.07,  334.83,  335.39,  335.77, 1445.02, 1503.53, 1472.02, 1455.86, 1448.51, 1450.54, 1527.60, 1522.87,  7232.2, 166,  GPS,   67.5, 116.50, 115.60, 134.750, 121.500, -0.002,       ,  19.73, -58.4,   45.2,   67.7,  -14.3,      1,   GPS,    ALT,  -0.1,   0.6,  15.7, 3DDiff, 3704,      ,     12,  14.5,     16
2018-08-27, 17:37:59,  -04:00,  RAYMY,   42.6131859,  -71.9359589,  6975.7, 30.00,  7327.7,  16.5, 144.08, 171.64,   15.85,   0.68,  -0.11,  -0.00,   0.01,  61.4,  67.7,  27.7,  28.8,   1.6,  21.96,  25.54,    15.80,  186.56,   53.11,  30.17, 2486.1,    0.73,  323.93,  355.78,  351.12,  334.85,  335.36,  335.73, 1444.97, 1503.04, 1471.66, 1456.10, 1448.28, 1449.08, 1527.07, 1523.01,  7232.9, 166,  GPS,   67.5, 116.50, 115.60, 134.750, 121.500, -0.002,       ,  19.70, -58.2,   45.2,   67.7,  -14.3,      1,   GPS,    ALT,  -0.1,   0.7,  35.4, 3DDiff, 3704,      ,     12,  14.5,     17
2018-08-27, 17:38:00,  -04:00,  RAYMY,   42.6136475,  -71.9351120,  6976.7, 30.00,  7328.8,  16.5, 143.95, 171.62,   32.82,   0.70,  -0.11,   0.00,  -0.00,  61.4,  67.6,  27.7,  28.8,   1.6,  21.96,  25.54,    15.83,  186.54,   52.89,  30.19, 2486.7,    0.73,  323.90,  355.75,  351.10,  334.82,  335.31,  335.70, 1444.62, 1503.69, 1472.42, 1455.61, 1448.22, 1449.82, 1528.00, 1523.60,  7233.9, 166,  GPS,   67.5, 116.50, 115.60, 134.750, 121.500, -0.002,       ,  19.68, -58.0,   45.2,   67.7,  -14.3,      1,   GPS,    ALT,  -0.1,   0.7,  63.0, 3DDiff, 3704,      ,     12,  14.5,     17
2018-08-27, 17:38:01,  -04:00,  RAYMY,   42.6141357,  -71.9342270,  6975.7, 30.00,  7330.1,  16.5, 143.74, 171.58,   17.56,   0.79,  -0.07,   0.01,   0.02,  61.4,  67.6,  27.7,  28.8,   1.6,  21.97,  25.53,    15.81,  186.53,   53.06,  30.16, 2486.7,    0.73,  323.89,  355.75,  351.11,  334.82,  335.28,  335.67, 1445.13, 1503.16, 1471.98, 1454.77, 1448.01, 1451.01, 1526.93, 1523.05,  7235.3, 166,  GPS,   67.5, 116.50, 115.60, 134.750, 121.500, -0.002,       ,  19.65, -57.9,   45.1,   67.7,  -14.3,      1,   GPS,    ALT,  -0.1,   0.8,  78.7, 3DDiff, 3704,      ,     12,  14.5,     17
2018-08-27, 17:38:02,  -04:00,  RAYMY,   42.6145973,  -71.9333801,  6978.7, 30.00,  7333.2,  16.5, 143.77, 171.52,   38.13,   0.93,  -0.19,  -0.00,   0.02,  61.4,  67.6,  27.7,  28.8,   1.6,  21.97,  25.54,    15.80,  186.55,   53.21,  30.18, 2486.3,    0.73,  323.89,  355.75,  351.11,  334.79,  335.24,  335.68, 1443.69, 1501.42, 1471.24, 1454.07, 1447.42, 1450.42, 1525.56, 1521.88,  7238.4, 166,  GPS,   67.5, 116.50, 115.60, 134.750, 121.500, -0.002,       ,  19.62, -57.8,   45.1,   67.7,  -14.3,      1,   GPS,    ALT,  -0.1,   0.9, 110.2, 3DDiff, 3704,      ,     12,  14.5,     17
2018-08-27, 17:38:03,  -04:00,  RAYMY,   42.6150703,  -71.9325180,  6980.7, 30.00,  7335.6,  16.5, 143.62, 171.45,   71.39,   1.02,  -0.18,   0.00,   0.01,  61.3,  67.6,  27.7,  28.8,   1.6,  21.96,  25.54,    15.86,  186.56,   53.16,  30.22, 2485.8,    0.73,  323.86,  355.73,  351.12,  334.80,  335.22,  335.66, 1445.07, 1502.17, 1470.87, 1454.25, 1447.38, 1450.41, 1525.34, 1522.74,  7240.7, 166,  GPS,   67.5, 116.50, 115.60, 134.750, 121.500, -0.002,       ,  19.59, -57.6,   45.0,   67.7,  -14.3,      1,   GPS,    ALT,  -0.0,   1.0, 153.5, 3DDiff, 3704,      ,     12,  14.5,     16
2018-08-27, 17:38:04,  -04:00,  RAYMY,   42.6155434,  -71.9316635,  6983.7, 30.00,  7339.2,  16.5, 143.54, 171.33,  113.42,   1.04,  -0.14,   0.00,   0.00,  61.2,  67.6,  27.7,  28.8,   1.6,  21.96,  25.54,    15.82,  186.55,   53.28,  30.21, 2487.3,    0.73,  323.83,  355.72,  351.18,  334.81,  335.19,  335.64, 1445.60, 1501.11, 1471.11, 1454.29, 1448.50, 1450.57, 1525.42, 1523.52,  7244.4, 166,  GPS,   67.5, 116.50, 115.60, 134.750, 121.500, -0.002,       ,  19.57, -57.5,   45.0,   67.7,  -14.3,      1,   GPS,    ALT,  -0.0,   1.0, 189.0, 3DDiff, 3704,      ,     12,  14.5,     16
2018-08-27, 17:38:05,  -04:00,  RAYMY,   42.6160164,  -71.9308014,  6985.7, 30.00,  7342.6,  16.5, 143.39, 171.21,  132.74,   0.98,  -0.07,  -0.00,  -0.01,  61.2,  67.6,  27.7,  28.8,   1.6,  21.97,  25.53,    15.87,  186.56,   53.20,  30.20, 2487.2,    0.73,  323.83,  355.72,  351.20,  334.79,  335.17,  335.64, 1444.83, 1501.56, 1470.41, 1453.85, 1448.68, 1450.43, 1525.87, 1523.21,  7247.8, 165,  GPS,   67.5, 116.50, 115.60, 134.750, 121.500, -0.002,       ,  19.54, -57.4,   44.9,   67.7,  -14.3,      1,   GPS,    ALT,  -0.0,   1.0, 196.9, 3DDiff, 3704,      ,     12,  14.5,     17
2018-08-27, 17:38:06,  -04:00,  RAYMY,   42.6164894,  -71.9299393,  6988.7, 30.00,  7345.7,  16.5, 143.21, 171.10,  145.91,   0.90,  -0.07,  -0.00,  -0.01,  61.2,  67.6,  27.7,  28.8,   1.6,  21.97,  25.52,    15.77,  186.58,   52.88,  30.20, 2485.5,    0.73,  323.80,  355.70,  351.22,  334.76,  335.15,  335.63, 1445.71, 1501.96, 1469.62, 1453.81, 1449.20, 1451.24, 1525.97, 1524.07,  7250.9, 165,  GPS,   67.5, 116.50, 115.60, 134.750, 121.500, -0.002,       ,  19.52, -57.3,   44.9,   67.7,  -14.3,      1,   GPS,    ALT,  -0.0,   0.9, 181.1, 3DDiff, 3704,      ,     12,  14.5,     17
2018-08-27, 17:38:07,  -04:00,  RAYMY,   42.6169624,  -71.9290848,  6991.7, 30.00,  7348.6,  16.8, 143.22, 171.02,  164.02,   0.83,  -0.05,   0.00,  -0.02,  61.1,  67.6,  27.7,  28.8,   1.6,  21.96,  25.52,    15.68,  186.59,   52.97,  30.21, 2482.9,    0.72,  323.78,  355.69,  351.26,  334.76,  335.10,  335.64, 1444.76, 1502.64, 1469.09, 1453.40, 1448.60, 1450.20, 1526.31, 1522.94,  7253.8, 165,  GPS,   67.5, 116.50, 115.60, 134.750, 121.500, -0.002,       ,  19.50, -57.2,   44.8,   67.7,  -14.3,      1,   GPS,    ALT,  -0.0,   0.9, 165.4, 3DDiff, 3704,      ,     12,  14.5,     17
2018-08-27, 17:38:08,  -04:00,  RAYMY,   42.6174355,  -71.9282227,  6994.7, 30.00,  7349.8,  16.8, 143.12, 170.96,  162.40,   0.74,  -0.02,   0.01,  -0.01,  61.0,  67.6,  27.7,  28.8,   1.6,  21.96,  25.53,    15.80,  186.58,   53.06,  30.15, 2487.2,    0.73,  323.77,  355.72,  351.32,  334.76,  335.09,  335.61, 1444.70, 1502.13, 1469.70, 1453.97, 1449.41, 1449.68, 1526.31, 1523.03,  7255.0, 165,  GPS,   67.5, 116.50, 115.60, 134.750, 121.500, -0.002,       ,  19.49, -57.1,   44.8,   67.7,  -14.3,      1,   GPS,    ALT,  -0.0,   0.8, 145.7, 3DDiff, 3704,      ,     12,  14.5,     17
2018-08-27, 17:38:09,  -04:00,  RAYMY,   42.6179237,  -71.9273453,  6995.7, 30.00,  7352.3,  16.8, 143.03, 170.94,  146.10,   0.63,  -0.10,  -0.00,  -0.02,  61.0,  67.6,  27.7,  28.8,   1.6,  21.94,  25.54,    15.85,  186.59,   52.93,  30.18, 2486.0,    0.73,  323.77,  355.69,  351.34,  334.76,  335.04,  335.63, 1444.75, 1501.97, 1470.19, 1455.64, 1449.40, 1449.29, 1526.61, 1523.19,  7257.5, 165,  GPS,   67.5, 116.50, 115.60, 134.750, 121.500, -0.002,       ,  19.48, -57.1,   44.7,   67.7,  -14.3,      1,   GPS,    ALT,  -0.0,   0.7, 118.1, 3DDiff, 3704,      ,     12,  14.5,     16
2018-08-27, 17:38:10,  -04:00,  RAYMY,   42.6183815,  -71.9265060,  6997.7, 30.00,  7353.0,  16.8, 143.01, 170.96,  123.67,   0.59,  -0.11,   0.00,  -0.01,  60.9,  67.6,  27.7,  28.8,   1.6,  21.94,  25.54,    15.66,  186.58,   53.03,  30.19, 2486.1,    0.72,  323.74,  355.69,  351.41,  334.76,  335.03,  335.64, 1444.58, 1502.14, 1470.21, 1455.89, 1448.15, 1449.73, 1527.13, 1522.46,  7258.1, 165,  GPS,   67.5, 116.50, 115.60, 134.750, 121.500, -0.002,       ,  19.48, -57.0,   44.7,   67.7,  -14.3,      1,   GPS,    ALT,  -0.0,   0.6,  86.6, 3DDiff, 3704,      ,     12,  14.5,     16
2018-08-27, 17:38:11,  -04:00,  RAYMY,   42.6188698,  -71.9256210,  6999.7, 30.00,  7354.1,  16.8, 142.99, 171.00,  114.78,   0.49,  -0.11,   0.00,  -0.01,  60.8,  67.6,  27.7,  28.8,   1.6,  21.94,  25.53,    15.74,  186.56,   53.27,  30.20, 2486.4,    0.73,  323.73,  355.69,  351.44,  334.76,  335.00,  335.67, 1444.97, 1501.98, 1470.02, 1456.65, 1447.91, 1449.44, 1527.13, 1522.72,  7259.3, 165,  GPS,   67.5, 116.50, 115.60, 134.750, 121.500, -0.002,       ,  19.50, -56.9,   44.6,   67.7,  -14.3,      1,   GPS,    ALT,  -0.0,   0.5,  74.8, 3DDiff, 3704,      ,     12,  14.5,     17
2018-08-27, 17:38:12,  -04:00,  RAYMY,   42.6193314,  -71.9247894,  7001.7, 30.00,  7354.7,  16.8, 142.99, 171.08,  102.71,   0.38,  -0.08,  -0.00,  -0.02,  60.8,  67.6,  27.7,  28.8,   1.6,  21.94,  25.52,    15.81,  186.57,   53.15,  30.14, 2486.5,    0.73,  323.71,  355.67,  351.49,  334.74,  334.97,  335.67, 1445.58, 1501.18, 1470.27, 1455.31, 1448.24, 1448.21, 1526.36, 1522.84,  7259.8, 165,  GPS,   67.5, 116.50, 115.60, 134.750, 121.500, -0.002,       ,  19.50, -56.9,   44.6,   67.7,  -14.3,      1,   GPS,    ALT,  -0.0,   0.5,  47.2, 3DDiff, 3704,      ,     12,  14.5,     17
2018-08-27, 17:38:13,  -04:00,  RAYMY,   42.6198044,  -71.9239273,  7001.7, 30.00,  7354.8,  16.8, 142.84, 171.17,   69.27,   0.33,  -0.02,  -0.00,  -0.01,  60.7,  67.6,  27.7,  28.8,   1.6,  21.95,  25.50,    15.79,  186.55,   53.00,  30.20, 2485.5,    0.73,  323.67,  355.67,  351.53,  334.73,  334.94,  335.70, 1446.49, 1502.37, 1470.47, 1456.15, 1447.68, 1449.47, 1527.33, 1523.64,  7260.0, 165,  GPS,   67.5, 116.50, 115.60, 134.750, 121.500, -0.002,       ,  19.53, -56.8,   44.5,   67.7,  -14.3,      1,   GPS,    ALT,  -0.0,   0.4,  19.7, 3DDiff, 3704,      ,     12,  14.5,     17
2018-08-27, 17:38:14,  -04:00,  RAYMY,   42.6202774,  -71.9230576,  7002.7, 30.00,  7355.8,  16.8, 142.81, 171.29,   55.55,   0.29,  -0.01,   0.00,  -0.02,  60.7,  67.6,  27.7,  28.8,   1.6,  21.95,  25.50,    15.76,  186.59,   52.86,  30.18, 2485.9,    0.73,  323.68,  355.66,  351.59,  334.76,  334.93,  335.70, 1445.90, 1502.67, 1470.93, 1454.86, 1447.58, 1449.55, 1526.99, 1523.51,  7261.0, 165,  GPS,   67.5, 116.50, 115.60, 134.750, 121.500, -0.002,       ,  19.56, -56.8,   44.5,   67.7,  -14.3,      1,   GPS,    ALT,  -0.0,   0.3,   0.0, 3DDiff, 3704,      ,     12,  14.5,     17
2018-08-27, 17:38:15,  -04:00,  RAYMY,   42.6207542,  -71.9222031,  7001.7, 30.00,  7355.2,  16.8, 142.82, 171.47,   22.80,   0.23,  -0.05,   0.00,   0.00,  60.7,  67.6,  27.7,  28.8,   1.6,  21.95,  25.49,    15.80,  186.58,   53.23,  30.17, 2487.4,    0.73,  323.68,  355.64,  351.63,  334.75,  334.88,  335.71, 1446.56, 1502.50, 1471.16, 1454.67, 1448.26, 1449.01, 1526.78, 1523.99,  7260.3, 165,  GPS,   67.5, 116.50, 115.60, 134.750, 121.500, -0.002,       ,  19.60, -56.8,   44.4,   67.7,  -14.3,      1,   GPS,    ALT,  -0.0,   0.3, -11.8, 3DDiff, 3704,      ,     12,  14.5,     16
2018-08-27, 17:38:16,  -04:00,  RAYMY,   42.6212234,  -71.9213409,  7001.7, 30.00,  7355.1,  16.8, 142.89, 171.64,    2.73,   0.23,  -0.07,  -0.00,  -0.00,  60.6,  67.6,  27.7,  28.8,   1.6,  21.95,  25.48,    15.78,  186.58,   53.10,  30.17, 2482.9,    0.73,  323.65,  355.63,  351.69,  334.73,  334.88,  335.73, 1445.91, 1502.75, 1470.80, 1454.56, 1449.07, 1450.45, 1526.62, 1523.36,  7260.3, 165,  GPS,   67.5, 116.50, 115.60, 134.750, 121.500, -0.002,       ,  19.65, -56.7,   44.4,   67.7,  -14.3,      1,   GPS,    ALT,  -0.0,   0.3, -19.7, 3DDiff, 3704,      ,     12,  14.5,     16
2018-08-27, 17:38:17,  -04:00,  RAYMY,   42.6216888,  -71.9205017,  7002.7, 30.00,  7354.7,  16.8, 142.88, 171.80,   -4.48,   0.21,  -0.04,   0.00,  -0.01,  60.5,  67.5,  27.7,  28.8,   1.6,  21.96,  25.48,    15.76,  186.56,   52.98,  30.20, 2482.7,    0.73,  323.62,  355.63,  351.77,  334.73,  334.82,  335.75, 1445.87, 1504.20, 1471.62, 1455.48, 1448.37, 1448.96, 1526.71, 1523.41,  7259.9, 165,  GPS,   67.5, 116.50, 115.60, 134.750, 121.500, -0.002,       ,  19.71, -56.7,   44.3,   67.7,  -14.3,      1,   GPS,    ALT,  -0.0,   0.2, -23.6, 3DDiff, 3704,      ,     12,  14.5,     17
2018-08-27, 17:38:18,  -04:00,  RAYMY,   42.6221809,  -71.9196091,  7001.7, 30.00,  7354.3,  16.8, 142.86, 171.99,  -18.46,   0.24,  -0.04,   0.00,   0.02,  60.5,  67.5,  27.7,  28.8,   1.6,  21.95,  25.47,    15.72,  186.56,   52.90,  30.18, 2486.1,    0.73,  323.62,  355.62,  351.80,  334.73,  334.82,  335.76, 1446.25, 1503.90, 1471.39, 1455.45, 1447.57, 1450.20, 1526.56, 1523.31,  7259.5, 165,  GPS,   67.5, 116.50, 115.60, 134.750, 121.500, -0.001,       ,  19.78, -56.7,   44.3,   67.7,  -14.3,      1,   GPS,    ALT,   0.0,   0.2, -31.5, 3DDiff, 3704,      ,     12,  14.5,     17
2018-08-27, 17:38:19,  -04:00,  RAYMY,   42.6226578,  -71.9187546,  7001.7, 30.00,  7354.1,  16.8, 143.04, 172.15,  -12.79,   0.23,  -0.03,  -0.00,  -0.00,  60.4,  67.5,  27.7,  28.8,   1.6,  21.95,  25.47,    15.80,  186.56,   53.02,  30.19, 2486.4,    0.73,  323.62,  355.62,  351.87,  334.73,  334.79,  335.76, 1446.41, 1503.61, 1470.81, 1454.70, 1448.27, 1451.59, 1526.76, 1523.71,  7259.2, 165,  GPS,   67.5, 116.50, 115.60, 134.750, 121.500, -0.001,       ,  19.85, -56.8,   44.2,   67.7,  -14.3,      1,   GPS,    ALT,   0.0,   0.2, -19.7, 3DDiff, 3704,      ,     12,  14.5,     18
2018-08-27, 17:38:20,  -04:00,  RAYMY,   42.6231346,  -71.9178848,  7001.7, 30.00,  7352.5,  16.8, 143.10, 172.32,  -23.37,   0.25,  -0.01,  -0.00,   0.00,  60.4,  67.5,  27.7,  28.8,   1.6,  21.95,  25.47,    15.80,  186.54,   52.96,  30.20, 2486.0,    0.73,  323.60,  355.60,  351.90,  334.72,  334.76,  335.76, 1445.45, 1503.52, 1471.30, 1455.10, 1448.57, 1450.80, 1527.08, 1523.46,  7257.9, 165,  GPS,   67.5, 116.50, 115.60, 134.750, 121.500, -0.001,       ,  19.93, -56.8,   44.2,   67.7,  -14.3,      1,   GPS,    ALT,   0.0,   0.2, -15.7, 3DDiff, 3704,      ,     12,  14.5,     17
2018-08-27, 17:38:21,  -04:00,  RAYMY,   42.6236153,  -71.9170151,  7001.7, 30.00,  7352.6,  16.5, 143.25, 172.48,  -21.76,   0.30,   0.00,   0.00,  -0.00,  60.4,  67.5,  27.7,  28.8,   1.6,  21.95,  25.47,    15.79,  186.54,   53.10,  30.21, 2486.6,    0.73,  323.59,  355.60,  351.96,  334.70,  334.73,  335.76, 1446.01, 1503.31, 1470.70, 1454.90, 1449.79, 1449.92, 1526.67, 1524.47,  7258.1, 165,  GPS,   67.5, 116.50, 115.60, 134.750, 121.500, -0.001,       ,  20.02, -56.9,   44.2,   67.7,  -14.3,      1,   GPS,    ALT,   0.0,   0.3,  -3.9, 3DDiff, 3704,      ,     12,  14.5,     17
2018-08-27, 17:38:22,  -04:00,  RAYMY,   42.6240959,  -71.9161453,  7000.7, 30.00,  7352.3,  16.5, 143.30, 172.63,  -34.88,   0.30,   0.03,   0.00,   0.01,  60.4,  67.5,  27.7,  28.8,   1.6,  21.95,  25.47,    15.79,  186.55,   52.89,  30.23, 2486.9,    0.73,  323.59,  355.57,  352.02,  334.73,  334.70,  335.74, 1447.16, 1503.74, 1471.64, 1455.07, 1449.97, 1450.28, 1527.25, 1525.45,  7257.8, 165,  GPS,   67.5, 116.50, 115.60, 134.750, 121.500, -0.001,       ,  20.11, -56.9,   44.1,   67.7,  -14.3,      1,   GPS,    ALT,   0.0,   0.3,  11.8, 3DDiff, 3704,      ,     12,  14.5,     17
2018-08-27, 17:38:23,  -04:00,  RAYMY,   42.6245689,  -71.9152908,  6999.7, 30.00,  7352.5,  16.5, 143.36, 172.77,  -43.85,   0.33,   0.02,  -0.00,   0.01,  60.4,  67.5,  27.7,  28.8,   1.6,  21.95,  25.47,    15.77,  186.54,   53.08,  30.20, 2484.7,    0.73,  323.56,  355.57,  352.05,  334.72,  334.66,  335.76, 1446.61, 1502.80, 1470.68, 1455.40, 1449.54, 1451.44, 1527.03, 1524.13,  7258.0, 165,  GPS,   67.5, 116.50, 115.60, 134.750, 121.500, -0.001,       ,  20.21, -57.0,   44.1,   67.7,  -14.3,      1,   GPS,    ALT,   0.0,   0.3,  15.7, 3DDiff, 3704,      ,     12,  14.5,     17
2018-08-27, 17:38:24,  -04:00,  RAYMY,   42.6250534,  -71.9144135,  7001.7, 30.00,  7352.8,  16.5, 143.55, 172.90,  -10.15,   0.33,   0.01,  -0.00,  -0.01,  60.3,  67.5,  27.7,  28.8,   1.6,  21.94,  25.47,    15.93,  186.54,   53.03,  30.20, 2483.0,    0.73,  323.56,  355.57,  352.11,  334.70,  334.62,  335.73, 1446.82, 1501.83, 1470.70, 1455.48, 1451.05, 1450.33, 1526.12, 1524.44,  7258.3, 166,  GPS,   67.5, 116.50, 115.60, 134.750, 121.500, -0.001,       ,  20.42, -57.2,   44.0,   67.7,  -14.3,      1,   GPS,    ALT,   0.0,   0.3,  23.6, 3DDiff, 3704,      ,     12,  14.5,     17
2018-08-27, 17:38:25,  -04:00,  RAYMY,   42.6255264,  -71.9135513,  7002.7, 30.00,  7353.1,  16.5, 143.65, 173.00,   30.28,   0.25,   0.03,   0.00,  -0.02,  60.3,  67.5,  27.7,  28.8,   1.6,  21.94,  25.47,    15.86,  186.55,   53.14,  30.22, 2488.2,    0.73,  323.56,  355.57,  352.13,  334.70,  334.60,  335.73, 1447.04, 1501.74, 1470.88, 1455.38, 1451.20, 1451.19, 1526.15, 1524.58,  7258.6, 166,  GPS,   67.5, 116.50, 115.60, 134.750, 121.500, -0.001,       ,  20.42, -57.2,   44.0,   67.7,  -14.3,      1,   GPS,    ALT,   0.0,   0.3,  27.6, 3DDiff, 3704,      ,     12,  14.5,     18
2018-08-27, 17:38:26,  -04:00,  RAYMY,   42.6260147,  -71.9126816,  7001.7, 30.00,  7354.2,  16.5, 143.67, 173.14,   22.28,   0.19,   0.01,   0.00,  -0.01,  60.4,  67.5,  27.7,  28.8,   1.6,  21.93,  25.47,    15.78,  186.52,   53.09,  30.21, 2484.5,    0.73,  323.56,  355.54,  352.17,  334.72,  334.60,  335.73, 1446.73, 1501.43, 1470.61, 1455.39, 1451.06, 1450.87, 1525.94, 1524.07,  7259.6, 166,  GPS,   67.5, 116.50, 115.60, 134.750, 121.500, -0.001,       ,  20.53, -57.3,   43.9,   67.7,  -14.3,      1,   GPS,    ALT,   0.1,   0.2,   3.9, 3DDiff, 3704,      ,     12,  14.5,     17
2018-08-27, 17:38:27,  -04:00,  RAYMY,   42.6264954,  -71.9118118,  7001.7, 30.00,  7354.0,  16.5, 143.77, 173.27,   -0.23,   0.23,  -0.01,  -0.00,  -0.00,  60.4,  67.5,  27.7,  28.8,   1.6,  21.93,  25.46,    15.75,  186.52,   52.99,  30.20, 2483.6,    0.73,  323.51,  355.54,  352.20,  334.73,  334.54,  335.70, 1446.40, 1501.40, 1470.64, 1456.07, 1451.10, 1450.69, 1526.18, 1523.69,  7259.5, 166,  GPS,   67.5, 116.50, 115.60, 134.750, 121.500, -0.001,       ,  20.64, -57.4,   43.9,   67.7,  -14.3,      1,   GPS,    ALT,   0.1,   0.2, -11.8, 3DDiff, 3704,      ,     12,  14.5,     17
2018-08-27, 17:38:28,  -04:00,  RAYMY,   42.6269722,  -71.9109344,  7002.7, 30.00,  7354.5,  16.5, 143.84, 173.39,    5.97,   0.22,   0.01,   0.01,  -0.02,  60.4,  67.5,  27.7,  28.8,   1.6,  21.93,  25.45,    15.71,  186.48,   53.32,  30.18, 2485.0,    0.72,  323.52,  355.54,  352.26,  334.73,  334.54,  335.73, 1445.63, 1501.25, 1471.52, 1454.93, 1451.05, 1451.09, 1526.00, 1523.78,  7260.0, 166,  GPS,   67.5, 116.50, 115.60, 134.750, 121.500, -0.001,       ,  20.76, -57.5,   43.8,   67.7,  -14.3,      1,   GPS,    ALT,   0.1,   0.2,  -7.9, 3DDiff, 3704,      ,     12,  14.5,     17
2018-08-27, 17:38:29,  -04:00,  RAYMY,   42.6274529,  -71.9100647,  7001.7, 30.00,  7354.2,  16.5, 143.92, 173.53,  -11.31,   0.26,   0.01,   0.00,   0.01,  60.4,  67.5,  27.7,  28.8,   1.6,  21.93,  25.45,    15.76,  186.48,   53.06,  30.19, 2486.4,    0.73,  323.51,  355.51,  352.26,  334.70,  334.51,  335.72, 1445.46, 1501.81, 1470.81, 1455.82, 1450.35, 1450.87, 1526.70, 1523.08,  7259.7, 166,  GPS,   67.5, 116.50, 115.60, 134.750, 121.500, -0.001,       ,  20.87, -57.6,   43.8,   67.7,  -14.3,      1,   GPS,    ALT,   0.1,   0.2, -23.6, 3DDiff, 3704,      ,     12,  14.5,     17
2018-08-27, 17:38:30,  -04:00,  RAYMY,   42.6279335,  -71.9091949,  7000.7, 30.00,  7354.0,  16.5, 143.93, 173.62,  -29.31,   0.31,   0.05,  -0.00,   0.00,  60.4,  67.5,  27.7,  28.8,   1.6,  21.93,  25.44,    15.75,  186.44,   53.16,  30.23, 2483.6,    0.73,  323.50,  355.51,  352.27,  334.72,  334.51,  335.72, 1446.01, 1501.73, 1470.82, 1455.70, 1450.25, 1449.83, 1526.52, 1523.88,  7259.4, 166,  GPS,   67.5, 116.50, 115.60, 134.750, 121.500, -0.001,       ,  21.09, -57.9,   43.7,   67.7,  -14.3,      1,   GPS,    ALT,   0.1,   0.3, -19.7, 3DDiff, 3704,      ,     12,  14.5,     17
2018-08-27, 17:38:31,  -04:00,  RAYMY,   42.6284180,  -71.9083176,  7000.7, 30.00,  7353.9,  16.5, 144.08, 173.72,  -40.94,   0.37,   0.02,   0.00,   0.00,  60.4,  67.5,  27.7,  28.8,   1.6,  21.92,  25.44,    15.78,  186.43,   53.33,  30.20, 2486.0,    0.73,  323.50,  355.51,  352.32,  334.72,  334.50,  335.70, 1445.01, 1501.07, 1470.93, 1454.49, 1449.79, 1449.18, 1526.09, 1523.60,  7259.4, 166,  GPS,   67.5, 116.50, 115.60, 134.750, 121.500, -0.001,       ,  21.09, -57.9,   43.7,   67.7,  -14.3,      1,   GPS,    ALT,   0.1,   0.3, -15.7, 3DDiff, 3704,      ,     12,  14.5,     17
2018-08-27, 17:38:32,  -04:00,  RAYMY,   42.6288986,  -71.9074478,  7000.7, 30.00,  7353.0,  16.5, 144.10, 173.82,  -24.76,   0.34,   0.00,   0.00,  -0.00,  60.4,  67.5,  27.7,  28.8,   1.6,  21.92,  25.44,    15.81,  186.42,   53.19,  30.18, 2486.7,    0.73,  323.49,  355.51,  352.33,  334.73,  334.50,  335.73, 1444.97, 1500.94, 1470.56, 1454.45, 1449.83, 1448.51, 1525.82, 1522.91,  7258.5, 166,  GPS,   67.5, 116.50, 115.60, 134.750, 121.500, -0.001,       ,  21.20, -58.0,   43.6,   67.7,  -14.3,      1,   GPS,    ALT,   0.1,   0.4,   7.9, 3DDiff, 3704,      ,     12,  14.0,     17
2018-08-27, 17:38:33,  -04:00,  RAYMY,   42.6293793,  -71.9065781,  7000.7, 30.00,  7353.1,  16.5, 144.06, 173.86,  -35.36,   0.38,  -0.01,   0.00,   0.01,  60.5,  67.5,  27.7,  28.8,   1.6,  21.92,  25.43,    15.88,  186.40,   53.26,  30.20, 2487.9,    0.73,  323.48,  355.51,  352.35,  334.73,  334.48,  335.73, 1445.07, 1500.81, 1470.54, 1455.42, 1449.98, 1448.66, 1526.46, 1523.37,  7258.6, 166,  GPS,   67.5, 116.50, 115.60, 134.750, 121.500, -0.001,       ,  21.40, -58.2,   43.6,   67.7,  -14.3,      1,   GPS,    ALT,   0.1,   0.4,   3.9, 3DDiff, 3704,      ,     12,  14.5,     16
2018-08-27, 17:38:34,  -04:00,  RAYMY,   42.6298599,  -71.9057007,  7001.7, 30.00,  7352.5,  16.5, 144.18, 173.90,   -0.69,   0.40,   0.01,   0.00,  -0.00,  60.5,  67.5,  27.7,  28.8,   1.6,  21.92,  25.43,    15.85,  186.38,   53.12,  30.25, 2487.2,    0.73,  323.49,  355.51,  352.36,  334.73,  334.47,  335.73, 1445.37, 1501.00, 1471.79, 1454.29, 1450.24, 1449.38, 1525.89, 1523.67,  7258.0, 166,  GPS,   67.5, 116.50, 115.60, 134.750, 121.500, -0.001,       ,  21.40, -58.2,   43.5,   67.7,  -14.3,      1,   GPS,    ALT,   0.1,   0.4,   7.9, 3DDiff, 3704,      ,     12,  14.0,     16
2018-08-27, 17:38:35,  -04:00,  RAYMY,   42.6303444,  -71.9048309,  7001.7, 30.00,  7352.5,  16.5, 144.21, 173.95,   10.11,   0.35,   0.04,   0.00,  -0.01,  60.5,  67.5,  27.7,  28.8,   1.6,  21.92,  25.42,    15.85,  186.37,   53.08,  30.22, 2487.2,    0.73,  323.45,  355.48,  352.36,  334.70,  334.45,  335.73, 1445.61, 1501.22, 1472.03, 1454.48, 1450.07, 1449.08, 1526.10, 1524.00,  7257.9, 166,  GPS,   67.5, 116.50, 115.60, 134.750, 121.500, -0.001,       ,  21.49, -58.4,   43.5,   67.7,  -14.3,      1,   GPS,    ALT,   0.1,   0.4,   3.9, 3DDiff, 3704,      ,     12,  14.5,     17
2018-08-27, 17:38:36,  -04:00,  RAYMY,   42.6308289,  -71.9039536,  6999.7, 30.00,  7352.0,  16.5, 144.22, 174.01,  -23.27,   0.37,   0.07,   0.00,   0.01,  60.6,  67.5,  27.7,  28.8,   1.6,  21.91,  25.41,    15.94,  186.36,   53.28,  30.19, 2488.8,    0.74,  323.46,  355.50,  352.37,  334.73,  334.45,  335.73, 1446.34, 1502.03, 1472.44, 1454.46, 1449.92, 1449.30, 1526.80, 1523.39,  7257.5, 166,  GPS,   67.5, 116.50, 115.60, 134.750, 121.500, -0.000,       ,  21.58, -58.5,   43.4,   67.7,  -14.3,      1,   GPS,    ALT,   0.1,   0.4, -11.8, 3DDiff, 3704,      ,     12,  14.5,     17
2018-08-27, 17:38:37,  -04:00,  RAYMY,   42.6313057,  -71.9030838,  7000.7, 30.00,  7351.8,  16.5, 144.37, 174.05,  -19.73,   0.45,   0.05,  -0.00,   0.01,  60.6,  67.5,  27.7,  28.8,   1.6,  21.91,  25.41,    15.91,  186.35,   53.27,  30.23, 2486.3,    0.73,  323.47,  355.50,  352.39,  334.73,  334.42,  335.74, 1446.44, 1502.31, 1471.32, 1454.04, 1450.41, 1449.93, 1526.58, 1523.54,  7257.3, 167,  GPS,   67.5, 116.50, 115.60, 134.750, 121.500, -0.000,       ,  21.66, -58.6,   43.4,   67.7,  -14.3,      1,   GPS,    ALT,   0.1,   0.4,  -7.9, 3DDiff, 3704,      ,     12,  14.5,     17
2018-08-27, 17:38:38,  -04:00,  RAYMY,   42.6317902,  -71.9022064,  7000.7, 30.00,  7353.1,  16.5, 144.51, 174.07,   -4.10,   0.45,   0.09,  -0.00,  -0.01,  60.6,  67.6,  27.7,  28.8,   1.6,  21.90,  25.41,    15.92,  186.32,   53.05,  30.25, 2487.8,    0.73,  323.47,  355.47,  352.39,  334.72,  334.43,  335.76, 1446.63, 1502.81, 1470.88, 1453.94, 1450.66, 1449.52, 1526.47, 1524.06,  7258.5, 167,  GPS,   67.5, 116.50, 115.60, 134.750, 121.500, -0.000,       ,  21.74, -58.7,   43.3,   67.7,  -14.3,      1,   GPS,    ALT,   0.1,   0.4,   3.9, 3DDiff, 3704,      ,     12,  14.0,     17
2018-08-27, 17:38:39,  -04:00,  RAYMY,   42.6322708,  -71.9013290,  6999.7, 30.00,  7353.3,  16.5, 144.51, 174.11,  -12.12,   0.43,   0.00,   0.00,  -0.00,  60.6,  67.6,  27.7,  28.8,   1.6,  21.90,  25.41,    16.12,  186.30,   53.23,  30.39, 2486.4,    0.74,  323.44,  355.45,  352.42,  334.70,  334.39,  335.76, 1449.31, 1505.43, 1473.04, 1456.36, 1452.84, 1451.48, 1528.94, 1527.62,  7258.7, 167,  GPS,   67.5, 116.50, 115.60, 134.750, 121.500, -0.000,       ,  21.81, -58.8,   43.3,   67.7,  -14.3,      1,   GPS,    ALT,   0.1,   0.4,   3.9, 3DDiff, 3704,      ,     12,  14.5,     16
2018-08-27, 17:38:40,  -04:00,  RAYMY,   42.6327515,  -71.9004517,  7000.7, 30.00,  7353.7,  16.5, 144.56, 174.19,  -25.01,   0.45,   0.01,   0.01,   0.01,  60.7,  67.6,  27.7,  28.8,   1.6,  21.90,  25.40,    15.99,  186.31,   53.26,  30.32, 2486.4,    0.74,  323.44,  355.47,  352.42,  334.70,  334.39,  335.76, 1451.25, 1507.14, 1476.36, 1458.47, 1454.33, 1454.04, 1531.72, 1530.10,  7259.2, 167,  GPS,   67.5, 116.50, 115.60, 134.750, 121.500, -0.000,       ,  21.87, -58.9,   43.2,   67.7,  -14.3,      1,   GPS,    ALT,   0.0,   0.4,   3.9, 3DDiff, 3704,      ,     12,  14.0,     16
2018-08-27, 17:38:41,  -04:00,  RAYMY,   42.6332359,  -71.8995819,  6999.7, 30.00,  7354.0,  16.5, 144.54, 174.19,  -17.07,   0.46,   0.03,  -0.00,   0.00,  60.7,  67.6,  27.7,  28.8,   1.6,  21.90,  25.40,    15.89,  186.33,   53.23,  30.20, 2486.0,    0.73,  323.44,  355.44,  352.44,  334.73,  334.36,  335.79, 1450.01, 1504.53, 1475.23, 1458.45, 1453.39, 1452.20, 1530.42, 1528.22,  7259.4, 167,  GPS,   67.5, 116.50, 115.60, 134.750, 121.500, -0.000,       ,  21.93, -59.0,   43.2,   67.7,  -14.3,      1,   GPS,    ALT,   0.0,   0.5,   7.9, 3DDiff, 3704,      ,     12,  14.5,     17
2018-08-27, 17:38:42,  -04:00,  RAYMY,   42.6337166,  -71.8987045,  7000.7, 30.00,  7354.2,  16.2, 144.55, 174.19,    5.64,   0.43,   0.07,   0.00,  -0.01,  60.7,  67.6,  27.7,  28.8,   1.6,  21.89,  25.40,    15.75,  186.32,   53.13,  30.14, 2485.1,    0.73,  323.42,  355.44,  352.45,  334.72,  334.38,  335.82, 1449.50, 1502.93, 1474.23, 1458.07, 1451.97, 1450.81, 1528.94, 1526.75,  7259.7, 167,  GPS,   67.5, 116.50, 115.60, 134.750, 121.500, -0.000,       ,  21.98, -59.1,   43.1,   67.7,  -14.3,      1,   GPS,    ALT,   0.0,   0.4,  11.8, 3DDiff, 3704,      ,     12,  14.5,     17
2018-08-27, 17:38:43,  -04:00,  RAYMY,   42.6342010,  -71.8978195,  6999.7, 30.00,  7354.5,  16.2, 144.46, 174.19,   -6.53,   0.43,   0.05,   0.00,  -0.00,  60.8,  67.6,  27.7,  28.8,   1.6,  21.87,  25.41,    15.70,  186.33,   53.04,  30.09, 2486.4,    0.72,  323.44,  355.42,  352.44,  334.72,  334.35,  335.85, 1448.37, 1503.01, 1472.07, 1457.42, 1450.75, 1451.17, 1528.71, 1524.54,  7259.9, 167,  GPS,   67.5, 116.50, 115.60, 134.750, 121.500, -0.000,       ,  22.03, -59.2,   43.1,   67.7,  -14.3,      1,   GPS,    ALT,   0.0,   0.4,   7.9, 3DDiff, 3704,      ,     12,  14.5,     18
2018-08-27, 17:38:44,  -04:00,  RAYMY,   42.6346817,  -71.8969574,  6999.7, 30.00,  7353.4,  16.2, 144.40, 174.17,  -15.51,   0.53,   0.04,   0.00,   0.02,  60.8,  67.6,  27.7,  28.8,   1.6,  21.85,  25.42,    15.58,  186.31,   53.09,  30.05, 2486.5,    0.72,  323.44,  355.44,  352.45,  334.72,  334.34,  335.85, 1447.58, 1502.43, 1471.41, 1455.82, 1450.26, 1450.08, 1527.40, 1523.76,  7258.8, 167,  GPS,   67.5, 116.50, 115.60, 134.750, 121.500, -0.000,       ,  22.07, -59.3,   43.0,   67.7,  -14.3,      1,   GPS,    ALT,   0.0,   0.5,   0.0, 3DDiff, 3704,      ,     12,  14.0,     17
2018-08-27, 17:38:45,  -04:00,  RAYMY,   42.6351624,  -71.8960800,  7000.7, 30.00,  7353.3,  16.2, 144.56, 174.15,   -2.14,   0.49,  -0.04,   0.00,  -0.01,  60.8,  67.7,  27.7,  28.8,   1.6,  21.84,  25.42,    15.64,  186.31,   53.08,  30.12, 2486.7,    0.72,  323.44,  355.42,  352.45,  334.73,  334.33,  335.88, 1446.56, 1502.79, 1471.17, 1454.79, 1448.49, 1450.09, 1527.30, 1522.83,  7258.7, 167,  GPS,   67.5, 116.50, 115.60, 134.750, 121.500, -0.000,       ,  22.10, -59.4,   43.0,   67.7,  -14.3,      1,   GPS,    ALT,   0.0,   0.5,  11.8, 3DDiff, 3704,      ,     12,  14.5,     17
2018-08-27, 17:38:46,  -04:00,  RAYMY,   42.6356430,  -71.8952026,  7000.7, 30.00,  7353.0,  16.2, 144.59, 174.13,    0.01,   0.47,  -0.04,   0.00,  -0.01,  60.9,  67.7,  27.7,  28.8,   1.6,  21.84,  25.42,    15.68,  186.28,   53.06,  30.14, 2484.6,    0.72,  323.43,  355.41,  352.43,  334.73,  334.28,  335.88, 1445.80, 1501.93, 1470.70, 1454.49, 1448.00, 1449.16, 1526.06, 1521.92,  7258.5, 167,  GPS,   67.5, 116.50, 115.60, 134.750, 121.500, -0.000,       ,  22.13, -59.5,   42.9,   67.7,  -14.3,      1,   GPS,    ALT,   0.0,   0.5,  11.8, 3DDiff, 3704,      ,     12,  14.0,     17
2018-08-27, 17:38:47,  -04:00,  RAYMY,   42.6361237,  -71.8943176,  7000.7, 30.00,  7353.0,  16.2, 144.58, 174.09,    4.96,   0.45,  -0.08,   0.00,   0.00,  60.9,  67.7,  27.7,  28.8,   1.6,  21.83,  25.41,    15.75,  186.25,   52.98,  30.14, 2486.2,    0.73,  323.43,  355.41,  352.46,  334.70,  334.28,  335.88, 1445.41, 1501.71, 1470.20, 1455.09, 1448.32, 1449.24, 1525.71, 1522.58,  7258.5, 167,  GPS,   67.5, 116.50, 115.60, 134.750, 121.500, -0.000,       ,  22.15, -59.5,   42.9,   67.7,  -14.3,      1,   GPS,    ALT,  -0.0,   0.5,   7.9, 3DDiff, 3704,      ,     12,  14.5,     17
2018-08-27, 17:38:48,  -04:00,  RAYMY,   42.6366043,  -71.8934555,  7000.7, 30.00,  7352.8,  16.2, 144.62, 174.07,   -4.80,   0.48,  -0.10,   0.00,  -0.00,  60.9,  67.7,  27.7,  28.8,   1.6,  21.83,  25.42,    15.80,  186.22,   52.93,  30.12, 2486.6,    0.73,  323.41,  355.41,  352.46,  334.70,  334.30,  335.89, 1444.51, 1501.71, 1469.85, 1455.29, 1447.98, 1449.94, 1526.02, 1521.38,  7258.3, 167,  GPS,   67.5, 116.50, 115.60, 134.750, 121.500, -0.000,       ,  22.16, -59.6,   42.9,   67.7,  -14.3,      1,   GPS,    ALT,  -0.0,   0.5,   0.0, 3DDiff, 3704,      ,     12,  14.5,     17
2018-08-27, 17:38:49,  -04:00,  RAYMY,   42.6370850,  -71.8925705,  7000.7, 30.00,  7352.7,  16.2, 144.61, 174.05,  -11.45,   0.48,  -0.10,   0.00,  -0.01,  60.9,  67.7,  27.7,  28.8,   1.6,  21.82,  25.42,    15.73,  186.21,   52.73,  30.16, 2483.1,    0.73,  323.41,  355.36,  352.45,  334.70,  334.28,  335.88, 1444.19, 1502.02, 1470.04, 1455.43, 1448.56, 1449.25, 1526.18, 1522.37,  7258.2, 167,  GPS,   67.5, 116.50, 115.60, 134.750, 121.500, -0.000,       ,  22.17, -59.7,   42.8,   67.7,  -14.3,      1,   GPS,    ALT,  -0.0,   0.5,   0.0, 3DDiff, 3704,      ,     12,  14.5,     17
2018-08-27, 17:38:50,  -04:00,  RAYMY,   42.6375694,  -71.8916931,  7000.7, 30.00,  7353.9,  16.2, 144.69, 174.03,   -7.39,   0.48,  -0.08,   0.00,   0.00,  61.0,  67.7,  27.7,  28.8,   1.6,  21.82,  25.41,    15.82,  186.20,   52.83,  30.16, 2486.1,    0.73,  323.44,  355.35,  352.48,  334.70,  334.30,  335.88, 1444.67, 1503.04, 1469.64, 1455.26, 1447.84, 1448.77, 1526.29, 1522.13,  7259.3, 167,  GPS,   67.5, 116.50, 115.60, 134.750, 121.500, -0.000,       ,  22.17, -59.7,   42.8,   67.7,  -14.3,      1,   GPS,    ALT,  -0.0,   0.5,   0.0, 3DDiff, 3704,      ,     12,  14.0,     17
2018-08-27, 17:38:51,  -04:00,  RAYMY,   42.6380463,  -71.8908234,  6999.7, 30.00,  7354.1,  16.2, 144.64, 173.97,  -19.78,   0.52,  -0.08,   0.00,   0.00,  61.1,  67.7,  27.7,  28.8,   1.6,  21.82,  25.39,    15.75,  186.23,   53.16,  30.14, 2487.4,    0.73,  323.39,  355.33,  352.46,  334.70,  334.24,  335.88, 1445.52, 1502.51, 1470.50, 1455.86, 1448.58, 1448.68, 1526.23, 1523.23,  7259.6, 167,  GPS,   67.5, 116.50, 115.60, 134.750, 121.500, -0.000,       ,  22.16, -59.8,   42.7,   67.7,  -14.3,      1,   GPS,    ALT,  -0.0,   0.5,   3.9, 3DDiff, 3704,      ,     12,  14.5,     17
2018-08-27, 17:38:52,  -04:00,  RAYMY,   42.6385269,  -71.8899460,  6999.7, 30.00,  7354.6,  16.2, 144.58, 173.95,  -27.88,   0.56,  -0.07,  -0.00,  -0.00,  61.1,  67.7,  27.7,  28.8,   1.6,  21.83,  25.38,    15.66,  186.22,   53.30,  30.13, 2488.3,    0.72,  323.41,  355.32,  352.46,  334.70,  334.27,  335.86, 1445.59, 1502.29, 1471.39, 1456.07, 1448.73, 1448.48, 1526.19, 1523.38,  7260.1, 167,  GPS,   67.5, 116.50, 115.60, 134.750, 121.500, -0.000,       ,  22.15, -59.8,   42.7,   67.7,  -14.3,      1,   GPS,    ALT,  -0.0,   0.5,   7.9, 3DDiff, 3704,      ,     12,  14.0,     16
2018-08-27, 17:38:53,  -04:00,  RAYMY,   42.6390114,  -71.8890686,  6999.7, 30.00,  7354.8,  16.2, 144.62, 173.90,  -29.17,   0.62,  -0.04,   0.00,  -0.00,  61.1,  67.8,  27.7,  28.8,   1.6,  21.83,  25.38,    15.67,  186.23,   53.35,  30.14, 2488.4,    0.72,  323.41,  355.32,  352.48,  334.73,  334.26,  335.85, 1445.68, 1502.28, 1470.95, 1457.09, 1449.88, 1448.37, 1526.65, 1523.67,  7260.3, 167,  GPS,   67.5, 116.50, 115.60, 134.750, 121.500, -0.000,       ,  22.13, -59.8,   42.6,   67.7,  -14.4,      1,   GPS,    ALT,  -0.0,   0.6,   7.9, 3DDiff, 3704,      ,     12,  14.5,     17
2018-08-27, 17:38:54,  -04:00,  RAYMY,   42.6394882,  -71.8881989,  6999.7, 30.00,  7355.3,  16.2, 144.58, 173.84,  -27.01,   0.58,   0.02,   0.00,  -0.00,  61.2,  67.8,  27.7,  28.8,   1.6,  21.83,  25.37,    15.68,  186.23,   53.23,  30.17, 2487.6,    0.72,  323.41,  355.30,  352.47,  334.72,  334.24,  335.85, 1445.38, 1501.78, 1472.11, 1457.67, 1451.10, 1447.89, 1526.64, 1524.76,  7260.8, 167,  GPS,   67.5, 116.50, 115.60, 134.750, 121.500, -0.000,       ,  22.11, -59.9,   42.6,   67.7,  -14.4,      1,   GPS,    ALT,  -0.0,   0.6,  19.7, 3DDiff, 3704,      ,     12,  14.5,     17
2018-08-27, 17:38:55,  -04:00,  RAYMY,   42.6399689,  -71.8873215,  6999.7, 30.00,  7355.8,  16.5, 144.73, 173.76,   -6.38,   0.74,   0.03,  -0.00,   0.01,  61.2,  67.8,  27.7,  28.8,   1.6,  21.83,  25.36,    15.82,  186.22,   53.15,  30.16, 2486.4,    0.73,  323.40,  355.29,  352.45,  334.73,  334.23,  335.85, 1444.90, 1501.06, 1472.18, 1458.25, 1450.99, 1449.50, 1527.13, 1524.72,  7261.2, 167,  GPS,   67.5, 116.50, 115.60, 134.750, 121.500, -0.000,       ,  22.07, -59.9,   42.5,   67.7,  -14.4,      1,   GPS,    ALT,  -0.0,   0.7,  19.7, 3DDiff, 3704,      ,     12,  14.5,     17
2018-08-27, 17:38:56,  -04:00,  RAYMY,   42.6404495,  -71.8864441,  7000.7, 30.00,  7355.4,  16.5, 144.78, 173.68,   13.55,   0.67,  -0.08,   0.00,  -0.02,  61.3,  67.8,  27.7,  28.8,   1.6,  21.83,  25.36,    15.81,  186.22,   53.04,  30.17, 2487.4,    0.73,  323.38,  355.26,  352.45,  334.73,  334.23,  335.85, 1444.20, 1500.79, 1471.45, 1458.03, 1450.43, 1449.82, 1527.08, 1523.89,  7260.9, 167,  GPS,   67.5, 116.50, 115.60, 134.750, 121.500, -0.000,       ,  22.03, -59.9,   42.5,   67.7,  -14.4,      1,   GPS,    ALT,  -0.0,   0.7,  35.4, 3DDiff, 3704,      ,     12,  14.0,     17
2018-08-27, 17:38:57,  -04:00,  RAYMY,   42.6409302,  -71.8855743,  7000.7, 30.00,  7355.9,  16.5, 144.59, 173.57,    4.83,   0.66,  -0.05,   0.01,  -0.00,  61.4,  67.8,  27.7,  28.8,   1.6,  21.84,  25.35,    15.77,  186.23,   53.15,  30.15, 2485.4,    0.73,  323.38,  355.24,  352.42,  334.73,  334.23,  335.83, 1443.49, 1501.32, 1471.26, 1456.93, 1450.00, 1450.68, 1527.05, 1523.33,  7261.3, 167,  GPS,   67.5, 116.50, 115.60, 134.750, 121.500, -0.000,       ,  21.99, -59.9,   42.4,   67.7,  -14.4,      1,   GPS,    ALT,  -0.0,   0.7,  23.6, 3DDiff, 3704,      ,     12,  14.5,     16
2018-08-27, 17:38:58,  -04:00,  RAYMY,   42.6414070,  -71.8847046,  7001.7, 30.00,  7355.5,  16.5, 144.53, 173.49,   19.72,   0.65,  -0.03,   0.00,   0.00,  61.4,  67.8,  27.7,  28.8,   1.6,  21.83,  25.36,    15.84,  186.22,   53.11,  30.13, 2486.1,    0.73,  323.38,  355.26,  352.42,  334.73,  334.24,  335.82, 1443.77, 1500.92, 1471.07, 1455.68, 1449.43, 1451.43, 1526.74, 1522.49,  7261.0, 167,  GPS,   67.5, 116.50, 115.60, 134.750, 121.500, -0.000,       ,  21.93, -59.9,   42.4,   67.7,  -14.4,      1,   GPS,    ALT,  -0.0,   0.7,  19.7, 3DDiff, 3704,      ,     12,  14.0,     16
2018-08-27, 17:38:59,  -04:00,  RAYMY,   42.6418877,  -71.8838272,  7000.7, 30.00,  7355.6,  16.5, 144.39, 173.43,   14.45,   0.59,  -0.05,  -0.00,  -0.00,  61.4,  67.8,  27.7,  28.8,   1.6,  21.82,  25.36,    15.81,  186.21,   52.95,  30.15, 2487.0,    0.73,  323.35,  355.23,  352.41,  334.73,  334.26,  335.82, 1444.40, 1501.63, 1471.32, 1455.62, 1449.08, 1451.74, 1527.13, 1523.31,  7261.1, 167,  GPS,   67.5, 116.50, 115.60, 134.750, 121.500, -0.000,       ,  21.87, -59.9,   42.3,   67.7,  -14.4,      1,   GPS,    ALT,  -0.0,   0.6,  15.7, 3DDiff, 3704,      ,     12,  14.5,     17
2018-08-27, 17:39:00,  -04:00,  RAYMY,   42.6423645,  -71.8829575,  7001.7, 30.00,  7355.7,  16.5, 144.35, 173.37,    9.10,   0.56,  -0.04,   0.00,  -0.01,  61.4,  67.8,  27.7,  28.8,   1.6,  21.81,  25.36,    15.74,  186.21,   52.83,  30.13, 2485.9,    0.73,  323.35,  355.23,  352.36,  334.75,  334.30,  335.80, 1444.73, 1501.75, 1470.31, 1455.71, 1448.60, 1450.15, 1527.11, 1522.94,  7261.2, 167,  GPS,   67.5, 116.50, 115.60, 134.750, 121.500, -0.000,       ,  21.80, -59.9,   42.3,   67.7,  -14.4,      1,   GPS,    ALT,  -0.0,   0.6,  11.8, 3DDiff, 3704,      ,     12,  14.5,     17
2018-08-27, 17:39:01,  -04:00,  RAYMY,   42.6428452,  -71.8820801,  7000.7, 30.00,  7355.7,  16.5, 144.21, 173.33,   -6.57,   0.55,  -0.04,   0.00,   0.00,  61.5,  67.8,  27.7,  28.8,   1.6,  21.81,  25.37,    15.78,  186.20,   53.02,  30.12, 2486.4,    0.73,  323.35,  355.23,  352.33,  334.73,  334.38,  335.81, 1445.19, 1501.28, 1469.84, 1455.34, 1449.39, 1450.28, 1527.04, 1523.10,  7261.2, 166,  GPS,   67.5, 116.50, 115.60, 134.750, 121.500, -0.000,       ,  21.72, -59.9,   42.2,   67.7,  -14.4,      1,   GPS,    ALT,  -0.0,   0.6,   7.9, 3DDiff, 3704,      ,     12,  14.5,     18
2018-08-27, 17:39:02,  -04:00,  RAYMY,   42.6433220,  -71.8812103,  7000.7, 30.00,  7356.9,  16.5, 144.16, 173.31,  -27.26,   0.60,  -0.08,  -0.00,   0.01,  61.5,  67.8,  27.7,  28.8,   1.6,  21.80,  25.37,    15.77,  186.20,   53.08,  30.12, 2483.8,    0.73,  323.32,  355.20,  352.30,  334.76,  334.45,  335.75, 1445.58, 1501.14, 1469.43, 1454.82, 1448.54, 1449.95, 1526.58, 1522.76,  7262.4, 166,  GPS,   67.5, 116.50, 115.60, 134.750, 121.500, -0.000,       ,  21.64, -59.9,   42.2,   67.7,  -14.4,      1,   GPS,    ALT,  -0.0,   0.6,   3.9, 3DDiff, 3704,      ,     12,  14.5,     17
2018-08-27, 17:39:03,  -04:00,  RAYMY,   42.6438026,  -71.8803406,  7001.7, 30.00,  7357.3,  16.5, 144.24, 173.27,    6.27,   0.59,  -0.09,  -0.00,  -0.01,  61.4,  67.8,  27.7,  28.8,   1.6,  21.80,  25.36,    15.74,  186.21,   53.16,  30.12, 2485.2,    0.73,  323.32,  355.21,  352.24,  334.76,  334.56,  335.76, 1446.11, 1500.47, 1470.00, 1453.66, 1448.46, 1449.05, 1525.18, 1523.36,  7262.8, 166,  GPS,   67.5, 116.50, 115.60, 134.750, 121.500, -0.000,       ,  21.55, -59.9,   42.1,   67.7,  -14.4,      1,   GPS,    ALT,  -0.0,   0.6,  15.7, 3DDiff, 3704,      ,     12,  14.5,     17
2018-08-27, 17:39:04,  -04:00,  RAYMY,   42.6442757,  -71.8794632,  7000.7, 30.00,  7357.9,  16.5, 144.14, 173.24,  -19.03,   0.59,  -0.07,   0.00,   0.00,  61.4,  67.8,  27.7,  28.8,   1.6,  21.80,  25.37,    15.75,  186.21,   52.84,  30.13, 2484.5,    0.73,  323.32,  355.20,  352.23,  334.75,  334.74,  335.74, 1445.01, 1501.11, 1469.82, 1452.80, 1448.16, 1448.73, 1524.99, 1522.31,  7263.4, 166,  GPS,   67.5, 116.50, 115.60, 134.750, 121.500, -0.000,       ,  21.46, -59.9,   42.1,   67.7,  -14.4,      1,   GPS,    ALT,  -0.0,   0.6,  11.8, 3DDiff, 3704,      ,     12,  14.5,     17
2018-08-27, 17:39:05,  -04:00,  RAYMY,   42.6447525,  -71.8785934,  7000.7, 30.00,  7358.1,  16.5, 144.14, 173.20,   -7.52,   0.62,  -0.05,   0.00,   0.00,  61.5,  67.8,  27.7,  28.8,   1.6,  21.80,  25.36,    15.74,  186.22,   53.02,  30.12, 2485.5,    0.73,  323.32,  355.20,  352.15,  334.76,  334.91,  335.74, 1444.65, 1501.37, 1469.55, 1453.17, 1447.06, 1448.85, 1525.14, 1522.21,  7263.5, 166,  GPS,   67.5, 116.50, 115.60, 134.750, 121.500, -0.000,       ,  21.37, -59.9,   42.0,   67.7,  -14.4,      1,   GPS,    ALT,  -0.0,   0.6,   7.9, 3DDiff, 3704,      ,     12,  14.5,     17
2018-08-27, 17:39:06,  -04:00,  RAYMY,   42.6452332,  -71.8777161,  7001.7, 30.00,  7358.3,  16.5, 144.12, 173.16,    9.58,   0.59,  -0.08,  -0.00,  -0.01,  61.5,  67.8,  27.7,  28.8,   1.6,  21.80,  25.36,    15.69,  186.19,   52.98,  30.13, 2484.0,    0.72,  323.29,  355.20,  352.12,  334.76,  335.06,  335.74, 1445.49, 1501.42, 1468.91, 1453.68, 1446.57, 1449.12, 1526.03, 1522.17,  7263.7, 166,  GPS,   67.5, 116.50, 115.60, 134.750, 121.500, -0.000,       ,  21.28, -59.9,   42.0,   67.7,  -14.4,      1,   GPS,    ALT,  -0.0,   0.6,  11.8, 3DDiff, 3704,      ,     12,  14.5,     17
2018-08-27, 17:39:07,  -04:00,  RAYMY,   42.6457062,  -71.8768463,  7001.7, 30.00,  7358.3,  16.5, 144.15, 173.12,    7.58,   0.57,  -0.05,   0.01,  -0.01,  61.5,  67.8,  27.7,  28.8,   1.7,  21.80,  25.35,    15.80,  186.20,   53.02,  30.14, 2485.6,    0.73,  323.29,  355.17,  352.05,  334.75,  335.26,  335.76, 1445.52, 1501.05, 1469.42, 1453.95, 1446.61, 1449.12, 1525.95, 1522.25,  7263.8, 166,  GPS,   67.5, 116.50, 115.60, 134.750, 121.500, -0.000,       ,  21.18, -59.9,   41.9,   67.7,  -14.4,      1,   GPS,    ALT,  -0.0,   0.6,   0.0, 3DDiff, 3704,      ,     12,  14.5,     18
2018-08-27, 17:39:08,  -04:00,  RAYMY,   42.6461830,  -71.8759766,  7001.7, 30.00,  7357.2,  16.5, 144.19, 173.10,    4.84,   0.55,  -0.08,   0.00,   0.00,  61.5,  67.8,  27.7,  28.8,   1.6,  21.80,  25.34,    15.76,  186.20,   53.05,  30.12, 2488.0,    0.73,  323.28,  355.19,  352.02,  334.73,  335.45,  335.76, 1445.86, 1501.59, 1469.95, 1453.15, 1446.96, 1450.19, 1526.22, 1522.27,  7262.7, 166,  GPS,   67.5, 116.50, 115.60, 134.750, 121.500, -0.001,       ,  21.09, -59.9,   41.9,   67.7,  -14.4,      1,   GPS,    ALT,  -0.0,   0.6,  -7.9, 3DDiff, 3704,      ,     12,  14.5,     17
2018-08-27, 17:39:09,  -04:00,  RAYMY,   42.6466637,  -71.8751068,  7001.7, 30.00,  7356.9,  16.5, 144.22, 173.08,   -5.72,   0.58,  -0.09,  -0.00,   0.00,  61.5,  67.8,  27.7,  28.8,   1.6,  21.80,  25.33,    15.73,  186.19,   53.03,  30.15, 2485.8,    0.73,  323.28,  355.17,  351.98,  334.73,  335.66,  335.74, 1445.77, 1501.02, 1469.70, 1453.24, 1447.73, 1450.44, 1525.62, 1522.37,  7262.4, 166,  GPS,   67.5, 116.50, 115.60, 134.750, 121.500, -0.001,       ,  21.00, -59.9,   41.8,   67.7,  -14.4,      1,   GPS,    ALT,  -0.0,   0.6, -11.8, 3DDiff, 3704,      ,     12,  14.5,     17
2018-08-27, 17:39:10,  -04:00,  RAYMY,   42.6471405,  -71.8742294,  7000.7, 30.00,  7356.3,  16.5, 144.05, 173.06,  -26.13,   0.59,  -0.07,  -0.00,  -0.01,  61.5,  67.8,  27.7,  28.8,   1.6,  21.81,  25.31,    15.74,  186.19,   53.07,  30.16, 2487.9,    0.73,  323.26,  355.14,  351.92,  334.72,  335.78,  335.73, 1445.91, 1500.53, 1469.83, 1455.18, 1447.48, 1450.79, 1525.68, 1522.34,  7261.8, 166,  GPS,   67.5, 116.50, 115.60, 134.750, 121.500, -0.001,       ,  20.91, -59.9,   41.8,   67.7,  -14.4,      1,   GPS,    ALT,  -0.0,   0.6,  -7.9, 3DDiff, 3704,      ,     12,  14.5,     17
2018-08-27, 17:39:11,  -04:00,  RAYMY,   42.6476173,  -71.8733673,  7000.7, 30.00,  7356.2,  16.5, 144.19, 173.02,  -18.59,   0.65,  -0.05,   0.00,   0.00,  61.5,  67.8,  27.7,  28.8,   1.6,  21.82,  25.30,    15.84,  186.18,   53.16,  30.11, 2485.9,    0.73,  323.26,  355.15,  351.88,  334.72,  335.96,  335.73, 1444.69, 1500.75, 1469.49, 1454.67, 1447.48, 1451.11, 1525.90, 1521.58,  7261.7, 166,  GPS,   67.5, 116.50, 115.60, 134.750, 121.500, -0.001,       ,  20.82, -59.9,   41.7,   67.7,  -14.4,      1,   GPS,    ALT,  -0.0,   0.6,  -7.9, 3DDiff, 3704,      ,     12,  14.5,     17
2018-08-27, 17:39:12,  -04:00,  RAYMY,   42.6480980,  -71.8724899,  7000.7, 30.00,  7356.0,  16.5, 144.21, 172.98,  -15.44,   0.66,  -0.07,  -0.00,  -0.00,  61.5,  67.8,  27.7,  28.8,   1.6,  21.82,  25.30,    15.87,  186.15,   53.20,  30.10, 2484.9,    0.73,  323.23,  355.14,  351.82,  334.73,  336.12,  335.71, 1444.81, 1500.62, 1470.14, 1454.64, 1447.01, 1451.67, 1525.86, 1521.51,  7261.5, 166,  GPS,   67.5, 116.50, 115.60, 134.750, 121.500, -0.001,       ,  20.73, -59.9,   41.7,   67.7,  -14.4,      1,   GPS,    ALT,  -0.0,   0.6,  -3.9, 3DDiff, 3704,      ,     12,  14.5,     17
2018-08-27, 17:39:13,  -04:00,  RAYMY,   42.6485710,  -71.8716202,  7000.7, 30.00,  7355.9,  16.5, 144.18, 172.92,  -19.39,   0.69,  -0.04,  -0.00,   0.00,  61.5,  67.8,  27.7,  28.8,   1.6,  21.82,  25.30,    15.88,  186.15,   53.03,  30.16, 2484.0,    0.73,  323.23,  355.12,  351.80,  334.73,  336.24,  335.71, 1445.91, 1501.31, 1469.10, 1454.88, 1447.46, 1450.75, 1526.16, 1521.78,  7261.3, 166,  GPS,   67.5, 116.50, 115.60, 134.750, 121.500, -0.001,       ,  20.64, -59.9,   41.6,   67.7,  -14.4,      1,   GPS,    ALT,  -0.0,   0.7,  -3.9, 3DDiff, 3704,      ,     12,  14.5,     17
2018-08-27, 17:39:14,  -04:00,  RAYMY,   42.6490479,  -71.8707504,  7000.7, 30.00,  7356.1,  16.5, 144.07, 172.87,  -23.68,   0.74,  -0.05,   0.00,  -0.00,  61.6,  67.8,  27.7,  28.8,   1.6,  21.82,  25.29,    15.81,  186.15,   52.97,  30.16, 2481.2,    0.73,  323.18,  355.13,  351.75,  334.72,  336.35,  335.73, 1446.24, 1501.87, 1468.90, 1454.54, 1447.53, 1450.34, 1526.39, 1522.23,  7261.6, 166,  GPS,   67.5, 116.50, 115.60, 134.750, 121.500, -0.001,       ,  20.56, -59.9,   41.6,   67.7,  -14.4,      1,   GPS,    ALT,  -0.0,   0.7,   0.0, 3DDiff, 3704,      ,     12,  14.5,     17
2018-08-27, 17:39:15,  -04:00,  RAYMY,   42.6495247,  -71.8698807,  7000.7, 30.00,  7356.2,  16.5, 144.04, 172.79,   -0.84,   0.74,  -0.09,   0.00,  -0.00,  61.6,  67.8,  27.7,  28.8,   1.6,  21.82,  25.29,    15.70,  186.13,   52.85,  30.13, 2483.7,    0.72,  323.20,  355.13,  351.71,  334.73,  336.48,  335.72, 1445.75, 1502.52, 1469.33, 1455.29, 1447.46, 1450.45, 1526.81, 1522.70,  7261.6, 166,  GPS,   67.5, 116.50, 115.60, 134.750, 121.500, -0.001,       ,  20.40, -59.9,   41.6,   67.7,  -14.4,      1,   GPS,    ALT,  -0.0,   0.7,   3.9, 3DDiff, 3704,      ,     12,  14.5,     17
2018-08-27, 17:39:16,  -04:00,  RAYMY,   42.6500015,  -71.8690033,  6999.7, 30.00,  7356.4,  16.5, 143.97, 172.71,  -14.35,   0.78,  -0.04,  -0.00,   0.00,  61.6,  67.8,  27.7,  28.8,   1.6,  21.82,  25.28,    15.70,  186.13,   53.20,  30.11, 2484.6,    0.72,  323.20,  355.14,  351.68,  334.72,  336.58,  335.73, 1445.88, 1502.62, 1469.54, 1454.93, 1447.14, 1451.16, 1526.99, 1522.50,  7261.9, 166,  GPS,   67.5, 116.50, 115.60, 134.750, 121.500, -0.001,       ,  20.40, -59.9,   41.5,   67.7,  -14.4,      1,   GPS,    ALT,  -0.0,   0.8,   0.0, 3DDiff, 3704,      ,     12,  14.5,     17
2018-08-27, 17:39:17,  -04:00,  RAYMY,   42.6504745,  -71.8681412,  6999.7, 30.00,  7356.4,  16.5, 143.86, 172.63,  -17.91,   0.82,  -0.02,   0.01,  -0.00,  61.7,  67.8,  27.7,  28.8,   1.6,  21.82,  25.28,    15.75,  186.12,   53.15,  30.16, 2485.3,    0.73,  323.20,  355.11,  351.65,  334.73,  336.67,  335.73, 1446.05, 1503.69, 1471.93, 1454.37, 1447.32, 1451.29, 1527.33, 1523.79,  7261.9, 166,  GPS,   67.5, 116.50, 115.60, 134.750, 121.500, -0.001,       ,  20.32, -59.9,   41.5,   67.7,  -14.4,      1,   GPS,    ALT,  -0.0,   0.8,   0.0, 3DDiff, 3704,      ,     12,  14.5,     17
2018-08-27, 17:39:18,  -04:00,  RAYMY,   42.6509476,  -71.8672714,  6999.7, 30.00,  7356.6,  16.5, 143.75, 172.57,  -16.30,   0.80,  -0.03,   0.00,   0.00,  61.7,  67.9,  27.7,  28.8,   1.6,  21.81,  25.28,    15.72,  186.13,   52.63,  30.16, 2483.3,    0.72,  323.17,  355.13,  351.59,  334.73,  336.74,  335.75, 1445.43, 1502.99, 1471.28, 1453.92, 1447.36, 1450.92, 1526.84, 1523.23,  7262.1, 166,  GPS,   67.5, 116.50, 115.60, 134.750, 121.500, -0.001,       ,  20.24, -59.9,   41.4,   67.7,  -14.4,      1,   GPS,    ALT,  -0.0,   0.8,  11.8, 3DDiff, 3704,      ,     12,  14.5,     17
2018-08-27, 17:39:19,  -04:00,  RAYMY,   42.6514282,  -71.8663940,  6999.7, 30.00,  7356.9,  16.5, 143.59, 172.50,  -12.78,   0.81,  -0.08,  -0.00,  -0.00,  61.7,  67.9,  27.7,  28.8,   1.6,  21.81,  25.29,    15.74,  186.13,   53.00,  30.11, 2482.1,    0.73,  323.17,  355.13,  351.59,  334.73,  336.79,  335.76, 1445.52, 1503.06, 1472.16, 1454.70, 1447.69, 1451.07, 1526.98, 1524.10,  7262.3, 166,  GPS,   67.5, 116.50, 115.60, 134.750, 121.500, -0.001,       ,  20.16, -59.8,   41.4,   67.7,  -14.4,      1,   GPS,    ALT,  -0.1,   0.8,  15.7, 3DDiff, 3704,      ,     12,  14.5,     18
2018-08-27, 17:39:20,  -04:00,  RAYMY,   42.6519012,  -71.8655319,  7000.7, 30.00,  7357.5,  16.5, 143.43, 172.42,    2.39,   0.80,  -0.08,  -0.00,  -0.01,  61.8,  67.9,  27.7,  28.8,   1.6,  21.81,  25.29,    15.75,  186.15,   53.01,  30.12, 2487.2,    0.73,  323.14,  355.14,  351.56,  334.73,  336.86,  335.76, 1445.11, 1503.22, 1472.70, 1454.75, 1448.26, 1450.12, 1526.99, 1522.90,  7263.2, 165,  GPS,   67.5, 116.50, 115.60, 134.750, 121.500, -0.001,       ,  20.09, -59.8,   41.3,   67.7,  -14.4,      1,   GPS,    ALT,  -0.1,   0.8,  15.7, 3DDiff, 3704,      ,     12,  14.5,     17
2018-08-27, 17:39:21,  -04:00,  RAYMY,   42.6523781,  -71.8646622,  7001.7, 30.00,  7357.3,  16.5, 143.43, 172.36,   12.90,   0.85,  -0.10,   0.00,  -0.01,  61.8,  67.9,  27.7,  28.8,   1.6,  21.81,  25.29,    15.79,  186.17,   53.02,  30.14, 2486.1,    0.73,  323.17,  355.11,  351.54,  334.72,  336.89,  335.75, 1445.40, 1503.90, 1472.38, 1454.74, 1448.35, 1448.46, 1527.42, 1523.27,  7263.1, 165,  GPS,   67.5, 116.50, 115.60, 134.750, 121.500, -0.001,       ,  19.96, -59.8,   41.3,   67.7,  -14.4,      1,   GPS,    ALT,  -0.1,   0.8,   3.9, 3DDiff, 3704,      ,     12,  14.5,     17
2018-08-27, 17:39:22,  -04:00,  RAYMY,   42.6528511,  -71.8637924,  7001.7, 30.00,  7356.7,  16.5, 143.53, 172.28,   29.22,   0.83,  -0.08,   0.00,  -0.01,  61.8,  67.9,  27.7,  28.8,   1.6,  21.80,  25.30,    15.75,  186.17,   52.85,  30.12, 2487.4,    0.73,  323.14,  355.10,  351.55,  334.70,  336.91,  335.74, 1445.22, 1503.14, 1471.28, 1454.41, 1448.29, 1449.13, 1527.23, 1522.57,  7262.5, 166,  GPS,   67.5, 116.50, 115.60, 134.750, 121.500, -0.001,       ,  19.96, -59.8,   41.2,   67.7,  -14.4,      1,   GPS,    ALT,  -0.1,   0.8,  -3.9, 3DDiff, 3704,      ,     12,  14.5,     17
2018-08-27, 17:39:23,  -04:00,  RAYMY,   42.6533279,  -71.8629303,  7000.7, 30.00,  7356.4,  16.5, 143.41, 172.21,   -9.30,   0.88,  -0.13,  -0.00,  -0.00,  61.8,  67.9,  27.7,  28.8,   1.6,  21.79,  25.31,    15.79,  186.18,   53.05,  30.14, 2484.7,    0.73,  323.14,  355.10,  351.53,  334.72,  336.92,  335.74, 1445.55, 1504.26, 1470.16, 1454.66, 1448.37, 1450.07, 1528.20, 1522.10,  7262.2, 165,  GPS,   67.5, 116.50, 115.60, 134.750, 121.500, -0.001,       ,  19.89, -59.8,   41.2,   67.7,  -14.4,      1,   GPS,    ALT,  -0.1,   0.9, -11.8, 3DDiff, 3704,      ,     12,  14.5,     17
2018-08-27, 17:39:24,  -04:00,  RAYMY,   42.6537971,  -71.8620605,  7001.7, 30.00,  7355.9,  16.5, 143.47, 172.13,   -5.54,   0.92,  -0.18,   0.00,  -0.01,  61.8,  67.9,  27.7,  28.8,   1.6,  21.78,  25.32,    15.75,  186.17,   53.04,  30.14, 2485.0,    0.73,  323.14,  355.10,  351.56,  334.70,  336.94,  335.74, 1445.55, 1503.46, 1470.69, 1453.87, 1449.44, 1450.01, 1527.56, 1522.95,  7261.7, 166,  GPS,   67.5, 116.50, 115.60, 134.750, 121.500, -0.001,       ,  19.77, -59.8,   41.1,   67.7,  -14.4,      1,   GPS,    ALT,  -0.1,   0.9, -23.6, 3DDiff, 3704,      ,     12,  14.5,     17
2018-08-27, 17:39:25,  -04:00,  RAYMY,   42.6542740,  -71.8611908,  7001.7, 30.00,  7355.6,  16.5, 143.41, 172.03,   -3.00,   0.96,  -0.13,   0.00,   0.00,  61.8,  67.9,  27.7,  28.8,   1.6,  21.77,  25.32,    15.79,  186.15,   53.11,  30.13, 2487.4,    0.73,  323.13,  355.08,  351.59,  334.70,  336.95,  335.73, 1446.50, 1503.40, 1469.87, 1454.16, 1448.76, 1448.85, 1527.29, 1522.84,  7261.4, 165,  GPS,   67.5, 116.50, 115.60, 134.750, 121.500, -0.001,       ,  19.77, -59.8,   41.1,   67.8,  -14.4,      1,   GPS,    ALT,  -0.1,   0.9, -19.7, 3DDiff, 3704,      ,     12,  14.5,     18
2018-08-27, 17:39:26,  -04:00,  RAYMY,   42.6547508,  -71.8603287,  7000.7, 30.00,  7354.8,  16.5, 143.33, 171.91,  -20.71,   0.99,  -0.14,  -0.00,   0.00,  61.8,  67.9,  27.7,  28.8,   1.6,  21.77,  25.32,    15.79,  186.14,   53.29,  30.14, 2485.4,    0.73,  323.11,  355.08,  351.63,  334.69,  336.95,  335.75, 1446.20, 1504.13, 1470.08, 1453.59, 1448.50, 1448.30, 1527.43, 1523.11,  7260.6, 165,  GPS,   67.5, 116.50, 115.60, 134.750, 121.500, -0.001,       ,  19.71, -59.8,   41.0,   67.8,  -14.4,      1,   GPS,    ALT,  -0.1,   1.0, -19.7, 3DDiff, 3704,      ,     12,  14.5,     17
2018-08-27, 17:39:27,  -04:00,  RAYMY,   42.6552200,  -71.8594666,  7000.7, 30.00,  7355.0,  16.5, 143.24, 171.80,  -15.77,   1.00,  -0.18,  -0.00,  -0.00,  61.8,  67.9,  27.7,  28.8,   1.6,  21.77,  25.31,    15.70,  186.13,   53.28,  30.17, 2485.5,    0.72,  323.14,  355.05,  351.68,  334.70,  336.93,  335.76, 1447.20, 1503.84, 1470.40, 1453.26, 1447.86, 1448.55, 1527.28, 1523.69,  7260.7, 165,  GPS,   67.5, 116.50, 115.60, 134.750, 121.500, -0.001,       ,  19.65, -59.9,   41.0,   67.8,  -14.4,      1,   GPS,    ALT,  -0.1,   1.0, -19.7, 3DDiff, 3704,      ,     12,  14.5,     17
2018-08-27, 17:39:28,  -04:00,  RAYMY,   42.6556931,  -71.8585968,  7000.7, 30.00,  7355.1,  16.5, 143.27, 171.70,   -9.87,   1.00,  -0.13,   0.00,  -0.01,  61.7,  67.9,  27.7,  28.8,   1.6,  21.77,  25.31,    15.86,  186.10,   53.03,  30.15, 2485.1,    0.73,  323.11,  355.06,  351.77,  334.70,  336.92,  335.76, 1446.52, 1502.85, 1470.48, 1453.11, 1447.91, 1448.81, 1526.78, 1523.16,  7260.9, 165,  GPS,   67.5, 116.50, 115.60, 134.750, 121.500, -0.001,       ,  19.59, -59.8,   40.9,   67.8,  -14.4,      1,   GPS,    ALT,  -0.1,   1.0, -15.7, 3DDiff, 3704,      ,     12,  14.5,     17
2018-08-27, 17:39:29,  -04:00,  RAYMY,   42.6561661,  -71.8577271,  7000.7, 30.00,  7354.9,  16.5, 143.36, 171.58,   -2.65,   1.00,  -0.09,   0.00,   0.01,  61.7,  67.9,  27.7,  28.8,   1.6,  21.77,  25.31,    15.84,  186.08,   53.23,  30.14, 2486.1,    0.73,  323.11,  355.05,  351.81,  334.70,  336.92,  335.77, 1446.46, 1503.18, 1470.77, 1454.14, 1448.07, 1449.11, 1527.14, 1523.54,  7260.6, 165,  GPS,   67.5, 116.50, 115.60, 134.750, 121.500, -0.001,       ,  19.54, -59.8,   40.9,   67.8,  -14.4,      1,   GPS,    ALT,  -0.1,   1.0, -15.7, 3DDiff, 3704,      ,     12,  14.5,     17
2018-08-27, 17:39:30,  -04:00,  RAYMY,   42.6566391,  -71.8568726,  6998.7, 30.00,  7354.7,  16.5, 143.22, 171.49,  -37.30,   1.01,  -0.09,  -0.00,  -0.00,  61.7,  67.9,  27.7,  28.8,   1.6,  21.77,  25.30,    15.83,  186.08,   52.90,  30.15, 2486.7,    0.73,  323.11,  355.05,  351.87,  334.70,  336.89,  335.79, 1446.76, 1503.57, 1470.18, 1453.71, 1448.50, 1448.80, 1526.90, 1523.58,  7260.5, 165,  GPS,   67.5, 116.50, 115.60, 134.750, 121.500, -0.001,       ,  19.49, -59.8,   40.8,   67.8,  -14.4,      1,   GPS,    ALT,  -0.1,   1.0, -11.8, 3DDiff, 3704,      ,     12,  14.5,     17
2018-08-27, 17:39:31,  -04:00,  RAYMY,   42.6571121,  -71.8560028,  6999.7, 30.00,  7354.7,  16.5, 143.18, 171.37,  -38.36,   1.02,  -0.07,   0.00,  -0.00,  61.7,  67.9,  27.7,  28.8,   1.6,  21.78,  25.30,    15.79,  186.07,   53.12,  30.16, 2489.0,    0.73,  323.11,  355.05,  351.93,  334.70,  336.87,  335.80, 1446.96, 1503.06, 1470.36, 1454.12, 1448.26, 1449.42, 1526.57, 1523.70,  7260.4, 165,  GPS,   67.5, 116.50, 115.60, 134.750, 121.500, -0.001,       ,  19.44, -59.8,   40.8,   67.8,  -14.4,      1,   GPS,    ALT,  -0.1,   1.0,  -7.9, 3DDiff, 3704,      ,     12,  14.5,     17
2018-08-27, 17:39:32,  -04:00,  RAYMY,   42.6575851,  -71.8551407,  6999.7, 30.00,  7355.2,  16.5, 143.17, 171.27,  -16.54,   1.01,  -0.12,   0.00,   0.01,  61.7,  67.9,  27.7,  28.8,   1.6,  21.78,  25.29,    15.76,  186.07,   53.04,  30.13, 2485.2,    0.73,  323.10,  355.05,  352.02,  334.70,  336.86,  335.79, 1447.19, 1502.43, 1470.79, 1453.94, 1448.76, 1448.98, 1526.42, 1524.05,  7261.0, 165,  GPS,   67.5, 116.50, 115.60, 134.750, 121.500, -0.001,       ,  19.40, -59.8,   40.7,   67.8,  -14.4,      1,   GPS,    ALT,  -0.1,   1.0,   0.0, 3DDiff, 3704,      ,     12,  14.5,     17
2018-08-27, 17:39:33,  -04:00,  RAYMY,   42.6580544,  -71.8542709,  6999.7, 30.00,  7355.2,  16.5, 143.18, 171.14,   -6.30,   1.02,  -0.13,  -0.00,   0.00,  61.7,  67.9,  27.7,  28.8,   1.6,  21.78,  25.29,    15.75,  186.06,   53.10,  30.16, 2487.1,    0.73,  323.11,  355.05,  352.08,  334.70,  336.83,  335.82, 1447.27, 1502.62, 1470.63, 1455.23, 1449.13, 1449.40, 1527.30, 1524.54,  7261.0, 165,  GPS,   67.5, 116.50, 115.60, 134.750, 121.500, -0.001,       ,  19.36, -59.7,   40.7,   67.8,  -14.4,      1,   GPS,    ALT,  -0.1,   1.0,   7.9, 3DDiff, 3704,      ,     12,  14.5,     17
2018-08-27, 17:39:34,  -04:00,  RAYMY,   42.6585274,  -71.8534164,  6999.7, 30.00,  7355.0,  16.5, 142.93, 171.04,   -9.56,   1.03,  -0.13,   0.00,  -0.00,  61.6,  67.9,  27.7,  28.8,   1.6,  21.78,  25.29,    15.81,  186.06,   53.36,  30.17, 2485.3,    0.73,  323.08,  355.05,  352.14,  334.72,  336.84,  335.80, 1446.38, 1502.44, 1471.13, 1455.46, 1448.98, 1448.54, 1527.03, 1524.47,  7260.8, 165,  GPS,   67.5, 116.50, 115.60, 134.750, 121.500, -0.001,       ,  19.32, -59.7,   40.6,   67.8,  -14.4,      1,   GPS,    ALT,  -0.1,   1.0,  11.8, 3DDiff, 3704,      ,     12,  14.5,     17
2018-08-27, 17:39:35,  -04:00,  RAYMY,   42.6590004,  -71.8525543,  6999.7, 30.00,  7355.3,  16.2, 142.91, 170.92,   -3.78,   1.02,  -0.14,   0.00,  -0.00,  61.6,  67.9,  27.7,  28.8,   1.6,  21.77,  25.30,    15.81,  186.05,   53.09,  30.16, 2483.4,    0.73,  323.08,  355.04,  352.20,  334.73,  336.83,  335.82, 1446.60, 1502.55, 1471.37, 1455.25, 1448.73, 1448.39, 1526.85, 1524.17,  7261.1, 165,  GPS,   67.5, 116.50, 115.60, 134.750, 121.500, -0.001,       ,  19.28, -59.6,   40.6,   67.8,  -14.4,      1,   GPS,    ALT,  -0.1,   1.0,  11.8, 3DDiff, 3704,      ,     12,  14.5,     17
2018-08-27, 17:39:36,  -04:00,  RAYMY,   42.6594696,  -71.8516922,  6999.7, 30.00,  7355.6,  16.2, 142.75, 170.83,    0.07,   0.98,  -0.14,   0.00,   0.00,  61.6,  67.9,  27.7,  28.8,   1.6,  21.77,  25.30,    15.87,  186.07,   53.01,  30.14, 2484.7,    0.73,  323.08,  355.05,  352.27,  334.73,  336.80,  335.83, 1445.74, 1502.34, 1471.75, 1456.80, 1449.19, 1449.85, 1527.80, 1523.32,  7261.4, 165,  GPS,   67.5, 116.50, 115.60, 134.750, 121.500, -0.001,       ,  19.25, -59.6,   40.5,   67.8,  -14.4,      1,   GPS,    ALT,  -0.1,   1.0,  15.7, 3DDiff, 3704,      ,     12,  14.5,     17
2018-08-27, 17:39:37,  -04:00,  RAYMY,   42.6599426,  -71.8508301,  7000.7, 30.00,  7355.7,  16.2, 142.70, 170.75,    0.02,   0.97,  -0.13,  -0.00,   0.00,  61.5,  67.9,  27.7,  28.8,   1.6,  21.76,  25.29,    15.84,  186.07,   53.21,  30.15, 2486.1,    0.73,  323.10,  355.05,  352.33,  334.75,  336.80,  335.87, 1445.04, 1502.53, 1471.29, 1456.89, 1448.30, 1450.12, 1528.11, 1522.90,  7261.4, 165,  GPS,   67.5, 116.50, 115.60, 134.750, 121.500, -0.001,       ,  19.22, -59.5,   40.5,   67.8,  -14.4,      1,   GPS,    ALT,  -0.1,   1.0,   7.9, 3DDiff, 3704,      ,     12,  14.5,     17
2018-08-27, 17:39:38,  -04:00,  RAYMY,   42.6604118,  -71.8499680,  6999.7, 30.00,  7355.2,  16.2, 142.47, 170.67,   -0.34,   0.91,  -0.12,   0.00,  -0.01,  61.5,  67.9,  27.7,  28.8,   1.6,  21.76,  25.29,    15.77,  186.06,   53.21,  30.14, 2484.4,    0.73,  323.07,  355.02,  352.41,  334.75,  336.80,  335.86, 1445.37, 1503.23, 1471.77, 1456.05, 1447.59, 1451.71, 1528.62, 1523.22,  7261.0, 164,  GPS,   67.5, 116.50, 115.60, 134.750, 121.500, -0.001,       ,  19.20, -59.4,   40.5,   67.8,  -14.4,      1,   GPS,    ALT,  -0.1,   1.0,   3.9, 3DDiff, 3704,      ,     12,  14.5,     17
2018-08-27, 17:39:39,  -04:00,  RAYMY,   42.6608772,  -71.8491135,  7000.7, 30.00,  7355.3,  16.2, 142.47, 170.59,   -3.08,   0.92,  -0.16,   0.00,   0.01,  61.4,  67.8,  27.7,  28.8,   1.6,  21.76,  25.28,    15.73,  186.06,   53.41,  30.14, 2484.3,    0.73,  323.07,  355.05,  352.47,  334.76,  336.77,  335.89, 1444.91, 1504.37, 1472.06, 1455.86, 1448.85, 1451.45, 1528.78, 1523.63,  7261.1, 164,  GPS,   67.5, 116.50, 115.60, 134.750, 121.500, -0.002,       ,  19.18, -59.4,   40.4,   67.8,  -14.4,      1,   GPS,    ALT,  -0.1,   0.9,   0.0, 3DDiff, 3704,      ,     12,  14.5,     17
2018-08-27, 17:39:40,  -04:00,  RAYMY,   42.6613503,  -71.8482590,  7000.7, 30.00,  7355.7,  16.2, 142.28, 170.55,    9.38,   0.87,  -0.14,  -0.00,  -0.01,  61.4,  67.8,  27.7,  28.8,   1.6,  21.77,  25.28,    15.76,  186.07,   53.44,  30.13, 2485.7,    0.73,  323.08,  355.05,  352.54,  334.78,  336.77,  335.92, 1445.33, 1503.51, 1472.18, 1455.72, 1448.91, 1450.32, 1527.81, 1523.72,  7261.4, 164,  GPS,   67.5, 116.50, 115.60, 134.750, 121.500, -0.001,       ,  19.17, -59.3,   40.4,   67.8,  -14.4,      1,   GPS,    ALT,  -0.1,   0.9,   7.9, 3DDiff, 3704,      ,     12,  14.5,     16
2018-08-27, 17:39:41,  -04:00,  RAYMY,   42.6618195,  -71.8473969,  7000.7, 30.00,  7355.6,  16.2, 142.15, 170.51,   -3.43,   0.88,  -0.12,  -0.00,  -0.01,  61.4,  67.8,  27.7,  28.8,   1.6,  21.78,  25.27,    15.86,  186.06,   53.37,  30.17, 2486.6,    0.73,  323.07,  355.05,  352.60,  334.79,  336.74,  335.94, 1445.71, 1503.79, 1472.06, 1456.73, 1448.21, 1450.86, 1528.38, 1523.91,  7261.3, 164,  GPS,   67.5, 116.50, 115.60, 134.750, 121.500, -0.001,       ,  19.16, -59.2,   40.3,   67.8,  -14.4,      1,   GPS,    ALT,  -0.1,   0.9,   0.0, 3DDiff, 3704,      ,     12,  14.5,     17
2018-08-27, 17:39:42,  -04:00,  RAYMY,   42.6622925,  -71.8465424,  6999.7, 30.00,  7355.5,  16.2, 142.01, 170.49,   -8.81,   0.86,  -0.11,   0.00,  -0.00,  61.4,  67.8,  27.7,  28.8,   1.6,  21.78,  25.27,    15.91,  186.07,   53.06,  30.19, 2484.8,    0.73,  323.07,  355.05,  352.69,  334.82,  336.69,  335.94, 1447.03, 1504.28, 1472.67, 1456.50, 1450.02, 1450.94, 1528.62, 1525.18,  7261.3, 164,  GPS,   67.5, 116.50, 115.60, 134.750, 121.500, -0.001,       ,  19.15, -59.1,   40.3,   67.8,  -14.4,      1,   GPS,    ALT,  -0.1,   0.9,  -3.9, 3DDiff, 3704,      ,     12,  14.5,     17
2018-08-27, 17:39:43,  -04:00,  RAYMY,   42.6627617,  -71.8456802,  6999.7, 30.00,  7355.6,  16.2, 142.12, 170.48,  -14.56,   0.91,  -0.10,   0.00,   0.01,  61.4,  67.8,  27.7,  28.8,   1.6,  21.80,  25.26,    15.85,  186.05,   52.97,  30.17, 2482.9,    0.73,  323.07,  355.05,  352.75,  334.82,  336.67,  335.96, 1447.04, 1503.69, 1472.88, 1456.84, 1451.19, 1450.67, 1528.39, 1525.69,  7261.4, 164,  GPS,   67.5, 116.50, 115.60, 134.750, 121.500, -0.001,       ,  19.16, -59.1,   40.2,   67.8,  -14.4,      1,   GPS,    ALT,  -0.1,   0.9,  -3.9, 3DDiff, 3704,      ,     12,  14.5,     17
2018-08-27, 17:39:44,  -04:00,  RAYMY,   42.6632309,  -71.8448181,  7000.7, 30.00,  7356.4,  16.2, 142.13, 170.46,   -5.88,   0.88,  -0.07,  -0.00,  -0.00,  61.3,  67.8,  27.7,  28.8,   1.6,  21.81,  25.25,    15.81,  186.05,   52.95,  30.17, 2483.4,    0.73,  323.07,  355.05,  352.81,  334.85,  336.65,  335.97, 1447.32, 1504.07, 1471.98, 1456.42, 1451.49, 1450.88, 1528.25, 1525.01,  7262.1, 164,  GPS,   67.5, 116.50, 115.60, 134.750, 121.500, -0.002,       ,  19.16, -59.0,   40.2,   67.8,  -14.4,      1,   GPS,    ALT,  -0.1,   0.9,   7.9, 3DDiff, 3704,      ,     12,  14.5,     17
2018-08-27, 17:39:45,  -04:00,  RAYMY,   42.6637001,  -71.8439636,  7001.7, 30.00,  7356.6,  16.2, 142.12, 170.44,   24.08,   0.82,  -0.07,   0.00,  -0.02,  61.3,  67.8,  27.7,  28.8,   1.6,  21.81,  25.24,    15.78,  186.08,   53.02,  30.18, 2484.9,    0.73,  323.07,  355.05,  352.85,  334.87,  336.62,  335.95, 1447.61, 1504.88, 1471.80, 1455.82, 1452.09, 1451.95, 1528.93, 1525.27,  7262.4, 164,  GPS,   67.5, 116.50, 115.60, 134.750, 121.500, -0.002,       ,  19.17, -59.0,   40.1,   67.8,  -14.4,      1,   GPS,    ALT,  -0.1,   0.9,   7.9, 3DDiff, 3704,      ,     12,  14.5,     16
2018-08-27, 17:39:46,  -04:00,  RAYMY,   42.6641769,  -71.8431091,  7001.7, 30.00,  7356.1,  16.2, 141.94, 170.44,   12.39,   0.78,  -0.07,   0.00,  -0.00,  61.3,  67.8,  27.7,  28.8,   1.6,  21.81,  25.23,    15.77,  186.10,   53.18,  30.16, 2485.6,    0.73,  323.05,  355.07,  352.90,  334.85,  336.58,  335.96, 1448.09, 1504.52, 1471.28, 1455.11, 1453.00, 1452.27, 1528.89, 1525.30,  7261.9, 164,  GPS,   67.5, 116.50, 115.60, 134.750, 121.500, -0.001,       ,  19.19, -58.9,   40.1,   67.8,  -14.4,      1,   GPS,    ALT,  -0.1,   0.8,  -7.9, 3DDiff, 3704,      ,     12,  14.5,     16
2018-08-27, 17:39:47,  -04:00,  RAYMY,   42.6646423,  -71.8422470,  7000.7, 30.00,  7355.6,  16.2, 141.95, 170.46,   -9.88,   0.82,  -0.07,  -0.00,   0.01,  61.3,  67.8,  27.7,  28.8,   1.6,  21.81,  25.24,    15.86,  186.10,   53.15,  30.17, 2484.3,    0.73,  323.07,  355.08,  352.93,  334.87,  336.55,  335.97, 1447.57, 1504.92, 1472.05, 1455.07, 1452.58, 1451.88, 1528.89, 1526.06,  7261.4, 164,  GPS,   67.5, 116.50, 115.60, 134.750, 121.500, -0.001,       ,  19.21, -58.9,   40.0,   67.8,  -14.4,      1,   GPS,    ALT,  -0.1,   0.8, -27.6, 3DDiff, 3704,      ,     12,  14.5,     17
2018-08-27, 17:39:48,  -04:00,  RAYMY,   42.6651154,  -71.8413849,  7000.7, 30.00,  7355.4,  16.2, 142.02, 170.49,  -15.85,   0.83,  -0.05,  -0.00,   0.00,  61.3,  67.8,  27.7,  28.8,   1.6,  21.81,  25.24,    15.83,  186.12,   52.93,  30.13, 2485.7,    0.73,  323.04,  355.08,  352.94,  334.89,  336.52,  335.94, 1446.72, 1503.77, 1471.82, 1455.87, 1452.71, 1451.88, 1528.94, 1524.79,  7261.2, 164,  GPS,   67.5, 116.50, 115.60, 134.750, 121.500, -0.002,       ,  19.23, -58.9,   40.0,   67.8,  -14.4,      1,   GPS,    ALT,  -0.1,   0.8, -15.7, 3DDiff, 3704,      ,     12,  14.5,     17
2018-08-27, 17:39:49,  -04:00,  RAYMY,   42.6655884,  -71.8405228,  6999.7, 30.00,  7355.5,  16.2, 142.00, 170.49,  -26.93,   0.85,  -0.04,   0.00,   0.00,  61.3,  67.8,  27.7,  28.8,   1.6,  21.80,  25.25,    15.79,  186.13,   53.08,  30.15, 2483.7,    0.73,  323.04,  355.08,  352.97,  334.89,  336.48,  335.94, 1446.87, 1503.32, 1471.28, 1456.74, 1452.31, 1450.78, 1528.66, 1524.82,  7261.2, 164,  GPS,   67.5, 116.50, 115.60, 134.750, 121.500, -0.002,       ,  19.26, -58.8,   39.9,   67.8,  -14.4,      1,   GPS,    ALT,  -0.1,   0.8,   0.0, 3DDiff, 3704,      ,     12,  14.5,     17
2018-08-27, 17:39:50,  -04:00,  RAYMY,   42.6660538,  -71.8396683,  7000.7, 30.00,  7355.2,  16.2, 142.16, 170.49,  -20.12,   0.87,  -0.01,  -0.00,   0.01,  61.3,  67.8,  27.7,  28.8,   1.6,  21.80,  25.25,    15.76,  186.13,   53.07,  30.14, 2483.7,    0.73,  323.04,  355.08,  353.00,  334.91,  336.46,  335.95, 1445.65, 1503.82, 1471.85, 1457.99, 1452.10, 1451.36, 1528.95, 1523.61,  7260.9, 164,  GPS,   67.5, 116.50, 115.60, 134.750, 121.500, -0.001,       ,  19.29, -58.8,   39.9,   67.8,  -14.4,      1,   GPS,    ALT,  -0.0,   0.8,  11.8, 3DDiff, 3704,      ,     12,  14.5,     17
2018-08-27, 17:39:51,  -04:00,  RAYMY,   42.6665268,  -71.8388138,  7000.7, 30.00,  7355.6,  16.2, 142.14, 170.49,  -11.31,   0.85,  -0.05,   0.00,   0.00,  61.3,  67.8,  27.7,  28.8,   1.6,  21.79,  25.26,    15.82,  186.14,   53.18,  30.17, 2486.4,    0.73,  323.04,  355.10,  353.00,  334.91,  336.46,  335.95, 1445.71, 1503.99, 1471.81, 1458.03, 1451.38, 1452.25, 1528.93, 1523.92,  7261.4, 164,  GPS,   67.5, 116.50, 115.60, 134.750, 121.500, -0.001,       ,  19.32, -58.8,   39.8,   67.8,  -14.4,      1,   GPS,    ALT,  -0.0,   0.8,  19.7, 3DDiff, 3704,      ,     12,  14.5,     16
2018-08-27, 17:39:52,  -04:00,  RAYMY,   42.6669922,  -71.8379517,  7001.7, 30.00,  7356.2,  16.2, 142.23, 170.49,    7.79,   0.78,  -0.04,   0.01,  -0.01,  61.3,  67.8,  27.7,  28.8,   1.6,  21.78,  25.26,    15.85,  186.14,   53.16,  30.17, 2484.4,    0.73,  323.04,  355.11,  353.00,  334.93,  336.41,  335.95, 1445.78, 1504.31, 1472.29, 1457.36, 1451.37, 1451.78, 1528.41, 1524.03,  7261.9, 164,  GPS,   67.5, 116.50, 115.60, 134.750, 121.500, -0.001,       ,  19.35, -58.8,   39.8,   67.8,  -14.4,      1,   GPS,    ALT,  -0.0,   0.8,  27.6, 3DDiff, 3704,      ,     12,  14.5,     16
2018-08-27, 17:39:53,  -04:00,  RAYMY,   42.6674652,  -71.8370972,  7001.7, 30.00,  7356.6,  16.2, 142.43, 170.49,   12.15,   0.78,  -0.08,   0.00,   0.00,  61.4,  67.9,  27.7,  28.8,   1.6,  21.78,  25.26,    15.80,  186.13,   53.09,  30.16, 2486.2,    0.73,  323.02,  355.13,  353.03,  334.94,  336.40,  335.97, 1446.10, 1503.60, 1472.21, 1456.46, 1450.50, 1452.09, 1527.99, 1524.02,  7262.4, 164,  GPS,   67.5, 116.50, 115.60, 134.750, 121.500, -0.001,       ,  19.39, -58.8,   39.7,   67.8,  -14.4,      1,   GPS,    ALT,  -0.1,   0.8,  27.6, 3DDiff, 3704,      ,     12,  14.5,     17
2018-08-27, 17:39:54,  -04:00,  RAYMY,   42.6679344,  -71.8362350,  7002.7, 30.00,  7357.1,  16.2, 142.58, 170.49,   23.72,   0.69,  -0.10,  -0.00,  -0.00,  61.4,  67.9,  27.7,  28.8,   1.6,  21.77,  25.26,    15.79,  186.13,   53.22,  30.14, 2485.9,    0.73,  323.04,  355.14,  353.04,  334.94,  336.38,  335.94, 1446.09, 1503.18, 1472.10, 1455.97, 1450.00, 1451.35, 1527.99, 1523.75,  7262.9, 164,  GPS,   67.5, 116.50, 115.60, 134.750, 121.500, -0.002,       ,  19.42, -58.8,   39.7,   67.8,  -14.4,      1,   GPS,    ALT,  -0.1,   0.7,  31.5, 3DDiff, 3704,      ,     12,  14.5,     17
2018-08-27, 17:39:55,  -04:00,  RAYMY,   42.6684036,  -71.8353729,  7002.7, 30.00,  7357.4,  16.2, 142.58, 170.51,   14.06,   0.60,  -0.09,   0.00,  -0.01,  61.4,  67.9,  27.7,  28.8,   1.6,  21.76,  25.26,    15.71,  186.13,   52.97,  30.15, 2486.1,    0.72,  323.02,  355.14,  353.06,  334.94,  336.37,  335.94, 1445.43, 1502.93, 1472.23, 1456.29, 1449.52, 1450.36, 1528.12, 1523.46,  7263.2, 164,  GPS,   67.5, 116.50, 115.60, 134.750, 121.500, -0.002,       ,  19.46, -58.8,   39.6,   67.8,  -14.4,      1,   GPS,    ALT,  -0.1,   0.6,  23.6, 3DDiff, 3704,      ,     12,  14.5,     17
2018-08-27, 17:39:56,  -04:00,  RAYMY,   42.6688766,  -71.8345108,  7002.7, 30.00,  7358.2,  16.2, 142.73, 170.57,    6.75,   0.56,  -0.09,   0.00,   0.00,  61.4,  67.9,  27.7,  28.8,   1.6,  21.75,  25.27,    15.72,  186.12,   53.05,  30.14, 2485.7,    0.73,  323.04,  355.16,  353.07,  334.97,  336.34,  335.92, 1446.59, 1503.08, 1472.18, 1456.46, 1448.62, 1449.15, 1528.20, 1523.92,  7263.9, 165,  GPS,   67.5, 116.50, 115.60, 134.750, 121.500, -0.002,       ,  19.49, -58.7,   39.6,   67.8,  -14.4,      1,   GPS,    ALT,  -0.1,   0.6,  11.8, 3DDiff, 3704,      ,     12,  14.5,     17
2018-08-27, 17:39:57,  -04:00,  RAYMY,   42.6693420,  -71.8336563,  7003.7, 30.00,  7358.4,  16.2, 142.97, 170.61,   10.99,   0.52,  -0.13,  -0.00,  -0.00,  61.4,  67.9,  27.7,  28.8,   1.6,  21.74,  25.28,    15.79,  186.13,   52.99,  30.14, 2485.0,    0.73,  323.01,  355.17,  353.09,  334.97,  336.33,  335.96, 1446.92, 1503.47, 1472.26, 1456.32, 1447.60, 1448.54, 1527.95, 1523.94,  7264.1, 165,  GPS,   67.5, 116.50, 115.60, 134.750, 121.500, -0.002,       ,  19.53, -58.7,   39.6,   67.8,  -14.4,      1,   GPS,    ALT,  -0.1,   0.6,  11.8, 3DDiff, 3704,      ,     12,  14.5,     16
2018-08-27, 17:39:58,  -04:00,  RAYMY,   42.6698151,  -71.8327942,  7004.7, 30.00,  7358.4,  16.2, 143.18, 170.69,   32.26,   0.40,  -0.13,  -0.01,  -0.01,  61.4,  67.9,  27.7,  28.8,   1.6,  21.72,  25.28,    15.84,  186.10,   53.04,  30.15, 2487.1,    0.73,  323.04,  355.17,  353.11,  335.00,  336.29,  335.94, 1447.11, 1503.96, 1471.71, 1455.67, 1447.04, 1448.24, 1527.96, 1523.49,  7264.2, 165,  GPS,   67.5, 116.50, 115.60, 134.750, 121.500, -0.002,       ,  19.56, -58.6,   39.5,   67.8,  -14.4,      1,   GPS,    ALT,  -0.1,   0.5,  15.7, 3DDiff, 3704,      ,     12,  14.5,     16
2018-08-27, 17:39:59,  -04:00,  RAYMY,   42.6702843,  -71.8319321,  7003.7, 30.00,  7358.4,  16.2, 143.15, 170.77,    0.78,   0.34,  -0.18,   0.00,  -0.01,  61.4,  67.9,  27.7,  28.8,   1.6,  21.71,  25.28,    15.82,  186.10,   53.29,  30.15, 2487.6,    0.73,  323.04,  355.20,  353.12,  335.00,  336.30,  335.97, 1446.64, 1504.56, 1471.02, 1456.26, 1446.11, 1447.98, 1527.67, 1522.83,  7264.2, 165,  GPS,   67.5, 116.50, 115.60, 134.750, 121.500, -0.002,       ,  19.59, -58.6,   39.5,   67.8,  -14.4,      1,   GPS,    ALT,  -0.1,   0.4,   3.9, 3DDiff, 3704,      ,     12,  14.5,     17
2018-08-27, 17:40:00,  -04:00,  RAYMY,   42.6707573,  -71.8310623,  7003.7, 30.00,  7358.3,  16.2, 143.40, 170.86,   -7.96,   0.31,  -0.16,   0.00,   0.01,  61.5,  67.8,  27.7,  28.8,   1.6,  21.71,  25.28,    15.84,  186.09,   53.14,  30.16, 2484.7,    0.73,  323.04,  355.20,  353.10,  335.02,  336.28,  336.01, 1446.07, 1504.65, 1471.44, 1457.18, 1446.32, 1447.72, 1528.25, 1522.92,  7264.0, 165,  GPS,   67.5, 116.50, 115.60, 134.750, 121.500, -0.002,       ,  19.62, -58.5,   39.4,   67.8,  -14.4,      1,   GPS,    ALT,  -0.1,   0.3,  -3.9, 3DDiff, 3704,      ,     12,  14.5,     17
2018-08-27, 17:40:01,  -04:00,  RAYMY,   42.6712265,  -71.8302078,  7004.7, 30.00,  7358.2,  16.2, 143.71, 170.98,    3.33,   0.26,  -0.14,  -0.01,   0.00,  61.5,  67.8,  27.7,  28.8,   1.6,  21.70,  25.29,    15.79,  186.08,   53.34,  30.20, 2486.5,    0.73,  323.02,  355.20,  353.12,  335.01,  336.25,  336.03, 1446.48, 1506.99, 1471.14, 1457.21, 1446.83, 1448.00, 1529.49, 1523.29,  7264.0, 166,  GPS,   67.5, 116.50, 115.60, 134.750, 121.500, -0.002,       ,  19.64, -58.4,   39.4,   67.8,  -14.4,      1,   GPS,    ALT,  -0.1,   0.3,  -3.9, 3DDiff, 3704,      ,     12,  14.5,     17
2018-08-27, 17:40:02,  -04:00,  RAYMY,   42.6716995,  -71.8293457,  7005.7, 30.00,  7357.6,  16.2, 143.96, 171.10,   28.59,   0.10,  -0.12,   0.00,  -0.02,  61.5,  67.8,  27.7,  28.8,   1.6,  21.69,  25.29,    15.77,  186.07,   53.22,  30.20, 2486.0,    0.73,  323.04,  355.21,  353.12,  335.05,  336.25,  336.04, 1446.20, 1506.21, 1470.41, 1456.22, 1446.31, 1448.09, 1529.05, 1522.87,  7263.4, 166,  GPS,   67.5, 116.50, 115.60, 134.750, 121.500, -0.002,       ,  19.65, -58.3,   39.3,   67.8,  -14.4,      1,   GPS,    ALT,  -0.1,   0.2,   0.0, 3DDiff, 3704,      ,     12,  14.5,     17
2018-08-27, 17:40:03,  -04:00,  RAYMY,   42.6721764,  -71.8284836,  7003.7, 30.00,  7357.4,  16.2, 143.91, 171.23,  -22.02,   0.08,  -0.04,   0.00,   0.00,  61.4,  67.8,  27.7,  28.8,   1.6,  21.67,  25.30,    15.82,  186.06,   53.14,  30.18, 2486.2,    0.73,  323.05,  355.26,  353.11,  335.06,  336.19,  336.04, 1446.11, 1505.04, 1470.50, 1455.84, 1445.86, 1447.55, 1527.97, 1522.68,  7263.1, 166,  GPS,   67.5, 116.50, 115.60, 134.750, 121.500, -0.002,       ,  19.66, -58.2,   39.3,   67.8,  -14.4,      1,   GPS,    ALT,  -0.1,   0.1, -19.7, 3DDiff, 3704,      ,     12,  14.5,     16
2018-08-27, 17:40:04,  -04:00,  RAYMY,   42.6726494,  -71.8276215,  7003.7, 30.00,  7357.2,  16.2, 143.98, 171.39,  -34.39,   0.09,  -0.09,  -0.00,   0.00,  61.5,  67.8,  27.7,  28.8,   1.6,  21.65,  25.31,    15.93,  186.05,   53.01,  30.13, 2487.9,    0.73,  323.04,  355.23,  353.09,  335.06,  336.19,  336.04, 1445.84, 1504.05, 1471.39, 1455.77, 1446.29, 1447.52, 1527.17, 1522.98,  7263.0, 166,  GPS,   67.5, 116.50, 115.60, 134.750, 121.500, -0.002,       ,  19.67, -58.1,   39.2,   67.8,  -14.4,      1,   GPS,    ALT,  -0.1,   0.1, -23.6, 3DDiff, 3704,      ,     12,  14.5,     16
2018-08-27, 17:40:05,  -04:00,  RAYMY,   42.6731186,  -71.8267517,  7003.7, 30.00,  7356.9,  16.2, 144.22, 171.54,  -16.10,   0.08,  -0.05,  -0.00,  -0.00,  61.5,  67.8,  27.7,  28.8,   1.6,  21.65,  25.31,    15.88,  186.02,   53.19,  30.20, 2488.0,    0.73,  323.04,  355.25,  353.07,  335.09,  336.16,  336.04, 1446.44, 1504.80, 1472.26, 1456.72, 1447.74, 1449.42, 1528.17, 1524.51,  7262.7, 166,  GPS,   67.5, 116.50, 115.60, 134.750, 121.500, -0.002,       ,  19.67, -57.9,   39.2,   67.8,  -14.4,      1,   GPS,    ALT,  -0.1,   0.1, -11.8, 3DDiff, 3704,      ,     12,  14.5,     17
2018-08-27, 17:40:06,  -04:00,  RAYMY,   42.6735954,  -71.8258896,  7003.7, 30.00,  7356.8,  16.2, 144.31, 171.70,  -20.83,   0.03,  -0.07,   0.00,  -0.01,  61.5,  67.8,  27.7,  28.8,   1.6,  21.64,  25.30,    15.90,  186.01,   53.19,  30.25, 2486.9,    0.73,  323.04,  355.26,  353.04,  335.12,  336.16,  336.04, 1446.62, 1503.64, 1472.71, 1457.52, 1448.68, 1449.84, 1528.60, 1525.59,  7262.5, 166,  GPS,   67.5, 116.50, 115.60, 134.750, 121.500, -0.002,       ,  19.67, -57.8,   39.1,   67.8,  -14.4,      1,   GPS,    ALT,  -0.1,   0.1,  -7.9, 3DDiff, 3704,      ,     12,  14.5,     17
2018-08-27, 17:40:07,  -04:00,  RAYMY,   42.6740685,  -71.8250275,  7003.7, 30.00,  7356.6,  16.2, 144.43, 171.87,   -7.21,  -0.01,  -0.12,   0.00,  -0.00,  61.5,  67.8,  27.7,  28.8,   1.6,  21.64,  25.31,    15.79,  185.99,   53.17,  30.23, 2488.2,    0.73,  323.05,  355.26,  353.05,  335.12,  336.15,  336.04, 1447.01, 1503.47, 1472.98, 1457.50, 1449.55, 1449.97, 1528.57, 1525.71,  7262.3, 167,  GPS,   67.5, 116.50, 115.60, 134.750, 121.500, -0.002,       ,  19.67, -57.7,   39.1,   67.8,  -14.4,      1,   GPS,    ALT,  -0.1,   0.0, -11.8, 3DDiff, 3704,      ,     12,  14.5,     18
2018-08-27, 17:40:08,  -04:00,  RAYMY,   42.6745415,  -71.8241501,  7003.7, 30.00,  7356.9,  16.2, 144.54, 172.05,  -15.38,  -0.01,  -0.15,  -0.01,   0.00,  61.5,  67.8,  27.7,  28.8,   1.6,  21.63,  25.30,    15.82,  185.98,   53.13,  30.23, 2487.6,    0.73,  323.05,  355.24,  353.00,  335.14,  336.13,  336.06, 1447.11, 1504.25, 1472.92, 1456.67, 1449.47, 1448.76, 1528.62, 1525.12,  7262.7, 167,  GPS,   67.5, 116.50, 115.60, 134.750, 121.500, -0.002,       ,  19.66, -57.6,   39.0,   67.8,  -14.4,      1,   GPS,    ALT,  -0.1,  -0.0, -15.7, 3DDiff, 3704,      ,     12,  14.5,     17
2018-08-27, 17:40:09,  -04:00,  RAYMY,   42.6750145,  -71.8232880,  7002.7, 30.00,  7356.4,  16.0, 144.63, 172.21,  -36.93,   0.01,  -0.11,  -0.00,   0.00,  61.5,  67.8,  27.7,  28.8,   1.6,  21.64,  25.28,    15.81,  185.95,   52.97,  30.22, 2487.9,    0.73,  323.07,  355.26,  352.97,  335.16,  336.10,  336.07, 1447.25, 1504.67, 1472.20, 1456.16, 1448.14, 1448.72, 1528.46, 1524.41,  7262.1, 167,  GPS,   67.5, 116.50, 115.60, 134.750, 121.500, -0.002,       ,  19.65, -57.4,   39.0,   67.8,  -14.4,      1,   GPS,    ALT,  -0.1,  -0.0, -15.7, 3DDiff, 3704,      ,     12,  14.5,     17
2018-08-27, 17:40:10,  -04:00,  RAYMY,   42.6754951,  -71.8224182,  7002.7, 30.00,  7355.5,  16.0, 144.76, 172.36,  -27.63,   0.04,  -0.07,   0.01,  -0.00,  61.5,  67.8,  27.7,  28.8,   1.6,  21.64,  25.27,    15.79,  185.93,   53.28,  30.24, 2487.6,    0.73,  323.07,  355.26,  352.94,  335.18,  336.07,  336.07, 1447.12, 1504.46, 1471.80, 1455.91, 1447.87, 1449.82, 1528.00, 1524.06,  7261.3, 167,  GPS,   67.5, 116.50, 115.60, 134.750, 121.500, -0.002,       ,  19.64, -57.3,   38.9,   67.8,  -14.4,      1,   GPS,    ALT,  -0.1,   0.0, -11.8, 3DDiff, 3704,      ,     12,  14.5,     17
2018-08-27, 17:40:11,  -04:00,  RAYMY,   42.6759682,  -71.8215485,  7003.7, 30.00,  7355.5,  16.0, 144.93, 172.52,   -4.29,  -0.01,  -0.08,   0.00,   0.00,  61.6,  67.8,  27.7,  28.8,   1.6,  21.64,  25.26,    15.87,  185.91,   53.03,  30.26, 2487.4,    0.73,  323.07,  355.29,  352.91,  335.20,  336.07,  336.07, 1448.38, 1504.90, 1471.54, 1456.57, 1448.37, 1450.17, 1528.70, 1524.78,  7261.2, 167,  GPS,   67.5, 116.50, 115.60, 134.750, 121.500, -0.002,       ,  19.63, -57.2,   38.9,   67.8,  -14.4,      1,   GPS,    ALT,  -0.1,   0.0,  -3.9, 3DDiff, 3704,      ,     12,  14.5,     17
2018-08-27, 17:40:12,  -04:00,  RAYMY,   42.6764488,  -71.8206787,  7002.7, 30.00,  7355.2,  16.0, 145.03, 172.67,   -7.90,  -0.07,  -0.10,  -0.01,  -0.01,  61.6,  67.8,  27.7,  28.8,   1.6,  21.64,  25.26,    15.93,  185.90,   53.17,  30.23, 2484.8,    0.73,  323.07,  355.28,  352.88,  335.21,  336.05,  336.07, 1448.19, 1504.48, 1471.79, 1457.88, 1448.32, 1450.56, 1529.13, 1524.84,  7260.9, 167,  GPS,   67.5, 116.50, 115.60, 134.750, 121.500, -0.002,       ,  19.61, -57.0,   38.8,   67.8,  -14.4,      1,   GPS,    ALT,  -0.1,  -0.0, -11.8, 3DDiff, 3704,      ,     12,  14.5,     17
2018-08-27, 17:40:13,  -04:00,  RAYMY,   42.6769257,  -71.8198090,  7001.7, 30.00,  7354.7,  16.0, 145.21, 172.81,  -41.09,  -0.02,  -0.07,   0.00,   0.00,  61.6,  67.8,  27.7,  28.8,   1.6,  21.64,  25.24,    15.94,  185.88,   53.26,  30.25, 2487.4,    0.74,  323.10,  355.29,  352.85,  335.22,  336.01,  336.09, 1448.13, 1503.28, 1472.56, 1457.36, 1447.69, 1451.75, 1528.54, 1525.07,  7260.5, 167,  GPS,   67.5, 116.50, 115.60, 134.750, 121.500, -0.002,       ,  19.60, -56.9,   38.8,   67.8,  -14.4,      1,   GPS,    ALT,  -0.1,  -0.0, -19.7, 3DDiff, 3704,      ,     12,  14.5,     17
2018-08-27, 17:40:14,  -04:00,  RAYMY,   42.6773987,  -71.8189392,  7001.7, 30.00,  7354.2,  16.0, 145.20, 172.98,  -40.60,   0.03,  -0.07,   0.00,   0.01,  61.5,  67.8,  27.7,  28.8,   1.6,  21.64,  25.24,    15.87,  185.87,   53.38,  30.27, 2486.8,    0.73,  323.08,  355.29,  352.82,  335.24,  335.96,  336.07, 1447.51, 1503.11, 1473.29, 1457.68, 1448.09, 1453.25, 1529.02, 1524.42,  7260.0, 167,  GPS,   67.5, 116.50, 115.60, 134.750, 121.500, -0.002,       ,  19.58, -56.8,   38.7,   67.8,  -14.4,      1,   GPS,    ALT,  -0.1,   0.0,  -3.9, 3DDiff, 3704,      ,     12,  14.5,     17
2018-08-27, 17:40:15,  -04:00,  RAYMY,   42.6778793,  -71.8180695,  7003.7, 30.00,  7355.1,  16.0, 145.33, 173.10,    5.57,  -0.02,  -0.09,  -0.00,  -0.00,  61.5,  67.8,  27.7,  28.8,   1.6,  21.64,  25.23,    15.86,  185.85,   53.35,  30.26, 2488.6,    0.73,  323.10,  355.32,  352.79,  335.24,  335.95,  336.09, 1448.79, 1504.34, 1472.93, 1458.41, 1447.92, 1454.17, 1530.22, 1525.08,  7260.9, 168,  GPS,   67.5, 116.50, 115.60, 134.750, 121.500, -0.002,       ,  19.56, -56.7,   38.7,   67.8,  -14.4,      1,   GPS,    ALT,  -0.1,  -0.0,  11.8, 3DDiff, 3704,      ,     12,  14.5,     16
2018-08-27, 17:40:16,  -04:00,  RAYMY,   42.6783600,  -71.8171997,  7002.7, 30.00,  7355.7,  16.0, 145.36, 173.24,   17.12,  -0.10,  -0.11,  -0.00,  -0.01,  61.5,  67.8,  27.7,  28.8,   1.6,  21.63,  25.21,    15.94,  185.84,   53.30,  30.27, 2488.5,    0.74,  323.10,  355.32,  352.75,  335.24,  335.92,  336.07, 1447.94, 1504.57, 1473.18, 1458.86, 1448.28, 1453.77, 1530.50, 1524.79,  7261.5, 168,  GPS,   67.5, 116.50, 115.60, 134.750, 121.500, -0.002,       ,  19.53, -56.6,   38.6,   67.8,  -14.4,      1,   GPS,    ALT,  -0.1,  -0.1,   7.9, 3DDiff, 3704,      ,     12,  14.5,     16
2018-08-27, 17:40:17,  -04:00,  RAYMY,   42.6788368,  -71.8163223,  7002.7, 30.00,  7355.6,  16.0, 145.43, 173.37,   -6.05,  -0.13,  -0.09,   0.01,  -0.01,  61.5,  67.8,  27.7,  28.8,   1.6,  21.63,  25.20,    15.87,  185.83,   53.40,  30.27, 2487.8,    0.73,  323.10,  355.32,  352.72,  335.24,  335.88,  336.07, 1447.73, 1503.50, 1472.73, 1457.93, 1447.93, 1452.73, 1529.55, 1525.36,  7261.3, 168,  GPS,   67.5, 116.50, 115.60, 134.750, 121.500, -0.002,       ,  19.53, -56.6,   38.6,   67.8,  -14.4,      1,   GPS,    ALT,  -0.0,  -0.1,  -7.9, 3DDiff, 3704,      ,     12,  14.5,     17
2018-08-27, 17:40:18,  -04:00,  RAYMY,   42.6793137,  -71.8154526,  7002.7, 30.00,  7355.5,  16.0, 145.60, 173.53,    5.79,  -0.16,  -0.08,   0.00,  -0.00,  61.5,  67.8,  27.7,  28.8,   1.6,  21.64,  25.19,    15.82,  185.82,   53.14,  30.25, 2488.1,    0.73,  323.13,  355.35,  352.66,  335.25,  335.88,  336.07, 1447.43, 1503.67, 1473.02, 1457.48, 1449.16, 1452.99, 1529.18, 1525.58,  7261.2, 168,  GPS,   67.5, 116.50, 115.60, 134.750, 121.500, -0.002,       ,  19.52, -56.5,   38.6,   67.8,  -14.4,      1,   GPS,    ALT,  -0.0,  -0.1,  -7.9, 3DDiff, 3704,      ,     12,  14.5,     17
2018-08-27, 17:40:19,  -04:00,  RAYMY,   42.6797981,  -71.8145752,  7001.7, 30.00,  7355.3,  16.0, 145.52, 173.68,  -30.01,  -0.12,  -0.08,  -0.00,   0.01,  61.5,  67.8,  27.7,  28.8,   1.6,  21.64,  25.17,    15.82,  185.80,   53.24,  30.28, 2486.4,    0.73,  323.11,  355.33,  352.63,  335.24,  335.83,  336.07, 1447.72, 1503.51, 1472.84, 1458.20, 1449.82, 1454.25, 1529.58, 1525.58,  7261.1, 168,  GPS,   67.5, 116.50, 115.60, 134.750, 121.500, -0.002,       ,  19.50, -56.4,   38.5,   67.8,  -14.4,      1,   GPS,    ALT,  -0.0,  -0.2, -11.8, 3DDiff, 3704,      ,     12,  14.5,     17
2018-08-27, 17:40:20,  -04:00,  RAYMY,   42.6802750,  -71.8136978,  7002.7, 30.00,  7355.5,  16.0, 145.69, 173.86,   -7.29,  -0.12,  -0.04,   0.00,  -0.01,  61.4,  67.8,  27.7,  28.8,   1.6,  21.64,  25.16,    15.93,  185.81,   53.13,  30.26, 2486.8,    0.73,  323.11,  355.34,  352.57,  335.24,  335.82,  336.07, 1447.17, 1503.72, 1472.89, 1457.84, 1449.87, 1454.01, 1529.66, 1524.96,  7261.6, 168,  GPS,   67.5, 116.50, 115.60, 134.750, 121.500, -0.002,       ,  19.49, -56.4,   38.5,   67.8,  -14.4,      1,   GPS,    ALT,  -0.0,  -0.1, -11.8, 3DDiff, 3704,      ,     12,  14.0,     17
2018-08-27, 17:40:21,  -04:00,  RAYMY,   42.6807556,  -71.8128204,  7001.7, 30.00,  7355.1,  16.0, 145.80, 173.99,  -16.00,  -0.10,  -0.09,   0.00,   0.00,  61.4,  67.8,  27.7,  28.8,   1.6,  21.64,  25.14,    15.87,  185.79,   53.08,  30.30, 2485.9,    0.73,  323.11,  355.33,  352.54,  335.27,  335.80,  336.07, 1447.98, 1504.34, 1472.72, 1456.84, 1449.53, 1454.30, 1529.35, 1525.54,  7261.1, 168,  GPS,   67.5, 116.50, 115.60, 134.750, 121.500, -0.002,       ,  19.49, -56.3,   38.4,   67.8,  -14.4,      1,   GPS,    ALT,  -0.0,  -0.1, -15.7, 3DDiff, 3704,      ,     12,  14.5,     16
2018-08-27, 17:40:22,  -04:00,  RAYMY,   42.6812401,  -71.8119431,  7001.7, 30.00,  7354.2,  16.0, 145.77, 174.13,  -16.63,  -0.10,  -0.09,  -0.00,  -0.00,  61.3,  67.7,  27.7,  28.8,   1.6,  21.64,  25.12,    15.87,  185.77,   52.98,  30.27, 2485.7,    0.73,  323.13,  355.35,  352.49,  335.25,  335.77,  336.05, 1447.66, 1505.12, 1472.99, 1456.77, 1450.16, 1455.06, 1529.89, 1526.10,  7260.2, 168,  GPS,   67.5, 116.50, 115.60, 134.750, 121.500, -0.001,       ,  19.49, -56.3,   38.4,   67.8,  -14.4,      1,   GPS,    ALT,  -0.0,  -0.1, -19.7, 3DDiff, 3704,      ,     12,  14.0,     16
2018-08-27, 17:40:23,  -04:00,  RAYMY,   42.6817245,  -71.8110657,  7002.7, 30.00,  7353.9,  16.0, 145.73, 174.25,  -19.08,  -0.05,  -0.09,  -0.01,   0.00,  61.3,  67.7,  27.7,  28.8,   1.6,  21.64,  25.10,    15.85,  185.78,   52.75,  30.26, 2484.5,    0.73,  323.13,  355.35,  352.45,  335.25,  335.73,  336.06, 1448.58, 1505.51, 1472.05, 1456.70, 1451.38, 1454.20, 1529.96, 1526.79,  7260.0, 168,  GPS,   67.5, 116.50, 115.60, 134.750, 121.500, -0.002,       ,  19.49, -56.3,   38.3,   67.8,  -14.4,      1,   GPS,    ALT,  -0.0,  -0.1, -19.7, 3DDiff, 3704,      ,     12,  14.5,     17
2018-08-27, 17:40:24,  -04:00,  RAYMY,   42.6822052,  -71.8101883,  7001.7, 30.00,  7353.6,  16.0, 145.76, 174.38,  -10.07,  -0.11,  -0.01,   0.00,  -0.01,  61.3,  67.7,  27.7,  28.8,   1.6,  21.65,  25.08,    15.91,  185.76,   53.23,  30.26, 2486.3,    0.73,  323.14,  355.35,  352.39,  335.25,  335.70,  336.07, 1447.83, 1504.80, 1472.31, 1456.11, 1451.53, 1454.36, 1529.66, 1526.21,  7259.7, 168,  GPS,   67.5, 116.50, 115.60, 134.750, 121.500, -0.002,       ,  19.49, -56.3,   38.3,   67.8,  -14.4,      1,   GPS,    ALT,   0.0,  -0.1, -19.7, 3DDiff, 3704,      ,     12,  14.5,     17
2018-08-27, 17:40:25,  -04:00,  RAYMY,   42.6826859,  -71.8093109,  7001.7, 30.00,  7353.3,  16.0, 145.84, 174.48,  -21.34,  -0.10,   0.00,   0.01,  -0.00,  61.3,  67.7,  27.7,  28.8,   1.6,  21.66,  25.07,    15.86,  185.76,   53.10,  30.29, 2486.7,    0.73,  323.14,  355.35,  352.33,  335.27,  335.67,  336.04, 1447.76, 1504.68, 1471.63, 1455.31, 1451.12, 1454.34, 1529.20, 1525.79,  7259.3, 168,  GPS,   67.5, 116.50, 115.60, 134.750, 121.500, -0.001,       ,  19.51, -56.3,   38.2,   67.8,  -14.4,      1,   GPS,    ALT,   0.0,  -0.1, -19.7, 3DDiff, 3704,      ,     12,  14.5,     17
2018-08-27, 17:40:26,  -04:00,  RAYMY,   42.6831589,  -71.8084488,  7000.7, 30.00,  7352.2,  16.0, 146.06, 174.60,  -35.84,  -0.03,   0.00,  -0.00,   0.00,  61.3,  67.7,  27.7,  28.8,   1.6,  21.67,  25.06,    15.91,  185.75,   53.09,  30.25, 2488.2,    0.73,  323.14,  355.35,  352.31,  335.27,  335.62,  336.06, 1448.49, 1505.15, 1471.73, 1456.16, 1450.95, 1454.42, 1529.85, 1525.61,  7258.2, 168,  GPS,   67.5, 116.50, 115.60, 134.750, 121.500, -0.001,       ,  19.51, -56.3,   38.2,   67.8,  -14.4,      1,   GPS,    ALT,   0.0,  -0.1, -23.6, 3DDiff, 3704,      ,     12,  14.0,     17
2018-08-27, 17:40:27,  -04:00,  RAYMY,   42.6836433,  -71.8075790,  7000.7, 30.00,  7352.1,  16.0, 146.26, 174.69,  -29.81,  -0.01,   0.02,   0.00,  -0.01,  61.3,  67.7,  27.7,  28.8,   1.6,  21.68,  25.04,    15.95,  185.75,   53.00,  30.27, 2487.7,    0.74,  323.17,  355.35,  352.27,  335.27,  335.61,  336.04, 1448.46, 1504.72, 1472.12, 1456.35, 1451.34, 1454.56, 1530.13, 1525.89,  7258.1, 169,  GPS,   67.5, 116.50, 115.60, 134.750, 121.500, -0.001,       ,  19.53, -56.4,   38.1,   67.8,  -14.4,      1,   GPS,    ALT,   0.0,  -0.0, -11.8, 3DDiff, 3704,      ,     12,  14.5,     16
2018-08-27, 17:40:28,  -04:00,  RAYMY,   42.6841240,  -71.8066940,  7000.7, 30.00,  7352.4,  16.0, 146.21, 174.77,  -18.60,  -0.03,  -0.04,   0.00,  -0.01,  61.3,  67.7,  27.7,  28.8,   1.6,  21.69,  25.03,    15.97,  185.73,   53.20,  30.25, 2484.9,    0.74,  323.17,  355.35,  352.21,  335.28,  335.58,  336.04, 1448.16, 1503.72, 1471.78, 1455.85, 1451.61, 1453.96, 1529.46, 1525.74,  7258.5, 169,  GPS,   67.5, 116.50, 115.60, 134.750, 121.500, -0.001,       ,  19.55, -56.4,   38.1,   67.8,  -14.4,      1,   GPS,    ALT,   0.0,  -0.0,  -3.9, 3DDiff, 3704,      ,     12,  14.5,     16
2018-08-27, 17:40:29,  -04:00,  RAYMY,   42.6846085,  -71.8058243,  7000.7, 30.00,  7352.3,  16.0, 146.15, 174.87,  -25.53,   0.00,  -0.02,  -0.00,   0.00,  61.2,  67.7,  27.7,  28.8,   1.6,  21.69,  25.02,    15.87,  185.70,   53.08,  30.25, 2486.7,    0.73,  323.17,  355.32,  352.20,  335.30,  335.55,  336.06, 1447.39, 1502.75, 1471.30, 1455.20, 1451.15, 1453.64, 1528.75, 1524.92,  7258.4, 168,  GPS,   67.5, 116.50, 115.60, 134.750, 121.500, -0.001,       ,  19.57, -56.4,   38.0,   67.8,  -14.4,      1,   GPS,    ALT,   0.0,  -0.0,  -3.9, 3DDiff, 3704,      ,     12,  14.5,     17
2018-08-27, 17:40:30,  -04:00,  RAYMY,   42.6850929,  -71.8049393,  7000.7, 30.00,  7352.2,  16.0, 146.21, 174.93,   -2.81,   0.01,  -0.02,  -0.01,  -0.01,  61.3,  67.7,  27.7,  28.8,   1.6,  21.68,  25.02,    15.87,  185.67,   52.90,  30.27, 2486.1,    0.73,  323.17,  355.32,  352.20,  335.30,  335.52,  336.02, 1448.42, 1503.39, 1470.99, 1454.36, 1450.82, 1452.90, 1528.37, 1525.12,  7258.3, 169,  GPS,   67.5, 116.50, 115.60, 134.750, 121.500, -0.001,       ,  19.60, -56.5,   38.0,   67.8,  -14.4,      1,   GPS,    ALT,   0.0,   0.0,  -7.9, 3DDiff, 3704,      ,     12,  14.5,     17
2018-08-27, 17:40:31,  -04:00,  RAYMY,   42.6855736,  -71.8040619,  6999.7, 30.00,  7352.0,  16.0, 146.30, 174.98,  -19.08,   0.07,  -0.02,   0.00,  -0.01,  61.3,  67.7,  27.7,  28.8,   1.6,  21.68,  25.01,    15.92,  185.65,   52.74,  30.26, 2485.4,    0.73,  323.17,  355.32,  352.17,  335.30,  335.49,  336.02, 1447.85, 1503.48, 1471.13, 1455.19, 1451.07, 1452.19, 1528.29, 1524.70,  7258.0, 169,  GPS,   67.5, 116.50, 115.60, 134.750, 121.500, -0.001,       ,  19.62, -56.6,   37.9,   67.8,  -14.4,      1,   GPS,    ALT,   0.0,   0.0, -11.8, 3DDiff, 3704,      ,     12,  14.5,     17
2018-08-27, 17:40:32,  -04:00,  RAYMY,   42.6860619,  -71.8031693,  7002.7, 30.00,  7352.6,  16.0, 146.64, 175.02,   19.68,   0.08,  -0.05,  -0.00,   0.00,  61.3,  67.7,  27.7,  28.8,   1.6,  21.68,  25.00,    15.87,  185.63,   52.94,  30.24, 2486.8,    0.73,  323.17,  355.32,  352.18,  335.33,  335.48,  336.04, 1447.66, 1502.99, 1471.02, 1454.48, 1450.29, 1451.30, 1527.95, 1523.69,  7258.7, 169,  GPS,   67.5, 116.50, 115.60, 134.750, 121.500, -0.001,       ,  19.65, -56.6,   37.9,   67.8,  -14.4,      1,   GPS,    ALT,   0.0,   0.1, -11.8, 3DDiff, 3704,      ,     12,  14.0,     17
2018-08-27, 17:40:33,  -04:00,  RAYMY,   42.6865425,  -71.8022995,  7001.7, 30.00,  7352.5,  16.0, 146.58, 175.04,    2.38,   0.03,   0.01,  -0.00,  -0.00,  61.3,  67.7,  27.7,  28.8,   1.6,  21.69,  24.98,    15.90,  185.63,   53.26,  30.26, 2486.8,    0.73,  323.17,  355.29,  352.20,  335.34,  335.46,  336.04, 1447.81, 1502.94, 1471.76, 1454.27, 1449.69, 1451.12, 1527.76, 1524.04,  7258.6, 169,  GPS,   67.5, 116.50, 115.60, 134.750, 121.500, -0.001,       ,  19.68, -56.7,   37.8,   67.8,  -14.4,      1,   GPS,    ALT,   0.0,   0.0,  -7.9, 3DDiff, 3704,      ,     12,  14.5,     16
2018-08-27, 17:40:34,  -04:00,  RAYMY,   42.6870270,  -71.8014069,  7000.7, 30.00,  7351.6,  16.0, 146.69, 175.08,  -14.34,   0.09,   0.05,  -0.00,   0.01,  61.3,  67.9,  27.7,  28.8,   1.6,  21.69,  24.97,    15.93,  185.60,   53.27,  30.28, 2487.6,    0.74,  323.17,  355.27,  352.21,  335.34,  335.43,  336.04, 1446.96, 1503.09, 1472.10, 1454.80, 1451.81, 1450.94, 1527.77, 1525.17,  7257.7, 169,  GPS,   67.5, 116.50, 115.60, 134.750, 121.500, -0.001,       ,  19.71, -56.8,   37.8,   67.8,  -14.4,      1,   GPS,    ALT,   0.0,   0.0, -19.7, 3DDiff, 3704,      ,     12,  14.0,     16
2018-08-27, 17:40:35,  -04:00,  RAYMY,   42.6875076,  -71.8005295,  7000.7, 30.00,  7351.5,  16.0, 146.78, 175.12,  -23.37,   0.13,   0.07,   0.01,  -0.00,  61.3,  67.8,  27.7,  28.8,   1.6,  21.68,  24.96,    15.83,  185.60,   53.35,  30.26, 2488.3,    0.73,  323.17,  355.26,  352.24,  335.34,  335.40,  336.04, 1447.65, 1502.18, 1471.79, 1454.46, 1452.07, 1451.71, 1527.15, 1525.87,  7257.6, 169,  GPS,   67.5, 116.50, 115.60, 134.750, 121.500, -0.001,       ,  19.74, -56.8,   37.7,   67.8,  -14.4,      1,   GPS,    ALT,   0.0,   0.1, -11.8, 3DDiff, 3704,      ,     12,  14.5,     17
2018-08-27, 17:40:36,  -04:00,  RAYMY,   42.6879921,  -71.7996445,  7000.7, 30.00,  7351.4,  16.0, 146.85, 175.12,  -28.45,   0.22,   0.01,   0.00,   0.02,  61.3,  67.8,  27.7,  28.8,   1.6,  21.67,  24.97,    15.81,  185.55,   53.35,  30.24, 2485.9,    0.73,  323.17,  355.28,  352.30,  335.36,  335.37,  336.04, 1447.30, 1501.81, 1471.72, 1454.71, 1451.05, 1450.98, 1526.80, 1525.35,  7257.5, 169,  GPS,   67.5, 116.50, 115.60, 134.750, 121.500, -0.001,       ,  19.77, -56.9,   37.7,   67.8,  -14.4,      1,   GPS,    ALT,   0.0,   0.1,  -7.9, 3DDiff, 3704,      ,     12,  14.5,     17
2018-08-27, 17:40:37,  -04:00,  RAYMY,   42.6884766,  -71.7987671,  6999.7, 30.00,  7351.6,  16.0, 146.81, 175.12,  -21.63,   0.20,  -0.01,  -0.00,   0.00,  61.3,  67.8,  27.7,  28.8,   1.6,  21.66,  24.97,    15.79,  185.53,   53.44,  30.25, 2486.7,    0.73,  323.17,  355.26,  352.33,  335.34,  335.34,  336.01, 1446.93, 1501.19, 1471.69, 1454.86, 1451.43, 1450.05, 1526.01, 1525.36,  7257.6, 169,  GPS,   67.5, 116.50, 115.60, 134.750, 121.500, -0.001,       ,  19.81, -56.9,   37.6,   67.8,  -14.4,      1,   GPS,    ALT,  -0.0,   0.2,   3.9, 3DDiff, 3704,      ,     12,  14.5,     17
2018-08-27, 17:40:38,  -04:00,  RAYMY,   42.6889610,  -71.7978745,  6999.7, 30.00,  7350.8,  16.0, 146.93, 175.08,  -21.46,   0.20,  -0.09,   0.00,  -0.01,  61.4,  67.8,  27.7,  28.8,   1.6,  21.66,  24.97,    15.69,  185.53,   53.26,  30.23, 2488.9,    0.72,  323.17,  355.25,  352.37,  335.36,  335.30,  336.03, 1446.33, 1500.62, 1471.96, 1455.25, 1450.39, 1448.51, 1525.62, 1524.83,  7256.9, 169,  GPS,   67.5, 116.50, 115.60, 134.750, 121.500, -0.001,       ,  19.84, -57.0,   37.6,   67.8,  -14.4,      1,   GPS,    ALT,  -0.0,   0.2,   0.0, 3DDiff, 3704,      ,     12,  14.0,     17
2018-08-27, 17:40:39,  -04:00,  RAYMY,   42.6894455,  -71.7970047,  6999.7, 30.00,  7351.1,  16.0, 147.04, 175.04,  -15.54,   0.24,  -0.12,   0.00,  -0.00,  61.3,  67.8,  27.7,  28.8,   1.6,  21.66,  24.96,    15.76,  185.52,   52.91,  30.22, 2487.0,    0.73,  323.17,  355.23,  352.39,  335.34,  335.25,  336.01, 1445.32, 1500.78, 1471.40, 1455.12, 1449.62, 1450.01, 1526.62, 1523.60,  7257.1, 169,  GPS,   67.5, 116.50, 115.60, 134.750, 121.500, -0.001,       ,  19.87, -57.0,   37.5,   67.8,  -14.4,      1,   GPS,    ALT,  -0.0,   0.2,   7.9, 3DDiff, 3704,      ,     12,  14.5,     16
2018-08-27, 17:40:40,  -04:00,  RAYMY,   42.6899223,  -71.7961197,  6999.7, 30.00,  7351.4,  16.0, 147.04, 174.98,  -19.59,   0.31,  -0.13,  -0.00,   0.00,  61.3,  67.8,  27.7,  28.8,   1.6,  21.65,  24.96,    15.86,  185.50,   53.19,  30.21, 2487.0,    0.73,  323.17,  355.21,  352.42,  335.36,  335.22,  335.98, 1445.42, 1500.87, 1471.26, 1455.81, 1448.52, 1449.70, 1526.85, 1523.29,  7257.5, 169,  GPS,   67.5, 116.50, 115.60, 134.750, 121.500, -0.001,       ,  19.90, -57.0,   37.5,   67.8,  -14.4,      1,   GPS,    ALT,  -0.0,   0.3,   3.9, 3DDiff, 3704,      ,     12,  14.0,     16
2018-08-27, 17:40:41,  -04:00,  RAYMY,   42.6904068,  -71.7952423,  7000.7, 30.00,  7351.5,  16.0, 146.98, 174.93,   -4.72,   0.32,  -0.11,  -0.00,   0.00,  61.3,  67.8,  27.7,  28.8,   1.6,  21.65,  24.95,    15.84,  185.48,   53.08,  30.26, 2488.3,    0.73,  323.17,  355.20,  352.47,  335.34,  335.18,  335.98, 1445.95, 1500.86, 1471.44, 1455.64, 1448.25, 1449.61, 1527.01, 1523.88,  7257.6, 169,  GPS,   67.5, 116.50, 115.60, 134.750, 121.500, -0.001,       ,  19.93, -57.0,   37.4,   67.8,  -14.4,      1,   GPS,    ALT,  -0.0,   0.3,   7.9, 3DDiff, 3704,      ,     12,  14.5,     17
2018-08-27, 17:40:42,  -04:00,  RAYMY,   42.6908875,  -71.7943573,  7000.7, 30.00,  7351.7,  16.0, 146.88, 174.87,   10.54,   0.30,  -0.03,   0.00,  -0.02,  61.3,  67.8,  27.7,  28.8,   1.6,  21.66,  24.93,    15.85,  185.48,   53.12,  30.31, 2486.9,    0.73,  323.14,  355.18,  352.51,  335.34,  335.15,  335.98, 1446.85, 1501.40, 1472.16, 1455.73, 1448.04, 1450.93, 1527.64, 1524.81,  7257.7, 169,  GPS,   67.5, 116.50, 115.60, 134.750, 121.500, -0.001,       ,  19.96, -57.0,   37.4,   67.8,  -14.4,      1,   GPS,    ALT,  -0.0,   0.3,  11.8, 3DDiff, 3704,      ,     12,  14.5,     17
2018-08-27, 17:40:43,  -04:00,  RAYMY,   42.6913719,  -71.7934799,  7001.7, 30.00,  7351.8,  16.0, 146.82, 174.81,   16.85,   0.29,   0.00,  -0.00,  -0.00,  61.3,  67.8,  27.7,  28.8,   1.6,  21.67,  24.91,    15.87,  185.47,   53.42,  30.27, 2488.9,    0.73,  323.14,  355.14,  352.51,  335.31,  335.12,  336.00, 1446.77, 1501.69, 1472.28, 1455.86, 1448.63, 1452.37, 1527.98, 1525.38,  7257.9, 169,  GPS,   67.5, 116.50, 115.60, 134.750, 121.500, -0.001,       ,  19.99, -57.0,   37.3,   67.8,  -14.4,      1,   GPS,    ALT,  -0.0,   0.3,   7.9, 3DDiff, 3704,      ,     12,  14.5,     17
2018-08-27, 17:40:44,  -04:00,  RAYMY,   42.6918564,  -71.7925949,  7000.7, 30.00,  7352.5,  16.2, 146.76, 174.75,   -7.43,   0.31,  -0.02,  -0.00,  -0.00,  61.3,  67.8,  27.7,  28.8,   1.6,  21.67,  24.90,    15.85,  185.47,   53.32,  30.25, 2484.3,    0.73,  323.17,  355.15,  352.56,  335.31,  335.07,  335.95, 1446.32, 1501.90, 1473.07, 1456.58, 1449.01, 1451.36, 1528.22, 1525.28,  7258.5, 169,  GPS,   67.5, 116.50, 115.60, 134.750, 121.500, -0.001,       ,  20.01, -57.0,   37.3,   67.8,  -14.4,      1,   GPS,    ALT,  -0.0,   0.3,  -3.9, 3DDiff, 3704,      ,     12,  14.5,     17
2018-08-27, 17:40:45,  -04:00,  RAYMY,   42.6923370,  -71.7917099,  7000.7, 30.00,  7352.6,  16.2, 146.83, 174.71,  -11.09,   0.35,  -0.07,  -0.00,  -0.00,  61.3,  67.8,  27.7,  28.8,   1.6,  21.67,  24.89,    15.84,  185.47,   53.37,  30.23, 2487.9,    0.73,  323.16,  355.11,  352.60,  335.33,  335.03,  335.94, 1446.45, 1501.84, 1472.29, 1455.83, 1448.80, 1451.61, 1527.83, 1525.04,  7258.7, 169,  GPS,   67.5, 116.50, 115.60, 134.750, 121.500, -0.001,       ,  20.04, -56.9,   37.2,   67.8,  -14.4,      1,   GPS,    ALT,  -0.0,   0.3,  -7.9, 3DDiff, 3704,      ,     12,  14.5,     16
2018-08-27, 17:40:46,  -04:00,  RAYMY,   42.6928139,  -71.7908249,  6999.7, 30.00,  7352.3,  16.2, 146.68, 174.63,  -23.62,   0.37,  -0.08,   0.00,  -0.00,  61.3,  67.8,  27.7,  28.8,   1.6,  21.68,  24.87,    15.80,  185.47,   53.35,  30.24, 2487.5,    0.73,  323.14,  355.10,  352.60,  335.30,  335.00,  335.92, 1446.89, 1503.28, 1471.26, 1455.10, 1448.86, 1450.93, 1528.01, 1524.78,  7258.3, 169,  GPS,   67.5, 116.50, 115.60, 134.750, 121.500, -0.001,       ,  20.07, -56.9,   37.2,   67.8,  -14.4,      1,   GPS,    ALT,  -0.0,   0.4,   3.9, 3DDiff, 3704,      ,     12,  14.5,     16
2018-08-27, 17:40:47,  -04:00,  RAYMY,   42.6932983,  -71.7899551,  7000.7, 30.00,  7352.6,  16.2, 146.77, 174.56,    5.97,   0.37,  -0.03,   0.00,  -0.00,  61.3,  67.8,  27.7,  28.8,   1.6,  21.69,  24.86,    15.81,  185.48,   53.07,  30.18, 2485.9,    0.73,  323.14,  355.08,  352.66,  335.31,  334.95,  335.91, 1446.56, 1502.86, 1469.87, 1454.87, 1448.24, 1449.17, 1527.14, 1523.79,  7258.6, 169,  GPS,   67.5, 116.50, 115.60, 134.750, 121.500, -0.001,       ,  20.09, -56.9,   37.1,   67.8,  -14.4,      1,   GPS,    ALT,  -0.0,   0.4,   7.9, 3DDiff, 3704,      ,     12,  14.5,     17
2018-08-27, 17:40:48,  -04:00,  RAYMY,   42.6937828,  -71.7890701,  7000.7, 30.00,  7352.8,  16.2, 146.64, 174.48,    5.31,   0.34,   0.01,  -0.01,  -0.01,  61.3,  67.9,  27.7,  28.8,   1.6,  21.69,  24.85,    15.87,  185.47,   53.10,  30.19, 2485.8,    0.73,  323.11,  355.05,  352.66,  335.31,  334.93,  335.88, 1446.54, 1501.43, 1470.16, 1454.34, 1449.37, 1450.48, 1526.52, 1524.03,  7258.8, 169,  GPS,   67.5, 116.50, 115.60, 134.750, 121.500, -0.001,       ,  20.11, -56.8,   37.1,   67.8,  -14.4,      1,   GPS,    ALT,  -0.0,   0.4,   7.9, 3DDiff, 3704,      ,     12,  14.5,     17
2018-08-27, 17:40:49,  -04:00,  RAYMY,   42.6942596,  -71.7881927,  7000.7, 30.00,  7352.7,  16.2, 146.60, 174.40,   -1.18,   0.34,  -0.01,   0.00,  -0.01,  61.3,  67.9,  27.7,  28.8,   1.6,  21.69,  24.84,    15.88,  185.48,   53.30,  30.23, 2485.9,    0.73,  323.11,  355.05,  352.72,  335.30,  334.90,  335.83, 1446.58, 1501.31, 1469.66, 1454.01, 1448.96, 1450.83, 1526.32, 1523.95,  7258.8, 169,  GPS,   67.5, 116.50, 115.60, 134.750, 121.500, -0.001,       ,  20.14, -56.8,   37.0,   67.8,  -14.4,      1,   GPS,    ALT,  -0.0,   0.3,  -3.9, 3DDiff, 3704,      ,     12,  14.5,     17
2018-08-27, 17:40:50,  -04:00,  RAYMY,   42.6947403,  -71.7873154,  7000.7, 30.00,  7351.6,  16.2, 146.55, 174.34,   -9.48,   0.41,  -0.07,   0.00,   0.00,  61.3,  67.9,  27.7,  28.8,   1.6,  21.69,  24.82,    15.74,  185.49,   53.16,  30.18, 2485.1,    0.73,  323.11,  355.02,  352.79,  335.30,  334.87,  335.82, 1445.70, 1500.05, 1469.56, 1453.94, 1449.00, 1450.44, 1525.56, 1523.47,  7257.7, 169,  GPS,   67.5, 116.50, 115.60, 134.750, 121.500, -0.001,       ,  20.16, -56.7,   37.0,   67.8,  -14.4,      1,   GPS,    ALT,  -0.1,   0.4, -11.8, 3DDiff, 3704,      ,     12,  14.5,     17
2018-08-27, 17:40:51,  -04:00,  RAYMY,   42.6952209,  -71.7864380,  7001.7, 30.00,  7351.0,  16.2, 146.66, 174.27,   14.07,   0.40,  -0.10,  -0.00,  -0.01,  61.3,  67.9,  27.7,  28.8,   1.6,  21.70,  24.81,    15.71,  185.47,   53.33,  30.17, 2487.6,    0.72,  323.08,  354.96,  352.82,  335.30,  334.80,  335.79, 1445.31, 1499.18, 1469.26, 1452.81, 1449.24, 1448.72, 1524.44, 1523.39,  7257.0, 169,  GPS,   67.5, 116.50, 115.60, 134.750, 121.500, -0.001,       ,  20.18, -56.6,   37.0,   67.8,  -14.4,      1,   GPS,    ALT,  -0.1,   0.4,  -3.9, 3DDiff, 3704,      ,     12,  14.5,     16
2018-08-27, 17:40:52,  -04:00,  RAYMY,   42.6957016,  -71.7855606,  7000.7, 30.00,  7351.2,  16.2, 146.34, 174.19,  -17.39,   0.38,  -0.07,  -0.00,   0.00,  61.3,  67.9,  27.7,  28.8,   1.6,  21.70,  24.81,    15.91,  185.48,   53.41,  30.21, 2485.5,    0.73,  323.08,  354.96,  352.84,  335.27,  334.78,  335.74, 1445.99, 1500.58, 1470.48, 1453.27, 1448.62, 1449.13, 1525.27, 1523.10,  7257.2, 169,  GPS,   67.5, 116.50, 115.60, 134.750, 121.500, -0.001,       ,  20.21, -56.6,   36.9,   67.8,  -14.4,      1,   GPS,    ALT,  -0.1,   0.4,  -7.9, 3DDiff, 3704,      ,     12,  14.5,     16
2018-08-27, 17:40:53,  -04:00,  RAYMY,   42.6961784,  -71.7846832,  7000.7, 30.00,  7351.0,  16.2, 146.30, 174.11,  -11.14,   0.40,  -0.09,   0.00,  -0.00,  61.3,  67.9,  27.7,  28.8,   1.6,  21.70,  24.80,    15.89,  185.45,   53.20,  30.22, 2486.9,    0.73,  323.07,  354.91,  352.88,  335.25,  334.73,  335.71, 1445.78, 1500.14, 1471.64, 1453.26, 1449.29, 1450.07, 1525.66, 1524.08,  7257.0, 169,  GPS,   67.5, 116.50, 115.60, 134.750, 121.500, -0.001,       ,  20.23, -56.5,   36.9,   67.8,  -14.4,      1,   GPS,    ALT,  -0.1,   0.4,  -7.9, 3DDiff, 3704,      ,     12,  14.5,     17
2018-08-27, 17:40:54,  -04:00,  RAYMY,   42.6966553,  -71.7837982,  6999.7, 30.00,  7350.8,  16.2, 146.25, 174.03,  -31.11,   0.44,  -0.11,  -0.00,   0.00,  61.3,  67.9,  27.7,  28.8,   1.6,  21.69,  24.80,    15.88,  185.45,   53.26,  30.24, 2486.8,    0.73,  323.04,  354.92,  352.93,  335.24,  334.70,  335.70, 1446.86, 1500.36, 1471.37, 1453.44, 1450.28, 1449.47, 1525.46, 1525.11,  7256.9, 169,  GPS,   67.5, 116.50, 115.60, 134.750, 121.500, -0.001,       ,  20.25, -56.4,   36.8,   67.8,  -14.4,      1,   GPS,    ALT,  -0.1,   0.4,  -3.9, 3DDiff, 3704,      ,     12,  14.5,     17
2018-08-27, 17:40:55,  -04:00,  RAYMY,   42.6971359,  -71.7829285,  7000.7, 30.00,  7350.7,  16.2, 146.23, 173.94,   -6.98,   0.46,  -0.11,   0.01,  -0.01,  61.3,  67.9,  27.7,  28.8,   1.6,  21.69,  24.80,    15.85,  185.46,   53.21,  30.25, 2486.8,    0.73,  323.04,  354.86,  352.94,  335.24,  334.62,  335.67, 1447.82, 1501.10, 1470.82, 1455.33, 1450.18, 1451.08, 1526.53, 1525.28,  7256.8, 169,  GPS,   67.5, 116.50, 115.60, 134.750, 121.500, -0.001,       ,  20.27, -56.3,   36.8,   67.8,  -14.4,      1,   GPS,    ALT,  -0.1,   0.4,   0.0, 3DDiff, 3704,      ,     12,  14.5,     17
2018-08-27, 17:40:56,  -04:00,  RAYMY,   42.6976166,  -71.7820511,  7000.7, 30.00,  7352.1,  16.2, 146.16, 173.84,   -2.29,   0.45,  -0.09,   0.00,   0.00,  61.3,  67.9,  27.7,  28.8,   1.6,  21.69,  24.80,    15.81,  185.45,   53.15,  30.30, 2482.1,    0.73,  323.02,  354.86,  352.99,  335.24,  334.60,  335.64, 1448.87, 1501.31, 1470.94, 1456.45, 1450.20, 1452.12, 1527.22, 1525.21,  7258.2, 169,  GPS,   67.5, 116.50, 115.60, 134.750, 121.500, -0.001,       ,  20.29, -56.2,   36.7,   67.8,  -14.4,      1,   GPS,    ALT,  -0.1,   0.4,   7.9, 3DDiff, 3704,      ,     12,  14.5,     17
2018-08-27, 17:40:57,  -04:00,  RAYMY,   42.6980896,  -71.7811737,  7000.7, 30.00,  7352.5,  16.2, 146.13, 173.78,   -2.57,   0.46,  -0.07,  -0.00,  -0.00,  61.2,  67.9,  27.7,  28.8,   1.6,  21.69,  24.80,    15.81,  185.43,   53.28,  30.25, 2487.2,    0.73,  323.01,  354.83,  353.00,  335.22,  334.58,  335.61, 1447.51, 1501.29, 1470.81, 1456.71, 1450.12, 1453.87, 1528.12, 1524.22,  7258.5, 169,  GPS,   67.5, 116.50, 115.60, 134.750, 121.500, -0.001,       ,  20.30, -56.2,   36.7,   67.8,  -14.4,      1,   GPS,    ALT,  -0.1,   0.4,   0.0, 3DDiff, 3704,      ,     12,  14.5,     16
2018-08-27, 17:40:58,  -04:00,  RAYMY,   42.6985703,  -71.7802887,  7001.7, 30.00,  7352.2,  16.2, 146.19, 173.68,   11.68,   0.43,  -0.04,   0.00,  -0.00,  61.2,  68.1,  27.7,  28.8,   1.6,  21.68,  24.80,    15.82,  185.42,   53.22,  30.24, 2485.9,    0.73,  322.98,  354.80,  353.03,  335.21,  334.54,  335.58, 1447.46, 1502.08, 1471.19, 1456.01, 1449.11, 1453.19, 1528.54, 1523.89,  7258.3, 169,  GPS,   67.5, 116.50, 115.60, 134.750, 121.500, -0.001,       ,  20.32, -56.1,   36.6,   67.8,  -14.4,      1,   GPS,    ALT,  -0.1,   0.4,   0.0, 3DDiff, 3704,      ,     12,  14.5,     16
2018-08-27, 17:40:59,  -04:00,  RAYMY,   42.6990509,  -71.7794113,  7001.7, 30.00,  7352.2,  16.2, 146.20, 173.59,   10.72,   0.38,  -0.12,   0.01,  -0.01,  61.2,  68.0,  27.7,  28.8,   1.6,  21.67,  24.81,    15.90,  185.41,   53.46,  30.22, 2487.3,    0.73,  322.98,  354.77,  353.06,  335.18,  334.51,  335.55, 1447.70, 1501.80, 1471.52, 1455.20, 1449.47, 1453.05, 1527.85, 1524.00,  7258.3, 169,  GPS,   67.5, 116.50, 115.60, 134.750, 121.500, -0.001,       ,  20.34, -56.0,   36.6,   67.8,  -14.4,      1,   GPS,    ALT,  -0.1,   0.4,   0.0, 3DDiff, 3704,      ,     12,  14.5,     17
2018-08-27, 17:41:00,  -04:00,  RAYMY,   42.6995239,  -71.7785416,  7000.7, 30.00,  7352.1,  16.2, 146.05, 173.53,   -9.56,   0.43,  -0.16,  -0.00,   0.00,  61.2,  68.0,  27.7,  28.8,   1.6,  21.66,  24.81,    15.89,  185.39,   53.35,  30.26, 2484.3,    0.73,  322.95,  354.74,  353.08,  335.18,  334.48,  335.52, 1447.51, 1502.26, 1472.73, 1455.29, 1449.94, 1453.00, 1527.46, 1525.12,  7258.1, 168,  GPS,   67.5, 116.50, 115.60, 134.750, 121.500, -0.001,       ,  20.35, -55.9,   36.5,   67.9,  -14.4,      1,   GPS,    ALT,  -0.1,   0.4, -11.8, 3DDiff, 3704,      ,     12,  14.5,     17
2018-08-27, 17:41:01,  -04:00,  RAYMY,   42.7000008,  -71.7776566,  7000.7, 30.00,  7351.8,  16.2, 145.98, 173.45,   -2.51,   0.47,  -0.18,  -0.01,   0.00,  61.2,  68.0,  27.7,  28.8,   1.6,  21.67,  24.80,    15.89,  185.39,   52.90,  30.22, 2485.7,    0.73,  322.93,  354.71,  353.09,  335.13,  334.42,  335.51, 1447.03, 1503.29, 1471.77, 1454.19, 1450.35, 1451.67, 1527.56, 1524.90,  7257.9, 168,  GPS,   67.5, 116.50, 115.60, 134.750, 121.500, -0.001,       ,  20.37, -55.8,   36.5,   67.9,  -14.4,      1,   GPS,    ALT,  -0.1,   0.4, -15.7, 3DDiff, 3704,      ,     12,  15.0,     17
2018-08-27, 17:41:02,  -04:00,  RAYMY,   42.7004776,  -71.7767868,  7000.7, 30.00,  7350.5,  16.2, 145.94, 173.35,  -18.65,   0.48,  -0.22,   0.00,  -0.01,  61.2,  68.0,  27.7,  28.8,   1.6,  21.68,  24.79,    15.96,  185.40,   53.09,  30.23, 2486.6,    0.74,  322.92,  354.73,  353.07,  335.14,  334.41,  335.49, 1447.21, 1503.24, 1471.45, 1453.65, 1451.44, 1451.07, 1527.67, 1525.48,  7256.6, 168,  GPS,   67.5, 116.50, 115.60, 134.750, 121.500, -0.002,       ,  20.40, -55.7,   36.4,   67.8,  -14.4,      1,   GPS,    ALT,  -0.1,   0.5, -11.8, 3DDiff, 3704,      ,     12,  14.5,     17
2018-08-27, 17:41:03,  -04:00,  RAYMY,   42.7009583,  -71.7759094,  7001.7, 30.00,  7350.6,  16.2, 146.08, 173.25,   -3.71,   0.49,  -0.19,   0.00,   0.00,  61.2,  67.8,  27.7,  28.8,   1.6,  21.69,  24.77,    15.87,  185.39,   53.04,  30.26, 2485.0,    0.73,  322.92,  354.69,  353.09,  335.13,  334.34,  335.49, 1447.10, 1502.99, 1472.25, 1454.13, 1450.86, 1451.51, 1527.78, 1525.18,  7256.6, 168,  GPS,   67.5, 116.50, 115.60, 134.750, 121.500, -0.002,       ,  20.42, -55.6,   36.4,   67.9,  -14.4,      1,   GPS,    ALT,  -0.1,   0.5,  -3.9, 3DDiff, 3704,      ,     12,  14.5,     16
2018-08-27, 17:41:04,  -04:00,  RAYMY,   42.7014313,  -71.7750473,  7000.7, 30.00,  7350.8,  16.2, 146.00, 173.16,   -6.88,   0.51,  -0.19,  -0.00,   0.00,  61.2,  67.9,  27.7,  28.8,   1.6,  21.70,  24.76,    15.81,  185.39,   52.98,  30.24, 2485.3,    0.73,  322.89,  354.68,  353.06,  335.12,  334.31,  335.47, 1447.94, 1502.26, 1473.07, 1453.42, 1450.39, 1451.62, 1527.22, 1525.44,  7256.8, 168,  GPS,   67.5, 116.50, 115.60, 134.750, 121.500, -0.002,       ,  20.45, -55.5,   36.3,   67.9,  -14.4,      1,   GPS,    ALT,  -0.1,   0.5,  -3.9, 3DDiff, 3704,      ,     12,  14.5,     16
2018-08-27, 17:41:05,  -04:00,  RAYMY,   42.7019081,  -71.7741623,  7000.7, 30.00,  7350.7,  16.2, 145.87, 173.06,    0.70,   0.46,  -0.14,   0.00,  -0.01,  61.2,  67.9,  27.7,  28.8,   1.6,  21.70,  24.76,    15.86,  185.39,   53.24,  30.22, 2486.7,    0.73,  322.86,  354.65,  353.06,  335.10,  334.27,  335.49, 1447.77, 1502.70, 1473.15, 1452.89, 1449.36, 1451.97, 1527.17, 1525.07,  7256.8, 168,  GPS,   67.5, 116.50, 115.60, 134.750, 121.500, -0.002,       ,  20.47, -55.4,   36.3,   67.9,  -14.4,      1,   GPS,    ALT,  -0.1,   0.5,   0.0, 3DDiff, 3704,      ,     12,  14.5,     17
2018-08-27, 17:41:06,  -04:00,  RAYMY,   42.7023849,  -71.7732925,  7000.7, 30.00,  7350.5,  16.2, 145.82, 172.98,  -14.80,   0.44,  -0.09,   0.00,  -0.01,  61.2,  67.9,  27.7,  28.8,   1.6,  21.70,  24.75,    15.94,  185.40,   53.44,  30.27, 2488.7,    0.74,  322.83,  354.62,  353.03,  335.12,  334.24,  335.46, 1448.52, 1502.89, 1472.83, 1454.59, 1449.02, 1452.10, 1527.97, 1525.27,  7256.6, 168,  GPS,   67.5, 116.50, 115.60, 134.750, 121.500, -0.002,       ,  20.49, -55.3,   36.2,   67.9,  -14.4,      1,   GPS,    ALT,  -0.1,   0.5,  -7.9, 3DDiff, 3704,      ,     12,  14.5,     17
2018-08-27, 17:41:07,  -04:00,  RAYMY,   42.7028580,  -71.7724228,  7000.7, 30.00,  7350.4,  16.2, 145.81, 172.92,  -25.39,   0.49,  -0.08,   0.00,   0.01,  61.2,  67.9,  27.7,  28.8,   1.6,  21.71,  24.75,    15.93,  185.40,   53.41,  30.24, 2488.8,    0.74,  322.83,  354.62,  353.00,  335.09,  334.18,  335.46, 1447.79, 1502.26, 1471.40, 1456.31, 1450.15, 1452.66, 1528.28, 1524.94,  7256.4, 168,  GPS,   67.5, 116.50, 115.60, 134.750, 121.500, -0.002,       ,  20.53, -55.0,   36.2,   67.9,  -14.4,      1,   GPS,    ALT,  -0.1,   0.5,  -7.9, 3DDiff, 3704,      ,     12,  15.0,     17
2018-08-27, 17:41:08,  -04:00,  RAYMY,   42.7033348,  -71.7715454,  6999.7, 30.00,  7351.3,  16.2, 145.76, 172.87,  -16.10,   0.49,  -0.11,  -0.00,   0.00,  61.1,  67.9,  27.7,  28.8,   1.6,  21.71,  24.74,    15.87,  185.40,   53.40,  30.28, 2487.6,    0.73,  322.80,  354.58,  352.94,  335.06,  334.16,  335.45, 1447.07, 1502.84, 1471.59, 1456.62, 1450.96, 1452.99, 1528.29, 1524.47,  7257.4, 168,  GPS,   67.5, 116.50, 115.60, 134.750, 121.500, -0.002,       ,  20.53, -55.0,   36.1,   67.9,  -14.4,      1,   GPS,    ALT,  -0.1,   0.5,   0.0, 3DDiff, 3704,      ,     12,  14.5,     17
2018-08-27, 17:41:09,  -04:00,  RAYMY,   42.7038116,  -71.7706757,  6999.7, 30.00,  7351.1,  16.2, 145.76, 172.77,  -19.57,   0.54,  -0.11,   0.00,  -0.01,  61.2,  67.9,  27.7,  28.8,   1.6,  21.71,  24.74,    15.81,  185.39,   53.46,  30.27, 2486.2,    0.73,  322.78,  354.57,  352.89,  335.07,  334.12,  335.43, 1446.36, 1504.20, 1471.51, 1455.80, 1450.40, 1452.75, 1528.75, 1524.10,  7257.1, 168,  GPS,   67.5, 116.50, 115.60, 134.750, 121.500, -0.002,       ,  20.54, -54.9,   36.1,   67.9,  -14.4,      1,   GPS,    ALT,  -0.1,   0.5,   0.0, 3DDiff, 3704,      ,     12,  14.5,     16
2018-08-27, 17:41:10,  -04:00,  RAYMY,   42.7042847,  -71.7698059,  6999.7, 30.00,  7350.4,  16.2, 145.57, 172.71,  -13.99,   0.54,  -0.11,   0.00,   0.00,  61.1,  67.9,  27.7,  28.8,   1.6,  21.72,  24.73,    15.88,  185.36,   53.25,  30.25, 2487.2,    0.73,  322.75,  354.56,  352.85,  335.06,  334.12,  335.46, 1447.30, 1504.45, 1471.88, 1455.36, 1449.98, 1451.20, 1528.38, 1525.09,  7256.4, 168,  GPS,   67.5, 116.50, 115.60, 134.750, 121.500, -0.002,       ,  20.56, -54.8,   36.0,   67.9,  -14.4,      1,   GPS,    ALT,  -0.1,   0.5,   3.9, 3DDiff, 3704,      ,     12,  14.5,     16
2018-08-27, 17:41:11,  -04:00,  RAYMY,   42.7047577,  -71.7689285,  7000.7, 30.00,  7350.4,  16.2, 145.44, 172.61,   -3.70,   0.56,  -0.09,  -0.00,   0.00,  61.1,  68.1,  27.7,  28.8,   1.6,  21.72,  24.72,    15.82,  185.35,   53.57,  30.25, 2485.4,    0.73,  322.76,  354.56,  352.79,  335.05,  334.08,  335.46, 1447.19, 1504.09, 1472.03, 1455.71, 1449.66, 1450.87, 1528.63, 1524.74,  7256.5, 168,  GPS,   67.5, 116.50, 115.60, 134.750, 121.500, -0.002,       ,  20.57, -54.7,   36.0,   67.9,  -14.4,      1,   GPS,    ALT,  -0.1,   0.5,   3.9, 3DDiff, 3704,      ,     12,  14.5,     17
2018-08-27, 17:41:12,  -04:00,  RAYMY,   42.7052307,  -71.7680588,  7000.7, 30.00,  7350.4,  16.2, 145.22, 172.54,   -0.07,   0.53,  -0.10,  -0.00,  -0.01,  61.1,  68.0,  27.7,  28.8,   1.6,  21.71,  24.71,    15.82,  185.34,   53.37,  30.19, 2487.2,    0.73,  322.74,  354.56,  352.72,  335.03,  334.06,  335.43, 1446.30, 1502.99, 1472.95, 1456.70, 1448.62, 1452.48, 1528.75, 1524.03,  7256.5, 167,  GPS,   67.5, 116.50, 115.60, 134.750, 121.500, -0.002,       ,  20.58, -54.6,   35.9,   67.9,  -14.4,      1,   GPS,    ALT,  -0.1,   0.5,   3.9, 3DDiff, 3704,      ,     12,  14.5,     17
2018-08-27, 17:41:13,  -04:00,  RAYMY,   42.7057076,  -71.7671890,  7000.7, 30.00,  7350.2,  16.2, 145.21, 172.48,   -1.73,   0.55,  -0.14,   0.00,  -0.00,  61.1,  68.0,  27.7,  28.8,   1.6,  21.72,  24.70,    15.73,  185.35,   53.11,  30.22, 2486.8,    0.73,  322.70,  354.53,  352.64,  335.05,  334.03,  335.42, 1445.03, 1503.14, 1471.92, 1456.05, 1447.80, 1452.47, 1528.59, 1523.22,  7256.3, 167,  GPS,   67.5, 116.50, 115.60, 134.750, 121.500, -0.002,       ,  20.62, -54.4,   35.9,   67.9,  -14.4,      1,   GPS,    ALT,  -0.1,   0.5,  -3.9, 3DDiff, 3704,      ,     12,  15.0,     17
2018-08-27, 17:41:14,  -04:00,  RAYMY,   42.7061806,  -71.7663116,  6999.7, 30.00,  7349.4,  16.2, 145.00, 172.42,  -11.03,   0.55,  -0.15,   0.00,   0.00,  61.1,  67.9,  27.7,  28.8,   1.6,  21.72,  24.70,    15.77,  185.36,   53.25,  30.23, 2486.7,    0.73,  322.68,  354.55,  352.57,  335.02,  334.02,  335.37, 1446.01, 1503.59, 1471.53, 1455.79, 1448.65, 1452.95, 1528.58, 1524.00,  7255.4, 167,  GPS,   67.5, 116.50, 115.60, 134.750, 121.500, -0.002,       ,  20.62, -54.4,   35.8,   67.9,  -14.4,      1,   GPS,    ALT,  -0.1,   0.6,  -3.9, 3DDiff, 3704,      ,     12,  14.5,     17
2018-08-27, 17:41:15,  -04:00,  RAYMY,   42.7066536,  -71.7654572,  6999.7, 30.00,  7349.8,  16.2, 144.88, 172.38,  -22.29,   0.57,  -0.20,  -0.00,   0.00,  61.1,  67.9,  27.7,  28.8,   1.6,  21.73,  24.69,    15.86,  185.36,   53.25,  30.22, 2488.8,    0.73,  322.68,  354.51,  352.51,  335.02,  334.00,  335.36, 1445.98, 1503.32, 1471.60, 1456.59, 1448.61, 1452.58, 1528.41, 1523.87,  7255.9, 167,  GPS,   67.5, 116.50, 115.60, 134.750, 121.500, -0.002,       ,  20.63, -54.3,   35.8,   67.9,  -14.4,      1,   GPS,    ALT,  -0.1,   0.6,  -3.9, 3DDiff, 3704,      ,     12,  14.5,     16
2018-08-27, 17:41:16,  -04:00,  RAYMY,   42.7071304,  -71.7645798,  6999.7, 30.00,  7350.3,  16.2, 144.79, 172.32,  -23.97,   0.59,  -0.16,  -0.00,  -0.00,  61.1,  67.9,  27.7,  28.8,   1.6,  21.73,  24.68,    15.94,  185.36,   53.38,  30.21, 2486.7,    0.74,  322.65,  354.54,  352.42,  335.00,  333.97,  335.34, 1446.68, 1503.56, 1471.82, 1456.19, 1449.01, 1450.92, 1527.84, 1524.04,  7256.3, 167,  GPS,   67.5, 116.50, 115.60, 134.750, 121.500, -0.002,       ,  20.67, -54.1,   35.7,   67.9,  -14.4,      1,   GPS,    ALT,  -0.1,   0.6,   0.0, 3DDiff, 3704,      ,     12,  14.5,     16
2018-08-27, 17:41:17,  -04:00,  RAYMY,   42.7076073,  -71.7637100,  7000.7, 30.00,  7350.4,  16.2, 144.84, 172.28,   -1.22,   0.60,  -0.23,   0.00,  -0.01,  61.1,  67.9,  27.7,  28.8,   1.6,  21.75,  24.67,    15.96,  185.35,   53.43,  30.26, 2485.3,    0.74,  322.60,  354.52,  352.33,  335.00,  333.94,  335.31, 1446.52, 1504.31, 1471.64, 1456.27, 1449.04, 1450.92, 1528.11, 1524.04,  7256.5, 167,  GPS,   67.5, 116.50, 115.60, 134.750, 121.500, -0.002,       ,  20.67, -54.1,   35.7,   67.9,  -14.4,      1,   GPS,    ALT,  -0.1,   0.6,   7.9, 3DDiff, 3704,      ,     12,  15.0,     17
2018-08-27, 17:41:18,  -04:00,  RAYMY,   42.7080765,  -71.7628403,  7000.7, 30.00,  7350.4,  16.2, 144.69, 172.22,   12.60,   0.59,  -0.05,  -0.00,  -0.01,  61.1,  67.9,  27.7,  28.8,   1.6,  21.76,  24.66,    15.90,  185.37,   53.36,  30.25, 2483.9,    0.73,  322.59,  354.50,  352.22,  334.99,  333.93,  335.28, 1446.89, 1504.48, 1472.08, 1457.24, 1448.27, 1449.74, 1528.74, 1524.38,  7256.5, 167,  GPS,   67.5, 116.50, 115.60, 134.750, 121.500, -0.002,       ,  20.68, -54.1,   35.7,   67.9,  -14.4,      1,   GPS,    ALT,  -0.1,   0.6,   3.9, 3DDiff, 3704,      ,     12,  14.5,     17
2018-08-27, 17:41:19,  -04:00,  RAYMY,   42.7085533,  -71.7619705,  7000.7, 30.00,  7350.3,  16.2, 144.70, 172.17,   12.39,   0.58,  -0.13,  -0.00,  -0.00,  61.1,  67.9,  27.7,  28.8,   1.6,  21.77,  24.65,    15.90,  185.37,   53.41,  30.20, 2486.4,    0.73,  322.56,  354.47,  352.17,  334.97,  333.91,  335.30, 1447.21, 1504.65, 1471.06, 1456.06, 1446.97, 1449.66, 1528.33, 1523.10,  7256.4, 167,  GPS,   67.5, 116.50, 115.60, 134.750, 121.500, -0.002,       ,  20.70, -54.0,   35.6,   67.9,  -14.4,      1,   GPS,    ALT,  -0.1,   0.6, -11.8, 3DDiff, 3704,      ,     12,  15.0,     17
2018-08-27, 17:41:20,  -04:00,  RAYMY,   42.7090225,  -71.7611008,  6999.7, 30.00,  7350.7,  16.2, 144.65, 172.15,  -19.27,   0.63,  -0.12,   0.00,  -0.00,  61.1,  67.9,  27.7,  28.8,   1.6,  21.76,  24.65,    15.90,  185.38,   53.27,  30.20, 2485.6,    0.73,  322.56,  354.50,  352.08,  334.97,  333.93,  335.28, 1447.22, 1505.56, 1471.50, 1456.92, 1446.91, 1449.91, 1528.86, 1522.76,  7257.1, 167,  GPS,   67.5, 116.50, 115.60, 134.750, 121.500, -0.002,       ,  20.71, -54.0,   35.6,   67.9,  -14.4,      1,   GPS,    ALT,  -0.1,   0.6, -15.7, 3DDiff, 3704,      ,     12,  14.5,     17
2018-08-27, 17:41:21,  -04:00,  RAYMY,   42.7094994,  -71.7602386,  6999.7, 30.00,  7350.2,  16.2, 144.74, 172.09,  -34.35,   0.70,  -0.10,  -0.00,   0.01,  61.2,  67.9,  27.7,  28.8,   1.6,  21.76,  24.65,    15.87,  185.39,   52.94,  30.24, 2481.2,    0.73,  322.54,  354.47,  351.99,  334.94,  333.93,  335.30, 1447.60, 1505.83, 1471.65, 1456.87, 1446.34, 1448.35, 1528.94, 1523.01,  7256.6, 167,  GPS,   67.5, 116.50, 115.60, 134.750, 121.500, -0.002,       ,  20.72, -54.0,   35.5,   67.9,  -14.4,      1,   GPS,    ALT,  -0.1,   0.7, -11.8, 3DDiff, 3704,      ,     12,  14.5,     16
2018-08-27, 17:41:22,  -04:00,  RAYMY,   42.7099724,  -71.7593689,  6999.7, 30.00,  7350.1,  16.2, 144.78, 172.01,  -27.26,   0.75,  -0.12,  -0.01,   0.01,  61.2,  67.9,  27.7,  28.8,   1.6,  21.77,  24.64,    15.88,  185.40,   52.92,  30.20, 2486.7,    0.73,  322.51,  354.44,  351.90,  334.94,  333.96,  335.30, 1447.06, 1506.15, 1471.49, 1455.63, 1445.83, 1447.86, 1528.25, 1522.88,  7256.5, 167,  GPS,   67.5, 116.50, 115.60, 134.750, 121.500, -0.002,       ,  20.73, -54.0,   35.5,   67.9,  -14.4,      1,   GPS,    ALT,  -0.1,   0.7,   0.0, 3DDiff, 3704,      ,     12,  14.5,     16
2018-08-27, 17:41:23,  -04:00,  RAYMY,   42.7104492,  -71.7584991,  7000.7, 30.00,  7350.5,  16.2, 144.78, 171.91,    1.22,   0.75,  -0.04,   0.00,  -0.01,  61.2,  67.9,  27.7,  28.8,   1.6,  21.78,  24.63,    15.86,  185.39,   53.17,  30.19, 2485.2,    0.73,  322.50,  354.44,  351.81,  334.91,  333.99,  335.33, 1446.56, 1506.69, 1470.47, 1455.06, 1445.62, 1447.67, 1528.25, 1522.50,  7256.8, 167,  GPS,   67.5, 116.50, 115.60, 134.750, 121.500, -0.002,       ,  20.74, -54.0,   35.4,   67.9,  -14.4,      1,   GPS,    ALT,  -0.1,   0.7,  11.8, 3DDiff, 3704,      ,     12,  14.5,     17
2018-08-27, 17:41:24,  -04:00,  RAYMY,   42.7109222,  -71.7576370,  6999.7, 30.00,  7350.6,  16.2, 144.61, 171.84,    1.46,   0.70,  -0.14,   0.01,  -0.01,  61.2,  67.9,  27.7,  28.8,   1.6,  21.78,  24.64,    15.84,  185.40,   53.01,  30.18, 2486.1,    0.73,  322.47,  354.41,  351.75,  334.91,  334.02,  335.31, 1446.62, 1505.31, 1470.40, 1455.86, 1444.90, 1447.50, 1527.81, 1521.98,  7256.9, 167,  GPS,   67.5, 116.50, 115.60, 134.750, 121.500, -0.002,       ,  20.74, -54.0,   35.4,   67.9,  -14.4,      1,   GPS,    ALT,  -0.1,   0.7,   7.9, 3DDiff, 3704,      ,     12,  14.5,     17
2018-08-27, 17:41:25,  -04:00,  RAYMY,   42.7113953,  -71.7567673,  6999.7, 30.00,  7350.7,  16.2, 144.58, 171.74,   -1.94,   0.70,  -0.11,  -0.00,  -0.00,  61.2,  67.9,  27.7,  28.8,   1.6,  21.77,  24.64,    15.84,  185.40,   53.21,  30.21, 2486.7,    0.73,  322.45,  354.38,  351.63,  334.89,  334.06,  335.31, 1446.58, 1505.50, 1471.13, 1455.97, 1444.93, 1448.16, 1528.30, 1522.60,  7257.0, 167,  GPS,   67.5, 116.50, 115.60, 134.750, 121.500, -0.002,       ,  20.75, -54.0,   35.3,   67.9,  -14.4,      1,   GPS,    ALT,  -0.1,   0.7,   3.9, 3DDiff, 3704,      ,     12,  15.0,     17
2018-08-27, 17:41:26,  -04:00,  RAYMY,   42.7118683,  -71.7558975,  7000.7, 30.00,  7349.7,  16.2, 144.54, 171.68,    4.81,   0.71,  -0.08,  -0.00,  -0.00,  61.2,  67.9,  27.7,  28.8,   1.6,  21.77,  24.64,    15.89,  185.40,   53.38,  30.20, 2487.4,    0.73,  322.45,  354.41,  351.57,  334.87,  334.17,  335.31, 1446.97, 1504.78, 1471.95, 1455.73, 1445.99, 1447.56, 1527.61, 1523.92,  7256.0, 167,  GPS,   67.5, 116.50, 115.60, 134.750, 121.500, -0.002,       ,  20.74, -54.0,   35.3,   67.9,  -14.4,      1,   GPS,    ALT,  -0.1,   0.7,   3.9, 3DDiff, 3704,      ,     12,  14.5,     17
2018-08-27, 17:41:27,  -04:00,  RAYMY,   42.7123375,  -71.7550278,  7001.7, 30.00,  7349.9,  16.2, 144.64, 171.64,   16.38,   0.69,  -0.11,   0.01,  -0.01,  61.2,  67.9,  27.7,  28.8,   1.6,  21.76,  24.65,    15.87,  185.41,   53.39,  30.19, 2485.0,    0.73,  322.44,  354.38,  351.47,  334.85,  334.25,  335.31, 1446.47, 1504.79, 1472.66, 1456.73, 1447.38, 1447.19, 1527.61, 1524.08,  7256.3, 167,  GPS,   67.5, 116.50, 115.60, 134.750, 121.500, -0.002,       ,  20.74, -54.0,   35.2,   67.9,  -14.4,      1,   GPS,    ALT,  -0.1,   0.7,   3.9, 3DDiff, 3704,      ,     12,  14.5,     16
2018-08-27, 17:41:28,  -04:00,  RAYMY,   42.7128105,  -71.7541656,  6999.7, 30.00,  7350.1,  16.2, 144.49, 171.58,   -3.63,   0.64,  -0.07,   0.00,   0.00,  61.2,  67.9,  27.7,  28.8,   1.6,  21.75,  24.66,    15.74,  185.39,   53.28,  30.18, 2485.3,    0.73,  322.41,  354.38,  351.41,  334.85,  334.38,  335.34, 1447.76, 1505.05, 1471.48, 1456.47, 1447.36, 1446.23, 1527.42, 1523.85,  7256.4, 167,  GPS,   67.5, 116.50, 115.60, 134.750, 121.500, -0.002,       ,  20.74, -54.0,   35.2,   67.9,  -14.4,      1,   GPS,    ALT,  -0.1,   0.7,   3.9, 3DDiff, 3704,      ,     12,  14.5,     16
2018-08-27, 17:41:29,  -04:00,  RAYMY,   42.7132835,  -71.7533035,  6999.7, 30.00,  7349.9,  16.2, 144.39, 171.52,  -18.09,   0.68,  -0.12,  -0.00,   0.00,  61.2,  67.9,  27.7,  28.8,   1.6,  21.74,  24.67,    15.77,  185.43,   53.13,  30.19, 2486.2,    0.73,  322.43,  354.40,  351.32,  334.85,  334.51,  335.36, 1447.18, 1505.14, 1471.60, 1456.20, 1446.95, 1446.43, 1527.47, 1523.89,  7256.3, 167,  GPS,   67.5, 116.50, 115.60, 134.750, 121.500, -0.002,       ,  20.73, -54.0,   35.1,   67.9,  -14.4,      1,   GPS,    ALT,  -0.1,   0.7,  -3.9, 3DDiff, 3704,      ,     12,  14.5,     17
2018-08-27, 17:41:30,  -04:00,  RAYMY,   42.7137527,  -71.7524338,  6999.7, 30.00,  7350.0,  16.2, 144.42, 171.49,  -23.45,   0.71,  -0.10,   0.00,  -0.00,  61.2,  67.9,  27.7,  28.8,   1.6,  21.72,  24.68,    15.80,  185.42,   53.42,  30.19, 2486.9,    0.73,  322.38,  354.40,  351.24,  334.84,  334.71,  335.36, 1446.73, 1505.05, 1471.12, 1456.07, 1446.89, 1444.65, 1527.16, 1523.47,  7256.3, 167,  GPS,   67.5, 116.50, 115.60, 134.750, 121.500, -0.002,       ,  20.72, -53.9,   35.1,   67.9,  -14.4,      1,   GPS,    ALT,  -0.1,   0.7,   0.0, 3DDiff, 3704,      ,     12,  14.5,     17
2018-08-27, 17:41:31,  -04:00,  RAYMY,   42.7142296,  -71.7515717,  6999.7, 30.00,  7350.2,  16.2, 144.35, 171.43,  -14.80,   0.70,  -0.26,   0.00,   0.00,  61.2,  67.9,  27.7,  28.8,   1.6,  21.71,  24.69,    15.81,  185.42,   53.25,  30.22, 2486.9,    0.73,  322.41,  354.40,  351.19,  334.82,  334.90,  335.39, 1446.36, 1505.28, 1471.87, 1456.25, 1447.47, 1443.99, 1527.15, 1524.17,  7256.6, 166,  GPS,   67.5, 116.50, 115.60, 134.750, 121.500, -0.002,       ,  20.71, -53.9,   35.0,   67.9,  -14.4,      1,   GPS,    ALT,  -0.1,   0.7,  15.7, 3DDiff, 3704,      ,     12,  14.5,     17
2018-08-27, 17:41:32,  -04:00,  RAYMY,   42.7146988,  -71.7507095,  7000.7, 30.00,  7351.3,  16.2, 144.42, 171.37,    7.21,   0.68,  -0.19,  -0.00,  -0.00,  61.2,  67.9,  27.7,  28.8,   1.6,  21.72,  24.68,    15.86,  185.44,   53.22,  30.22, 2485.7,    0.73,  322.38,  354.38,  351.14,  334.82,  335.11,  335.40, 1446.38, 1505.98, 1471.96, 1456.37, 1447.22, 1446.39, 1528.10, 1524.00,  7257.7, 167,  GPS,   67.5, 116.50, 115.60, 134.750, 121.500, -0.002,       ,  20.70, -53.9,   35.0,   67.9,  -14.4,      1,   GPS,    ALT,  -0.1,   0.7,  15.7, 3DDiff, 3704,      ,     12,  14.5,     17
2018-08-27, 17:41:33,  -04:00,  RAYMY,   42.7151718,  -71.7498398,  7001.7, 30.00,  7351.6,  16.2, 144.38, 171.33,   20.79,   0.60,  -0.15,  -0.00,  -0.01,  61.2,  67.9,  27.7,  28.8,   1.6,  21.73,  24.67,    15.90,  185.42,   53.06,  30.24, 2486.9,    0.73,  322.38,  354.37,  351.07,  334.79,  335.35,  335.42, 1446.61, 1505.55, 1472.14, 1456.48, 1446.85, 1448.22, 1528.62, 1523.94,  7258.0, 167,  GPS,   67.5, 116.50, 115.60, 134.750, 121.500, -0.002,       ,  20.69, -53.9,   34.9,   67.9,  -14.4,      1,   GPS,    ALT,  -0.1,   0.6,  15.7, 3DDiff, 3704,      ,     12,  14.5,     16
2018-08-27, 17:41:34,  -04:00,  RAYMY,   42.7156448,  -71.7489777,  7000.7, 30.00,  7351.3,  16.2, 144.25, 171.29,    4.47,   0.54,  -0.12,   0.00,  -0.00,  61.1,  67.9,  27.7,  28.8,   1.6,  21.72,  24.66,    15.80,  185.44,   53.40,  30.25, 2486.4,    0.73,  322.37,  354.37,  351.01,  334.81,  335.60,  335.42, 1446.14, 1505.63, 1472.42, 1456.83, 1447.82, 1449.84, 1529.34, 1524.70,  7257.6, 166,  GPS,   67.5, 116.50, 115.60, 134.750, 121.500, -0.002,       ,  20.68, -53.9,   34.9,   67.9,  -14.4,      1,   GPS,    ALT,  -0.1,   0.6,   7.9, 3DDiff, 3704,      ,     12,  14.5,     16
2018-08-27, 17:41:35,  -04:00,  RAYMY,   42.7161179,  -71.7481155,  7000.7, 30.00,  7351.3,  16.2, 144.35, 171.29,   -6.58,   0.56,  -0.11,   0.00,   0.01,  61.1,  67.9,  27.7,  28.8,   1.6,  21.72,  24.67,    15.86,  185.44,   53.34,  30.26, 2487.0,    0.73,  322.38,  354.40,  350.95,  334.79,  335.81,  335.43, 1446.71, 1505.19, 1472.58, 1457.81, 1448.93, 1450.48, 1529.41, 1525.34,  7257.6, 166,  GPS,   67.5, 116.50, 115.60, 134.750, 121.500, -0.002,       ,  20.67, -53.9,   34.8,   67.9,  -14.4,      1,   GPS,    ALT,  -0.1,   0.6,   3.9, 3DDiff, 3704,      ,     12,  14.5,     17
2018-08-27, 17:41:36,  -04:00,  RAYMY,   42.7165871,  -71.7472534,  7000.7, 30.00,  7351.4,  16.2, 144.26, 171.29,   -2.79,   0.54,  -0.19,  -0.00,  -0.00,  61.1,  67.9,  27.7,  28.8,   1.6,  21.71,  24.67,    15.95,  185.45,   53.36,  30.25, 2485.6,    0.74,  322.35,  354.38,  350.89,  334.79,  335.98,  335.43, 1447.12, 1504.69, 1473.39, 1458.81, 1448.28, 1449.51, 1529.51, 1525.33,  7257.8, 166,  GPS,   67.5, 116.50, 115.60, 134.750, 121.500, -0.002,       ,  20.66, -53.9,   34.8,   67.9,  -14.4,      1,   GPS,    ALT,  -0.1,   0.5,   7.9, 3DDiff, 3704,      ,     12,  14.5,     17
2018-08-27, 17:41:37,  -04:00,  RAYMY,   42.7170601,  -71.7463837,  7001.7, 30.00,  7351.6,  16.2, 144.41, 171.29,    3.26,   0.54,  -0.12,   0.01,  -0.01,  61.1,  67.9,  27.7,  28.8,   1.6,  21.71,  24.67,    15.93,  185.45,   53.20,  30.24, 2487.8,    0.74,  322.38,  354.40,  350.84,  334.77,  336.18,  335.46, 1446.34, 1504.63, 1473.37, 1458.40, 1449.22, 1450.85, 1529.24, 1525.45,  7257.9, 167,  GPS,   67.5, 116.50, 115.60, 134.750, 121.500, -0.002,       ,  20.65, -53.9,   34.7,   67.9,  -14.4,      1,   GPS,    ALT,  -0.1,   0.5,   7.9, 3DDiff, 3704,      ,     12,  14.5,     17
2018-08-27, 17:41:38,  -04:00,  RAYMY,   42.7175331,  -71.7455215,  7001.7, 30.00,  7350.8,  16.2, 144.35, 171.29,   -1.55,   0.53,  -0.19,   0.01,   0.00,  61.1,  67.9,  27.7,  28.8,   1.6,  21.71,  24.68,    15.95,  185.44,   53.36,  30.25, 2486.1,    0.74,  322.35,  354.40,  350.81,  334.77,  336.33,  335.46, 1446.73, 1504.43, 1473.83, 1458.33, 1448.75, 1451.25, 1529.24, 1525.66,  7257.2, 166,  GPS,   67.5, 116.50, 115.60, 134.750, 121.500, -0.002,       ,  20.65, -53.9,   34.7,   67.9,  -14.4,      1,   GPS,    ALT,  -0.1,   0.5,   3.9, 3DDiff, 3704,      ,     12,  14.5,     17
2018-08-27, 17:41:39,  -04:00,  RAYMY,   42.7180061,  -71.7446594,  7000.7, 30.00,  7350.8,  16.2, 144.37, 171.31,   -4.30,   0.51,  -0.15,  -0.00,  -0.00,  61.1,  67.8,  27.7,  28.8,   1.6,  21.70,  24.67,    15.94,  185.42,   53.28,  30.25, 2484.3,    0.74,  322.37,  354.41,  350.80,  334.76,  336.46,  335.46, 1447.86, 1504.43, 1473.64, 1458.30, 1449.17, 1451.59, 1529.21, 1525.81,  7257.2, 167,  GPS,   67.5, 116.50, 115.60, 134.750, 121.500, -0.002,       ,  20.64, -53.9,   34.7,   67.9,  -14.4,      1,   GPS,    ALT,  -0.1,   0.5,   0.0, 3DDiff, 3704,      ,     12,  14.5,     16
2018-08-27, 17:41:40,  -04:00,  RAYMY,   42.7184753,  -71.7437973,  7001.7, 30.00,  7351.1,  16.2, 144.42, 171.31,    7.06,   0.48,  -0.16,   0.00,  -0.00,  61.1,  67.8,  27.7,  28.8,   1.6,  21.71,  24.66,    15.85,  185.39,   53.09,  30.22, 2485.4,    0.73,  322.35,  354.40,  350.80,  334.76,  336.58,  335.48, 1446.93, 1504.35, 1473.42, 1456.83, 1449.32, 1451.95, 1529.01, 1525.31,  7257.4, 167,  GPS,   67.5, 116.50, 115.60, 134.750, 121.500, -0.002,       ,  20.63, -53.9,   34.6,   67.9,  -14.4,      1,   GPS,    ALT,  -0.1,   0.5,  -3.9, 3DDiff, 3704,      ,     12,  14.5,     16
2018-08-27, 17:41:41,  -04:00,  RAYMY,   42.7189484,  -71.7429352,  7001.7, 30.00,  7350.9,  16.2, 144.38, 171.33,   -8.95,   0.52,  -0.07,   0.00,   0.00,  61.0,  67.8,  27.7,  28.8,   1.6,  21.71,  24.66,    15.88,  185.39,   53.36,  30.25, 2485.7,    0.73,  322.35,  354.41,  350.80,  334.76,  336.71,  335.48, 1447.29, 1503.74, 1473.22, 1458.11, 1449.07, 1453.15, 1529.55, 1524.84,  7257.2, 167,  GPS,   67.5, 116.50, 115.60, 134.750, 121.500, -0.002,       ,  20.62, -53.8,   34.6,   67.9,  -14.4,      1,   GPS,    ALT,  -0.1,   0.5,  -7.9, 3DDiff, 3704,      ,     12,  14.5,     17
2018-08-27, 17:41:42,  -04:00,  RAYMY,   42.7194176,  -71.7420654,  7001.7, 30.00,  7350.9,  16.2, 144.32, 171.35,   -3.95,   0.44,  -0.08,   0.00,  -0.00,  61.0,  67.8,  27.7,  28.8,   1.6,  21.71,  24.65,    15.88,  185.39,   53.34,  30.25, 2485.6,    0.73,  322.35,  354.41,  350.83,  334.76,  336.82,  335.52, 1447.17, 1503.80, 1472.39, 1457.46, 1449.65, 1453.54, 1528.86, 1524.57,  7257.3, 166,  GPS,   67.5, 116.50, 115.60, 134.750, 121.500, -0.002,       ,  20.62, -53.8,   34.5,   67.9,  -14.4,      1,   GPS,    ALT,  -0.1,   0.5,   3.9, 3DDiff, 3704,      ,     12,  14.5,     17
2018-08-27, 17:41:43,  -04:00,  RAYMY,   42.7198944,  -71.7412033,  7001.7, 30.00,  7350.9,  16.2, 144.34, 171.39,  -11.07,   0.41,  -0.01,  -0.00,   0.00,  61.0,  67.8,  27.7,  28.8,   1.6,  21.70,  24.66,    15.87,  185.39,   53.35,  30.25, 2485.8,    0.73,  322.35,  354.41,  350.89,  334.76,  336.90,  335.52, 1447.00, 1503.43, 1473.65, 1456.72, 1450.97, 1453.05, 1528.26, 1525.82,  7257.3, 166,  GPS,   67.5, 116.50, 115.60, 134.750, 121.500, -0.002,       ,  20.61, -53.8,   34.5,   67.9,  -14.4,      1,   GPS,    ALT,  -0.0,   0.4,   0.0, 3DDiff, 3704,      ,     12,  14.5,     17
2018-08-27, 17:41:44,  -04:00,  RAYMY,   42.7203636,  -71.7403412,  7000.7, 30.00,  7351.8,  16.2, 144.21, 171.43,  -22.58,   0.43,  -0.13,   0.00,   0.00,  61.0,  67.8,  27.7,  28.8,   1.6,  21.70,  24.66,    15.83,  185.41,   53.14,  30.23, 2486.2,    0.73,  322.38,  354.41,  350.94,  334.78,  336.98,  335.55, 1447.04, 1504.26, 1473.24, 1456.51, 1450.69, 1452.98, 1529.27, 1525.84,  7258.2, 166,  GPS,   67.5, 116.50, 115.60, 134.750, 121.500, -0.002,       ,  20.61, -53.8,   34.4,   67.9,  -14.4,      1,   GPS,    ALT,  -0.0,   0.4,   0.0, 3DDiff, 3704,      ,     12,  14.5,     17
2018-08-27, 17:41:45,  -04:00,  RAYMY,   42.7208405,  -71.7394714,  7001.7, 30.00,  7352.0,  16.2, 144.39, 171.49,   -9.22,   0.41,  -0.12,   0.00,   0.00,  61.0,  67.8,  27.7,  28.8,   1.6,  21.71,  24.65,    15.96,  185.42,   53.16,  30.29, 2486.3,    0.74,  322.38,  354.38,  351.01,  334.76,  337.04,  335.55, 1448.52, 1503.86, 1473.88, 1457.42, 1451.16, 1452.95, 1529.69, 1527.23,  7258.3, 167,  GPS,   67.5, 116.50, 115.60, 134.750, 121.500, -0.002,       ,  20.60, -53.8,   34.4,   67.9,  -14.4,      1,   GPS,    ALT,  -0.0,   0.4,   7.9, 3DDiff, 3704,      ,     12,  14.5,     16
2018-08-27, 17:41:46,  -04:00,  RAYMY,   42.7213173,  -71.7386017,  7000.7, 30.00,  7352.0,  16.2, 144.44, 171.56,   -1.29,   0.36,  -0.13,  -0.00,  -0.00,  61.0,  67.8,  27.7,  28.8,   1.6,  21.72,  24.63,    16.12,  185.42,   53.44,  30.38, 2487.6,    0.74,  322.38,  354.40,  351.07,  334.78,  337.12,  335.58, 1450.53, 1505.40, 1475.84, 1459.65, 1452.82, 1454.00, 1531.97, 1529.25,  7258.4, 167,  GPS,   67.5, 116.50, 115.60, 134.750, 121.500, -0.002,       ,  20.60, -53.7,   34.3,   67.9,  -14.4,      1,   GPS,    ALT,  -0.0,   0.4,  11.8, 3DDiff, 3704,      ,     12,  14.5,     16
2018-08-27, 17:41:47,  -04:00,  RAYMY,   42.7217903,  -71.7377472,  7001.7, 30.00,  7352.2,  16.2, 144.57, 171.66,   -8.55,   0.35,  -0.08,  -0.00,   0.00,  61.0,  67.7,  27.7,  28.8,   1.6,  21.73,  24.62,    16.26,  185.45,   53.13,  30.42, 2487.2,    0.75,  322.38,  354.38,  351.17,  334.79,  337.16,  335.58, 1452.99, 1507.25, 1478.21, 1461.95, 1454.73, 1456.93, 1534.27, 1532.17,  7258.6, 167,  GPS,   67.5, 116.50, 115.60, 134.750, 121.500, -0.002,       ,  20.60, -53.7,   34.3,   67.9,  -14.4,      1,   GPS,    ALT,  -0.0,   0.4,   3.9, 3DDiff, 3704,      ,     12,  14.5,     17
2018-08-27, 17:41:48,  -04:00,  RAYMY,   42.7222672,  -71.7368774,  7002.7, 30.00,  7352.5,  16.2, 144.75, 171.80,    6.52,   0.33,  -0.03,   0.00,  -0.01,  60.9,  67.7,  27.7,  28.8,   1.6,  21.75,  24.61,    16.37,  185.44,   53.27,  30.40, 2487.7,    0.76,  322.38,  354.38,  351.25,  334.79,  337.22,  335.58, 1455.03, 1509.61, 1481.02, 1464.24, 1457.67, 1457.87, 1536.83, 1534.91,  7258.9, 167,  GPS,   67.5, 116.50, 115.60, 134.750, 121.500, -0.002,       ,  20.60, -53.7,   34.2,   67.9,  -14.4,      1,   GPS,    ALT,  -0.0,   0.3,  11.8, 3DDiff, 3704,      ,     12,  14.5,     17
2018-08-27, 17:41:49,  -04:00,  RAYMY,   42.7227440,  -71.7360153,  7001.7, 30.00,  7352.6,  16.2, 144.83, 171.89,    6.38,   0.26,  -0.01,   0.00,  -0.01,  61.0,  67.7,  27.7,  28.8,   1.6,  21.76,  24.60,    16.33,  185.42,   53.20,  30.44, 2485.5,    0.75,  322.38,  354.41,  351.35,  334.81,  337.25,  335.62, 1456.14, 1512.17, 1482.65, 1465.35, 1459.00, 1459.23, 1538.74, 1536.43,  7258.9, 167,  GPS,   67.5, 116.50, 115.60, 134.750, 121.500, -0.002,       ,  20.61, -53.7,   34.2,   67.9,  -14.4,      1,   GPS,    ALT,   0.0,   0.3,   7.9, 3DDiff, 3704,      ,     12,  14.5,     17
2018-08-27, 17:41:50,  -04:00,  RAYMY,   42.7232208,  -71.7351456,  7001.7, 30.00,  7351.4,  16.2, 145.10, 172.01,   -9.18,   0.31,   0.03,  -0.00,   0.00,  61.0,  67.7,  27.7,  28.8,   1.6,  21.76,  24.59,    16.37,  185.43,   52.92,  30.42, 2486.2,    0.76,  322.41,  354.43,  351.47,  334.82,  337.31,  335.67, 1456.76, 1513.21, 1483.70, 1467.58, 1459.56, 1460.01, 1539.89, 1537.74,  7257.8, 167,  GPS,   67.5, 116.50, 115.60, 134.750, 121.500, -0.002,       ,  20.61, -53.7,   34.1,   67.9,  -14.4,      1,   GPS,    ALT,   0.0,   0.3, -11.8, 3DDiff, 3704,      ,     12,  14.5,     17
2018-08-27, 17:41:51,  -04:00,  RAYMY,   42.7236938,  -71.7342834,  7001.7, 30.00,  7351.3,  16.2, 145.10, 172.11,  -12.45,   0.30,  -0.01,  -0.00,  -0.02,  61.0,  67.7,  27.7,  28.8,   1.6,  21.77,  24.57,    16.33,  185.41,   53.03,  30.40, 2488.7,    0.75,  322.40,  354.44,  351.56,  334.85,  337.35,  335.70, 1458.15, 1515.08, 1484.96, 1467.94, 1461.54, 1461.81, 1541.00, 1539.29,  7257.7, 167,  GPS,   67.5, 116.50, 115.60, 134.750, 121.500, -0.002,       ,  20.61, -53.7,   34.1,   67.9,  -14.4,      1,   GPS,    ALT,   0.0,   0.3, -11.8, 3DDiff, 3704,      ,     12,  14.5,     16
2018-08-27, 17:41:52,  -04:00,  RAYMY,   42.7241707,  -71.7334137,  7001.7, 30.00,  7351.3,  16.2, 145.37, 172.19,  -15.42,   0.30,  -0.12,   0.00,  -0.02,  61.2,  67.7,  27.7,  28.8,   1.6,  21.78,  24.55,    16.35,  185.39,   53.13,  30.37, 2487.4,    0.75,  322.43,  354.46,  351.68,  334.85,  337.38,  335.73, 1457.95, 1514.70, 1485.73, 1467.48, 1461.44, 1462.14, 1541.37, 1539.34,  7257.7, 168,  GPS,   67.5, 116.50, 115.60, 134.750, 121.500, -0.002,       ,  20.61, -53.7,   34.0,   67.9,  -14.4,      1,   GPS,    ALT,   0.0,   0.3, -11.8, 3DDiff, 3704,      ,     12,  14.5,     16
2018-08-27, 17:41:53,  -04:00,  RAYMY,   42.7246475,  -71.7325439,  7002.7, 30.00,  7351.2,  16.2, 145.52, 172.24,   -0.01,   0.34,   0.15,   0.00,  -0.01,  61.1,  67.7,  27.7,  28.8,   1.6,  21.80,  24.54,    16.32,  185.38,   53.16,  30.38, 2487.5,    0.75,  322.44,  354.49,  351.77,  334.88,  337.44,  335.79, 1457.94, 1515.26, 1486.31, 1468.89, 1462.30, 1462.80, 1542.19, 1539.03,  7257.6, 168,  GPS,   67.5, 116.50, 115.60, 134.750, 121.500, -0.002,       ,  20.61, -53.7,   34.0,   67.9,  -14.4,      1,   GPS,    ALT,   0.0,   0.3, -11.8, 3DDiff, 3704,      ,     12,  14.5,     16
2018-08-27, 17:41:54,  -04:00,  RAYMY,   42.7251205,  -71.7316818,  7001.7, 30.00,  7351.2,  16.2, 145.60, 172.30,  -14.25,   0.34,   0.11,  -0.00,  -0.02,  61.2,  67.7,  27.7,  28.8,   1.6,  21.79,  24.54,    16.29,  185.39,   53.27,  30.37, 2487.3,    0.75,  322.44,  354.50,  351.89,  334.91,  337.47,  335.85, 1458.24, 1515.52, 1486.55, 1468.54, 1462.72, 1464.33, 1542.13, 1538.96,  7257.5, 168,  GPS,   67.5, 116.50, 115.60, 134.750, 121.500, -0.002,       ,  20.60, -53.6,   33.9,   67.9,  -14.4,      1,   GPS,    ALT,   0.0,   0.3,  -7.9, 3DDiff, 3704,      ,     12,  14.5,     17
2018-08-27, 17:41:55,  -04:00,  RAYMY,   42.7255974,  -71.7308121,  7001.7, 30.00,  7351.1,  16.2, 145.60, 172.36,  -14.99,   0.32,   0.07,  -0.01,  -0.02,  61.2,  67.7,  27.7,  28.8,   1.6,  21.78,  24.54,    16.28,  185.38,   53.19,  30.35, 2487.1,    0.75,  322.46,  354.54,  352.01,  334.97,  337.50,  335.91, 1459.36, 1516.49, 1487.00, 1468.75, 1463.68, 1464.53, 1542.54, 1539.64,  7257.5, 168,  GPS,   67.5, 116.50, 115.60, 134.750, 121.500, -0.002,       ,  20.59, -53.6,   33.9,   67.9,  -14.4,      1,   GPS,    ALT,   0.0,   0.3,  -7.9, 3DDiff, 3704,      ,     12,  14.5,     17
2018-08-27, 17:41:56,  -04:00,  RAYMY,   42.7260704,  -71.7299423,  7002.7, 30.00,  7352.0,  16.2, 145.56, 172.42,   -5.49,   0.35,   0.15,   0.00,  -0.02,  61.1,  67.7,  27.7,  28.8,   1.6,  21.77,  24.56,    16.32,  185.36,   53.14,  30.38, 2485.8,    0.75,  322.47,  354.58,  352.08,  335.00,  337.56,  335.97, 1459.13, 1517.94, 1487.61, 1468.71, 1463.74, 1464.58, 1543.24, 1539.90,  7258.3, 168,  GPS,   67.5, 116.50, 115.60, 134.750, 121.500, -0.002,       ,  20.58, -53.6,   33.8,   67.9,  -14.4,      1,   GPS,    ALT,   0.0,   0.3,   0.0, 3DDiff, 3704,      ,     12,  14.0,     16
2018-08-27, 17:41:57,  -04:00,  RAYMY,   42.7265511,  -71.7290726,  7001.7, 30.00,  7351.6,  16.2, 145.28, 172.46,   -2.47,   0.32,  -0.13,   0.00,   0.01,  61.3,  67.7,  27.7,  28.8,   1.6,  21.75,  24.56,    16.28,  185.37,   53.42,  30.36, 2489.2,    0.75,  322.50,  354.59,  352.20,  335.04,  337.59,  336.01, 1459.03, 1517.28, 1487.40, 1468.87, 1464.75, 1464.14, 1543.08, 1539.85,  7258.0, 168,  GPS,   67.5, 116.50, 115.60, 134.750, 121.500, -0.002,       ,  20.56, -53.6,   33.8,   67.9,  -14.4,      1,   GPS,    ALT,   0.0,   0.3, -23.6, 3DDiff, 3704,      ,     12,  14.5,     16
2018-08-27, 17:41:58,  -04:00,  RAYMY,   42.7270279,  -71.7282104,  7001.7, 30.00,  7350.7,  16.2, 145.78, 172.54,  -13.51,   0.27,  -0.05,   0.01,  -0.02,  61.3,  67.7,  27.7,  28.8,   1.6,  21.76,  24.55,    16.29,  185.34,   53.14,  30.37, 2488.3,    0.75,  322.52,  354.62,  352.32,  335.09,  337.64,  336.07, 1459.48, 1518.00, 1487.34, 1469.46, 1465.11, 1464.67, 1543.77, 1540.36,  7257.0, 168,  GPS,   67.5, 116.50, 115.60, 134.750, 121.500, -0.001,       ,  20.52, -53.5,   33.7,   67.9,  -14.4,      1,   GPS,    ALT,   0.0,   0.3, -15.7, 3DDiff, 3704,      ,     12,  14.5,     16
2018-08-27, 17:41:59,  -04:00,  RAYMY,   42.7275085,  -71.7273331,  7000.7, 30.00,  7350.4,  16.2, 145.72, 172.59,  -29.61,   0.31,  -0.11,   0.00,   0.00,  61.3,  67.7,  27.7,  28.8,   1.6,  21.76,  24.55,    16.29,  185.35,   53.27,  30.41, 2487.6,    0.75,  322.56,  354.68,  352.42,  335.16,  337.66,  336.13, 1460.89, 1519.13, 1488.22, 1470.81, 1464.55, 1465.45, 1544.71, 1541.55,  7256.7, 168,  GPS,   67.5, 116.50, 115.60, 134.750, 121.500, -0.001,       ,  20.52, -53.5,   33.7,   67.9,  -14.4,      1,   GPS,    ALT,   0.1,   0.3, -15.7, 3DDiff, 3704,      ,     12,  14.5,     16
2018-08-27, 17:42:00,  -04:00,  RAYMY,   42.7279854,  -71.7264709,  7001.7, 30.00,  7350.1,  16.2, 145.90, 172.65,  -24.52,   0.36,   0.02,   0.01,   0.03,  61.2,  67.7,  27.7,  28.8,   1.6,  21.77,  24.53,    16.31,  185.37,   53.29,  30.42, 2488.9,    0.75,  322.56,  354.71,  352.50,  335.21,  337.71,  336.19, 1460.90, 1519.09, 1488.21, 1471.84, 1464.76, 1466.14, 1545.09, 1542.11,  7256.5, 168,  GPS,   67.5, 116.50, 115.60, 134.750, 121.500, -0.001,       ,  20.49, -53.5,   33.7,   67.9,  -14.4,      1,   GPS,    ALT,   0.1,   0.3, -15.7, 3DDiff, 3704,      ,     12,  14.5,     16
2018-08-27, 17:42:01,  -04:00,  RAYMY,   42.7284660,  -71.7256012,  7000.7, 30.00,  7349.8,  16.2, 145.66, 172.69,  -12.62,   0.33,   0.03,  -0.01,  -0.00,  61.2,  67.7,  27.7,  28.8,   1.6,  21.76,  24.51,    16.29,  185.36,   53.34,  30.40, 2489.2,    0.75,  322.59,  354.74,  352.59,  335.27,  337.74,  336.27, 1461.09, 1519.72, 1488.03, 1471.85, 1465.02, 1466.46, 1545.15, 1542.33,  7256.2, 168,  GPS,   67.5, 116.50, 115.60, 134.750, 121.500, -0.001,       ,  20.46, -53.5,   33.6,   67.9,  -14.4,      1,   GPS,    ALT,   0.1,   0.4, -11.8, 3DDiff, 3704,      ,     12,  14.5,     17
2018-08-27, 17:42:02,  -04:00,  RAYMY,   42.7289391,  -71.7247238,  7000.7, 30.00,  7348.8,  16.2, 145.83, 172.73,  -18.80,   0.42,  -0.03,  -0.00,  -0.01,  61.2,  67.7,  27.7,  28.8,   1.6,  21.75,  24.48,    16.34,  185.36,   53.13,  30.37, 2486.8,    0.75,  322.62,  354.77,  352.69,  335.33,  337.77,  336.31, 1460.59, 1520.14, 1488.34, 1470.21, 1465.44, 1466.00, 1544.99, 1542.14,  7255.2, 168,  GPS,   67.5, 116.50, 115.60, 134.750, 121.500, -0.001,       ,  20.43, -53.4,   33.6,   67.9,  -14.4,      1,   GPS,    ALT,   0.1,   0.4, -11.8, 3DDiff, 3704,      ,     12,  14.0,     16
2018-08-27, 17:42:03,  -04:00,  RAYMY,   42.7294159,  -71.7238617,  7000.7, 30.00,  7348.5,  16.2, 145.80, 172.77,  -17.94,   0.43,   0.02,  -0.00,   0.00,  61.2,  67.7,  27.7,  28.8,   1.6,  21.74,  24.47,    16.31,  185.34,   53.08,  30.36, 2486.9,    0.75,  322.62,  354.83,  352.78,  335.37,  337.81,  336.36, 1460.15, 1520.77, 1488.48, 1469.70, 1465.41, 1466.44, 1545.56, 1541.48,  7254.9, 168,  GPS,   67.5, 116.50, 115.60, 134.750, 121.500, -0.001,       ,  20.40, -53.4,   33.5,   67.9,  -14.4,      1,   GPS,    ALT,   0.1,   0.4, -19.7, 3DDiff, 3704,      ,     12,  14.5,     16
2018-08-27, 17:42:04,  -04:00,  RAYMY,   42.7298965,  -71.7229919,  6999.7, 30.00,  7349.0,  16.2, 145.85, 172.83,  -25.08,   0.43,   0.13,   0.00,   0.01,  61.3,  67.7,  27.7,  28.8,   1.6,  21.74,  24.44,    16.37,  185.35,   53.30,  30.38, 2485.3,    0.76,  322.65,  354.86,  352.87,  335.42,  337.83,  336.43, 1460.72, 1520.87, 1488.73, 1470.45, 1465.17, 1467.38, 1546.37, 1541.86,  7255.3, 168,  GPS,   67.5, 116.50, 115.60, 134.750, 121.500, -0.001,       ,  20.34, -53.4,   33.5,   67.9,  -14.4,      1,   GPS,    ALT,   0.1,   0.4, -11.8, 3DDiff, 3704,      ,     12,  14.5,     16
2018-08-27, 17:42:05,  -04:00,  RAYMY,   42.7303696,  -71.7221146,  6999.7, 30.00,  7348.9,  16.2, 145.90, 172.85,  -22.37,   0.43,   0.19,  -0.01,   0.00,  61.3,  67.8,  27.7,  28.8,   1.6,  21.74,  24.44,    16.31,  185.36,   53.27,  30.39, 2488.0,    0.75,  322.70,  354.92,  352.96,  335.49,  337.89,  336.49, 1461.39, 1521.08, 1488.67, 1469.82, 1466.09, 1468.59, 1546.46, 1542.19,  7255.3, 168,  GPS,   67.5, 116.50, 115.60, 134.750, 121.500, -0.001,       ,  20.34, -53.4,   33.4,   67.9,  -14.4,      1,   GPS,    ALT,   0.1,   0.4,  -3.9, 3DDiff, 3704,      ,     12,  14.0,     16
2018-08-27, 17:42:06,  -04:00,  RAYMY,   42.7308540,  -71.7212448,  6999.7, 30.00,  7348.9,  16.2, 145.85, 172.87,  -36.00,   0.46,   0.08,   0.00,   0.00,  61.3,  67.8,  27.7,  28.8,   1.6,  21.74,  24.42,    16.35,  185.37,   53.18,  30.37, 2489.1,    0.75,  322.73,  354.95,  353.03,  335.55,  337.90,  336.55, 1461.43, 1520.69, 1489.28, 1470.62, 1466.44, 1468.33, 1546.13, 1542.12,  7255.3, 168,  GPS,   67.5, 116.50, 115.60, 134.750, 121.500, -0.001,       ,  20.31, -53.4,   33.4,   67.9,  -14.4,      1,   GPS,    ALT,   0.0,   0.5,   0.0, 3DDiff, 3704,      ,     12,  14.5,     16
2018-08-27, 17:42:07,  -04:00,  RAYMY,   42.7313271,  -71.7203751,  6999.7, 30.00,  7349.2,  16.2, 145.91, 172.87,   -7.91,   0.46,  -0.02,   0.00,  -0.00,  61.4,  67.8,  27.7,  28.8,   1.6,  21.74,  24.41,    16.32,  185.40,   53.52,  30.38, 2489.9,    0.75,  322.77,  354.99,  353.14,  335.61,  337.92,  336.61, 1462.64, 1521.11, 1489.17, 1471.28, 1466.04, 1468.28, 1546.39, 1543.13,  7255.5, 168,  GPS,   67.5, 116.50, 115.60, 134.750, 121.500, -0.001,       ,  20.25, -53.3,   33.3,   67.9,  -14.4,      1,   GPS,    ALT,   0.0,   0.5,  11.8, 3DDiff, 3704,      ,     12,  14.5,     17
2018-08-27, 17:42:08,  -04:00,  RAYMY,   42.7318001,  -71.7194977,  6999.7, 30.00,  7350.0,  16.2, 145.92, 172.89,  -17.30,   0.46,   0.01,   0.00,   0.00,  61.3,  67.8,  27.7,  28.8,   1.6,  21.75,  24.41,    16.33,  185.38,   53.35,  30.39, 2488.0,    0.75,  322.80,  355.04,  353.21,  335.67,  337.95,  336.67, 1462.97, 1521.10, 1489.52, 1470.18, 1466.47, 1467.23, 1545.79, 1544.30,  7256.4, 168,  GPS,   67.5, 116.50, 115.60, 134.750, 121.500, -0.001,       ,  20.25, -53.3,   33.3,   67.9,  -14.4,      1,   GPS,    ALT,   0.0,   0.5,  15.7, 3DDiff, 3704,      ,     12,  14.0,     16
2018-08-27, 17:42:09,  -04:00,  RAYMY,   42.7322845,  -71.7186279,  7000.7, 30.00,  7350.3,  16.2, 145.75, 172.89,    2.82,   0.44,  -0.05,  -0.00,   0.00,  61.4,  67.8,  27.7,  28.8,   1.6,  21.75,  24.40,    16.26,  185.37,   53.38,  30.38, 2486.2,    0.75,  322.84,  355.10,  353.30,  335.76,  337.98,  336.71, 1462.56, 1520.68, 1490.19, 1470.12, 1467.52, 1467.06, 1545.64, 1544.24,  7256.7, 168,  GPS,   67.5, 116.50, 115.60, 134.750, 121.500, -0.001,       ,  20.23, -53.3,   33.2,   67.9,  -14.4,      1,   GPS,    ALT,   0.0,   0.5,  19.7, 3DDiff, 3704,      ,     12,  14.0,     16
2018-08-27, 17:42:10,  -04:00,  RAYMY,   42.7327576,  -71.7177582,  7001.7, 30.00,  7350.2,  16.2, 145.71, 172.90,   23.59,   0.37,  -0.02,   0.00,  -0.02,  61.4,  67.8,  27.7,  28.8,   1.6,  21.75,  24.40,    16.28,  185.35,   53.42,  30.35, 2488.4,    0.75,  322.86,  355.14,  353.42,  335.81,  337.99,  336.82, 1462.64, 1520.89, 1490.19, 1471.00, 1466.93, 1467.47, 1546.16, 1543.72,  7256.6, 168,  GPS,   67.5, 116.50, 115.60, 134.750, 121.500, -0.001,       ,  20.20, -53.3,   33.2,   67.9,  -14.4,      1,   GPS,    ALT,   0.0,   0.4,  15.7, 3DDiff, 3704,      ,     12,  14.0,     16
2018-08-27, 17:42:11,  -04:00,  RAYMY,   42.7332344,  -71.7168808,  7001.7, 30.00,  7350.1,  16.2, 145.74, 172.92,   12.97,   0.37,   0.01,   0.00,  -0.00,  61.4,  67.9,  27.7,  28.8,   1.6,  21.74,  24.39,    16.26,  185.34,   53.19,  30.30, 2488.3,    0.75,  322.90,  355.20,  353.49,  335.89,  338.02,  336.88, 1461.76, 1519.28, 1489.96, 1470.34, 1465.39, 1467.38, 1545.13, 1542.47,  7256.5, 168,  GPS,   67.5, 116.50, 115.60, 134.750, 121.500, -0.001,       ,  20.17, -53.3,   33.1,   67.9,  -14.4,      1,   GPS,    ALT,   0.0,   0.4,  -3.9, 3DDiff, 3704,      ,     12,  14.0,     16
2018-08-27, 17:42:12,  -04:00,  RAYMY,   42.7337151,  -71.7160110,  7001.7, 30.00,  7349.9,  16.2, 145.64, 172.94,   20.38,   0.34,  -0.11,   0.00,  -0.01,  61.5,  67.9,  27.7,  28.8,   1.6,  21.74,  24.39,    16.28,  185.34,   53.39,  30.30, 2488.6,    0.75,  322.93,  355.23,  353.58,  335.94,  338.05,  336.94, 1462.14, 1517.85, 1489.30, 1469.89, 1464.77, 1467.69, 1544.54, 1541.98,  7256.2, 168,  GPS,   67.5, 116.50, 115.60, 134.750, 121.500, -0.001,       ,  20.14, -53.3,   33.1,   67.9,  -14.4,      1,   GPS,    ALT,   0.0,   0.4, -11.8, 3DDiff, 3704,      ,     12,  14.5,     17
2018-08-27, 17:42:13,  -04:00,  RAYMY,   42.7341881,  -71.7151337,  7000.7, 30.00,  7349.5,  16.2, 145.83, 172.94,   -6.67,   0.37,   0.00,   0.00,  -0.01,  61.5,  67.9,  27.7,  28.8,   1.6,  21.73,  24.39,    16.20,  185.34,   53.02,  30.31, 2488.3,    0.75,  322.98,  355.29,  353.69,  336.03,  338.08,  336.98, 1461.72, 1518.39, 1489.68, 1470.56, 1464.54, 1466.88, 1545.16, 1541.43,  7255.8, 168,  GPS,   67.5, 116.50, 115.60, 134.750, 121.500, -0.001,       ,  20.11, -53.3,   33.0,   67.9,  -14.4,      1,   GPS,    ALT,  -0.0,   0.4, -23.6, 3DDiff, 3704,      ,     12,  14.5,     17
2018-08-27, 17:42:14,  -04:00,  RAYMY,   42.7346649,  -71.7142639,  7001.7, 30.00,  7349.4,  16.2, 145.81, 172.98,  -14.21,   0.41,  -0.03,   0.00,   0.01,  61.5,  67.9,  27.7,  28.8,   1.6,  21.73,  24.39,    16.22,  185.34,   53.12,  30.30, 2488.5,    0.75,  323.04,  355.35,  353.78,  336.09,  338.11,  337.07, 1460.53, 1518.89, 1489.76, 1470.90, 1464.61, 1466.53, 1545.33, 1541.05,  7255.7, 168,  GPS,   67.5, 116.50, 115.60, 134.750, 121.500, -0.001,       ,  20.09, -53.3,   33.0,   67.9,  -14.4,      1,   GPS,    ALT,  -0.0,   0.4, -23.6, 3DDiff, 3704,      ,     12,  14.0,     17
2018-08-27, 17:42:15,  -04:00,  RAYMY,   42.7351379,  -71.7133942,  6999.7, 30.00,  7349.4,  16.2, 145.93, 173.00,  -25.85,   0.40,  -0.03,   0.00,   0.00,  61.5,  67.9,  27.7,  28.8,   1.6,  21.73,  24.39,    16.22,  185.35,   53.24,  30.33, 2486.9,    0.75,  323.07,  355.39,  353.88,  336.16,  338.11,  337.13, 1460.58, 1518.72, 1488.86, 1469.99, 1465.32, 1467.82, 1545.25, 1541.15,  7255.8, 168,  GPS,   67.5, 116.50, 115.60, 134.750, 121.500, -0.001,       ,  20.06, -53.3,   32.9,   67.9,  -14.4,      1,   GPS,    ALT,  -0.0,   0.4, -15.7, 3DDiff, 3704,      ,     12,  14.0,     16
2018-08-27, 17:42:16,  -04:00,  RAYMY,   42.7356148,  -71.7125168,  6999.7, 30.00,  7349.6,  16.2, 145.85, 173.00,  -41.50,   0.47,  -0.07,  -0.00,   0.00,  61.5,  67.9,  27.7,  28.8,   1.6,  21.73,  24.39,    16.19,  185.33,   53.28,  30.32, 2487.4,    0.75,  323.10,  355.44,  353.98,  336.25,  338.16,  337.19, 1459.90, 1518.93, 1488.56, 1469.16, 1465.05, 1468.07, 1545.16, 1540.89,  7256.0, 168,  GPS,   67.5, 116.50, 115.60, 134.750, 121.500, -0.001,       ,  20.04, -53.4,   32.9,   67.9,  -14.4,      1,   GPS,    ALT,  -0.0,   0.4,  -7.9, 3DDiff, 3704,      ,     12,  14.0,     16
2018-08-27, 17:42:17,  -04:00,  RAYMY,   42.7360916,  -71.7116470,  6999.7, 30.00,  7349.7,  16.2, 145.86, 172.98,  -25.80,   0.51,  -0.12,   0.00,  -0.01,  61.5,  67.9,  27.7,  28.8,   1.6,  21.74,  24.38,    16.26,  185.34,   53.16,  30.32, 2487.8,    0.75,  323.16,  355.51,  354.10,  336.30,  338.16,  337.25, 1460.32, 1518.51, 1488.54, 1470.33, 1464.54, 1467.12, 1545.64, 1540.96,  7256.1, 168,  GPS,   67.5, 116.50, 115.60, 134.750, 121.500, -0.001,       ,  20.02, -53.4,   32.8,   67.9,  -14.4,      1,   GPS,    ALT,  -0.0,   0.5,   0.0, 3DDiff, 3704,      ,     12,  14.0,     16
2018-08-27, 17:42:18,  -04:00,  RAYMY,   42.7365646,  -71.7107697,  6999.7, 30.00,  7349.7,  16.2, 145.82, 172.96,  -17.25,   0.54,  -0.07,   0.00,   0.01,  61.5,  67.9,  27.7,  28.8,   1.6,  21.74,  24.37,    16.27,  185.33,   53.06,  30.34, 2488.0,    0.75,  323.19,  355.56,  354.18,  336.37,  338.20,  337.31, 1461.28, 1519.38, 1488.23, 1469.99, 1465.76, 1468.60, 1546.57, 1541.48,  7256.1, 168,  GPS,   67.5, 116.50, 115.60, 134.750, 121.500, -0.001,       ,  20.00, -53.4,   32.8,   67.9,  -14.4,      1,   GPS,    ALT,  -0.0,   0.5,   0.0, 3DDiff, 3704,      ,     12,  14.5,     17
2018-08-27, 17:42:19,  -04:00,  RAYMY,   42.7370415,  -71.7098999,  7000.7, 30.00,  7349.9,  16.2, 145.84, 172.94,    1.29,   0.53,  -0.10,   0.00,  -0.00,  61.5,  68.0,  27.7,  28.8,   1.6,  21.74,  24.36,    16.20,  185.33,   53.04,  30.32, 2487.6,    0.75,  323.23,  355.62,  354.31,  336.44,  338.22,  337.40, 1462.58, 1519.60, 1488.62, 1468.78, 1465.85, 1466.60, 1545.55, 1542.46,  7256.2, 168,  GPS,   67.5, 116.50, 115.60, 134.750, 121.500, -0.001,       ,  19.98, -53.4,   32.7,   67.9,  -14.5,      1,   GPS,    ALT,  -0.0,   0.5,   3.9, 3DDiff, 3704,      ,     12,  14.5,     17
2018-08-27, 17:42:20,  -04:00,  RAYMY,   42.7375183,  -71.7090225,  6999.7, 30.00,  7348.7,  16.2, 145.79, 172.90,   -3.04,   0.52,  -0.05,  -0.00,  -0.00,  61.5,  68.0,  27.7,  28.8,   1.6,  21.75,  24.36,    16.27,  185.33,   53.00,  30.32, 2488.2,    0.75,  323.28,  355.66,  354.40,  336.52,  338.26,  337.46, 1462.77, 1520.39, 1488.77, 1468.99, 1465.69, 1465.05, 1545.02, 1542.35,  7255.3, 168,  GPS,   67.5, 116.50, 115.60, 134.750, 121.500, -0.001,       ,  19.96, -53.4,   32.7,   67.9,  -14.5,      1,   GPS,    ALT,  -0.0,   0.5,   3.9, 3DDiff, 3704,      ,     12,  14.0,     17
2018-08-27, 17:42:21,  -04:00,  RAYMY,   42.7379951,  -71.7081451,  6999.7, 30.00,  7348.3,  16.2, 145.72, 172.87,  -21.06,   0.56,  -0.04,   0.00,  -0.00,  61.5,  68.0,  27.7,  28.8,   1.6,  21.74,  24.36,    16.34,  185.32,   53.02,  30.34, 2488.6,    0.75,  323.32,  355.70,  354.49,  336.59,  338.26,  337.50, 1463.10, 1520.45, 1489.03, 1468.41, 1465.73, 1464.51, 1544.70, 1542.41,  7255.0, 168,  GPS,   67.5, 116.50, 115.60, 134.750, 121.500, -0.001,       ,  19.94, -53.4,   32.6,   67.9,  -14.5,      1,   GPS,    ALT,  -0.0,   0.5,  -3.9, 3DDiff, 3704,      ,     12,  14.5,     16
2018-08-27, 17:42:22,  -04:00,  RAYMY,   42.7384720,  -71.7072754,  7000.7, 30.00,  7347.9,  16.2, 145.90, 172.83,   12.34,   0.54,  -0.07,   0.00,  -0.00,  61.4,  68.0,  27.7,  28.8,   1.6,  21.75,  24.36,    16.34,  185.33,   53.38,  30.39, 2487.6,    0.75,  323.38,  355.78,  354.59,  336.68,  338.32,  337.61, 1463.44, 1521.85, 1489.35, 1469.66, 1465.55, 1464.72, 1545.82, 1542.86,  7254.6, 168,  GPS,   67.5, 116.50, 115.60, 134.750, 121.500, -0.001,       ,  19.93, -53.5,   32.6,   67.9,  -14.5,      1,   GPS,    ALT,  -0.0,   0.6,   3.9, 3DDiff, 3704,      ,     12,  14.0,     16
2018-08-27, 17:42:23,  -04:00,  RAYMY,   42.7389488,  -71.7064056,  7000.7, 30.00,  7347.8,  16.2, 145.79, 172.81,    2.36,   0.53,  -0.10,  -0.00,  -0.00,  61.4,  68.0,  27.7,  28.8,   1.6,  21.75,  24.36,    16.27,  185.35,   53.32,  30.40, 2487.3,    0.75,  323.41,  355.83,  354.71,  336.77,  338.34,  337.67, 1463.01, 1522.82, 1490.67, 1470.46, 1465.40, 1464.35, 1546.61, 1543.08,  7254.5, 168,  GPS,   67.5, 116.50, 115.60, 134.750, 121.500, -0.001,       ,  19.91, -53.5,   32.5,   67.9,  -14.5,      1,   GPS,    ALT,  -0.0,   0.5,  -3.9, 3DDiff, 3704,      ,     12,  14.0,     16
2018-08-27, 17:42:24,  -04:00,  RAYMY,   42.7394257,  -71.7055359,  7000.7, 30.00,  7347.5,  16.2, 146.02, 172.79,   10.42,   0.54,  -0.01,  -0.01,  -0.01,  61.4,  68.0,  27.7,  28.8,   1.6,  21.74,  24.35,    16.25,  185.34,   53.11,  30.35, 2485.4,    0.75,  323.46,  355.89,  354.80,  336.85,  338.39,  337.76, 1463.68, 1524.98, 1489.66, 1471.45, 1465.85, 1464.12, 1547.60, 1543.37,  7254.2, 168,  GPS,   67.5, 116.50, 115.60, 134.750, 121.500, -0.001,       ,  19.90, -53.5,   32.5,   67.9,  -14.5,      1,   GPS,    ALT,  -0.0,   0.6, -11.8, 3DDiff, 3704,      ,     12,  14.5,     17
2018-08-27, 17:42:25,  -04:00,  RAYMY,   42.7398987,  -71.7046585,  7000.7, 30.00,  7347.4,  16.2, 145.87, 172.75,   -7.40,   0.52,   0.01,   0.00,  -0.01,  61.4,  68.0,  27.7,  28.8,   1.6,  21.74,  24.33,    16.23,  185.37,   53.10,  30.37, 2487.8,    0.75,  323.51,  355.93,  354.91,  336.92,  338.44,  337.80, 1463.51, 1524.77, 1489.90, 1471.67, 1465.96, 1464.37, 1548.10, 1543.29,  7254.1, 168,  GPS,   67.5, 116.50, 115.60, 134.750, 121.500, -0.001,       ,  19.89, -53.5,   32.4,   67.9,  -14.5,      1,   GPS,    ALT,  -0.0,   0.5,  -3.9, 3DDiff, 3704,      ,     12,  14.5,     17
2018-08-27, 17:42:26,  -04:00,  RAYMY,   42.7403755,  -71.7037888,  7000.7, 30.00,  7348.4,  16.2, 145.82, 172.73,  -15.80,   0.49,  -0.04,  -0.00,   0.00,  61.4,  68.0,  27.7,  28.8,   1.6,  21.75,  24.32,    16.31,  185.37,   53.40,  30.37, 2485.5,    0.75,  323.56,  355.99,  355.01,  337.01,  338.47,  337.89, 1463.91, 1524.15, 1490.55, 1472.18, 1465.40, 1464.76, 1548.19, 1543.43,  7255.1, 168,  GPS,   67.5, 116.50, 115.60, 134.750, 121.500, -0.001,       ,  19.88, -53.5,   32.4,   67.9,  -14.5,      1,   GPS,    ALT,  -0.0,   0.5,   0.0, 3DDiff, 3704,      ,     12,  14.0,     17
2018-08-27, 17:42:27,  -04:00,  RAYMY,   42.7408524,  -71.7029190,  7001.7, 30.00,  7348.9,  16.2, 145.91, 172.71,    3.84,   0.46,  -0.05,  -0.00,  -0.00,  61.3,  68.0,  27.7,  28.8,   1.6,  21.75,  24.32,    16.35,  185.40,   53.35,  30.37, 2486.4,    0.75,  323.60,  356.06,  355.13,  337.07,  338.50,  337.98, 1463.79, 1524.88, 1489.84, 1472.32, 1464.46, 1464.49, 1548.27, 1542.43,  7255.6, 168,  GPS,   67.5, 116.50, 115.60, 134.750, 121.500, -0.001,       ,  19.87, -53.5,   32.4,   67.9,  -14.5,      1,   GPS,    ALT,  -0.0,   0.5,   7.9, 3DDiff, 3704,      ,     12,  14.0,     16
2018-08-27, 17:42:28,  -04:00,  RAYMY,   42.7413216,  -71.7020416,  7001.7, 30.00,  7349.3,  16.2, 146.11, 172.71,   13.69,   0.43,  -0.03,  -0.00,  -0.01,  61.3,  68.1,  27.7,  28.8,   1.6,  21.75,  24.33,    16.39,  185.45,   53.35,  30.35, 2489.3,    0.76,  323.68,  356.12,  355.25,  337.16,  338.53,  338.08, 1464.56, 1524.46, 1490.58, 1473.23, 1465.37, 1464.21, 1548.81, 1543.41,  7256.0, 168,  GPS,   67.5, 116.50, 115.60, 134.750, 121.500, -0.001,       ,  19.87, -53.5,   32.3,   67.9,  -14.5,      1,   GPS,    ALT,  -0.0,   0.4,   3.9, 3DDiff, 3704,      ,     12,  14.0,     16
2018-08-27, 17:42:29,  -04:00,  RAYMY,   42.7417984,  -71.7011719,  7001.7, 30.00,  7349.2,  16.2, 146.08, 172.71,    0.41,   0.42,   0.01,   0.00,   0.00,  61.3,  68.1,  27.7,  28.8,   1.6,  21.75,  24.32,    16.34,  185.47,   53.55,  30.34, 2489.9,    0.75,  323.72,  356.18,  355.35,  337.25,  338.56,  338.14, 1464.92, 1523.98, 1491.17, 1474.04, 1465.56, 1463.10, 1548.47, 1543.62,  7255.9, 168,  GPS,   67.5, 116.50, 115.60, 134.750, 121.500, -0.001,       ,  19.87, -53.5,   32.3,   67.9,  -14.5,      1,   GPS,    ALT,  -0.1,   0.4,  -7.9, 3DDiff, 3704,      ,     12,  14.5,     16
2018-08-27, 17:42:30,  -04:00,  RAYMY,   42.7422714,  -71.7003021,  7001.7, 30.00,  7349.2,  16.2, 146.11, 172.71,   -5.91,   0.37,  -0.04,   0.00,   0.01,  61.3,  68.1,  27.7,  28.8,   1.6,  21.75,  24.32,    16.31,  185.48,   53.06,  30.38, 2486.1,    0.75,  323.77,  356.24,  355.44,  337.31,  338.60,  338.19, 1465.93, 1523.90, 1490.78, 1473.42, 1465.58, 1463.90, 1548.09, 1544.06,  7255.8, 168,  GPS,   67.5, 116.50, 115.60, 134.750, 121.500, -0.001,       ,  19.88, -53.4,   32.2,   67.9,  -14.5,      1,   GPS,    ALT,  -0.1,   0.4, -11.8, 3DDiff, 3704,      ,     12,  14.5,     17
2018-08-27, 17:42:31,  -04:00,  RAYMY,   42.7427444,  -71.6994247,  7001.7, 30.00,  7349.2,  16.2, 146.09, 172.73,   -4.44,   0.33,  -0.14,  -0.00,   0.00,  61.2,  68.1,  27.7,  28.8,   1.6,  21.75,  24.32,    16.32,  185.48,   53.35,  30.34, 2487.9,    0.75,  323.82,  356.30,  355.56,  337.40,  338.65,  338.26, 1465.02, 1523.65, 1490.86, 1472.47, 1465.69, 1464.67, 1548.18, 1543.76,  7255.9, 168,  GPS,   67.5, 116.50, 115.60, 134.750, 121.500, -0.001,       ,  19.90, -53.4,   32.2,   67.9,  -14.5,      1,   GPS,    ALT,  -0.1,   0.4,  -3.9, 3DDiff, 3704,      ,     12,  14.5,     17
2018-08-27, 17:42:32,  -04:00,  RAYMY,   42.7432175,  -71.6985550,  7001.7, 30.00,  7348.4,  16.2, 146.03, 172.77,   -4.89,   0.30,  -0.26,  -0.00,  -0.01,  61.1,  68.1,  27.7,  28.8,   1.6,  21.76,  24.32,    16.33,  185.48,   53.20,  30.32, 2488.5,    0.75,  323.86,  356.39,  355.65,  337.49,  338.69,  338.35, 1464.80, 1523.45, 1490.29, 1473.20, 1464.79, 1464.86, 1548.31, 1543.22,  7255.1, 168,  GPS,   67.5, 116.50, 115.60, 134.750, 121.500, -0.001,       ,  19.92, -53.3,   32.1,   67.9,  -14.5,      1,   GPS,    ALT,  -0.1,   0.3,  -3.9, 3DDiff, 3704,      ,     12,  14.5,     17
2018-08-27, 17:42:33,  -04:00,  RAYMY,   42.7436981,  -71.6976776,  7001.7, 30.00,  7348.3,  16.2, 145.99, 172.81,   -6.43,   0.26,  -0.21,   0.01,   0.01,  61.1,  68.1,  27.7,  28.8,   1.6,  21.76,  24.30,    16.22,  185.50,   53.45,  30.36, 2488.3,    0.75,  323.92,  356.45,  355.75,  337.56,  338.74,  338.40, 1464.79, 1523.73, 1490.56, 1472.88, 1464.47, 1464.74, 1548.00, 1543.54,  7254.9, 168,  GPS,   67.5, 116.50, 115.60, 134.750, 121.500, -0.001,       ,  19.94, -53.3,   32.1,   67.9,  -14.5,      1,   GPS,    ALT,  -0.1,   0.3,   0.0, 3DDiff, 3704,      ,     12,  14.5,     16
2018-08-27, 17:42:34,  -04:00,  RAYMY,   42.7441750,  -71.6968002,  7001.7, 30.00,  7348.1,  16.2, 145.89, 172.85,   -2.92,   0.19,  -0.11,   0.00,  -0.01,  61.1,  68.0,  27.7,  28.8,   1.6,  21.77,  24.28,    16.25,  185.51,   53.37,  30.33, 2486.6,    0.75,  323.95,  356.49,  355.83,  337.67,  338.76,  338.44, 1464.41, 1523.84, 1490.64, 1473.57, 1464.02, 1465.54, 1548.54, 1543.15,  7254.7, 168,  GPS,   67.5, 116.50, 115.60, 134.750, 121.500, -0.001,       ,  19.97, -53.2,   32.0,   67.9,  -14.5,      1,   GPS,    ALT,  -0.1,   0.2,   3.9, 3DDiff, 3704,      ,     12,  14.5,     16
2018-08-27, 17:42:35,  -04:00,  RAYMY,   42.7446480,  -71.6959305,  7001.7, 30.00,  7347.9,  16.2, 145.86, 172.90,  -11.21,   0.19,  -0.13,  -0.00,  -0.00,  61.0,  68.0,  27.7,  28.8,   1.6,  21.78,  24.27,    16.20,  185.48,   53.11,  30.26, 2485.4,    0.75,  324.02,  356.58,  355.90,  337.74,  338.81,  338.53, 1463.47, 1523.14, 1489.32, 1473.09, 1462.88, 1464.29, 1547.41, 1542.17,  7254.6, 168,  GPS,   67.5, 116.50, 115.60, 134.750, 121.500, -0.001,       ,  20.00, -53.1,   32.0,   68.0,  -14.5,      1,   GPS,    ALT,  -0.1,   0.2,  -3.9, 3DDiff, 3704,      ,     12,  14.5,     16
2018-08-27, 17:42:36,  -04:00,  RAYMY,   42.7451286,  -71.6950531,  7001.7, 30.00,  7347.8,  16.2, 145.91, 172.96,    3.24,   0.19,  -0.08,  -0.00,  -0.00,  61.0,  68.0,  27.7,  28.8,   1.6,  21.78,  24.26,    16.16,  185.47,   53.27,  30.22, 2488.4,    0.75,  324.07,  356.63,  355.96,  337.82,  338.84,  338.59, 1464.36, 1522.13, 1487.76, 1471.92, 1461.74, 1463.04, 1545.91, 1541.54,  7254.4, 168,  GPS,   67.5, 116.50, 115.60, 134.750, 121.500, -0.001,       ,  20.04, -53.1,   31.9,   68.0,  -14.5,      1,   GPS,    ALT,  -0.1,   0.2,  -3.9, 3DDiff, 3704,      ,     12,  14.5,     17
2018-08-27, 17:42:37,  -04:00,  RAYMY,   42.7456017,  -71.6941833,  7000.7, 30.00,  7347.7,  16.2, 145.68, 173.04,  -24.43,   0.15,  -0.07,   0.00,   0.00,  61.0,  68.0,  27.7,  28.8,   1.6,  21.78,  24.25,    16.25,  185.46,   53.05,  30.30, 2487.5,    0.75,  324.11,  356.69,  356.03,  337.89,  338.90,  338.65, 1464.24, 1521.93, 1487.38, 1471.15, 1462.18, 1461.97, 1545.35, 1541.37,  7254.4, 168,  GPS,   67.5, 116.50, 115.60, 134.750, 121.500, -0.001,       ,  20.09, -53.0,   31.9,   68.0,  -14.5,      1,   GPS,    ALT,  -0.1,   0.2,  -3.9, 3DDiff, 3704,      ,     12,  14.5,     17
2018-08-27, 17:42:38,  -04:00,  RAYMY,   42.7460785,  -71.6933060,  7001.7, 30.00,  7348.3,  16.2, 145.70, 173.12,   -4.36,   0.18,  -0.05,  -0.00,  -0.01,  61.0,  68.0,  27.7,  28.8,   1.6,  21.78,  24.25,    16.18,  185.46,   53.04,  30.29, 2486.4,    0.75,  324.17,  356.78,  356.09,  337.98,  338.95,  338.71, 1463.35, 1522.52, 1487.45, 1471.26, 1462.03, 1461.57, 1545.50, 1540.47,  7255.0, 168,  GPS,   67.5, 116.50, 115.60, 134.750, 121.500, -0.001,       ,  20.14, -53.0,   31.8,   68.0,  -14.5,      1,   GPS,    ALT,  -0.0,   0.2,  -7.9, 3DDiff, 3704,      ,     12,  14.5,     17
2018-08-27, 17:42:39,  -04:00,  RAYMY,   42.7465515,  -71.6924362,  7002.7, 30.00,  7348.3,  16.2, 145.81, 173.20,   23.37,   0.14,   0.00,   0.00,  -0.01,  61.0,  68.0,  27.7,  28.8,   1.6,  21.79,  24.23,    16.13,  185.48,   52.95,  30.27, 2487.3,    0.74,  324.22,  356.82,  356.14,  338.07,  338.93,  338.78, 1462.65, 1523.23, 1487.36, 1471.40, 1462.03, 1460.92, 1545.62, 1540.14,  7254.9, 168,  GPS,   67.5, 116.50, 115.60, 134.750, 121.500, -0.001,       ,  20.19, -52.9,   31.8,   68.0,  -14.5,      1,   GPS,    ALT,  -0.0,   0.2, -11.8, 3DDiff, 3704,      ,     12,  14.5,     16
2018-08-27, 17:42:40,  -04:00,  RAYMY,   42.7470284,  -71.6915588,  7001.7, 30.00,  7348.1,  16.2, 145.71, 173.29,   -1.98,   0.10,  -0.03,  -0.00,  -0.01,  61.0,  68.0,  27.7,  28.8,   1.6,  21.80,  24.21,    16.15,  185.47,   53.26,  30.24, 2487.5,    0.75,  324.28,  356.85,  356.18,  338.13,  338.98,  338.84, 1461.57, 1523.25, 1487.30, 1471.13, 1461.75, 1460.75, 1545.86, 1540.09,  7254.7, 168,  GPS,   67.5, 116.50, 115.60, 134.750, 121.500, -0.001,       ,  20.24, -52.9,   31.7,   68.0,  -14.5,      1,   GPS,    ALT,  -0.0,   0.1, -27.6, 3DDiff, 3704,      ,     12,  14.5,     16
2018-08-27, 17:42:41,  -04:00,  RAYMY,   42.7475090,  -71.6906815,  7000.7, 30.00,  7347.5,  16.2, 145.61, 173.39,  -26.26,   0.16,  -0.04,  -0.00,   0.01,  61.1,  68.0,  27.7,  28.8,   1.6,  21.80,  24.20,    16.16,  185.47,   53.38,  30.28, 2486.9,    0.75,  324.32,  356.93,  356.21,  338.23,  339.02,  338.90, 1461.48, 1522.26, 1486.90, 1470.79, 1464.09, 1461.67, 1545.80, 1540.52,  7254.1, 168,  GPS,   67.5, 116.50, 115.60, 134.750, 121.500, -0.001,       ,  20.30, -52.9,   31.7,   68.0,  -14.5,      1,   GPS,    ALT,  -0.0,   0.1, -35.4, 3DDiff, 3704,      ,     12,  14.5,     16
2018-08-27, 17:42:42,  -04:00,  RAYMY,   42.7479858,  -71.6898041,  7000.7, 30.00,  7347.1,  16.2, 145.49, 173.49,  -40.91,   0.20,  -0.09,  -0.01,  -0.00,  61.0,  68.0,  27.7,  28.8,   1.6,  21.80,  24.20,    16.11,  185.49,   53.29,  30.30, 2488.0,    0.74,  324.38,  356.97,  356.24,  338.31,  339.05,  338.96, 1461.27, 1522.89, 1487.52, 1469.64, 1465.57, 1462.69, 1546.19, 1540.58,  7253.7, 168,  GPS,   67.5, 116.50, 115.60, 134.750, 121.500, -0.002,       ,  20.36, -52.9,   31.6,   68.0,  -14.5,      1,   GPS,     VS,  -0.0,   0.2, -31.5, 3DDiff, 3704,      ,     12,  14.5,     17
2018-08-27, 17:42:43,  -04:00,  RAYMY,   42.7484589,  -71.6889267,  7000.7, 30.00,  7346.3,  16.2, 145.51, 173.60,  -30.19,  -0.13,  -0.07,  -0.00,  -0.05,  61.0,  68.0,  27.7,  28.8,   1.6,  21.80,  24.19,    16.21,  185.51,   53.17,  30.30, 2487.8,    0.75,  324.44,  357.01,  356.24,  338.39,  339.08,  339.07, 1461.74, 1521.99, 1487.89, 1470.03, 1465.49, 1464.33, 1545.70, 1540.75,  7253.0, 168,  GPS,   67.5, 116.50, 115.60, 134.750, 121.500, -0.001,       ,  20.42, -52.9,   31.6,   68.0,  -14.5,      1,   GPS,     VS,  -0.0,  -0.2, -43.3, 3DDiff, 3704,      ,     12,  14.5,     17
2018-08-27, 17:42:44,  -04:00,  RAYMY,   42.7489395,  -71.6880569,  6999.7, 30.00,  7343.2,  16.2, 145.64, 173.78,  -34.51,  -0.54,  -0.03,   0.00,  -0.06,  61.1,  68.0,  27.7,  28.8,   1.6,  21.80,  24.19,    16.22,  185.50,   52.94,  30.30, 2488.4,    0.75,  324.47,  357.07,  356.28,  338.46,  339.12,  339.12, 1461.56, 1521.44, 1488.04, 1469.39, 1465.72, 1465.03, 1545.42, 1540.40,  7249.9, 168,  GPS,   67.5, 116.50, 115.60, 134.750, 121.500, -0.001,       ,  20.47, -52.9,   31.5,   68.0,  -14.5,      1,   GPS,     VS,  -0.0,  -0.5, -126.0, 3DDiff, 3704,      ,     12,  14.5,     17
2018-08-27, 17:42:45,  -04:00,  RAYMY,   42.7494202,  -71.6871719,  6996.7, 30.00,  7338.5,  16.2, 145.92, 174.05,  -73.58,  -0.96,  -0.01,  -0.00,  -0.07,  61.1,  68.0,  27.7,  28.8,   1.6,  21.79,  24.18,    16.28,  185.50,   53.17,  30.37, 2489.4,    0.75,  324.55,  357.13,  356.28,  338.53,  339.14,  339.20, 1460.93, 1520.72, 1488.89, 1469.90, 1467.02, 1466.54, 1545.92, 1541.04,  7245.1, 168,  GPS,   67.5, 116.50, 115.60, 134.750, 121.500, -0.001,       ,  20.53, -53.0,   31.5,   68.0,  -14.5,      1,   GPS,     VS,  -0.0,  -0.8, -244.1, 3DDiff, 3704,      ,     12,  14.5,     16
2018-08-27, 17:42:46,  -04:00,  RAYMY,   42.7498970,  -71.6862869,  6992.7, 30.00,  7331.4,  16.2, 146.26, 174.42, -154.86,  -1.16,  -0.02,  -0.00,  -0.03,  61.1,  68.0,  27.7,  28.8,   1.6,  21.77,  24.18,    16.34,  185.51,   52.88,  30.38, 2489.2,    0.75,  324.59,  357.19,  356.33,  338.60,  339.15,  339.29, 1460.35, 1522.36, 1490.01, 1471.61, 1467.32, 1468.28, 1547.39, 1541.57,  7238.0, 169,  GPS,   67.5, 116.50, 115.60, 134.750, 121.500, -0.002,       ,  20.59, -53.1,   31.4,   68.0,  -14.5,      1,   GPS,     VS,  -0.0,  -0.9, -366.1, 3DDiff, 3704,      ,     12,  14.5,     16
2018-08-27, 17:42:47,  -04:00,  RAYMY,   42.7503815,  -71.6854095,  6985.7, 30.00,  7323.6,  16.2, 146.72, 174.87, -253.55,  -1.24,  -0.09,   0.00,  -0.02,  61.2,  68.0,  27.7,  28.8,   1.6,  21.76,  24.18,    16.26,  185.51,   53.04,  30.36, 2489.7,    0.75,  324.62,  357.21,  356.36,  338.68,  339.17,  339.35, 1460.83, 1522.60, 1489.54, 1472.86, 1466.79, 1468.40, 1547.70, 1542.26,  7230.3, 169,  GPS,   67.5, 116.50, 115.60, 134.750, 121.500, -0.001,       ,  20.65, -53.1,   31.4,   68.0,  -14.5,      1,   GPS,     VS,  -0.0,  -1.1, -440.9, 3DDiff, 3704,      ,     12,  14.5,     16
2018-08-27, 17:42:48,  -04:00,  RAYMY,   42.7508659,  -71.6845169,  6978.7, 30.00,  7315.4,  16.2, 147.23, 175.35, -338.60,  -1.26,  -0.05,   0.00,  -0.01,  61.1,  68.0,  27.7,  28.8,   1.6,  21.74,  24.18,    16.17,  185.53,   53.24,  30.32, 2489.6,    0.75,  324.68,  357.28,  356.39,  338.75,  339.20,  339.45, 1460.08, 1521.59, 1489.03, 1473.65, 1467.71, 1467.71, 1547.19, 1541.88,  7222.1, 170,  GPS,   67.5, 116.50, 115.60, 134.750, 121.500, -0.002,       ,  20.70, -53.2,   31.3,   68.0,  -14.5,      1,   GPS,     VS,  -0.0,  -1.2, -480.3, 3DDiff, 3704,      ,     12,  14.5,     17
2018-08-27, 17:42:49,  -04:00,  RAYMY,   42.7513504,  -71.6836319,  6970.7, 30.00,  7306.8,  16.2, 147.60, 175.82, -413.54,  -1.29,  -0.04,   0.00,  -0.00,  61.2,  68.0,  27.7,  28.8,   1.6,  21.73,  24.19,    16.20,  185.53,   52.92,  30.35, 2488.3,    0.75,  324.72,  357.34,  356.43,  338.83,  339.21,  339.51, 1459.82, 1522.40, 1488.59, 1472.76, 1467.07, 1466.31, 1546.86, 1541.03,  7213.5, 170,  GPS,   67.5, 116.50, 115.60, 134.750, 121.500, -0.002,       ,  20.80, -53.4,   31.3,   68.0,  -14.5,      1,   GPS,     VS,  -0.0,  -1.2, -500.0, 3DDiff, 3704,      ,     12,  14.5,     17
2018-08-27, 17:42:50,  -04:00,  RAYMY,   42.7518349,  -71.6827393,  6963.7, 30.00,  7299.0,  16.2, 148.20, 176.31, -443.40,  -1.24,  -0.10,  -0.00,   0.00,  61.2,  68.0,  27.7,  28.8,   1.6,  21.71,  24.20,    16.23,  185.52,   53.23,  30.41, 2489.0,    0.75,  324.78,  357.39,  356.51,  338.90,  339.26,  339.60, 1460.91, 1522.74, 1487.82, 1473.73, 1466.24, 1466.75, 1547.73, 1540.73,  7205.7, 171,  GPS,   67.5, 116.50, 115.60, 134.750, 121.500, -0.001,       ,  20.80, -53.4,   31.2,   68.0,  -14.5,      1,   GPS,     VS,  -0.0,  -1.3, -507.9, 3DDiff, 3704,      ,     12,  14.5,     17
2018-08-27, 17:42:51,  -04:00,  RAYMY,   42.7523193,  -71.6818466,  6955.7, 30.00,  7291.1,  16.2, 148.78, 176.73, -458.30,  -1.29,  -0.08,   0.01,  -0.01,  61.2,  68.0,  27.7,  28.8,   1.6,  21.70,  24.20,    16.21,  185.53,   53.39,  30.36, 2490.0,    0.75,  324.83,  357.43,  356.51,  338.96,  339.29,  339.66, 1461.63, 1522.74, 1487.94, 1472.91, 1465.65, 1465.64, 1547.07, 1541.64,  7197.8, 171,  GPS,   67.5, 116.50, 115.60, 134.750, 121.500, -0.002,       ,  20.85, -53.5,   31.2,   68.0,  -14.5,      1,   GPS,     VS,  -0.0,  -1.3, -507.9, 3DDiff, 3704,      ,     12,  14.5,     16
2018-08-27, 17:42:52,  -04:00,  RAYMY,   42.7528076,  -71.6809540,  6946.7, 30.00,  7283.0,  16.2, 149.43, 177.14, -483.62,  -1.29,  -0.08,   0.01,   0.00,  61.2,  68.0,  27.7,  28.8,   1.6,  21.69,  24.20,    16.17,  185.52,   53.33,  30.35, 2488.9,    0.75,  324.90,  357.47,  356.58,  339.01,  339.35,  339.72, 1461.05, 1523.03, 1486.81, 1472.97, 1465.80, 1464.26, 1546.61, 1540.73,  7189.7, 172,  GPS,   67.5, 116.50, 115.60, 134.750, 121.500, -0.002,       ,  20.89, -53.6,   31.1,   68.0,  -14.5,      1,   GPS,     VS,  -0.0,  -1.3, -511.8, 3DDiff, 3704,      ,     12,  14.5,     16
2018-08-27, 17:42:53,  -04:00,  RAYMY,   42.7532959,  -71.6800537,  6938.7, 30.00,  7274.5,  16.2, 149.82, 177.53, -504.23,  -1.24,  -0.08,  -0.00,   0.00,  61.2,  68.0,  27.7,  28.8,   1.6,  21.67,  24.21,    16.27,  185.51,   53.23,  30.42, 2486.5,    0.75,  324.90,  357.52,  356.64,  339.08,  339.42,  339.78, 1461.44, 1523.59, 1487.09, 1473.27, 1465.70, 1462.94, 1546.83, 1540.80,  7181.2, 172,  GPS,   67.5, 116.50, 115.60, 134.750, 121.500, -0.002,       ,  20.93, -53.7,   31.1,   68.0,  -14.5,      1,   GPS,     VS,  -0.0,  -1.3, -515.7, 3DDiff, 3704,      ,     12,  14.5,     16
2018-08-27, 17:42:54,  -04:00,  RAYMY,   42.7537842,  -71.6791534,  6930.7, 30.00,  7266.2,  16.2, 150.33, 177.88, -514.74,  -1.19,  -0.04,  -0.00,   0.01,  61.2,  68.0,  27.7,  28.8,   1.6,  21.66,  24.21,    16.26,  185.51,   53.19,  30.37, 2488.8,    0.75,  324.97,  357.58,  356.72,  339.14,  339.53,  339.84, 1460.45, 1522.84, 1487.80, 1472.99, 1464.49, 1462.94, 1546.29, 1540.52,  7172.9, 173,  GPS,   67.5, 116.50, 115.60, 134.750, 121.500, -0.002,       ,  20.97, -53.8,   31.0,   68.0,  -14.5,      1,   GPS,     VS,  -0.0,  -1.3, -507.9, 3DDiff, 3704,      ,     12,  14.5,     17
2018-08-27, 17:42:55,  -04:00,  RAYMY,   42.7542763,  -71.6782608,  6924.7, 30.00,  7258.2,  16.2, 150.76, 178.21, -491.70,  -1.24,  -0.26,   0.01,  -0.01,  61.2,  68.0,  27.7,  28.8,   1.6,  21.64,  24.21,    16.32,  185.50,   53.34,  30.42, 2492.1,    0.75,  325.02,  357.64,  356.76,  339.20,  339.65,  339.91, 1460.86, 1523.38, 1488.06, 1472.85, 1464.23, 1464.50, 1547.05, 1540.92,  7164.9, 174,  GPS,   67.5, 116.50, 115.60, 134.750, 121.500, -0.002,       ,  21.04, -53.9,   31.0,   68.0,  -14.5,      1,   GPS,     VS,  -0.0,  -1.2, -496.1, 3DDiff, 3704,      ,     12,  14.5,     17
2018-08-27, 17:42:56,  -04:00,  RAYMY,   42.7547684,  -71.6773605,  6917.7, 30.00,  7249.2,  16.2, 151.06, 178.50, -478.62,  -1.26,  -0.09,   0.00,   0.00,  61.2,  68.0,  27.7,  28.8,   1.6,  21.65,  24.18,    16.27,  185.47,   53.31,  30.43, 2487.5,    0.75,  325.07,  357.69,  356.79,  339.26,  339.84,  339.96, 1461.07, 1523.81, 1488.37, 1473.02, 1464.52, 1464.83, 1547.47, 1541.29,  7155.9, 174,  GPS,   67.5, 116.50, 115.60, 134.750, 121.500, -0.002,       ,  21.04, -53.9,   30.9,   68.0,  -14.5,      1,   GPS,     VS,  -0.0,  -1.3, -500.0, 3DDiff, 3704,      ,     12,  14.5,     17
2018-08-27, 17:42:57,  -04:00,  RAYMY,   42.7552643,  -71.6764603,  6909.7, 30.00,  7240.4,  16.2, 151.41, 178.78, -475.33,  -1.26,  -0.02,  -0.00,  -0.01,  61.3,  67.9,  27.7,  28.8,   1.6,  21.66,  24.14,    16.30,  185.47,   53.29,  30.42, 2489.5,    0.75,  325.11,  357.73,  356.84,  339.32,  340.02,  340.03, 1460.82, 1522.84, 1488.98, 1473.70, 1463.83, 1464.62, 1546.77, 1541.10,  7147.1, 174,  GPS,   67.5, 116.50, 115.60, 134.750, 121.500, -0.001,       ,  21.07, -53.9,   30.9,   68.0,  -14.5,      1,   GPS,     VS,  -0.0,  -1.3, -507.9, 3DDiff, 3704,      ,     12,  14.5,     16
2018-08-27, 17:42:58,  -04:00,  RAYMY,   42.7557564,  -71.6755447,  6902.7, 30.00,  7231.4,  16.2, 151.80, 179.07, -472.87,  -1.25,   0.02,   0.00,  -0.00,  61.3,  67.9,  27.7,  28.8,   1.6,  21.65,  24.12,    16.31,  185.46,   53.29,  30.43, 2489.3,    0.75,  325.17,  357.79,  356.89,  339.36,  340.27,  340.11, 1460.39, 1523.32, 1488.80, 1474.15, 1463.98, 1464.06, 1546.88, 1541.02,  7138.1, 175,  GPS,   67.5, 116.50, 115.60, 134.750, 121.500, -0.001,       ,  21.12, -53.9,   30.8,   68.0,  -14.5,      1,   GPS,     VS,  -0.0,  -1.3, -515.7, 3DDiff, 3704,      ,     12,  14.5,     16
2018-08-27, 17:42:59,  -04:00,  RAYMY,   42.7562523,  -71.6746445,  6895.7, 30.00,  7222.8,  16.2, 152.07, 179.32, -487.14,  -1.20,   0.03,   0.01,   0.01,  61.3,  67.9,  27.7,  28.8,   1.6,  21.64,  24.10,    16.29,  185.45,   53.27,  30.40, 2488.7,    0.75,  325.21,  357.83,  356.94,  339.42,  340.50,  340.15, 1460.54, 1522.93, 1488.76, 1473.60, 1464.26, 1464.17, 1547.03, 1540.96,  7129.5, 175,  GPS,   67.5, 116.50, 115.60, 134.750, 121.500, -0.001,       ,  21.12, -53.9,   30.8,   68.0,  -14.5,      1,   GPS,     VS,   0.0,  -1.3, -511.8, 3DDiff, 3704,      ,     12,  14.5,     16
2018-08-27, 17:43:00,  -04:00,  RAYMY,   42.7567482,  -71.6737289,  6886.7, 30.00,  7214.3,  16.2, 152.22, 179.57, -501.52,  -1.20,   0.00,   0.00,   0.01,  61.4,  68.0,  27.7,  28.8,   1.6,  21.63,  24.10,    16.28,  185.44,   53.27,  30.42, 2489.8,    0.75,  325.26,  357.87,  357.00,  339.48,  340.78,  340.20, 1461.08, 1522.73, 1489.34, 1473.55, 1464.22, 1464.36, 1546.97, 1542.07,  7120.9, 175,  GPS,   67.5, 116.50, 115.60, 134.750, 121.500, -0.001,       ,  21.13, -53.9,   30.7,   68.0,  -14.5,      1,   GPS,     VS,   0.0,  -1.3, -507.9, 3DDiff, 3704,      ,     12,  14.5,     17
2018-08-27, 17:43:01,  -04:00,  RAYMY,   42.7572441,  -71.6728287,  6879.7, 30.00,  7205.8,  16.2, 152.59, 179.77, -496.09,  -1.16,  -0.01,   0.00,   0.00,  61.4,  68.0,  27.7,  28.8,   1.6,  21.61,  24.10,    16.33,  185.42,   53.25,  30.45, 2486.9,    0.75,  325.32,  357.91,  357.03,  339.54,  341.02,  340.24, 1461.14, 1523.00, 1489.04, 1474.29, 1464.91, 1464.74, 1547.46, 1541.93,  7112.5, 176,  GPS,   67.5, 116.50, 115.60, 134.750, 121.500, -0.001,       ,  21.14, -53.9,   30.7,   68.0,  -14.5,      1,   GPS,     VS,  -0.0,  -1.2, -503.9, 3DDiff, 3704,      ,     12,  14.5,     17
2018-08-27, 17:43:02,  -04:00,  RAYMY,   42.7577400,  -71.6719208,  6871.7, 30.00,  7198.2,  16.2, 152.67, 179.98, -499.04,  -1.15,  -0.04,   0.00,  -0.00,  61.4,  68.0,  27.7,  28.8,   1.6,  21.59,  24.11,    16.24,  185.38,   53.27,  30.42, 2490.3,    0.75,  325.35,  357.93,  357.07,  339.59,  341.27,  340.27, 1460.82, 1523.04, 1488.68, 1475.38, 1464.59, 1465.17, 1547.16, 1541.84,  7104.8, 176,  GPS,   67.5, 116.50, 115.60, 134.750, 121.500, -0.001,       ,  21.15, -53.8,   30.7,   68.0,  -14.5,      1,   GPS,     VS,  -0.0,  -1.2, -503.9, 3DDiff, 3704,      ,     12,  14.5,     17
2018-08-27, 17:43:03,  -04:00,  RAYMY,   42.7582321,  -71.6710129,  6863.7, 30.00,  7190.1,  16.2, 152.86, 180.16, -500.71,  -1.18,  -0.07,   0.01,   0.00,  61.5,  68.0,  27.7,  28.8,   1.6,  21.57,  24.11,    16.24,  185.35,   53.22,  30.45, 2489.8,    0.75,  325.41,  357.98,  357.10,  339.63,  341.49,  340.30, 1460.44, 1522.20, 1488.02, 1475.63, 1465.17, 1467.15, 1547.81, 1542.07,  7096.8, 176,  GPS,   67.5, 116.50, 115.60, 134.750, 121.500, -0.001,       ,  21.15, -53.7,   30.6,   68.0,  -14.5,      1,   GPS,     VS,  -0.0,  -1.2, -496.1, 3DDiff, 3704,      ,     12,  14.5,     16
2018-08-27, 17:43:04,  -04:00,  RAYMY,   42.7587280,  -71.6700974,  6856.7, 30.00,  7182.1,  16.2, 153.10, 180.31, -499.70,  -1.16,  -0.09,   0.00,   0.01,  61.4,  68.0,  27.7,  28.8,   1.6,  21.55,  24.12,    16.21,  185.33,   53.27,  30.42, 2489.6,    0.75,  325.44,  358.01,  357.16,  339.68,  341.66,  340.35, 1461.37, 1521.62, 1487.39, 1475.45, 1466.21, 1466.43, 1547.60, 1542.91,  7088.8, 176,  GPS,   67.5, 116.50, 115.60, 134.750, 121.500, -0.001,       ,  21.15, -53.7,   30.5,   68.0,  -14.5,      1,   GPS,     VS,  -0.0,  -1.2, -488.2, 3DDiff, 3704,      ,     12,  14.5,     16
2018-08-27, 17:43:05,  -04:00,  RAYMY,   42.7592239,  -71.6691895,  6849.7, 30.00,  7174.2,  16.2, 153.35, 180.49, -476.80,  -1.22,  -0.10,  -0.00,   0.00,  61.4,  68.0,  27.7,  28.8,   1.6,  21.54,  24.11,    16.25,  185.31,   53.37,  30.45, 2490.3,    0.75,  325.48,  358.05,  357.19,  339.72,  341.88,  340.38, 1461.78, 1520.74, 1489.35, 1475.21, 1466.46, 1466.54, 1547.36, 1543.32,  7080.8, 177,  GPS,   67.5, 116.50, 115.60, 134.750, 121.500, -0.001,       ,  21.14, -53.6,   30.5,   68.0,  -14.5,      1,   GPS,     VS,  -0.0,  -1.2, -480.3, 3DDiff, 3704,      ,     12,  14.5,     16
2018-08-27, 17:43:06,  -04:00,  RAYMY,   42.7597198,  -71.6682816,  6841.7, 30.00,  7166.3,  16.2, 153.54, 180.64, -471.89,  -1.24,  -0.10,   0.00,  -0.02,  61.4,  68.0,  27.7,  28.8,   1.6,  21.52,  24.11,    16.25,  185.28,   53.34,  30.39, 2489.9,    0.75,  325.51,  358.10,  357.22,  339.75,  342.03,  340.45, 1460.47, 1519.93, 1488.75, 1473.93, 1465.89, 1465.22, 1546.36, 1542.45,  7072.9, 177,  GPS,   67.5, 116.50, 115.60, 134.750, 121.500, -0.001,       ,  21.13, -53.5,   30.5,   68.0,  -14.5,      1,   GPS,     VS,  -0.0,  -1.3, -480.3, 3DDiff, 3704,      ,     12,  14.5,     17
2018-08-27, 17:43:07,  -04:00,  RAYMY,   42.7602196,  -71.6673584,  6835.7, 30.00,  7158.2,  16.2, 153.78, 180.78, -465.02,  -1.21,  -0.08,   0.00,  -0.01,  61.4,  68.0,  27.7,  28.8,   1.6,  21.52,  24.10,    16.32,  185.26,   53.30,  30.41, 2488.0,    0.75,  325.57,  358.10,  357.25,  339.78,  342.19,  340.48, 1460.10, 1519.86, 1488.98, 1473.44, 1465.97, 1464.81, 1545.68, 1542.81,  7064.9, 177,  GPS,   67.5, 116.50, 115.60, 134.750, 121.500, -0.001,       ,  21.12, -53.4,   30.4,   68.0,  -14.5,      1,   GPS,     VS,  -0.0,  -1.3, -488.2, 3DDiff, 3704,      ,     12,  14.5,     17
2018-08-27, 17:43:08,  -04:00,  RAYMY,   42.7607193,  -71.6664505,  6828.7, 30.00,  7149.2,  16.2, 153.93, 180.93, -451.23,  -1.23,  -0.09,   0.01,   0.00,  61.4,  68.0,  27.7,  28.8,   1.6,  21.52,  24.08,    16.32,  185.24,   53.41,  30.42, 2489.3,    0.75,  325.62,  358.14,  357.27,  339.81,  342.31,  340.51, 1460.66, 1520.75, 1489.61, 1473.17, 1466.67, 1465.56, 1546.05, 1543.90,  7055.8, 177,  GPS,   67.5, 116.50, 115.60, 134.750, 121.500, -0.001,       ,  21.10, -53.2,   30.3,   68.0,  -14.5,      1,   GPS,     VS,  -0.0,  -1.3, -496.1, 3DDiff, 3704,      ,     12,  14.5,     17
2018-08-27, 17:43:09,  -04:00,  RAYMY,   42.7612190,  -71.6655350,  6820.7, 30.00,  7140.7,  16.2, 154.03, 181.07, -452.93,  -1.40,  -0.10,   0.00,  -0.03,  61.3,  68.0,  27.7,  28.8,   1.6,  21.52,  24.06,    16.38,  185.23,   53.24,  30.42, 2489.5,    0.76,  325.65,  358.16,  357.31,  339.82,  342.46,  340.54, 1461.20, 1520.51, 1489.76, 1473.93, 1466.84, 1466.68, 1547.46, 1543.30,  7047.3, 177,  GPS,   67.5, 116.50, 115.60, 134.750, 121.500, -0.001,       ,  21.09, -53.1,   30.3,   68.0,  -14.5,      1,   GPS,     VS,  -0.0,  -1.3, -500.0, 3DDiff, 3704,      ,     12,  14.5,     16
2018-08-27, 17:43:10,  -04:00,  RAYMY,   42.7617226,  -71.6646194,  6812.7, 30.00,  7131.3,  16.2, 154.09, 181.19, -487.13,  -1.41,  -0.07,   0.00,  -0.01,  61.2,  68.0,  27.7,  28.8,   1.6,  21.52,  24.05,    16.30,  185.21,   53.32,  30.38, 2489.7,    0.75,  325.68,  358.17,  357.31,  339.87,  342.53,  340.57, 1460.26, 1520.54, 1489.79, 1473.46, 1466.71, 1465.26, 1546.96, 1542.57,  7037.9, 177,  GPS,   67.5, 116.50, 115.60, 134.750, 121.500, -0.001,       ,  21.07, -52.9,   30.2,   68.0,  -14.5,      1,   GPS,     VS,  -0.0,  -1.3, -539.4, 3DDiff, 3704,      ,     12,  14.5,     16
2018-08-27, 17:43:11,  -04:00,  RAYMY,   42.7622185,  -71.6637039,  6805.7, 30.00,  7122.0,  16.2, 154.27, 181.36, -480.96,  -1.35,  -0.07,   0.00,  -0.00,  61.1,  68.0,  27.7,  28.8,   1.6,  21.51,  24.04,    16.33,  185.19,   53.33,  30.37, 2490.7,    0.75,  325.72,  358.21,  357.33,  339.88,  342.62,  340.58, 1459.96, 1519.78, 1489.22, 1472.13, 1465.40, 1464.76, 1545.59, 1541.70,  7028.7, 178,  GPS,   67.5, 116.50, 115.60, 134.750, 121.500, -0.001,       ,  21.06, -52.8,   30.2,   68.0,  -14.5,      1,   GPS,     VS,  -0.0,  -1.3, -547.2, 3DDiff, 3704,      ,     12,  14.5,     16
2018-08-27, 17:43:12,  -04:00,  RAYMY,   42.7627220,  -71.6627884,  6795.7, 30.00,  7112.8,  16.2, 154.30, 181.52, -519.28,  -1.30,  -0.08,   0.00,   0.00,  61.1,  68.0,  27.7,  28.8,   1.6,  21.51,  24.02,    16.31,  185.15,   53.33,  30.36, 2488.5,    0.75,  325.74,  358.23,  357.36,  339.91,  342.68,  340.60, 1459.34, 1519.85, 1489.03, 1471.95, 1464.90, 1464.87, 1545.47, 1541.45,  7019.5, 178,  GPS,   67.5, 116.50, 115.60, 134.750, 121.500, -0.001,       ,  21.06, -52.6,   30.1,   68.0,  -14.5,      1,   GPS,     VS,  -0.0,  -1.3, -547.2, 3DDiff, 3704,      ,     12,  14.5,     17
2018-08-27, 17:43:13,  -04:00,  RAYMY,   42.7632256,  -71.6618652,  6787.7, 30.00,  7103.8,  16.2, 154.62, 181.65, -522.88,  -1.14,  -0.11,  -0.00,   0.01,  61.0,  68.0,  27.7,  28.8,   1.6,  21.51,  24.01,    16.22,  185.16,   53.42,  30.39, 2489.0,    0.75,  325.79,  358.26,  357.38,  339.93,  342.74,  340.64, 1458.92, 1519.51, 1488.46, 1471.57, 1464.52, 1463.61, 1544.99, 1540.45,  7010.4, 178,  GPS,   67.5, 116.50, 115.60, 134.750, 121.500, -0.001,       ,  21.06, -52.5,   30.1,   68.0,  -14.5,      1,   GPS,     VS,  -0.0,  -1.3, -539.4, 3DDiff, 3704,      ,     12,  14.5,     17
2018-08-27, 17:43:14,  -04:00,  RAYMY,   42.7637215,  -71.6609497,  6779.7, 30.00,  7095.9,  16.2, 154.65, 181.75, -520.37,  -1.14,  -0.15,   0.00,   0.00,  61.0,  67.8,  27.7,  28.8,   1.6,  21.52,  23.99,    16.30,  185.15,   53.53,  30.40, 2489.6,    0.75,  325.80,  358.26,  357.40,  339.94,  342.80,  340.64, 1458.77, 1519.40, 1487.66, 1470.81, 1463.71, 1463.49, 1544.58, 1540.65,  7002.6, 178,  GPS,   67.5, 116.50, 115.60, 134.750, 121.500, -0.001,       ,  21.06, -52.3,   30.0,   68.0,  -14.5,      1,   GPS,     VS,  -0.0,  -1.2, -523.6, 3DDiff, 3704,      ,     12,  14.5,     17
2018-08-27, 17:43:15,  -04:00,  RAYMY,   42.7642250,  -71.6600266,  6772.7, 30.00,  7087.4,  16.2, 154.94, 181.81, -500.38,  -1.15,  -0.09,   0.00,   0.00,  61.0,  67.9,  27.7,  28.8,   1.6,  21.54,  23.96,    16.25,  185.14,   53.65,  30.41, 2491.2,    0.75,  325.84,  358.29,  357.40,  339.99,  342.83,  340.69, 1460.23, 1520.02, 1487.88, 1471.36, 1463.82, 1463.56, 1545.35, 1541.57,  6994.1, 178,  GPS,   67.5, 116.50, 115.60, 134.750, 121.500, -0.001,       ,  21.08, -52.1,   30.0,   68.0,  -14.5,      1,   GPS,     VS,  -0.0,  -1.2, -519.7, 3DDiff, 3704,      ,     12,  14.5,     16
2018-08-27, 17:43:16,  -04:00,  RAYMY,   42.7647247,  -71.6591187,  6764.7, 30.00,  7079.2,  16.5, 155.09, 181.89, -498.27,  -1.22,  -0.03,   0.00,  -0.01,  61.0,  67.9,  27.7,  28.8,   1.6,  21.56,  23.93,    16.32,  185.12,   53.47,  30.41, 2489.5,    0.75,  325.87,  358.32,  357.42,  340.00,  342.86,  340.69, 1461.05, 1519.85, 1487.68, 1471.42, 1464.26, 1463.55, 1545.19, 1541.34,  6985.9, 178,  GPS,   67.5, 116.50, 115.60, 134.750, 121.500, -0.001,       ,  21.09, -52.0,   29.9,   68.0,  -14.5,      1,   GPS,     VS,   0.0,  -1.2, -507.9, 3DDiff, 3704,      ,     12,  14.5,     16
2018-08-27, 17:43:17,  -04:00,  RAYMY,   42.7652245,  -71.6582031,  6756.7, 30.00,  7070.7,  16.5, 155.14, 181.94, -492.14,  -1.25,   0.00,  -0.01,  -0.00,  61.0,  67.9,  27.7,  28.8,   1.6,  21.57,  23.90,    16.30,  185.11,   53.35,  30.42, 2488.9,    0.75,  325.90,  358.32,  357.41,  340.00,  342.86,  340.70, 1461.38, 1520.11, 1488.55, 1471.42, 1464.67, 1463.86, 1545.14, 1541.80,  6977.3, 179,  GPS,   67.5, 116.50, 115.60, 134.750, 121.500, -0.001,       ,  21.12, -51.8,   29.9,   68.0,  -14.5,      1,   GPS,     VS,   0.0,  -1.2, -515.7, 3DDiff, 3704,      ,     12,  14.5,     16
2018-08-27, 17:43:18,  -04:00,  RAYMY,   42.7657280,  -71.6572800,  6747.7, 30.00,  7062.1,  16.5, 155.29, 182.02, -518.56,  -1.19,  -0.01,  -0.00,   0.01,  61.0,  67.9,  27.7,  28.8,   1.6,  21.58,  23.87,    16.32,  185.10,   53.26,  30.39, 2488.5,    0.75,  325.90,  358.35,  357.40,  340.03,  342.87,  340.70, 1460.52, 1519.69, 1489.41, 1471.41, 1464.58, 1463.93, 1544.99, 1541.80,  6968.8, 179,  GPS,   67.5, 116.50, 115.60, 134.750, 121.500, -0.001,       ,  21.14, -51.6,   29.8,   68.0,  -14.5,      1,   GPS,     VS,   0.0,  -1.2, -519.7, 3DDiff, 3704,      ,     12,  14.5,     17
2018-08-27, 17:43:19,  -04:00,  RAYMY,   42.7662277,  -71.6563644,  6739.7, 30.00,  7053.8,  16.5, 155.44, 182.10, -504.19,  -1.23,   0.00,   0.00,  -0.00,  61.1,  67.9,  27.7,  28.8,   1.6,  21.59,  23.84,    16.42,  185.07,   53.47,  30.44, 2490.4,    0.76,  325.94,  358.36,  357.43,  340.06,  342.88,  340.71, 1461.01, 1519.50, 1488.52, 1471.90, 1465.04, 1464.60, 1545.43, 1542.39,  6960.5, 179,  GPS,   67.5, 116.50, 115.60, 134.750, 121.500, -0.001,       ,  21.17, -51.4,   29.8,   68.0,  -14.5,      1,   GPS,     VS,   0.0,  -1.2, -503.9, 3DDiff, 3704,      ,     12,  14.5,     17
2018-08-27, 17:43:20,  -04:00,  RAYMY,   42.7667313,  -71.6554489,  6732.7, 30.00,  7044.3,  16.5, 155.50, 182.18, -498.17,  -1.22,   0.03,   0.00,  -0.00,  61.1,  67.9,  27.7,  28.8,   1.6,  21.60,  23.81,    16.39,  185.07,   53.39,  30.42, 2491.2,    0.76,  325.96,  358.37,  357.42,  340.06,  342.89,  340.70, 1461.08, 1520.16, 1488.66, 1471.56, 1465.35, 1464.92, 1545.75, 1542.76,  6951.3, 179,  GPS,   67.5, 116.50, 115.60, 134.750, 121.500, -0.001,       ,  21.21, -51.3,   29.7,   68.0,  -14.5,      1,   GPS,     VS,   0.0,  -1.2, -507.9, 3DDiff, 3704,      ,     12,  14.5,     17
2018-08-27, 17:43:21,  -04:00,  RAYMY,   42.7672386,  -71.6545258,  6723.7, 30.00,  7035.5,  16.5, 155.54, 182.24, -505.06,  -1.22,   0.04,  -0.00,   0.00,  61.1,  67.9,  27.7,  28.8,   1.6,  21.61,  23.81,    16.32,  185.08,   53.52,  30.45, 2488.9,    0.75,  325.96,  358.36,  357.46,  340.07,  342.89,  340.68, 1460.74, 1519.86, 1488.85, 1471.22, 1465.21, 1464.16, 1545.34, 1542.46,  6942.5, 179,  GPS,   68.0, 116.50, 115.60, 134.750, 121.500, -0.001,       ,  21.24, -51.1,   29.7,   68.0,  -14.5,      1,   GPS,     VS,   0.0,  -1.2, -507.9, 3DDiff, 3704,      ,     12,  14.5,     16
2018-08-27, 17:43:22,  -04:00,  RAYMY,   42.7677422,  -71.6536026,  6716.7, 30.00,  7026.7,  16.5, 155.78, 182.29, -493.53,  -1.21,  -0.01,  -0.00,  -0.01,  61.1,  67.9,  27.7,  28.8,   1.6,  21.61,  23.79,    16.36,  185.07,   53.40,  30.45, 2488.4,    0.76,  325.96,  358.36,  357.46,  340.09,  342.87,  340.67, 1460.66, 1520.95, 1488.69, 1471.30, 1464.84, 1465.11, 1545.82, 1543.00,  6933.7, 179,  GPS,   68.0, 116.50, 115.60, 134.750, 121.500, -0.001,       ,  21.27, -50.9,   29.6,   68.0,  -14.5,      1,   GPS,     VS,   0.0,  -1.2, -503.9, 3DDiff, 3704,      ,     12,  14.5,     16
2018-08-27, 17:43:23,  -04:00,  RAYMY,   42.7682495,  -71.6526794,  6707.7, 30.00,  7018.2,  16.5, 155.82, 182.33, -505.04,  -1.23,   0.03,   0.00,  -0.00,  61.1,  67.9,  27.7,  28.8,   1.6,  21.60,  23.78,    16.30,  185.06,   53.51,  30.45, 2488.7,    0.75,  325.97,  358.38,  357.46,  340.09,  342.86,  340.70, 1461.55, 1520.25, 1489.72, 1471.18, 1464.76, 1466.51, 1545.70, 1544.10,  6925.2, 179,  GPS,   68.0, 116.50, 115.60, 134.750, 121.500, -0.001,       ,  21.30, -50.7,   29.6,   68.0,  -14.5,      1,   GPS,     VS,   0.0,  -1.2, -500.0, 3DDiff, 3704,      ,     12,  14.5,     16
2018-08-27, 17:43:24,  -04:00,  RAYMY,   42.7687492,  -71.6517639,  6701.7, 30.00,  7009.6,  16.5, 156.06, 182.39, -473.28,  -1.23,  -0.01,  -0.00,  -0.01,  61.2,  67.9,  27.7,  28.8,   1.6,  21.60,  23.77,    16.42,  185.03,   53.48,  30.43, 2489.5,    0.76,  326.00,  358.40,  357.44,  340.09,  342.83,  340.67, 1460.95, 1519.11, 1490.16, 1471.53, 1465.54, 1467.42, 1545.66, 1543.81,  6916.5, 180,  GPS,   68.0, 116.50, 115.60, 134.750, 121.500, -0.001,       ,  21.33, -50.6,   29.5,   68.0,  -14.5,      1,   GPS,     VS,   0.1,  -1.2, -507.9, 3DDiff, 3704,      ,     12,  14.5,     17
2018-08-27, 17:43:25,  -04:00,  RAYMY,   42.7692528,  -71.6508408,  6691.7, 30.00,  7000.8,  16.5, 156.04, 182.41, -501.36,  -1.16,   0.03,  -0.01,  -0.00,  61.2,  67.9,  27.7,  28.8,   1.6,  21.59,  23.76,    16.35,  185.00,   53.42,  30.41, 2489.3,    0.76,  325.99,  358.38,  357.44,  340.09,  342.83,  340.67, 1461.24, 1518.94, 1489.26, 1471.44, 1467.09, 1467.66, 1546.16, 1544.17,  6907.8, 179,  GPS,   68.0, 116.50, 115.60, 134.750, 121.500, -0.001,       ,  21.36, -50.4,   29.5,   68.0,  -14.5,      1,   GPS,     VS,   0.1,  -1.2, -515.7, 3DDiff, 3704,      ,     12,  14.5,     17
2018-08-27, 17:43:26,  -04:00,  RAYMY,   42.7697563,  -71.6499252,  6685.7, 30.00,  6993.0,  16.5, 156.23, 182.43, -488.73,  -1.08,   0.08,   0.00,  -0.00,  61.3,  67.9,  27.7,  28.8,   1.6,  21.58,  23.76,    16.35,  184.97,   53.53,  30.42, 2488.7,    0.75,  326.04,  358.41,  357.46,  340.12,  342.80,  340.69, 1461.40, 1519.40, 1490.22, 1471.79, 1468.97, 1468.13, 1546.59, 1545.23,  6899.9, 180,  GPS,   68.0, 116.50, 115.60, 134.750, 121.500, -0.001,       ,  21.39, -50.2,   29.4,   68.0,  -14.5,      1,   GPS,     VS,   0.1,  -1.2, -515.7, 3DDiff, 3704,      ,     12,  14.5,     17
2018-08-27, 17:43:27,  -04:00,  RAYMY,   42.7702637,  -71.6490097,  6677.7, 30.00,  6985.1,  16.5, 156.42, 182.41, -481.30,  -1.08,   0.03,  -0.00,   0.00,  61.3,  67.9,  27.7,  28.8,   1.6,  21.56,  23.77,    16.37,  184.95,   53.49,  30.43, 2488.8,    0.76,  326.00,  358.41,  357.43,  340.12,  342.80,  340.67, 1460.89, 1518.57, 1490.31, 1473.13, 1469.06, 1469.87, 1546.65, 1545.16,  6892.1, 180,  GPS,   68.0, 116.50, 115.60, 134.750, 121.500, -0.000,       ,  21.41, -50.0,   29.4,   68.0,  -14.5,      1,   GPS,     VS,   0.1,  -1.1, -507.9, 3DDiff, 3704,      ,     12,  14.5,     16
2018-08-27, 17:43:28,  -04:00,  RAYMY,   42.7707596,  -71.6480865,  6668.7, 30.00,  6976.9,  16.5, 156.42, 182.39, -500.30,  -1.05,   0.02,  -0.00,   0.00,  61.3,  68.0,  27.7,  28.8,   1.6,  21.55,  23.78,    16.37,  184.91,   53.49,  30.44, 2490.2,    0.76,  326.05,  358.41,  357.41,  340.12,  342.77,  340.65, 1461.20, 1518.32, 1491.04, 1473.28, 1470.00, 1470.38, 1546.66, 1545.66,  6883.9, 180,  GPS,   68.0, 116.50, 115.60, 134.750, 121.500, -0.001,       ,  21.42, -49.9,   29.3,   68.0,  -14.5,      1,   GPS,     VS,   0.1,  -1.1, -507.9, 3DDiff, 3704,      ,     12,  14.5,     16
2018-08-27, 17:43:29,  -04:00,  RAYMY,   42.7712593,  -71.6471634,  6661.7, 30.00,  6968.6,  16.5, 156.53, 182.35, -499.20,  -1.01,   0.00,  -0.00,  -0.00,  61.4,  68.0,  27.7,  28.8,   1.6,  21.53,  23.78,    16.41,  184.88,   53.68,  30.43, 2490.5,    0.76,  326.03,  358.42,  357.43,  340.12,  342.75,  340.65, 1461.31, 1518.42, 1491.35, 1474.47, 1470.67, 1469.61, 1546.80, 1545.47,  6875.6, 180,  GPS,   68.0, 116.50, 115.60, 134.750, 121.500, -0.001,       ,  21.44, -49.7,   29.3,   68.0,  -14.5,      1,   GPS,     VS,   0.0,  -1.1, -507.9, 3DDiff, 3704,      ,     12,  14.5,     16
2018-08-27, 17:43:30,  -04:00,  RAYMY,   42.7717628,  -71.6462402,  6654.7, 30.00,  6960.3,  16.5, 156.73, 182.31, -471.67,  -1.04,   0.01,   0.00,  -0.01,  61.4,  68.0,  27.7,  28.8,   1.6,  21.53,  23.79,    16.38,  184.84,   53.64,  30.38, 2488.9,    0.76,  326.04,  358.44,  357.40,  340.13,  342.72,  340.64, 1460.61, 1519.36, 1490.36, 1474.94, 1471.07, 1469.50, 1547.44, 1544.58,  6867.2, 180,  GPS,   68.0, 116.50, 115.60, 134.750, 121.500, -0.001,       ,  21.44, -49.5,   29.2,   68.0,  -14.5,      1,   GPS,     VS,   0.0,  -1.1, -507.9, 3DDiff, 3704,      ,     12,  14.5,     17
2018-08-27, 17:43:31,  -04:00,  RAYMY,   42.7722626,  -71.6453171,  6646.7, 30.00,  6951.6,  16.5, 156.60, 182.25, -478.89,  -1.04,  -0.01,   0.00,   0.00,  61.5,  68.0,  27.7,  28.8,   1.6,  21.51,  23.79,    16.35,  184.80,   53.62,  30.38, 2489.3,    0.75,  326.03,  358.45,  357.43,  340.13,  342.67,  340.64, 1460.12, 1518.63, 1490.23, 1475.22, 1471.91, 1469.40, 1547.49, 1544.23,  6858.6, 180,  GPS,   68.0, 116.50, 115.60, 134.750, 121.500, -0.001,       ,  21.45, -49.3,   29.2,   68.0,  -14.5,      1,   GPS,     VS,   0.0,  -1.0, -519.7, 3DDiff, 3704,      ,     12,  14.5,     18
2018-08-27, 17:43:32,  -04:00,  RAYMY,   42.7727661,  -71.6444016,  6636.7, 30.00,  6942.1,  16.8, 156.36, 182.22, -508.63,  -1.03,  -0.08,   0.00,   0.01,  61.4,  68.0,  27.7,  28.8,   1.6,  21.50,  23.80,    16.42,  184.78,   53.75,  30.38, 2488.0,    0.76,  326.05,  358.47,  357.41,  340.13,  342.64,  340.64, 1461.00, 1518.92, 1489.99, 1474.13, 1471.21, 1470.17, 1547.55, 1544.81,  6849.1, 180,  GPS,   68.0, 116.50, 115.60, 134.750, 121.500, -0.000,       ,  21.44, -49.1,   29.1,   68.0,  -14.5,      1,   GPS,     VS,   0.0,  -1.0, -527.6, 3DDiff, 3704,      ,     12,  14.5,     17
2018-08-27, 17:43:33,  -04:00,  RAYMY,   42.7732697,  -71.6434784,  6627.7, 30.00,  6933.1,  16.8, 156.49, 182.20, -521.29,  -1.02,  -0.12,  -0.00,   0.00,  61.4,  68.0,  27.7,  28.8,   1.6,  21.48,  23.80,    16.37,  184.77,   53.67,  30.42, 2488.8,    0.76,  326.04,  358.47,  357.40,  340.12,  342.57,  340.62, 1461.64, 1519.39, 1490.29, 1473.46, 1471.79, 1470.76, 1547.43, 1545.72,  6840.0, 180,  GPS,   68.0, 116.50, 115.60, 134.750, 121.500, -0.000,       ,  21.43, -48.9,   29.1,   68.0,  -14.5,      1,   GPS,     VS,   0.0,  -1.0, -515.7, 3DDiff, 3704,      ,     12,  14.5,     17
2018-08-27, 17:43:34,  -04:00,  RAYMY,   42.7737694,  -71.6425552,  6620.7, 30.00,  6924.3,  16.8, 156.53, 182.16, -509.19,  -1.04,  -0.07,   0.00,  -0.01,  61.4,  68.0,  27.7,  28.8,   1.6,  21.47,  23.80,    16.39,  184.75,   53.70,  30.41, 2488.6,    0.76,  326.05,  358.50,  357.40,  340.10,  342.55,  340.61, 1461.20, 1519.13, 1490.21, 1473.13, 1472.37, 1469.60, 1547.06, 1545.57,  6831.3, 180,  GPS,   68.0, 116.50, 115.60, 134.750, 121.500, -0.000,       ,  21.42, -48.7,   29.0,   68.0,  -14.5,      1,   GPS,     VS,   0.0,  -1.0, -503.9, 3DDiff, 3704,      ,     12,  14.5,     17
2018-08-27, 17:43:35,  -04:00,  RAYMY,   42.7742767,  -71.6416397,  6612.7, 30.00,  6915.8,  16.8, 156.47, 182.14, -492.55,  -1.08,  -0.05,   0.00,   0.00,  61.4,  68.0,  27.7,  28.8,   1.6,  21.47,  23.79,    16.36,  184.74,   53.52,  30.39, 2488.7,    0.76,  326.02,  358.50,  357.37,  340.12,  342.50,  340.60, 1460.22, 1518.51, 1489.98, 1473.34, 1471.11, 1469.17, 1546.44, 1544.18,  6822.8, 180,  GPS,   68.0, 116.50, 115.60, 134.750, 121.500, -0.000,       ,  21.40, -48.5,   29.0,   68.0,  -14.5,      1,   GPS,     VS,   0.0,  -1.1, -503.9, 3DDiff, 3704,      ,     12,  14.5,     17
2018-08-27, 17:43:36,  -04:00,  RAYMY,   42.7747765,  -71.6407166,  6604.7, 30.00,  6907.3,  16.8, 156.48, 182.10, -482.01,  -1.12,  -0.08,  -0.00,  -0.00,  61.4,  68.0,  27.7,  28.8,   1.6,  21.47,  23.78,    16.34,  184.74,   53.54,  30.39, 2488.6,    0.75,  326.05,  358.51,  357.37,  340.10,  342.44,  340.59, 1460.74, 1518.78, 1490.22, 1473.18, 1471.29, 1468.75, 1546.31, 1544.54,  6814.3, 180,  GPS,   68.0, 116.50, 115.60, 134.750, 121.500, -0.000,       ,  21.38, -48.3,   28.9,   68.0,  -14.5,      1,   GPS,     VS,   0.0,  -1.1, -503.9, 3DDiff, 3704,      ,     12,  14.5,     17
2018-08-27, 17:43:37,  -04:00,  RAYMY,   42.7752724,  -71.6397934,  6596.7, 30.00,  6898.7,  16.8, 156.53, 182.10, -480.71,  -1.15,  -0.03,  -0.00,  -0.00,  61.4,  68.0,  27.7,  28.8,   1.6,  21.47,  23.78,    16.36,  184.74,   53.35,  30.39, 2489.8,    0.76,  326.02,  358.50,  357.37,  340.11,  342.39,  340.59, 1460.26, 1520.25, 1490.05, 1473.50, 1471.03, 1468.53, 1546.71, 1544.25,  6805.7, 180,  GPS,   68.0, 116.50, 115.60, 134.750, 121.500, -0.001,       ,  21.36, -48.2,   28.9,   68.0,  -14.5,      1,   GPS,     VS,   0.0,  -1.1, -507.9, 3DDiff, 3704,      ,     12,  14.5,     18
2018-08-27, 17:43:38,  -04:00,  RAYMY,   42.7757759,  -71.6388779,  6588.7, 30.00,  6891.1,  16.8, 156.60, 182.12, -486.43,  -1.18,  -0.01,   0.00,  -0.00,  61.4,  68.0,  27.7,  28.8,   1.6,  21.47,  23.76,    16.40,  184.77,   53.49,  30.40, 2489.7,    0.76,  326.02,  358.52,  357.35,  340.09,  342.35,  340.58, 1460.45, 1519.19, 1491.06, 1473.34, 1470.46, 1470.38, 1546.65, 1544.64,  6798.1, 180,  GPS,   68.0, 116.50, 115.60, 134.750, 121.500, -0.000,       ,  21.34, -48.0,   28.8,   68.0,  -14.5,      1,   GPS,     VS,   0.0,  -1.2, -511.8, 3DDiff, 3704,      ,     12,  14.5,     17
2018-08-27, 17:43:39,  -04:00,  RAYMY,   42.7762794,  -71.6379547,  6580.7, 30.00,  6883.1,  16.8, 156.69, 182.12, -492.97,  -1.21,  -0.03,   0.00,   0.00,  61.4,  68.0,  27.7,  28.8,   1.6,  21.47,  23.75,    16.35,  184.75,   53.60,  30.41, 2489.0,    0.75,  326.02,  358.50,  357.31,  340.09,  342.29,  340.57, 1461.15, 1519.43, 1490.87, 1473.62, 1470.38, 1469.48, 1546.82, 1544.53,  6790.1, 180,  GPS,   68.0, 116.50, 115.60, 134.750, 121.500, -0.000,       ,  21.31, -47.8,   28.8,   68.0,  -14.5,      1,   GPS,     VS,   0.0,  -1.2, -507.9, 3DDiff, 3704,      ,     12,  14.5,     17
2018-08-27, 17:43:40,  -04:00,  RAYMY,   42.7767754,  -71.6370316,  6572.7, 30.00,  6875.1,  16.8, 156.76, 182.14, -492.77,  -1.18,  -0.09,  -0.00,   0.00,  61.4,  68.0,  27.7,  28.8,   1.6,  21.48,  23.74,    16.31,  184.76,   53.47,  30.39, 2488.7,    0.75,  326.00,  358.48,  357.29,  340.08,  342.25,  340.54, 1461.19, 1520.81, 1490.93, 1473.47, 1470.50, 1469.42, 1547.55, 1544.71,  6782.0, 180,  GPS,   68.0, 116.50, 115.60, 134.750, 121.500, -0.001,       ,  21.26, -47.5,   28.7,   68.0,  -14.5,      1,   GPS,     VS,   0.0,  -1.2, -507.9, 3DDiff, 3704,      ,     12,  14.5,     17
2018-08-27, 17:43:41,  -04:00,  RAYMY,   42.7772789,  -71.6361160,  6564.7, 30.00,  6866.8,  16.8, 156.70, 182.14, -490.58,  -1.23,  -0.01,   0.00,  -0.01,  61.5,  68.0,  27.7,  28.8,   1.6,  21.48,  23.72,    16.39,  184.76,   53.50,  30.44, 2489.3,    0.76,  326.02,  358.47,  357.28,  340.06,  342.19,  340.52, 1461.74, 1520.69, 1492.08, 1474.47, 1470.32, 1468.76, 1547.89, 1545.74,  6773.8, 180,  GPS,   68.0, 116.50, 115.60, 134.750, 121.500, -0.000,       ,  21.26, -47.5,   28.7,   68.0,  -14.5,      1,   GPS,     VS,   0.0,  -1.2, -503.9, 3DDiff, 3704,      ,     12,  14.0,     17
2018-08-27, 17:43:42,  -04:00,  RAYMY,   42.7777786,  -71.6351929,  6555.7, 30.00,  6858.5,  16.8, 156.63, 182.18, -499.92,  -1.23,   0.00,   0.00,   0.00,  61.5,  68.0,  27.7,  28.8,   1.6,  21.49,  23.70,    16.42,  184.75,   53.57,  30.38, 2487.8,    0.76,  326.01,  358.48,  357.27,  340.01,  342.16,  340.49, 1462.06, 1519.50, 1492.92, 1474.65, 1470.30, 1468.67, 1547.10, 1545.88,  6765.5, 180,  GPS,   68.0, 116.50, 115.60, 134.750, 121.500, -0.000,       ,  21.24, -47.3,   28.6,   68.0,  -14.5,      1,   GPS,     VS,   0.0,  -1.2, -507.9, 3DDiff, 3704,      ,     12,  14.0,     17
2018-08-27, 17:43:43,  -04:00,  RAYMY,   42.7782860,  -71.6342773,  6548.7, 30.00,  6850.3,  16.8, 156.63, 182.20, -484.57,  -1.30,   0.00,  -0.00,  -0.01,  61.5,  68.0,  27.7,  28.8,   1.6,  21.50,  23.69,    16.35,  184.75,   53.40,  30.38, 2488.1,    0.75,  325.99,  358.44,  357.22,  340.00,  342.10,  340.49, 1460.56, 1519.38, 1492.01, 1474.74, 1470.35, 1468.55, 1546.65, 1545.39,  6757.2, 180,  GPS,   68.0, 116.50, 115.60, 134.750, 121.500, -0.000,       ,  21.21, -47.2,   28.6,   68.0,  -14.5,      1,   GPS,     VS,   0.0,  -1.3, -503.9, 3DDiff, 3704,      ,     12,  14.5,     17
2018-08-27, 17:43:44,  -04:00,  RAYMY,   42.7787819,  -71.6333542,  6538.7, 30.00,  6841.0,  16.8, 156.51, 182.24, -510.71,  -1.30,   0.04,  -0.00,  -0.00,  61.4,  68.0,  27.7,  28.8,   1.6,  21.50,  23.68,    16.37,  184.75,   53.47,  30.35, 2488.0,    0.76,  326.01,  358.44,  357.20,  339.97,  342.04,  340.46, 1460.42, 1518.88, 1492.15, 1474.81, 1469.64, 1469.08, 1546.59, 1544.88,  6748.0, 180,  GPS,   68.0, 116.50, 115.60, 134.750, 121.500, -0.000,       ,  21.18, -47.0,   28.5,   68.0,  -14.5,      1,   GPS,     VS,   0.0,  -1.3, -511.8, 3DDiff, 3704,      ,     12,  14.0,     17
2018-08-27, 17:43:45,  -04:00,  RAYMY,   42.7792816,  -71.6324310,  6532.7, 30.00,  6832.0,  17.0, 156.73, 182.25, -498.99,  -1.19,  -0.02,   0.00,   0.00,  61.4,  68.1,  27.7,  28.8,   1.6,  21.49,  23.68,    16.36,  184.75,   53.60,  30.39, 2490.5,    0.76,  325.99,  358.41,  357.18,  339.97,  341.98,  340.48, 1460.33, 1519.41, 1491.39, 1473.54, 1470.05, 1470.23, 1546.59, 1545.00,  6739.0, 180,  GPS,   68.0, 116.50, 115.60, 134.750, 121.500, -0.000,       ,  21.15, -46.9,   28.5,   68.0,  -14.5,      1,   GPS,     VS,   0.0,  -1.3, -515.7, 3DDiff, 3704,      ,     12,  14.0,     16
2018-08-27, 17:43:46,  -04:00,  RAYMY,   42.7797852,  -71.6315079,  6524.7, 30.00,  6822.8,  17.0, 156.74, 182.29, -476.27,  -1.30,  -0.04,   0.00,  -0.01,  61.4,  68.1,  27.7,  28.8,   1.6,  21.48,  23.68,    16.29,  184.74,   53.57,  30.40, 2489.5,    0.75,  325.99,  358.38,  357.16,  339.94,  341.90,  340.45, 1460.15, 1519.10, 1491.60, 1473.94, 1470.86, 1469.24, 1546.52, 1544.95,  6729.7, 180,  GPS,   68.0, 116.50, 115.60, 134.750, 121.500, -0.000,       ,  21.11, -46.7,   28.4,   68.0,  -14.5,      1,   GPS,     VS,  -0.0,  -1.3, -503.9, 3DDiff, 3704,      ,     12,  14.0,     16
2018-08-27, 17:43:47,  -04:00,  RAYMY,   42.7802849,  -71.6305847,  6515.7, 30.00,  6813.8,  17.0, 156.57, 182.29, -486.17,  -1.32,  -0.12,  -0.00,  -0.00,  61.4,  68.1,  27.7,  28.8,   1.6,  21.48,  23.67,    16.21,  184.77,   53.63,  30.36, 2487.8,    0.75,  325.99,  358.35,  357.13,  339.94,  341.86,  340.43, 1459.81, 1519.35, 1490.43, 1473.69, 1470.89, 1469.49, 1546.61, 1544.32,  6720.8, 180,  GPS,   68.0, 116.50, 115.60, 134.750, 121.500, -0.000,       ,  21.11, -46.7,   28.4,   68.0,  -14.5,      1,   GPS,     VS,  -0.0,  -1.3, -523.6, 3DDiff, 3704,      ,     12,  14.0,     16
2018-08-27, 17:43:48,  -04:00,  RAYMY,   42.7807884,  -71.6296616,  6507.7, 30.00,  6805.0,  17.0, 156.53, 182.35, -500.25,  -1.29,  -0.11,  -0.00,   0.00,  61.4,  68.1,  27.7,  28.8,   1.6,  21.48,  23.65,    16.19,  184.76,   53.61,  30.36, 2487.7,    0.75,  325.96,  358.33,  357.10,  339.90,  341.77,  340.39, 1460.11, 1517.78, 1490.06, 1472.77, 1469.98, 1469.29, 1545.89, 1544.22,  6712.0, 180,  GPS,   68.0, 116.50, 115.60, 134.750, 121.500, -0.000,       ,  21.09, -46.6,   28.3,   68.0,  -14.5,      1,   GPS,     VS,  -0.0,  -1.3, -523.6, 3DDiff, 3704,      ,     12,  14.0,     17
2018-08-27, 17:43:49,  -04:00,  RAYMY,   42.7812920,  -71.6287384,  6499.7, 30.00,  6796.4,  17.0, 156.85, 182.37, -493.47,  -1.34,  -0.13,   0.00,  -0.01,  61.4,  68.1,  27.7,  28.8,   1.6,  21.49,  23.65,    16.28,  184.77,   53.49,  30.38, 2490.3,    0.75,  325.94,  358.30,  357.07,  339.88,  341.74,  340.37, 1460.23, 1517.12, 1490.50, 1472.52, 1469.67, 1469.30, 1545.65, 1544.38,  6703.4, 180,  GPS,   68.0, 116.50, 115.60, 134.750, 121.500, -0.000,       ,  21.06, -46.4,   28.3,   68.0,  -14.5,      1,   GPS,     VS,  -0.1,  -1.3, -511.8, 3DDiff, 3704,      ,     12,  14.0,     17
2018-08-27, 17:43:50,  -04:00,  RAYMY,   42.7817879,  -71.6278152,  6492.7, 30.00,  6788.7,  17.0, 157.05, 182.41, -488.54,  -1.38,  -0.09,   0.00,  -0.01,  61.4,  68.0,  27.7,  28.8,   1.6,  21.49,  23.64,    16.21,  184.74,   53.50,  30.41, 2487.8,    0.75,  325.96,  358.24,  357.04,  339.88,  341.65,  340.34, 1459.30, 1516.58, 1490.15, 1473.24, 1469.98, 1468.70, 1545.79, 1543.95,  6695.7, 180,  GPS,   68.0, 116.50, 115.60, 134.750, 121.500, -0.001,       ,  21.06, -46.4,   28.2,   68.0,  -14.5,      1,   GPS,     VS,  -0.0,  -1.3, -507.9, 3DDiff, 3704,      ,     12,  13.5,     17
2018-08-27, 17:43:51,  -04:00,  RAYMY,   42.7822952,  -71.6268997,  6483.7, 30.00,  6780.5,  17.0, 157.05, 182.43, -513.42,  -1.35,  -0.05,   0.00,   0.01,  61.4,  68.0,  27.7,  28.8,   1.6,  21.49,  23.63,    16.28,  184.74,   53.37,  30.40, 2488.4,    0.75,  325.96,  358.22,  357.01,  339.84,  341.59,  340.33, 1459.08, 1516.35, 1489.35, 1473.16, 1470.52, 1469.42, 1545.78, 1543.54,  6687.4, 180,  GPS,   68.0, 116.50, 115.60, 134.750, 121.500, -0.001,       ,  21.06, -46.4,   28.2,   68.0,  -14.5,      1,   GPS,     VS,  -0.0,  -1.4, -519.7, 3DDiff, 3704,      ,     12,  14.0,     16
2018-08-27, 17:43:52,  -04:00,  RAYMY,   42.7827911,  -71.6259766,  6476.7, 30.00,  6772.6,  17.0, 157.17, 182.49, -506.23,  -1.33,  -0.05,  -0.00,   0.00,  61.4,  68.0,  27.7,  28.8,   1.6,  21.49,  23.62,    16.32,  184.72,   53.33,  30.41, 2486.7,    0.75,  325.93,  358.17,  356.97,  339.82,  341.53,  340.28, 1459.14, 1515.85, 1489.41, 1474.02, 1470.90, 1468.17, 1545.48, 1543.74,  6679.6, 180,  GPS,   68.0, 116.50, 115.60, 134.750, 121.500, -0.001,       ,  21.05, -46.3,   28.1,   68.0,  -14.5,      1,   GPS,     VS,  -0.0,  -1.3, -507.9, 3DDiff, 3704,      ,     12,  14.0,     16
2018-08-27, 17:43:53,  -04:00,  RAYMY,   42.7832985,  -71.6250534,  6468.7, 30.00,  6764.4,  17.0, 157.21, 182.53, -485.28,  -1.42,  -0.01,   0.00,  -0.02,  61.4,  68.0,  27.7,  28.8,   1.6,  21.49,  23.61,    16.24,  184.70,   53.42,  30.40, 2488.8,    0.75,  325.93,  358.13,  356.94,  339.78,  341.46,  340.24, 1458.81, 1515.28, 1489.42, 1473.74, 1471.14, 1467.48, 1545.16, 1543.66,  6671.4, 180,  GPS,   68.0, 116.50, 115.60, 134.750, 121.500, -0.001,       ,  21.04, -46.3,   28.1,   68.0,  -14.5,      1,   GPS,     VS,   0.0,  -1.4, -496.1, 3DDiff, 3704,      ,     12,  14.0,     16
2018-08-27, 17:43:54,  -04:00,  RAYMY,   42.7837982,  -71.6241302,  6460.7, 30.00,  6755.9,  17.0, 157.25, 182.55, -489.97,  -1.41,  -0.01,   0.00,   0.00,  61.3,  68.0,  27.7,  28.8,   1.6,  21.49,  23.61,    16.25,  184.68,   53.53,  30.42, 2486.9,    0.75,  325.92,  358.07,  356.91,  339.75,  341.38,  340.22, 1458.54, 1514.98, 1489.06, 1472.45, 1471.76, 1466.79, 1544.81, 1543.35,  6662.9, 180,  GPS,   68.0, 116.50, 115.60, 134.750, 121.500, -0.001,       ,  21.04, -46.2,   28.0,   68.0,  -14.5,      1,   GPS,     VS,   0.0,  -1.4, -511.8, 3DDiff, 3704,      ,     12,  14.0,     17
2018-08-27, 17:43:55,  -04:00,  RAYMY,   42.7843018,  -71.6232071,  6451.7, 30.00,  6747.5,  17.0, 157.17, 182.59, -499.63,  -1.40,  -0.05,  -0.01,  -0.01,  61.4,  68.0,  27.7,  28.8,   1.6,  21.48,  23.60,    16.29,  184.66,   53.55,  30.42, 2486.4,    0.75,  325.90,  358.01,  356.88,  339.75,  341.31,  340.18, 1458.05, 1515.65, 1489.35, 1471.71, 1470.61, 1466.59, 1544.62, 1543.75,  6654.5, 180,  GPS,   68.0, 116.50, 115.60, 134.750, 121.500, -0.000,       ,  21.03, -46.2,   28.0,   68.0,  -14.5,      1,   GPS,     VS,   0.0,  -1.4, -511.8, 3DDiff, 3704,      ,     12,  14.0,     17
2018-08-27, 17:43:56,  -04:00,  RAYMY,   42.7848053,  -71.6222839,  6443.7, 30.00,  6738.5,  17.0, 157.05, 182.62, -493.37,  -1.38,  -0.10,   0.00,   0.00,  61.4,  68.0,  27.7,  28.8,   1.6,  21.49,  23.58,    16.17,  184.66,   53.24,  30.35, 2488.3,    0.75,  325.90,  357.96,  356.87,  339.70,  341.25,  340.14, 1456.68, 1515.98, 1488.27, 1470.91, 1470.23, 1465.96, 1543.85, 1542.80,  6645.4, 180,  GPS,   68.0, 116.50, 115.60, 134.750, 121.500, -0.000,       ,  21.03, -46.1,   27.9,   68.0,  -14.5,      1,   GPS,     VS,   0.0,  -1.4, -507.9, 3DDiff, 3704,      ,     12,  13.5,     17
2018-08-27, 17:43:57,  -04:00,  RAYMY,   42.7853050,  -71.6213608,  6436.7, 30.00,  6729.5,  17.0, 157.11, 182.66, -475.84,  -1.44,  -0.03,   0.00,  -0.01,  61.3,  68.0,  27.7,  28.8,   1.6,  21.50,  23.57,    16.20,  184.65,   53.28,  30.41, 2486.2,    0.75,  325.87,  357.90,  356.82,  339.69,  341.17,  340.07, 1456.95, 1516.40, 1488.73, 1470.71, 1470.93, 1466.58, 1543.90, 1542.89,  6636.5, 180,  GPS,   68.0, 116.50, 115.60, 134.750, 121.500, -0.000,       ,  21.03, -46.1,   27.9,   68.0,  -14.5,      1,   GPS,     VS,   0.0,  -1.4, -507.9, 3DDiff, 3704,      ,     12,  14.0,     17
2018-08-27, 17:43:58,  -04:00,  RAYMY,   42.7858124,  -71.6204376,  6427.7, 30.00,  6720.4,  17.0, 157.12, 182.74, -488.24,  -1.45,  -0.02,  -0.00,  -0.00,  61.3,  68.0,  27.7,  28.8,   1.6,  21.49,  23.57,    16.19,  184.66,   53.12,  30.43, 2486.1,    0.75,  325.90,  357.86,  356.79,  339.66,  341.10,  340.03, 1456.87, 1516.38, 1489.24, 1471.86, 1469.84, 1466.53, 1544.54, 1542.68,  6627.4, 180,  GPS,   68.0, 116.50, 115.60, 134.750, 121.500, -0.000,       ,  21.03, -46.1,   27.8,   68.0,  -14.5,      1,   GPS,     VS,   0.0,  -1.4, -519.7, 3DDiff, 3704,      ,     12,  14.0,     16
2018-08-27, 17:43:59,  -04:00,  RAYMY,   42.7863121,  -71.6195068,  6420.7, 30.00,  6711.8,  17.0, 157.22, 182.78, -485.37,  -1.49,  -0.08,   0.00,  -0.01,  61.3,  68.0,  27.7,  28.8,   1.6,  21.49,  23.56,    16.24,  184.66,   53.09,  30.41, 2485.6,    0.75,  325.86,  357.80,  356.78,  339.60,  341.03,  340.00, 1456.96, 1516.64, 1487.74, 1471.60, 1468.93, 1467.41, 1544.31, 1541.95,  6618.8, 180,  GPS,   68.0, 116.50, 115.60, 134.750, 121.500, -0.000,       ,  21.03, -46.1,   27.8,   68.0,  -14.5,      1,   GPS,     VS,   0.0,  -1.4, -511.8, 3DDiff, 3704,      ,     12,  14.0,     17
2018-08-27, 17:44:00,  -04:00,  RAYMY,   42.7868156,  -71.6185837,  6413.7, 30.00,  6703.3,  17.0, 157.42, 182.84, -476.92,  -1.56,   0.00,   0.00,  -0.00,  61.3,  68.0,  27.7,  28.8,   1.6,  21.49,  23.55,    16.25,  184.67,   53.10,  30.35, 2487.5,    0.75,  325.84,  357.72,  356.74,  339.60,  340.98,  339.94, 1456.45, 1517.12, 1488.14, 1470.00, 1468.97, 1466.71, 1543.74, 1541.78,  6610.3, 180,  GPS,   68.0, 116.50, 115.60, 134.750, 121.500, -0.000,       ,  21.03, -46.1,   27.7,   68.0,  -14.5,      1,   GPS,     VS,   0.0,  -1.5, -507.9, 3DDiff, 3704,      ,     12,  14.0,     17
2018-08-27, 17:44:01,  -04:00,  RAYMY,   42.7873192,  -71.6176605,  6404.7, 30.00,  6694.7,  17.0, 157.49, 182.90, -483.25,  -1.56,  -0.03,  -0.00,   0.00,  61.3,  68.0,  27.7,  28.8,   1.6,  21.50,  23.54,    16.29,  184.66,   53.35,  30.38, 2487.1,    0.75,  325.81,  357.68,  356.70,  339.55,  340.91,  339.91, 1455.91, 1516.57, 1487.81, 1469.04, 1468.72, 1466.73, 1543.44, 1541.18,  6601.7, 180,  GPS,   68.0, 116.50, 115.60, 134.750, 121.500, -0.000,       ,  21.03, -46.1,   27.7,   68.0,  -14.5,      1,   GPS,     VS,   0.0,  -1.5, -515.7, 3DDiff, 3704,      ,     12,  14.0,     17
2018-08-27, 17:44:02,  -04:00,  RAYMY,   42.7878189,  -71.6167374,  6396.7, 30.00,  6687.0,  17.0, 157.48, 182.99, -484.24,  -1.61,  -0.05,   0.00,  -0.01,  61.3,  68.0,  27.7,  28.8,   1.6,  21.50,  23.53,    16.36,  184.64,   53.08,  30.43, 2488.2,    0.76,  325.81,  357.62,  356.67,  339.53,  340.82,  339.88, 1456.34, 1516.60, 1487.81, 1469.27, 1468.52, 1467.58, 1543.69, 1541.80,  6594.0, 180,  GPS,   68.0, 116.50, 115.60, 134.750, 121.500, -0.001,       ,  21.04, -46.1,   27.6,   68.1,  -14.5,      1,   GPS,     VS,   0.0,  -1.6, -511.8, 3DDiff, 3704,      ,     12,  13.5,     17
2018-08-27, 17:44:03,  -04:00,  RAYMY,   42.7883263,  -71.6158142,  6387.7, 30.00,  6679.0,  17.0, 157.46, 183.07, -500.93,  -1.66,  -0.03,   0.01,  -0.00,  61.3,  68.0,  27.7,  28.8,   1.6,  21.50,  23.52,    16.30,  184.62,   53.33,  30.41, 2487.6,    0.75,  325.78,  357.56,  356.66,  339.48,  340.74,  339.87, 1455.51, 1516.38, 1487.44, 1469.01, 1467.59, 1467.64, 1543.42, 1540.92,  6586.0, 180,  GPS,   68.0, 116.50, 115.60, 134.750, 121.500, -0.001,       ,  21.05, -46.1,   27.6,   68.1,  -14.5,      1,   GPS,     VS,   0.0,  -1.6, -507.9, 3DDiff, 3704,      ,     12,  14.0,     16
2018-08-27, 17:44:04,  -04:00,  RAYMY,   42.7888298,  -71.6148911,  6380.7, 30.00,  6670.8,  17.0, 157.58, 183.17, -495.93,  -1.59,  -0.05,  -0.00,   0.01,  61.4,  68.0,  27.7,  28.8,   1.6,  21.50,  23.51,    16.28,  184.63,   53.21,  30.42, 2487.8,    0.75,  325.77,  357.50,  356.61,  339.45,  340.70,  339.84, 1455.55, 1516.49, 1487.51, 1468.23, 1468.11, 1467.96, 1543.16, 1541.64,  6577.8, 181,  GPS,   68.0, 116.50, 115.60, 134.750, 121.500, -0.000,       ,  21.06, -46.1,   27.5,   68.1,  -14.5,      1,   GPS,     VS,   0.0,  -1.6, -511.8, 3DDiff, 3704,      ,     12,  14.0,     16
2018-08-27, 17:44:05,  -04:00,  RAYMY,   42.7893333,  -71.6139603,  6371.7, 30.00,  6662.4,  17.2, 157.63, 183.25, -506.20,  -1.58,   0.02,  -0.00,  -0.01,  61.4,  68.0,  27.7,  28.8,   1.6,  21.52,  23.49,    16.32,  184.63,   53.39,  30.46, 2488.6,    0.75,  325.78,  357.43,  356.58,  339.39,  340.63,  339.82, 1456.29, 1517.20, 1488.13, 1469.14, 1468.24, 1468.41, 1543.71, 1542.12,  6569.3, 181,  GPS,   68.0, 116.50, 115.60, 134.750, 121.500, -0.000,       ,  21.07, -46.1,   27.5,   68.1,  -14.5,      1,   GPS,     VS,   0.0,  -1.6, -515.7, 3DDiff, 3704,      ,     12,  14.0,     17
2018-08-27, 17:44:06,  -04:00,  RAYMY,   42.7898331,  -71.6130295,  6363.7, 30.00,  6653.7,  17.2, 157.77, 183.29, -516.81,  -1.47,   0.09,   0.01,  -0.00,  61.4,  68.2,  27.7,  28.8,   1.6,  21.52,  23.48,    16.27,  184.61,   53.50,  30.43, 2486.3,    0.75,  325.75,  357.40,  356.52,  339.36,  340.58,  339.81, 1456.73, 1516.75, 1488.81, 1469.65, 1469.06, 1468.56, 1543.75, 1542.54,  6560.7, 181,  GPS,   68.0, 116.50, 115.60, 134.750, 121.500, -0.001,       ,  21.08, -46.1,   27.4,   68.1,  -14.5,      1,   GPS,     VS,   0.0,  -1.6, -527.6, 3DDiff, 3704,      ,     12,  14.0,     17
2018-08-27, 17:44:07,  -04:00,  RAYMY,   42.7903404,  -71.6121063,  6355.7, 30.00,  6645.2,  17.2, 157.84, 183.32, -512.89,  -1.44,   0.12,   0.00,  -0.00,  61.4,  68.1,  27.7,  28.8,   1.6,  21.52,  23.48,    16.30,  184.57,   53.53,  30.39, 2489.3,    0.75,  325.72,  357.31,  356.51,  339.35,  340.52,  339.78, 1456.91, 1516.08, 1488.88, 1469.27, 1470.21, 1468.91, 1543.41, 1542.73,  6552.2, 181,  GPS,   68.0, 116.50, 115.60, 134.750, 121.500, -0.001,       ,  21.10, -46.1,   27.4,   68.1,  -14.5,      1,   GPS,     VS,   0.0,  -1.5, -515.7, 3DDiff, 3704,      ,     12,  14.0,     17
2018-08-27, 17:44:08,  -04:00,  RAYMY,   42.7908401,  -71.6111755,  6348.7, 30.00,  6635.9,  17.2, 157.90, 183.34, -488.98,  -1.41,   0.05,   0.00,   0.00,  61.3,  68.1,  27.7,  28.8,   1.6,  21.51,  23.49,    16.30,  184.58,   53.60,  30.36, 2487.8,    0.75,  325.68,  357.25,  356.46,  339.30,  340.49,  339.75, 1456.88, 1515.30, 1487.74, 1468.63, 1470.22, 1469.11, 1542.47, 1542.17,  6542.9, 181,  GPS,   68.0, 116.50, 115.60, 134.750, 121.500, -0.001,       ,  21.11, -46.1,   27.3,   68.1,  -14.5,      1,   GPS,     VS,  -0.0,  -1.5, -515.7, 3DDiff, 3704,      ,     12,  13.5,     17
2018-08-27, 17:44:09,  -04:00,   KPSM,   42.7913513,  -71.6102524,  6340.7, 30.00,  6627.0,  17.2, 157.91, 183.36, -484.23,  -1.44,  -0.05,  -0.00,  -0.01,  61.2,  68.1,  27.7,  28.8,   1.6,  21.50,  23.49,    16.35,  184.57,   53.15,  30.43, 2485.5,    0.76,  325.66,  357.19,  356.45,  339.25,  340.45,  339.74, 1457.25, 1515.17, 1488.54, 1469.02, 1470.01, 1468.12, 1542.99, 1541.92,  6534.0, 181,  GPS,   78.0, 116.50, 115.60, 134.750, 121.500,  0.000, -7.041,  21.13, -46.2,   38.7,   77.9,  -14.5,      1,   GPS,     VS,   0.1,  -1.4, -515.7, 3DDiff, 3704,      ,     12,  14.0,     16
2018-08-27, 17:44:10,  -04:00,   KPSM,   42.7918510,  -71.6093216,  6332.7, 30.00,  6617.6,  17.2, 157.84, 183.38, -485.56,  -1.48,   0.81,   0.00,  -0.01,  61.2,  68.3,  27.7,  28.8,   1.6,  21.48,  23.50,    16.23,  184.55,   53.21,  30.41, 2487.0,    0.75,  325.66,  357.16,  356.42,  339.24,  340.45,  339.72, 1457.49, 1515.88, 1488.71, 1469.46, 1469.83, 1468.12, 1543.51, 1542.44,  6524.6, 181,  GPS,   78.0, 116.50, 115.60, 134.750, 121.500, -0.000, -7.040,  21.15, -46.2,   38.7,   77.9,  -14.5,      1,   GPS,     VS,   1.2,  -1.5, -519.7, 3DDiff, 3704,      ,     12,  14.0,     16
2018-08-27, 17:44:11,  -04:00,   KPSM,   42.7923546,  -71.6083908,  6323.7, 30.00,  6608.7,  17.2, 157.78, 183.44, -494.63,  -1.52,   2.77,   0.00,   0.00,  61.3,  68.2,  27.7,  28.8,   1.6,  21.49,  23.47,    16.32,  184.56,   53.35,  30.41, 2487.0,    0.75,  325.63,  357.10,  356.39,  339.20,  340.45,  339.69, 1457.33, 1515.15, 1488.18, 1469.33, 1470.24, 1468.60, 1543.26, 1542.10,  6515.7, 181,  GPS,   78.0, 116.50, 115.60, 134.750, 121.500, -0.000, -7.040,  21.17, -46.2,   38.6,   77.9,  -14.5,      1,   GPS,     VS,   3.6,  -1.5, -523.6, 3DDiff, 3704,      ,     12,  14.0,     17
2018-08-27, 17:44:12,  -04:00,   KPSM,   42.7928505,  -71.6074600,  6315.7, 30.00,  6599.9,  17.2, 157.85, 183.56, -490.35,  -1.53,   5.39,  -0.00,  -0.00,  61.6,  68.6,  27.7,  28.8,   1.6,  21.51,  23.43,    16.27,  184.54,   53.47,  30.39, 2485.7,    0.75,  325.63,  357.00,  356.36,  339.17,  340.51,  339.66, 1457.59, 1514.96, 1488.25, 1468.30, 1469.95, 1466.81, 1541.78, 1542.51,  6506.8, 181,  GPS,   78.0, 116.50, 115.60, 134.750, 121.500, -0.000, -7.039,  21.21, -46.2,   38.6,   77.9,  -14.5,      1,   GPS,     VS,   6.5,  -1.5, -523.6, 3DDiff, 3704,      ,     12,  14.0,     17
2018-08-27, 17:44:13,  -04:00,   KPSM,   42.7933502,  -71.6065140,  6308.7, 30.00,  6591.0,  17.2, 157.90, 183.75, -479.14,  -1.58,   8.39,  -0.01,  -0.00,  62.3,  69.1,  27.7,  28.8,   1.6,  21.55,  23.37,    16.28,  184.52,   53.42,  30.43, 2488.0,    0.75,  325.58,  356.95,  356.33,  339.14,  340.60,  339.63, 1458.58, 1515.23, 1488.40, 1469.81, 1469.54, 1467.17, 1541.99, 1542.41,  6498.0, 181,  GPS,   78.0, 116.50, 115.60, 134.750, 121.500, -0.001, -7.036,  21.24, -46.3,   38.5,   77.9,  -14.5,      1,   GPS,     VS,   9.6,  -1.5, -527.6, 3DDiff, 3704,      ,     12,  14.0,     18
2018-08-27, 17:44:14,  -04:00,   KPSM,   42.7938309,  -71.6055603,  6299.7, 30.00,  6582.6,  17.2, 157.78, 184.06, -499.49,  -1.59,  11.55,   0.00,   0.01,  63.3,  70.0,  27.7,  28.8,   1.6,  21.61,  23.29,    16.24,  184.51,   53.51,  30.44, 2486.7,    0.75,  325.57,  356.88,  356.27,  339.08,  340.73,  339.57, 1457.90, 1514.36, 1488.62, 1469.74, 1470.63, 1468.70, 1541.62, 1541.97,  6489.6, 181,  GPS,   78.0, 116.50, 115.60, 134.750, 121.500, -0.001, -7.036,  21.29, -46.3,   38.5,   77.9,  -14.5,      1,   GPS,     VS,  12.5,  -1.6, -539.4, 3DDiff, 3704,      ,     12,  14.0,     17
2018-08-27, 17:44:15,  -04:00,   KPSM,   42.7942963,  -71.6045990,  6289.7, 30.00,  6573.5,  17.2, 157.82, 184.47, -536.87,  -1.47,  13.48,  -0.01,   0.04,  64.7,  71.1,  27.7,  28.8,   1.6,  21.66,  23.22,    16.31,  184.49,   53.42,  30.40, 2488.3,    0.75,  325.54,  356.83,  356.27,  339.03,  340.87,  339.54, 1457.61, 1514.35, 1489.26, 1468.25, 1469.46, 1467.80, 1540.77, 1541.92,  6480.5, 181,  GPS,   78.0, 116.50, 115.60, 134.750, 121.500, -0.001, -7.037,  21.33, -46.3,   38.4,   77.9,  -14.5,      1,   GPS,     VS,  13.3,  -1.5, -547.2, 3DDiff, 3704,      ,     12,  14.0,     16
2018-08-27, 17:44:16,  -04:00,   KPSM,   42.7947540,  -71.6036072,  6282.7, 30.00,  6565.6,  17.2, 158.04, 184.96, -520.68,  -1.46,  12.93,  -0.01,   0.03,  66.3,  72.4,  27.7,  28.8,   1.6,  21.70,  23.18,    16.29,  184.48,   53.48,  30.42, 2488.6,    0.75,  325.51,  356.76,  356.21,  339.00,  341.03,  339.48, 1458.52, 1513.33, 1489.06, 1467.68, 1469.42, 1467.47, 1540.84, 1542.05,  6472.5, 181,  GPS,   78.0, 116.50, 115.60, 134.750, 121.500, -0.000, -7.035,  21.36, -46.4,   38.4,   78.0,  -14.5,      1,   GPS,     VS,  11.5,  -1.5, -527.6, 3DDiff, 3704,      ,     12,  14.0,     16
2018-08-27, 17:44:17,  -04:00,   KPSM,   42.7951889,  -71.6026001,  6274.7, 30.00,  6557.2,  17.2, 158.13, 185.40, -507.57,  -1.49,  10.95,   0.01,   0.01,  67.7,  73.9,  27.7,  28.8,   1.6,  21.70,  23.18,    16.24,  184.46,   53.36,  30.43, 2488.1,    0.75,  325.48,  356.68,  356.18,  338.99,  341.15,  339.45, 1458.42, 1513.68, 1489.43, 1466.93, 1469.08, 1467.44, 1541.30, 1541.61,  6464.2, 181,  GPS,   78.0, 116.50, 115.60, 134.750, 121.500,  0.001, -7.033,  21.39, -46.4,   38.3,   78.0,  -14.5,      1,   GPS,     VS,   8.6,  -1.5, -511.8, 3DDiff, 3704,      ,     12,  14.0,     17
2018-08-27, 17:44:18,  -04:00,   KPSM,   42.7956123,  -71.6015854,  6266.7, 30.00,  6548.8,  17.2, 158.25, 185.81, -502.13,  -1.46,   7.99,   0.01,   0.01,  68.9,  75.0,  27.7,  28.8,   1.6,  21.67,  23.22,    16.25,  184.48,   53.37,  30.43, 2485.9,    0.75,  325.45,  356.64,  356.15,  338.93,  341.30,  339.40, 1458.39, 1513.47, 1489.03, 1468.25, 1468.43, 1467.23, 1542.21, 1541.50,  6455.8, 181,  GPS,   78.0, 116.50, 115.60, 134.750, 121.500,  0.002, -7.032,  21.40, -46.4,   38.3,   78.0,  -14.5,      1,   GPS,     VS,   5.8,  -1.5, -507.9, 3DDiff, 3704,      ,     12,  14.0,     17
2018-08-27, 17:44:19,  -04:00,   KPSM,   42.7960243,  -71.6005554,  6258.7, 30.00,  6540.6,  17.2, 158.47, 186.08, -491.49,  -1.45,   5.17,   0.01,  -0.00,  69.6,  75.8,  27.7,  28.8,   1.6,  21.61,  23.28,    16.25,  184.49,   53.39,  30.41, 2488.0,    0.75,  325.42,  356.56,  356.09,  338.89,  341.40,  339.36, 1458.72, 1513.85, 1489.08, 1468.65, 1468.27, 1467.77, 1542.20, 1541.95,  6447.6, 181,  GPS,   78.0, 116.50, 115.60, 134.750, 121.500,  0.003, -7.031,  21.40, -46.5,   38.2,   78.0,  -14.5,      1,   GPS,     VS,   3.7,  -1.5, -500.0, 3DDiff, 3704,      ,     12,  14.0,     17
2018-08-27, 17:44:20,  -04:00,   KPSM,   42.7964325,  -71.5995178,  6250.7, 30.00,  6531.3,  17.2, 158.46, 186.26, -506.72,  -1.41,   2.98,   0.00,   0.01,  70.1,  76.4,  27.7,  28.8,   1.6,  21.54,  23.35,    16.30,  184.49,   53.25,  30.40, 2487.2,    0.75,  325.41,  356.51,  356.06,  338.86,  341.54,  339.35, 1458.29, 1514.38, 1488.79, 1467.98, 1468.66, 1468.81, 1542.23, 1541.92,  6438.6, 181,  GPS,   78.0, 116.50, 115.60, 134.750, 121.500,  0.004, -7.029,  21.39, -46.5,   38.2,   78.0,  -14.5,      1,   GPS,     VS,   2.4,  -1.5, -507.9, 3DDiff, 3704,      ,     12,  14.0,     17
2018-08-27, 17:44:21,  -04:00,   KPSM,   42.7968369,  -71.5984879,  6243.7, 30.00,  6523.0,  17.2, 158.44, 186.38, -486.96,  -1.45,   1.40,   0.01,  -0.01,  70.3,  76.7,  27.7,  28.8,   1.6,  21.47,  23.41,    16.31,  184.47,   53.30,  30.39, 2487.8,    0.75,  325.38,  356.42,  356.00,  338.82,  341.59,  339.30, 1458.00, 1515.02, 1488.90, 1466.75, 1467.72, 1468.38, 1542.24, 1541.23,  6430.3, 181,  GPS,   78.0, 116.50, 115.60, 134.750, 121.500,  0.005, -7.027,  21.37, -46.5,   38.1,   78.0,  -14.5,      1,   GPS,     VS,   1.7,  -1.5, -496.1, 3DDiff, 3704,      ,     12,  14.0,     16
2018-08-27, 17:44:22,  -04:00,   KPSM,   42.7972298,  -71.5974426,  6235.7, 30.00,  6514.0,  17.2, 158.40, 186.41, -488.35,  -1.47,   0.59,   0.00,   0.00,  70.3,  76.9,  27.7,  28.8,   1.6,  21.43,  23.45,    16.33,  184.43,   52.85,  30.43, 2487.6,    0.75,  325.32,  356.36,  355.96,  338.77,  341.67,  339.27, 1457.38, 1515.15, 1488.75, 1466.94, 1467.27, 1468.69, 1542.24, 1541.04,  6421.3, 181,  GPS,   78.0, 116.50, 115.60, 134.750, 121.500,  0.005, -7.026,  21.36, -46.5,   38.0,   78.0,  -14.5,      1,   GPS,     VS,   1.3,  -1.5, -496.1, 3DDiff, 3704,      ,     12,  14.0,     16
2018-08-27, 17:44:23,  -04:00,   KPSM,   42.7976303,  -71.5964050,  6226.7, 30.00,  6505.6,  17.5, 158.49, 186.45, -489.68,  -1.54,   0.46,  -0.00,  -0.00,  70.3,  77.0,  27.7,  28.8,   1.6,  21.40,  23.47,    16.32,  184.42,   53.09,  30.40, 2486.9,    0.75,  325.29,  356.30,  355.91,  338.73,  341.74,  339.24, 1457.28, 1514.32, 1488.79, 1467.65, 1468.09, 1467.87, 1541.65, 1541.35,  6412.9, 181,  GPS,   78.0, 116.50, 115.60, 134.750, 121.500,  0.005, -7.025,  21.35, -46.5,   38.0,   78.0,  -14.5,      1,   GPS,     VS,   1.0,  -1.5, -496.1, 3DDiff, 3704,      ,     12,  14.0,     17
2018-08-27, 17:44:24,  -04:00,   KPSM,   42.7980270,  -71.5953674,  6220.7, 30.00,  6497.1,  17.5, 158.53, 186.49, -470.66,  -1.57,   0.56,  -0.01,  -0.01,  70.3,  77.1,  27.7,  28.8,   1.6,  21.39,  23.47,    16.26,  184.39,   53.08,  30.40, 2488.3,    0.75,  325.26,  356.24,  355.87,  338.69,  341.79,  339.18, 1457.63, 1514.79, 1488.84, 1467.53, 1468.38, 1467.94, 1542.26, 1541.79,  6404.4, 181,  GPS,   78.0, 116.50, 115.60, 134.750, 121.500,  0.006, -7.022,  21.35, -46.5,   37.9,   78.0,  -14.5,      1,   GPS,     VS,   0.9,  -1.5, -503.9, 3DDiff, 3704,      ,     12,  14.0,     17
2018-08-27, 17:44:25,  -04:00,   KPSM,   42.7984276,  -71.5943222,  6212.7, 30.00,  6488.6,  17.5, 158.41, 186.55, -470.29,  -1.66,   0.57,   0.00,  -0.02,  70.4,  77.1,  27.7,  28.8,   1.6,  21.39,  23.46,    16.28,  184.39,   53.22,  30.43, 2487.5,    0.75,  325.23,  356.19,  355.81,  338.63,  341.82,  339.14, 1457.58, 1515.27, 1488.76, 1467.91, 1468.41, 1467.36, 1542.41, 1542.09,  6395.9, 181,  GPS,   78.0, 116.50, 115.60, 134.750, 121.500,  0.006, -7.021,  21.36, -46.4,   37.9,   78.0,  -14.5,      1,   GPS,     VS,   0.8,  -1.6, -503.9, 3DDiff, 3704,      ,     12,  14.0,     17
2018-08-27, 17:44:26,  -04:00,   KPSM,   42.7988243,  -71.5932846,  6204.7, 30.00,  6480.1,  17.5, 158.51, 186.63, -471.81,  -1.67,   0.70,  -0.00,   0.00,  70.4,  77.2,  27.7,  28.8,   1.6,  21.40,  23.43,    16.29,  184.36,   53.31,  30.42, 2487.0,    0.75,  325.20,  356.13,  355.75,  338.60,  341.81,  339.11, 1457.24, 1515.06, 1489.49, 1467.09, 1468.92, 1467.30, 1542.25, 1542.75,  6387.4, 181,  GPS,   78.0, 116.50, 115.60, 134.750, 121.500,  0.007, -7.019,  21.37, -46.3,   37.8,   78.0,  -14.5,      1,   GPS,     VS,   0.8,  -1.6, -519.7, 3DDiff, 3704,      ,     12,  14.0,     17
2018-08-27, 17:44:27,  -04:00,   KPSM,   42.7992134,  -71.5922318,  6196.7, 30.00,  6471.7,  17.5, 158.62, 186.71, -482.33,  -1.66,   0.66,  -0.00,   0.00,  70.5,  77.3,  27.7,  28.8,   1.6,  21.42,  23.40,    16.25,  184.35,   53.58,  30.39, 2488.4,    0.75,  325.15,  356.09,  355.72,  338.54,  341.86,  339.05, 1457.16, 1515.20, 1489.87, 1467.82, 1469.03, 1467.25, 1542.46, 1543.14,  6379.0, 181,  GPS,   78.0, 116.50, 115.60, 134.750, 121.500,  0.007, -7.018,  21.39, -46.3,   37.8,   78.0,  -14.5,      1,   GPS,     VS,   0.7,  -1.7, -519.7, 3DDiff, 3704,      ,     12,  14.0,     16
2018-08-27, 17:44:28,  -04:00,   KPSM,   42.7996101,  -71.5911942,  6188.7, 30.00,  6463.6,  17.5, 158.59, 186.80, -480.66,  -1.74,   0.63,   0.01,  -0.02,  70.5,  77.3,  27.7,  28.8,   1.6,  21.43,  23.38,    16.23,  184.34,   53.42,  30.42, 2485.7,    0.75,  325.11,  356.02,  355.66,  338.48,  341.83,  338.99, 1458.24, 1515.01, 1489.77, 1468.11, 1468.98, 1467.84, 1542.29, 1543.60,  6370.9, 181,  GPS,   78.0, 116.50, 115.60, 134.750, 121.500,  0.007, -7.017,  21.42, -46.2,   37.7,   78.0,  -14.5,      1,   GPS,     VS,   0.7,  -1.7, -519.7, 3DDiff, 3704,      ,     12,  14.0,     16
2018-08-27, 17:44:29,  -04:00,   KPSM,   42.8000031,  -71.5901489,  6180.7, 30.00,  6454.9,  17.5, 158.77, 186.92, -480.71,  -1.71,   0.64,   0.00,   0.00,  70.6,  77.4,  27.7,  28.8,   1.6,  21.45,  23.35,    16.17,  184.32,   53.44,  30.41, 2488.2,    0.75,  325.08,  355.96,  355.60,  338.44,  341.83,  338.96, 1457.95, 1514.59, 1489.38, 1468.74, 1468.64, 1468.00, 1542.48, 1542.60,  6362.2, 181,  GPS,   78.0, 116.50, 115.60, 134.750, 121.500,  0.007, -7.015,  21.46, -46.1,   37.7,   78.0,  -14.5,      1,   GPS,     VS,   0.7,  -1.7, -523.6, 3DDiff, 3704,      ,     12,  14.0,     17
2018-08-27, 17:44:30,  -04:00,   KPSM,   42.8003922,  -71.5890961,  6172.7, 30.00,  6446.3,  17.5, 158.76, 187.02, -499.72,  -1.75,   0.62,   0.00,   0.00,  70.7,  77.6,  27.7,  28.8,   1.6,  21.48,  23.32,    16.24,  184.33,   53.60,  30.41, 2489.4,    0.75,  325.05,  355.93,  355.56,  338.40,  341.80,  338.90, 1458.88, 1514.91, 1490.05, 1468.22, 1468.39, 1467.58, 1542.28, 1543.20,  6353.6, 181,  GPS,   78.0, 116.50, 115.60, 134.750, 121.500,  0.007, -7.014,  21.50, -46.0,   37.6,   78.0,  -14.5,      1,   GPS,     VS,   0.6,  -1.7, -519.7, 3DDiff, 3704,      ,     12,  14.5,     17
2018-08-27, 17:44:31,  -04:00,   KPSM,   42.8007812,  -71.5880737,  6163.7, 30.00,  6438.0,  17.5, 158.80, 187.13, -507.60,  -1.74,   0.66,  -0.00,  -0.00,  70.8,  77.5,  27.7,  28.8,   1.6,  21.51,  23.29,    16.22,  184.33,   53.52,  30.43, 2485.7,    0.75,  325.01,  355.87,  355.51,  338.35,  341.77,  338.84, 1458.20, 1515.23, 1490.16, 1468.29, 1468.42, 1468.97, 1542.53, 1543.28,  6345.3, 181,  GPS,   78.0, 116.50, 115.60, 134.750, 121.500,  0.008, -7.014,  21.54, -45.9,   37.6,   78.0,  -14.5,      1,   GPS,     VS,   0.6,  -1.7, -515.7, 3DDiff, 3704,      ,     12,  14.5,     17
2018-08-27, 17:44:32,  -04:00,   KPSM,   42.8011742,  -71.5870285,  6154.7, 30.00,  6429.7,  17.5, 158.88, 187.21, -525.87,  -1.67,   0.66,  -0.00,  -0.00,  70.9,  77.6,  27.7,  28.8,   1.6,  21.52,  23.27,    16.28,  184.32,   53.53,  30.43, 2487.8,    0.75,  324.97,  355.81,  355.44,  338.32,  341.74,  338.78, 1458.39, 1515.93, 1490.04, 1468.54, 1468.45, 1470.00, 1542.79, 1542.84,  6337.0, 182,  GPS,   78.0, 116.50, 115.60, 134.750, 121.500,  0.008, -7.014,  21.59, -45.9,   37.5,   78.0,  -14.5,      1,   GPS,     VS,   0.6,  -1.7, -511.8, 3DDiff, 3704,      ,     12,  14.0,     17
2018-08-27, 17:44:33,  -04:00,   KPSM,   42.8015671,  -71.5859756,  6148.7, 30.00,  6420.8,  17.5, 159.06, 187.29, -491.55,  -1.66,   0.59,   0.00,  -0.01,  71.0,  77.8,  27.7,  28.8,   1.6,  21.52,  23.27,    16.29,  184.31,   53.42,  30.40, 2486.5,    0.75,  324.94,  355.75,  355.38,  338.26,  341.67,  338.72, 1457.91, 1515.73, 1490.44, 1468.18, 1468.03, 1469.01, 1542.61, 1542.64,  6328.1, 182,  GPS,   78.0, 116.50, 115.60, 134.750, 121.500,  0.008, -7.010,  21.64, -45.8,   37.5,   78.0,  -14.5,      1,   GPS,     VS,   0.5,  -1.7, -507.9, 3DDiff, 3704,      ,     12,  14.0,     16
2018-08-27, 17:44:34,  -04:00,   KPSM,   42.8019562,  -71.5849228,  6140.7, 30.00,  6411.7,  17.5, 159.13, 187.35, -472.32,  -1.71,   0.49,  -0.00,  -0.01,  71.1,  77.7,  27.7,  28.8,   1.6,  21.51,  23.27,    16.30,  184.30,   53.24,  30.43, 2487.3,    0.75,  324.90,  355.73,  355.35,  338.21,  341.64,  338.66, 1457.98, 1515.04, 1490.98, 1468.48, 1468.88, 1468.61, 1542.07, 1543.51,  6319.0, 182,  GPS,   78.0, 116.50, 115.60, 134.750, 121.500,  0.008, -7.009,  21.68, -45.7,   37.4,   78.0,  -14.5,      1,   GPS,     VS,   0.5,  -1.7, -515.7, 3DDiff, 3704,      ,     12,  14.0,     16
2018-08-27, 17:44:35,  -04:00,   KPSM,   42.8023453,  -71.5838699,  6132.7, 30.00,  6402.7,  17.5, 159.32, 187.39, -483.99,  -1.69,   0.35,   0.01,   0.00,  71.3,  77.8,  27.7,  28.8,   1.6,  21.50,  23.27,    16.26,  184.29,   53.14,  30.39, 2486.7,    0.75,  324.84,  355.69,  355.27,  338.17,  341.56,  338.62, 1458.61, 1514.72, 1489.34, 1468.19, 1468.66, 1468.63, 1541.76, 1542.92,  6310.0, 182,  GPS,   78.0, 116.50, 115.60, 134.750, 121.500,  0.008, -7.007,  21.72, -45.6,   37.4,   78.0,  -14.5,      1,   GPS,     VS,   0.5,  -1.7, -531.5, 3DDiff, 3704,      ,     12,  14.0,     17
2018-08-27, 17:44:36,  -04:00,   KPSM,   42.8027344,  -71.5828171,  6124.7, 30.00,  6393.7,  17.5, 159.56, 187.43, -502.07,  -1.69,   0.32,   0.00,  -0.01,  71.4,  77.8,  27.7,  28.8,   1.6,  21.50,  23.26,    16.37,  184.26,   53.44,  30.39, 2488.4,    0.76,  324.81,  355.66,  355.23,  338.12,  341.52,  338.57, 1458.10, 1515.35, 1489.16, 1467.76, 1469.75, 1468.87, 1542.06, 1543.57,  6301.0, 182,  GPS,   78.0, 116.50, 115.60, 134.750, 121.500,  0.008, -7.006,  21.76, -45.6,   37.3,   78.0,  -14.5,      1,   GPS,     VS,   0.4,  -1.7, -535.4, 3DDiff, 3704,      ,     12,  14.5,     17
2018-08-27, 17:44:37,  -04:00,   KPSM,   42.8031273,  -71.5817642,  6115.7, 30.00,  6384.9,  17.5, 159.65, 187.44, -534.38,  -1.58,   0.37,   0.01,   0.02,  71.5,  77.9,  27.7,  28.8,   1.6,  21.51,  23.25,    16.40,  184.26,   53.40,  30.41, 2488.4,    0.76,  324.76,  355.62,  355.17,  338.08,  341.46,  338.51, 1457.21, 1515.82, 1489.47, 1468.43, 1469.85, 1469.15, 1542.79, 1543.17,  6292.2, 182,  GPS,   78.0, 116.50, 115.60, 134.750, 121.500,  0.008, -7.006,  21.80, -45.5,   37.3,   78.0,  -14.5,      1,   GPS,     VS,   0.4,  -1.7, -527.6, 3DDiff, 3704,      ,     12,  14.5,     17
2018-08-27, 17:44:38,  -04:00,   KPSM,   42.8035126,  -71.5807114,  6108.7, 30.00,  6376.4,  17.5, 159.89, 187.46, -504.19,  -1.61,   0.35,   0.00,  -0.00,  71.6,  77.9,  27.7,  28.8,   1.6,  21.51,  23.25,    16.36,  184.21,   53.44,  30.44, 2488.5,    0.76,  324.74,  355.60,  355.11,  338.04,  341.37,  338.45, 1457.90, 1515.85, 1489.92, 1469.09, 1471.73, 1468.70, 1542.60, 1543.93,  6283.7, 183,  GPS,   78.0, 116.50, 115.60, 134.750, 121.500,  0.008, -7.003,  21.82, -45.4,   37.2,   78.0,  -14.5,      1,   GPS,     VS,   0.4,  -1.6, -507.9, 3DDiff, 3704,      ,     12,  14.0,     17
2018-08-27, 17:44:39,  -04:00,   KPSM,   42.8038979,  -71.5796585,  6100.7, 30.00,  6368.3,  17.8, 159.97, 187.46, -504.15,  -1.63,   0.32,  -0.00,  -0.01,  71.7,  78.0,  27.7,  28.8,   1.6,  21.50,  23.25,    16.27,  184.20,   53.72,  30.43, 2487.8,    0.75,  324.69,  355.57,  355.03,  337.99,  341.29,  338.43, 1458.03, 1515.89, 1490.10, 1469.25, 1472.56, 1468.56, 1543.03, 1544.34,  6275.6, 183,  GPS,   78.0, 116.50, 115.60, 134.750, 121.500,  0.008, -7.002,  21.84, -45.3,   37.2,   78.0,  -14.5,      1,   GPS,     VS,   0.3,  -1.6, -511.8, 3DDiff, 3704,      ,     12,  14.0,     16
2018-08-27, 17:44:40,  -04:00,   KPSM,   42.8042870,  -71.5785980,  6092.7, 30.00,  6360.0,  17.8, 160.10, 187.44, -495.95,  -1.63,   0.24,   0.01,  -0.01,  71.9,  78.0,  27.7,  28.8,   1.6,  21.49,  23.25,    16.23,  184.20,   53.49,  30.41, 2488.0,    0.75,  324.63,  355.53,  354.93,  337.93,  341.22,  338.36, 1457.25, 1516.03, 1488.49, 1469.34, 1472.82, 1468.27, 1542.79, 1543.28,  6267.3, 183,  GPS,   78.0, 116.50, 115.60, 134.750, 121.500,  0.008, -7.000,  21.84, -45.2,   37.1,   78.0,  -14.5,      1,   GPS,     VS,   0.3,  -1.6, -515.7, 3DDiff, 3704,      ,     12,  14.0,     16
2018-08-27, 17:44:41,  -04:00,   KPSM,   42.8046722,  -71.5775452,  6084.7, 30.00,  6351.4,  17.8, 160.23, 187.41, -485.36,  -1.59,   0.29,   0.00,   0.01,  72.0,  78.0,  27.7,  28.8,   1.6,  21.49,  23.24,    16.29,  184.20,   53.33,  30.41, 2487.8,    0.75,  324.59,  355.51,  354.87,  337.86,  341.13,  338.32, 1456.39, 1515.57, 1489.01, 1469.70, 1471.97, 1468.53, 1542.64, 1543.24,  6258.7, 183,  GPS,   78.0, 116.50, 115.60, 134.750, 121.500,  0.008, -6.999,  21.84, -45.2,   37.1,   78.0,  -14.5,      1,   GPS,     VS,   0.3,  -1.6, -519.7, 3DDiff, 3704,      ,     12,  14.0,     17
2018-08-27, 17:44:42,  -04:00,   KPSM,   42.8050575,  -71.5764923,  6076.7, 30.00,  6342.9,  17.8, 160.12, 187.41, -480.80,  -1.66,   0.30,  -0.00,  -0.00,  72.0,  78.1,  27.7,  28.8,   1.6,  21.48,  23.23,    16.30,  184.21,   53.16,  30.42, 2485.6,    0.75,  324.57,  355.51,  354.83,  337.81,  341.04,  338.28, 1455.77, 1514.86, 1488.05, 1470.44, 1472.21, 1468.93, 1542.11, 1542.35,  6250.2, 183,  GPS,   78.0, 116.50, 115.60, 134.750, 121.500,  0.008, -6.998,  21.83, -45.0,   37.0,   78.0,  -14.5,      1,   GPS,     VS,   0.3,  -1.6, -511.8, 3DDiff, 3704,      ,     12,  14.0,     17
2018-08-27, 17:44:43,  -04:00,   KPSM,   42.8054428,  -71.5754395,  6068.7, 30.00,  6334.3,  17.8, 160.07, 187.39, -492.17,  -1.69,   0.27,   0.01,  -0.02,  72.0,  78.1,  27.7,  28.8,   1.6,  21.47,  23.24,    16.25,  184.19,   53.33,  30.44, 2486.1,    0.75,  324.51,  355.50,  354.72,  337.77,  340.95,  338.24, 1456.20, 1513.67, 1488.30, 1470.44, 1473.28, 1469.12, 1541.24, 1543.16,  6241.6, 183,  GPS,   78.0, 116.50, 115.60, 134.750, 121.500,  0.008, -6.996,  21.80, -44.9,   37.0,   78.0,  -14.5,      1,   GPS,     VS,   0.2,  -1.7, -511.8, 3DDiff, 3704,      ,     12,  14.5,     17
2018-08-27, 17:44:44,  -04:00,   KPSM,   42.8058281,  -71.5743790,  6060.7, 30.00,  6325.9,  17.8, 160.10, 187.39, -491.78,  -1.67,   0.18,   0.01,   0.01,  72.1,  78.2,  27.7,  28.8,   1.6,  21.45,  23.26,    16.21,  184.18,   53.52,  30.40, 2486.9,    0.75,  324.48,  355.46,  354.68,  337.71,  340.88,  338.18, 1454.56, 1514.76, 1487.73, 1469.75, 1472.53, 1467.46, 1541.23, 1542.43,  6233.2, 183,  GPS,   78.0, 116.50, 115.60, 134.750, 121.500,  0.008, -6.995,  21.77, -44.8,   36.9,   78.0,  -14.5,      1,   GPS,     VS,   0.2,  -1.7, -515.7, 3DDiff, 3704,      ,     12,  14.0,     17
2018-08-27, 17:44:45,  -04:00,   KPSM,   42.8062134,  -71.5733185,  6051.7, 30.00,  6316.8,  17.8, 160.04, 187.39, -495.58,  -1.66,   0.11,  -0.00,   0.00,  72.1,  78.2,  27.7,  28.8,   1.6,  21.43,  23.27,    16.26,  184.16,   53.34,  30.40, 2486.5,    0.75,  324.44,  355.47,  354.60,  337.66,  340.79,  338.16, 1455.99, 1515.64, 1488.23, 1469.33, 1471.56, 1466.27, 1541.50, 1542.23,  6224.1, 183,  GPS,   78.0, 116.50, 115.60, 134.750, 121.500,  0.008, -6.994,  21.72, -44.7,   36.9,   78.0,  -14.5,      1,   GPS,     VS,   0.2,  -1.7, -515.7, 3DDiff, 3704,      ,     12,  14.5,     16
2018-08-27, 17:44:46,  -04:00,   KPSM,   42.8065948,  -71.5722656,  6044.7, 30.00,  6307.6,  17.8, 160.11, 187.39, -488.79,  -1.68,   0.04,  -0.00,  -0.01,  72.1,  78.2,  27.7,  28.8,   1.6,  21.41,  23.27,    16.21,  184.14,   53.42,  30.39, 2486.7,    0.75,  324.41,  355.47,  354.53,  337.62,  340.70,  338.11, 1455.97, 1514.65, 1488.43, 1468.55, 1471.31, 1464.60, 1540.48, 1541.93,  6214.9, 183,  GPS,   78.0, 116.50, 115.60, 134.750, 121.500,  0.008, -6.992,  21.67, -44.6,   36.8,   78.0,  -14.5,      1,   GPS,     VS,   0.1,  -1.7, -519.7, 3DDiff, 3704,      ,     12,  14.0,     16
2018-08-27, 17:44:47,  -04:00,   KPSM,   42.8069801,  -71.5712128,  6035.7, 30.00,  6298.9,  17.8, 160.20, 187.37, -494.54,  -1.66,   0.09,   0.01,   0.00,  72.1,  78.3,  27.7,  28.8,   1.6,  21.40,  23.27,    16.28,  184.11,   53.51,  30.40, 2486.8,    0.75,  324.36,  355.47,  354.47,  337.57,  340.63,  338.08, 1456.82, 1515.10, 1488.47, 1467.79, 1470.70, 1465.05, 1540.70, 1542.55,  6206.2, 183,  GPS,   78.0, 116.50, 115.60, 134.750, 121.500,  0.008, -6.992,  21.62, -44.5,   36.8,   78.0,  -14.5,      1,   GPS,     VS,   0.1,  -1.7, -523.6, 3DDiff, 3704,      ,     12,  14.0,     17
2018-08-27, 17:44:48,  -04:00,   KPSM,   42.8073654,  -71.5701523,  6028.7, 30.00,  6290.2,  17.8, 160.63, 187.35, -497.92,  -1.59,   0.09,   0.00,   0.00,  72.1,  78.3,  27.7,  28.8,   1.6,  21.40,  23.27,    16.30,  184.10,   53.36,  30.38, 2488.4,    0.75,  324.32,  355.48,  354.41,  337.50,  340.49,  338.06, 1457.61, 1516.89, 1488.56, 1466.82, 1470.63, 1464.13, 1541.03, 1542.68,  6197.5, 183,  GPS,   78.0, 116.50, 115.60, 134.750, 121.500,  0.007, -6.989,  21.56, -44.4,   36.7,   78.0,  -14.5,      1,   GPS,     VS,   0.1,  -1.7, -519.7, 3DDiff, 3704,      ,     12,  14.0,     17
2018-08-27, 17:44:49,  -04:00,   KPSM,   42.8077469,  -71.5690918,  6020.7, 30.00,  6281.4,  17.8, 160.80, 187.31, -489.47,  -1.60,   0.04,  -0.00,   0.01,  72.1,  78.3,  27.7,  28.8,   1.6,  21.40,  23.27,    16.26,  184.09,   53.29,  30.42, 2487.3,    0.75,  324.32,  355.53,  354.35,  337.44,  340.40,  338.05, 1458.77, 1517.02, 1489.17, 1467.51, 1468.97, 1463.04, 1541.74, 1543.26,  6188.7, 183,  GPS,   78.0, 116.50, 115.60, 134.750, 121.500,  0.007, -6.988,  21.49, -44.2,   36.6,   78.0,  -14.5,      1,   GPS,     VS,   0.1,  -1.6, -523.6, 3DDiff, 3704,      ,     12,  14.5,     17
2018-08-27, 17:44:50,  -04:00,   KPSM,   42.8081284,  -71.5680389,  6011.7, 30.00,  6272.5,  17.8, 160.80, 187.23, -506.99,  -1.60,   0.03,  -0.00,  -0.01,  72.1,  78.3,  27.7,  28.8,   1.6,  21.39,  23.26,    16.26,  184.06,   53.39,  30.43, 2487.0,    0.75,  324.25,  355.54,  354.31,  337.41,  340.31,  338.02, 1458.98, 1516.26, 1489.55, 1467.09, 1468.03, 1463.08, 1540.59, 1543.19,  6179.8, 183,  GPS,   78.0, 116.50, 115.60, 134.750, 121.500,  0.007, -6.988,  21.43, -44.1,   36.6,   78.0,  -14.5,      1,   GPS,     VS,   0.0,  -1.6, -523.6, 3DDiff, 3704,      ,     12,  14.0,     17
2018-08-27, 17:44:51,  -04:00,   KPSM,   42.8085098,  -71.5669861,  6002.7, 30.00,  6264.3,  17.8, 160.92, 187.17, -512.18,  -1.56,  -0.02,   0.00,   0.00,  72.1,  78.3,  27.7,  28.8,   1.6,  21.40,  23.25,    16.28,  184.04,   53.16,  30.46, 2486.5,    0.75,  324.21,  355.57,  354.25,  337.35,  340.22,  337.99, 1458.32, 1516.57, 1489.51, 1468.39, 1468.43, 1462.89, 1541.53, 1543.18,  6171.6, 183,  GPS,   78.0, 116.50, 115.60, 134.750, 121.500,  0.007, -6.987,  21.37, -43.9,   36.5,   78.0,  -14.5,      1,   GPS,     VS,   0.0,  -1.6, -519.7, 3DDiff, 3704,      ,     12,  14.0,     16
2018-08-27, 17:44:52,  -04:00,   KPSM,   42.8088913,  -71.5659256,  5994.7, 30.00,  6256.5,  17.8, 160.88, 187.10, -511.32,  -1.56,   0.00,   0.01,  -0.00,  72.1,  78.4,  27.7,  28.8,   1.6,  21.39,  23.25,    16.34,  184.04,   53.17,  30.42, 2486.7,    0.75,  324.17,  355.60,  354.18,  337.31,  340.18,  337.99, 1458.28, 1516.35, 1489.33, 1469.16, 1468.55, 1462.78, 1541.52, 1543.12,  6163.8, 183,  GPS,   78.0, 116.50, 115.60, 134.750, 121.500,  0.007, -6.986,  21.30, -43.8,   36.5,   78.0,  -14.5,      1,   GPS,     VS,   0.0,  -1.6, -500.0, 3DDiff, 3704,      ,     12,  14.0,     16
2018-08-27, 17:44:53,  -04:00,   KPSM,   42.8092728,  -71.5648727,  5987.7, 30.00,  6248.3,  17.8, 160.93, 187.00, -485.32,  -1.61,  -0.07,  -0.01,   0.01,  72.1,  78.4,  27.7,  28.8,   1.6,  21.40,  23.23,    16.30,  184.01,   53.15,  30.43, 2486.6,    0.75,  324.12,  355.66,  354.16,  337.25,  340.09,  337.93, 1458.38, 1516.00, 1489.59, 1468.72, 1468.27, 1462.47, 1541.34, 1543.07,  6155.6, 183,  GPS,   78.0, 116.50, 115.60, 134.750, 121.500,  0.007, -6.983,  21.24, -43.6,   36.4,   78.0,  -14.5,      1,   GPS,     VS,  -0.0,  -1.6, -500.0, 3DDiff, 3704,      ,     12,  14.0,     17
2018-08-27, 17:44:54,  -04:00,   KPSM,   42.8096504,  -71.5638123,  5980.7, 30.00,  6240.0,  17.8, 160.78, 186.94, -468.53,  -1.70,  -0.12,   0.00,  -0.02,  72.1,  78.4,  27.7,  28.8,   1.6,  21.41,  23.21,    16.37,  183.98,   53.29,  30.43, 2486.3,    0.76,  324.11,  355.72,  354.08,  337.19,  340.03,  337.93, 1458.36, 1515.13, 1490.06, 1468.75, 1468.20, 1463.05, 1541.26, 1543.78,  6147.3, 183,  GPS,   78.0, 116.50, 115.60, 134.750, 121.500,  0.006, -6.981,  21.18, -43.4,   36.4,   78.0,  -14.5,      1,   GPS,     VS,  -0.0,  -1.6, -496.1, 3DDiff, 3704,      ,     12,  14.0,     17
2018-08-27, 17:44:55,  -04:00,   KPSM,   42.8100357,  -71.5627594,  5971.7, 30.00,  6231.4,  18.0, 160.51, 186.88, -480.39,  -1.69,  -0.12,   0.00,   0.01,  72.1,  78.4,  27.7,  28.8,   1.6,  21.42,  23.18,    16.34,  183.98,   53.52,  30.39, 2488.3,    0.75,  324.05,  355.80,  354.07,  337.14,  339.97,  337.87, 1458.22, 1514.74, 1490.11, 1467.56, 1468.11, 1462.87, 1540.83, 1543.61,  6138.7, 183,  GPS,   78.0, 116.50, 115.60, 134.750, 121.500,  0.006, -6.981,  21.12, -43.2,   36.3,   78.0,  -14.5,      1,   GPS,     VS,  -0.0,  -1.7, -515.7, 3DDiff, 3704,      ,     12,  14.5,     17
2018-08-27, 17:44:56,  -04:00,   KPSM,   42.8104134,  -71.5617065,  5963.7, 30.00,  6223.2,  18.0, 160.51, 186.84, -487.46,  -1.67,  -0.11,  -0.00,  -0.00,  72.1,  78.4,  27.7,  28.8,   1.6,  21.44,  23.16,    16.33,  183.95,   53.33,  30.39, 2487.4,    0.75,  324.02,  355.87,  354.01,  337.10,  339.91,  337.84, 1458.79, 1515.19, 1489.60, 1467.94, 1468.81, 1464.16, 1540.73, 1544.07,  6130.5, 183,  GPS,   78.0, 116.50, 115.60, 134.750, 121.500,  0.006, -6.979,  21.07, -43.0,   36.3,   78.0,  -14.5,      1,   GPS,     VS,  -0.1,  -1.7, -519.7, 3DDiff, 3704,      ,     12,  14.0,     17
2018-08-27, 17:44:57,  -04:00,   KPSM,   42.8107948,  -71.5606537,  5954.7, 30.00,  6214.1,  18.0, 160.53, 186.80, -497.10,  -1.65,  -0.05,  -0.00,  -0.00,  72.1,  78.3,  27.7,  28.8,   1.6,  21.45,  23.14,    16.26,  183.94,   53.16,  30.44, 2486.1,    0.75,  323.96,  355.93,  353.98,  337.07,  339.85,  337.81, 1459.01, 1515.05, 1489.21, 1467.40, 1469.38, 1465.87, 1541.35, 1543.89,  6121.4, 183,  GPS,   78.0, 116.50, 115.60, 134.750, 121.500,  0.006, -6.979,  21.02, -42.8,   36.2,   78.0,  -14.5,      1,   GPS,     VS,  -0.1,  -1.7, -523.6, 3DDiff, 3704,      ,     12,  14.0,     16
2018-08-27, 17:44:58,  -04:00,   KPSM,   42.8111801,  -71.5596008,  5947.7, 30.00,  6204.6,  18.0, 160.56, 186.75, -501.07,  -1.61,  -0.11,  -0.00,   0.00,  72.2,  78.3,  27.7,  28.8,   1.6,  21.46,  23.12,    16.32,  183.93,   53.33,  30.43, 2485.8,    0.75,  323.93,  355.97,  353.95,  337.01,  339.76,  337.75, 1457.83, 1514.77, 1489.17, 1467.70, 1468.89, 1466.30, 1541.03, 1543.56,  6111.9, 183,  GPS,   78.0, 116.50, 115.60, 134.750, 121.500,  0.006, -6.977,  20.98, -42.6,   36.2,   78.0,  -14.5,      1,   GPS,     VS,  -0.0,  -1.6, -523.6, 3DDiff, 3704,      ,     12,  14.0,     16
2018-08-27, 17:44:59,  -04:00,   KPSM,   42.8115616,  -71.5585480,  5938.7, 30.00,  6196.0,  18.0, 160.48, 186.73, -498.63,  -1.70,  -0.08,   0.00,   0.00,  72.2,  78.3,  27.7,  28.8,   1.6,  21.47,  23.10,    16.33,  183.92,   53.52,  30.40, 2485.4,    0.75,  323.87,  356.03,  353.92,  336.95,  339.67,  337.69, 1458.00, 1515.42, 1489.32, 1468.12, 1469.31, 1467.37, 1541.15, 1543.46,  6103.3, 183,  GPS,   78.0, 116.50, 115.60, 134.750, 121.500,  0.005, -6.976,  20.93, -42.4,   36.1,   78.0,  -14.5,      1,   GPS,     VS,  -0.0,  -1.7, -511.8, 3DDiff, 3704,      ,     12,  14.0,     17
2018-08-27, 17:45:00,  -04:00,   KPSM,   42.8119354,  -71.5574951,  5929.7, 30.00,  6187.2,  18.0, 160.43, 186.67, -512.64,  -1.67,  -0.02,   0.00,  -0.00,  72.2,  78.3,  27.7,  28.8,   1.6,  21.48,  23.08,    16.32,  183.93,   53.54,  30.41, 2486.5,    0.75,  323.86,  356.06,  353.91,  336.90,  339.63,  337.62, 1457.55, 1516.06, 1489.54, 1468.51, 1469.98, 1466.66, 1540.79, 1543.23,  6094.5, 183,  GPS,   78.0, 116.50, 115.60, 134.750, 121.500,  0.005, -6.976,  20.89, -42.2,   36.1,   78.0,  -14.5,      1,   GPS,     VS,  -0.0,  -1.7, -523.6, 3DDiff, 3704,      ,     12,  14.0,     17
2018-08-27, 17:45:01,  -04:00,   KPSM,   42.8123207,  -71.5564346,  5921.7, 30.00,  6178.4,  18.0, 160.37, 186.63, -518.78,  -1.57,  -0.03,  -0.00,   0.01,  72.2,  78.4,  27.7,  28.8,   1.6,  21.49,  23.07,    16.34,  183.90,   53.44,  30.43, 2488.6,    0.75,  323.83,  356.06,  353.91,  336.89,  339.54,  337.56, 1457.77, 1515.35, 1489.14, 1468.65, 1469.58, 1467.00, 1540.60, 1543.47,  6085.7, 183,  GPS,   78.0, 116.50, 115.60, 134.750, 121.500,  0.005, -6.975,  20.85, -42.0,   36.0,   78.0,  -14.5,      1,   GPS,     VS,  -0.0,  -1.6, -527.6, 3DDiff, 3704,      ,     12,  14.5,     17
2018-08-27, 17:45:02,  -04:00,   KPSM,   42.8127022,  -71.5553818,  5913.7, 30.00,  6170.0,  18.0, 160.20, 186.59, -499.76,  -1.64,  -0.05,   0.00,  -0.01,  72.2,  78.4,  27.7,  28.8,   1.6,  21.48,  23.07,    16.31,  183.91,   53.64,  30.40, 2486.3,    0.75,  323.77,  356.03,  353.91,  336.83,  339.45,  337.50, 1458.72, 1516.05, 1489.22, 1467.95, 1469.91, 1467.01, 1540.39, 1544.03,  6077.3, 182,  GPS,   78.0, 116.50, 115.60, 134.750, 121.500,  0.005, -6.973,  20.80, -41.8,   36.0,   78.0,  -14.5,      1,   GPS,     VS,  -0.0,  -1.6, -507.9, 3DDiff, 3704,      ,     12,  14.0,     17
2018-08-27, 17:45:03,  -04:00,   KPSM,   42.8130798,  -71.5543365,  5905.7, 30.00,  6162.1,  18.0, 160.19, 186.55, -495.90,  -1.61,  -0.07,  -0.00,   0.00,  72.3,  78.4,  27.7,  28.8,   1.6,  21.47,  23.07,    16.28,  183.90,   53.41,  30.40, 2486.6,    0.75,  323.72,  356.00,  353.92,  336.75,  339.39,  337.44, 1458.91, 1516.36, 1488.70, 1467.37, 1469.08, 1467.54, 1540.58, 1543.25,  6069.4, 182,  GPS,   78.0, 116.50, 115.60, 134.750, 121.500,  0.005, -6.972,  20.76, -41.7,   35.9,   78.0,  -14.5,      1,   GPS,     VS,  -0.1,  -1.6, -511.8, 3DDiff, 3704,      ,     12,  14.0,     16
2018-08-27, 17:45:04,  -04:00,   KPSM,   42.8134651,  -71.5532837,  5897.7, 30.00,  6154.0,  18.0, 160.03, 186.51, -487.71,  -1.64,  -0.04,   0.00,  -0.01,  72.2,  78.4,  27.7,  28.8,   1.6,  21.47,  23.07,    16.28,  183.88,   53.45,  30.42, 2486.0,    0.75,  323.68,  355.97,  353.97,  336.71,  339.31,  337.39, 1458.96, 1516.20, 1488.90, 1467.05, 1469.16, 1468.30, 1540.61, 1543.52,  6061.3, 182,  GPS,   78.0, 116.50, 115.60, 134.750, 121.500,  0.005, -6.971,  20.72, -41.5,   35.9,   78.0,  -14.5,      1,   GPS,     VS,  -0.1,  -1.6, -515.7, 3DDiff, 3704,      ,     12,  14.0,     16
2018-08-27, 17:45:05,  -04:00,   KPSM,   42.8138390,  -71.5522232,  5888.7, 30.00,  6145.5,  18.0, 159.85, 186.47, -498.23,  -1.63,  -0.08,   0.01,  -0.01,  72.2,  78.4,  27.7,  28.8,   1.6,  21.46,  23.09,    16.35,  183.86,   53.52,  30.42, 2487.8,    0.75,  323.65,  355.93,  354.00,  336.68,  339.24,  337.35, 1458.61, 1515.56, 1489.04, 1466.69, 1470.46, 1467.72, 1540.40, 1544.10,  6052.8, 182,  GPS,   78.0, 116.50, 115.60, 134.750, 121.500,  0.004, -6.970,  20.68, -41.4,   35.8,   78.0,  -14.5,      1,   GPS,     VS,  -0.1,  -1.6, -519.7, 3DDiff, 3704,      ,     12,  14.0,     17
2018-08-27, 17:45:06,  -04:00,   KPSM,   42.8142204,  -71.5511703,  5881.7, 30.00,  6136.9,  18.0, 159.89, 186.47, -476.26,  -1.64,  -0.18,   0.00,   0.01,  72.1,  78.4,  27.7,  28.8,   1.6,  21.44,  23.10,    16.29,  183.83,   53.58,  30.40, 2486.2,    0.75,  323.62,  355.87,  354.03,  336.62,  339.14,  337.29, 1458.73, 1515.97, 1489.69, 1468.39, 1471.16, 1467.37, 1540.60, 1544.29,  6044.2, 182,  GPS,   78.0, 116.50, 115.60, 134.750, 121.500,  0.004, -6.968,  20.65, -41.3,   35.8,   78.0,  -14.5,      1,   GPS,     VS,  -0.1,  -1.6, -519.7, 3DDiff, 3704,      ,     12,  14.0,     17
2018-08-27, 17:45:07,  -04:00,   KPSM,   42.8146019,  -71.5501175,  5874.7, 30.00,  6128.2,  18.0, 159.99, 186.47, -455.90,  -1.74,  -0.15,   0.00,  -0.01,  72.1,  78.4,  27.7,  28.8,   1.6,  21.43,  23.11,    16.31,  183.82,   53.62,  30.40, 2486.5,    0.75,  323.59,  355.81,  354.09,  336.56,  339.08,  337.26, 1458.94, 1514.93, 1489.48, 1468.74, 1470.15, 1467.10, 1540.41, 1544.56,  6035.5, 182,  GPS,   78.0, 116.50, 115.60, 134.750, 121.500,  0.004, -6.966,  20.62, -41.2,   35.7,   78.0,  -14.5,      1,   GPS,     VS,  -0.1,  -1.7, -523.6, 3DDiff, 3704,      ,     12,  14.0,     17
2018-08-27, 17:45:08,  -04:00,   KPSM,   42.8149796,  -71.5490646,  5864.7, 30.00,  6118.8,  18.0, 159.91, 186.47, -497.23,  -1.74,  -0.14,   0.00,   0.00,  72.1,  78.4,  27.7,  28.8,   1.6,  21.42,  23.12,    16.28,  183.83,   53.49,  30.42, 2487.6,    0.75,  323.54,  355.75,  354.13,  336.49,  338.97,  337.20, 1459.27, 1514.75, 1490.50, 1469.13, 1470.51, 1467.63, 1540.66, 1545.00,  6026.1, 182,  GPS,   78.0, 116.50, 115.60, 134.750, 121.500,  0.004, -6.966,  20.59, -41.1,   35.7,   78.0,  -14.5,      1,   GPS,     VS,  -0.1,  -1.7, -539.4, 3DDiff, 3704,      ,     12,  14.0,     17
2018-08-27, 17:45:09,  -04:00,   KPSM,   42.8153572,  -71.5480118,  5856.7, 30.00,  6109.2,  18.0, 160.05, 186.51, -505.06,  -1.76,  -0.21,   0.00,  -0.01,  72.1,  78.4,  27.7,  28.8,   1.6,  21.41,  23.12,    16.23,  183.81,   53.67,  30.44, 2487.6,    0.75,  323.50,  355.66,  354.19,  336.43,  338.90,  337.17, 1458.31, 1515.02, 1489.84, 1471.37, 1470.61, 1467.13, 1541.61, 1543.61,  6016.5, 182,  GPS,   78.0, 116.50, 115.60, 134.750, 121.500,  0.003, -6.965,  20.57, -41.1,   35.6,   78.0,  -14.5,      1,   GPS,     VS,  -0.1,  -1.7, -535.4, 3DDiff, 3704,      ,     12,  14.0,     16
2018-08-27, 17:45:10,  -04:00,   KPSM,   42.8157387,  -71.5469666,  5847.7, 30.00,  6099.8,  18.0, 160.23, 186.51, -522.76,  -1.72,  -0.20,   0.00,   0.02,  72.0,  78.4,  27.7,  28.8,   1.6,  21.40,  23.13,    16.28,  183.80,   53.46,  30.43, 2487.1,    0.75,  323.47,  355.60,  354.25,  336.38,  338.81,  337.11, 1457.20, 1514.94, 1488.92, 1471.65, 1470.75, 1467.29, 1541.84, 1543.24,  6007.1, 182,  GPS,   78.0, 116.50, 115.60, 134.750, 121.500,  0.003, -6.965,  20.55, -41.0,   35.6,   78.0,  -14.5,      1,   GPS,     VS,  -0.1,  -1.7, -531.5, 3DDiff, 3704,      ,     12,  14.0,     16
2018-08-27, 17:45:11,  -04:00,   KPSM,   42.8161201,  -71.5459137,  5839.7, 30.00,  6091.1,  18.0, 160.10, 186.53, -521.78,  -1.79,  -0.29,  -0.01,  -0.01,  72.0,  78.4,  27.7,  28.8,   1.6,  21.40,  23.13,    16.32,  183.78,   53.71,  30.42, 2488.1,    0.75,  323.44,  355.51,  354.31,  336.34,  338.73,  337.08, 1458.07, 1515.44, 1489.26, 1470.21, 1470.96, 1467.53, 1541.13, 1543.33,  5998.4, 182,  GPS,   78.0, 116.50, 115.60, 134.750, 121.500,  0.003, -6.963,  20.54, -41.0,   35.5,   78.0,  -14.5,      1,   GPS,     VS,  -0.1,  -1.8, -511.8, 3DDiff, 3704,      ,     12,  14.0,     16
2018-08-27, 17:45:12,  -04:00,   KPSM,   42.8165016,  -71.5448532,  5831.7, 30.00,  6082.4,  18.0, 160.40, 186.51, -511.86,  -1.80,  -0.31,  -0.00,  -0.02,  72.0,  78.4,  27.7,  28.8,   1.6,  21.40,  23.11,    16.33,  183.77,   53.39,  30.42, 2486.5,    0.75,  323.39,  355.39,  354.37,  336.27,  338.63,  337.04, 1458.62, 1515.08, 1489.50, 1470.10, 1470.78, 1467.06, 1540.80, 1543.21,  5989.6, 182,  GPS,   78.0, 116.50, 115.60, 134.750, 121.500,  0.003, -6.962,  20.54, -40.9,   35.5,   78.0,  -14.5,      1,   GPS,     VS,  -0.1,  -1.8, -515.7, 3DDiff, 3704,      ,     12,  14.0,     17
2018-08-27, 17:45:13,  -04:00,   KPSM,   42.8168793,  -71.5438004,  5824.7, 30.00,  6073.5,  18.0, 160.35, 186.51, -498.79,  -1.69,  -0.19,  -0.00,   0.01,  72.0,  78.4,  27.7,  28.8,   1.6,  21.43,  23.08,    16.31,  183.77,   53.52,  30.42, 2487.4,    0.75,  323.38,  355.32,  354.44,  336.22,  338.55,  337.01, 1458.33, 1515.04, 1488.82, 1469.91, 1471.04, 1465.97, 1540.82, 1543.02,  5980.8, 182,  GPS,   78.0, 116.50, 115.60, 134.750, 121.500,  0.003, -6.960,  20.54, -40.9,   35.4,   78.0,  -14.5,      1,   GPS,     VS,  -0.2,  -1.8, -523.6, 3DDiff, 3704,      ,     12,  14.0,     17
2018-08-27, 17:45:14,  -04:00,   KPSM,   42.8172646,  -71.5427475,  5816.7, 30.00,  6065.2,  18.0, 160.53, 186.49, -480.97,  -1.77,  -0.15,  -0.00,  -0.00,  72.1,  78.3,  27.7,  28.8,   1.6,  21.45,  23.05,    16.34,  183.77,   53.28,  30.43, 2486.0,    0.75,  323.32,  355.23,  354.47,  336.16,  338.45,  336.95, 1458.48, 1514.22, 1489.43, 1469.51, 1469.27, 1465.52, 1540.38, 1543.24,  5972.5, 182,  GPS,   78.0, 116.50, 115.60, 134.750, 121.500,  0.002, -6.958,  20.54, -40.9,   35.4,   78.0,  -14.5,      1,   GPS,     VS,  -0.2,  -1.8, -519.7, 3DDiff, 3704,      ,     12,  14.0,     17
2018-08-27, 17:45:15,  -04:00,   KPSM,   42.8176384,  -71.5416870,  5808.7, 30.00,  6057.2,  18.0, 160.59, 186.49, -473.28,  -1.78,  -0.14,   0.00,  -0.01,  72.3,  78.3,  27.7,  28.8,   1.6,  21.46,  23.03,    16.30,  183.74,   53.31,  30.41, 2487.7,    0.75,  323.29,  355.14,  354.53,  336.10,  338.41,  336.92, 1458.47, 1513.47, 1489.10, 1468.84, 1469.66, 1465.52, 1539.57, 1543.42,  5964.5, 183,  GPS,   78.0, 116.50, 115.60, 134.750, 121.500,  0.002, -6.957,  20.55, -40.8,   35.3,   78.0,  -14.5,      1,   GPS,     VS,  -0.1,  -1.8, -531.5, 3DDiff, 3704,      ,     12,  14.0,     16
2018-08-27, 17:45:16,  -04:00,   KPSM,   42.8180237,  -71.5406418,  5799.7, 30.00,  6048.7,  18.0, 160.38, 186.47, -507.44,  -1.70,  -0.04,   0.00,  -0.00,  72.2,  78.3,  27.7,  28.8,   1.6,  21.47,  23.01,    16.34,  183.74,   53.42,  30.38, 2487.0,    0.75,  323.26,  355.03,  354.60,  336.06,  338.33,  336.87, 1457.68, 1513.34, 1488.09, 1468.02, 1470.46, 1465.38, 1539.20, 1543.15,  5956.0, 182,  GPS,   78.0, 116.50, 115.60, 134.750, 121.500,  0.002, -6.957,  20.55, -40.8,   35.2,   78.0,  -14.5,      1,   GPS,     VS,  -0.1,  -1.8, -543.3, 3DDiff, 3704,      ,     12,  14.0,     16
2018-08-27, 17:45:17,  -04:00,   KPSM,   42.8184052,  -71.5395966,  5790.7, 30.00,  6039.8,  18.0, 160.40, 186.47, -511.40,  -1.65,  -0.11,   0.00,   0.01,  72.3,  78.3,  27.7,  28.8,   1.6,  21.46,  23.02,    16.28,  183.72,   53.58,  30.37, 2488.2,    0.75,  323.23,  354.90,  354.65,  336.01,  338.26,  336.81, 1456.86, 1512.76, 1487.79, 1467.86, 1469.16, 1465.69, 1539.25, 1542.08,  5947.1, 182,  GPS,   78.0, 116.50, 115.60, 134.750, 121.500,  0.002, -6.956,  20.55, -40.8,   35.2,   78.0,  -14.5,      1,   GPS,     VS,  -0.1,  -1.7, -539.4, 3DDiff, 3704,      ,     12,  14.0,     17
2018-08-27, 17:45:18,  -04:00,   KPSM,   42.8187828,  -71.5385361,  5781.7, 30.00,  6031.1,  18.0, 160.20, 186.45, -528.73,  -1.61,  -0.10,   0.00,   0.01,  72.4,  78.3,  27.7,  28.8,   1.6,  21.46,  23.02,    16.30,  183.71,   53.65,  30.38, 2488.0,    0.75,  323.18,  354.81,  354.71,  335.95,  338.17,  336.80, 1456.26, 1512.28, 1487.80, 1466.89, 1468.56, 1464.40, 1538.70, 1541.92,  5938.4, 182,  GPS,   78.0, 116.50, 115.60, 134.750, 121.500,  0.002, -6.956,  20.54, -40.8,   35.1,   78.0,  -14.5,      1,   GPS,     VS,  -0.1,  -1.7, -531.5, 3DDiff, 3704,      ,     12,  14.0,     17
2018-08-27, 17:45:19,  -04:00,   KPSM,   42.8191681,  -71.5374832,  5773.7, 30.00,  6022.5,  18.0, 160.33, 186.41, -529.50,  -1.60,  -0.08,   0.00,   0.01,  72.4,  78.3,  27.7,  28.8,   1.6,  21.45,  23.02,    16.29,  183.71,   53.56,  30.45, 2484.3,    0.75,  323.16,  354.69,  354.78,  335.89,  338.11,  336.74, 1456.34, 1513.95, 1488.45, 1468.33, 1467.94, 1464.93, 1539.85, 1542.26,  5929.8, 182,  GPS,   78.0, 116.50, 115.60, 134.750, 121.500,  0.002, -6.955,  20.53, -40.8,   35.1,   78.0,  -14.5,      1,   GPS,     VS,  -0.1,  -1.6, -519.7, 3DDiff, 3704,      ,     12,  14.0,     17
2018-08-27, 17:45:20,  -04:00,   KPSM,   42.8195419,  -71.5364304,  5765.7, 30.00,  6013.6,  18.2, 160.45, 186.40, -500.34,  -1.72,  -0.09,   0.00,  -0.01,  72.4,  78.3,  27.7,  28.8,   1.6,  21.44,  23.04,    16.26,  183.68,   53.57,  30.39, 2485.5,    0.75,  323.11,  354.57,  354.83,  335.88,  338.06,  336.70, 1456.11, 1514.44, 1487.44, 1468.09, 1466.90, 1465.18, 1540.19, 1541.36,  5921.2, 182,  GPS,   78.0, 116.50, 115.60, 134.750, 121.500,  0.001, -6.953,  20.51, -40.8,   35.0,   78.0,  -14.5,      1,   GPS,     VS,  -0.1,  -1.7, -500.0, 3DDiff, 3704,      ,     12,  14.0,     17
2018-08-27, 17:45:21,  -04:00,   KPSM,   42.8199234,  -71.5353775,  5757.7, 30.00,  6004.4,  18.0, 160.25, 186.38, -498.38,  -1.75,  -0.15,   0.00,  -0.00,  72.4,  78.4,  27.7,  28.8,   1.6,  21.43,  23.05,    16.30,  183.66,   53.60,  30.41, 2485.1,    0.75,  323.10,  354.49,  354.88,  335.80,  338.02,  336.65, 1456.22, 1515.18, 1487.62, 1467.95, 1466.54, 1464.42, 1539.87, 1542.06,  5912.0, 182,  GPS,   78.0, 116.50, 115.60, 134.750, 121.500,  0.001, -6.952,  20.49, -40.8,   35.0,   78.0,  -14.5,      1,   GPS,     VS,  -0.1,  -1.7, -507.9, 3DDiff, 3704,      ,     12,  14.0,     16
2018-08-27, 17:45:22,  -04:00,   KPSM,   42.8203087,  -71.5343323,  5750.7, 30.00,  5995.0,  18.0, 160.29, 186.38, -479.36,  -1.69,  -0.19,  -0.00,  -0.01,  72.4,  78.4,  27.7,  28.8,   1.6,  21.41,  23.06,    16.16,  183.63,   53.48,  30.42, 2486.9,    0.75,  323.05,  354.37,  354.92,  335.77,  337.98,  336.62, 1455.99, 1516.33, 1487.49, 1468.68, 1466.03, 1464.16, 1540.38, 1541.57,  5902.6, 182,  GPS,   78.0, 116.50, 115.60, 134.750, 121.500,  0.001, -6.950,  20.46, -40.8,   34.9,   78.0,  -14.5,      1,   GPS,     VS,  -0.2,  -1.7, -519.7, 3DDiff, 3704,      ,     12,  14.0,     16
2018-08-27, 17:45:23,  -04:00,   KPSM,   42.8206902,  -71.5332718,  5740.7, 30.00,  5986.0,  18.0, 160.30, 186.38, -497.80,  -1.63,  -0.21,   0.00,  -0.00,  72.4,  78.4,  27.7,  28.8,   1.6,  21.39,  23.07,    16.23,  183.60,   53.39,  30.42, 2487.6,    0.75,  323.01,  354.23,  354.99,  335.71,  337.96,  336.56, 1456.46, 1514.90, 1487.79, 1469.39, 1465.87, 1464.57, 1540.12, 1542.04,  5893.6, 182,  GPS,   78.0, 116.50, 115.60, 134.750, 121.500,  0.001, -6.950,  20.44, -40.8,   34.9,   78.0,  -14.5,      1,   GPS,     VS,  -0.2,  -1.7, -527.6, 3DDiff, 3704,      ,     12,  14.0,     16
2018-08-27, 17:45:24,  -04:00,   KPSM,   42.8210678,  -71.5322266,  5734.7, 30.00,  5977.2,  18.0, 160.52, 186.36, -473.52,  -1.66,  -0.27,   0.01,  -0.01,  72.4,  78.4,  27.7,  28.8,   1.6,  21.37,  23.08,    16.22,  183.57,   53.32,  30.43, 2485.6,    0.75,  322.98,  354.10,  355.02,  335.67,  337.95,  336.53, 1456.46, 1514.90, 1488.54, 1469.80, 1466.70, 1464.87, 1540.01, 1542.47,  5884.8, 182,  GPS,   78.0, 116.50, 115.60, 134.750, 121.500,  0.001, -6.947,  20.41, -40.8,   34.8,   78.0,  -14.5,      1,   GPS,     VS,  -0.2,  -1.7, -519.7, 3DDiff, 3704,      ,     12,  14.0,     17
2018-08-27, 17:45:25,  -04:00,   KPSM,   42.8214493,  -71.5311813,  5725.7, 30.00,  5968.3,  18.0, 160.51, 186.32, -485.19,  -1.65,  -0.27,  -0.00,  -0.00,  72.4,  78.4,  27.7,  28.8,   1.6,  21.36,  23.09,    16.29,  183.58,   53.60,  30.39, 2488.1,    0.75,  322.93,  353.99,  355.08,  335.62,  337.95,  336.49, 1455.27, 1514.66, 1488.65, 1467.91, 1467.29, 1464.83, 1539.74, 1542.31,  5875.9, 182,  GPS,   78.0, 116.50, 115.60, 134.750, 121.500,  0.001, -6.947,  20.38, -40.9,   34.8,   78.0,  -14.5,      1,   GPS,     VS,  -0.2,  -1.7, -527.6, 3DDiff, 3704,      ,     12,  14.0,     17
2018-08-27, 17:45:26,  -04:00,   KPSM,   42.8218269,  -71.5301208,  5717.7, 30.00,  5959.8,  18.0, 160.62, 186.28, -497.78,  -1.56,  -0.22,  -0.01,   0.01,  72.4,  78.4,  27.7,  28.8,   1.6,  21.35,  23.09,    16.30,  183.55,   53.41,  30.42, 2487.4,    0.75,  322.91,  353.89,  355.10,  335.58,  337.96,  336.43, 1455.44, 1513.97, 1489.40, 1466.54, 1468.35, 1464.94, 1539.01, 1542.92,  5867.4, 182,  GPS,   78.0, 116.50, 115.60, 134.750, 121.500,  0.000, -6.945,  20.35, -40.9,   34.7,   78.0,  -14.5,      1,   GPS,     VS,  -0.2,  -1.6, -535.4, 3DDiff, 3704,      ,     12,  14.0,     17
2018-08-27, 17:45:27,  -04:00,   KPSM,   42.8222046,  -71.5290680,  5709.7, 30.00,  5952.1,  18.0, 160.65, 186.22, -486.49,  -1.65,  -0.29,   0.00,  -0.02,  72.4,  78.3,  27.7,  28.8,   1.6,  21.34,  23.10,    16.27,  183.55,   53.55,  30.41, 2485.9,    0.75,  322.88,  353.74,  355.12,  335.55,  338.01,  336.40, 1455.12, 1513.38, 1489.56, 1466.40, 1468.66, 1466.44, 1539.14, 1542.80,  5859.7, 182,  GPS,   78.0, 116.50, 115.60, 134.750, 121.500,  0.000, -6.944,  20.32, -40.9,   34.7,   78.0,  -14.5,      1,   GPS,     VS,  -0.2,  -1.6, -519.7, 3DDiff, 3704,      ,     12,  14.0,     16
2018-08-27, 17:45:28,  -04:00,   KPSM,   42.8225899,  -71.5280151,  5700.7, 30.00,  5943.8,  18.0, 160.52, 186.18, -506.48,  -1.57,  -0.27,   0.00,   0.01,  72.4,  78.3,  27.7,  28.8,   1.6,  21.34,  23.09,    16.23,  183.53,   53.64,  30.38, 2488.2,    0.75,  322.83,  353.62,  355.17,  335.49,  338.11,  336.34, 1455.00, 1513.47, 1488.82, 1466.49, 1469.34, 1466.64, 1538.79, 1542.62,  5851.4, 182,  GPS,   78.0, 116.50, 115.60, 134.750, 121.500,  0.000, -6.944,  20.29, -40.9,   34.6,   78.0,  -14.5,      1,   GPS,     VS,  -0.2,  -1.6, -531.5, 3DDiff, 3704,      ,     12,  14.0,     16
2018-08-27, 17:45:29,  -04:00,   KPSM,   42.8229637,  -71.5269623,  5691.7, 30.00,  5935.1,  18.2, 160.49, 186.10, -507.13,  -1.56,  -0.30,  -0.00,   0.00,  72.4,  78.3,  27.7,  28.8,   1.6,  21.34,  23.08,    16.21,  183.49,   53.65,  30.41, 2486.8,    0.75,  322.80,  353.50,  355.20,  335.43,  338.23,  336.31, 1455.33, 1513.73, 1488.11, 1465.76, 1469.24, 1466.87, 1539.04, 1542.45,  5842.7, 182,  GPS,   78.0, 116.50, 115.60, 134.750, 121.500, -0.000, -6.943,  20.26, -41.0,   34.6,   78.0,  -14.5,      1,   GPS,     VS,  -0.2,  -1.6, -531.5, 3DDiff, 3704,      ,     12,  14.0,     16
2018-08-27, 17:45:30,  -04:00,   KPSM,   42.8233452,  -71.5259094,  5683.7, 30.00,  5926.5,  18.2, 160.57, 186.05, -510.94,  -1.52,  -0.27,   0.00,  -0.01,  72.4,  78.3,  27.7,  28.8,   1.6,  21.35,  23.06,    16.35,  183.47,   53.25,  30.46, 2483.8,    0.76,  322.75,  353.40,  355.20,  335.40,  338.37,  336.25, 1455.53, 1514.61, 1488.17, 1465.69, 1468.63, 1466.93, 1538.84, 1541.64,  5834.1, 182,  GPS,   78.0, 116.50, 115.60, 134.750, 121.500, -0.000, -6.942,  20.23, -41.0,   34.5,   78.1,  -14.5,      1,   GPS,     VS,  -0.2,  -1.6, -523.6, 3DDiff, 3704,      ,     12,  14.0,     17
2018-08-27, 17:45:31,  -04:00,   KPSM,   42.8237267,  -71.5248642,  5675.7, 30.00,  5918.0,  18.2, 160.47, 185.95, -506.06,  -1.49,  -0.22,   0.00,  -0.00,  72.4,  78.3,  27.7,  28.8,   1.6,  21.37,  23.04,    16.35,  183.45,   53.07,  30.43, 2485.8,    0.75,  322.72,  353.25,  355.25,  335.34,  338.49,  336.19, 1454.95, 1513.77, 1487.56, 1466.15, 1469.46, 1466.05, 1538.46, 1541.19,  5825.6, 182,  GPS,   78.0, 116.50, 115.60, 134.750, 121.500, -0.000, -6.941,  20.20, -41.0,   34.5,   78.1,  -14.5,      1,   GPS,     VS,  -0.2,  -1.5, -523.6, 3DDiff, 3704,      ,     12,  13.5,     17
2018-08-27, 17:45:32,  -04:00,   KPSM,   42.8241081,  -71.5238190,  5667.7, 30.00,  5908.8,  18.0, 160.49, 185.85, -494.45,  -1.46,  -0.21,  -0.00,  -0.00,  72.4,  78.2,  27.7,  28.8,   1.6,  21.37,  23.02,    16.30,  183.43,   53.38,  30.39, 2487.0,    0.75,  322.70,  353.15,  355.26,  335.30,  338.62,  336.14, 1455.73, 1514.22, 1488.21, 1468.19, 1469.61, 1466.34, 1539.50, 1542.35,  5816.4, 182,  GPS,   78.0, 116.50, 115.60, 134.750, 121.500, -0.000, -6.939,  20.16, -41.0,   34.4,   78.1,  -14.5,      1,   GPS,     VS,  -0.2,  -1.5, -527.6, 3DDiff, 3704,      ,     12,  13.5,     17
2018-08-27, 17:45:33,  -04:00,   KPSM,   42.8244896,  -71.5227737,  5659.7, 30.00,  5899.2,  18.0, 160.43, 185.75, -499.05,  -1.44,  -0.19,  -0.00,  -0.00,  72.4,  78.2,  27.7,  28.8,   1.6,  21.37,  23.02,    16.34,  183.42,   53.61,  30.41, 2485.1,    0.75,  322.67,  353.03,  355.28,  335.22,  338.72,  336.07, 1455.54, 1514.18, 1488.43, 1467.23, 1469.82, 1465.88, 1539.14, 1542.63,  5806.8, 182,  GPS,   78.0, 116.50, 115.60, 134.750, 121.500, -0.001, -6.938,  20.13, -41.0,   34.4,   78.1,  -14.5,      1,   GPS,     VS,  -0.2,  -1.5, -531.5, 3DDiff, 3704,      ,     12,  13.5,     16
2018-08-27, 17:45:34,  -04:00,   KPSM,   42.8248749,  -71.5217285,  5650.7, 30.00,  5889.5,  18.0, 160.22, 185.64, -517.71,  -1.41,  -0.16,   0.00,  -0.00,  72.5,  78.2,  27.7,  28.8,   1.6,  21.37,  23.02,    16.24,  183.42,   53.55,  30.38, 2486.3,    0.75,  322.64,  352.91,  355.29,  335.18,  338.81,  336.03, 1455.30, 1513.34, 1488.85, 1467.04, 1469.95, 1464.71, 1538.30, 1542.76,  5797.0, 182,  GPS,   78.0, 116.50, 115.60, 134.750, 121.500, -0.001, -6.938,  20.09, -41.0,   34.3,   78.1,  -14.5,      1,   GPS,     VS,  -0.2,  -1.4, -531.5, 3DDiff, 3704,      ,     12,  13.5,     16
2018-08-27, 17:45:35,  -04:00,   KPSM,   42.8252487,  -71.5206909,  5641.7, 30.00,  5880.6,  18.2, 160.12, 185.52, -523.00,  -1.32,  -0.18,   0.00,  -0.00,  72.5,  78.3,  27.7,  28.8,   1.6,  21.37,  23.02,    16.27,  183.39,   53.59,  30.39, 2487.2,    0.75,  322.61,  352.79,  355.29,  335.13,  338.93,  335.96, 1455.16, 1513.44, 1488.97, 1467.44, 1470.22, 1464.28, 1538.23, 1542.65,  5788.2, 181,  GPS,   78.0, 116.50, 115.60, 134.750, 121.500, -0.001, -6.937,  20.04, -41.1,   34.3,   78.1,  -14.6,      1,   GPS,     VS,  -0.2,  -1.4, -527.6, 3DDiff, 3704,      ,     12,  13.5,     16
2018-08-27, 17:45:36,  -04:00,   KPSM,   42.8256302,  -71.5196457,  5634.7, 30.00,  5871.6,  18.2, 160.09, 185.38, -503.56,  -1.27,  -0.15,  -0.00,  -0.00,  72.4,  78.3,  27.7,  28.8,   1.6,  21.37,  23.02,    16.28,  183.39,   53.68,  30.42, 2486.9,    0.75,  322.56,  352.67,  355.32,  335.07,  338.99,  335.91, 1455.66, 1513.25, 1489.64, 1469.47, 1470.84, 1464.90, 1538.65, 1543.29,  5779.2, 181,  GPS,   78.0, 116.50, 115.60, 134.750, 121.500, -0.001, -6.935,  20.00, -41.1,   34.2,   78.1,  -14.6,      1,   GPS,     VS,  -0.1,  -1.3, -531.5, 3DDiff, 3704,      ,     12,  13.5,     17
2018-08-27, 17:45:37,  -04:00,   KPSM,   42.8260117,  -71.5186005,  5626.7, 30.00,  5862.7,  18.2, 160.08, 185.23, -482.14,  -1.29,  -0.15,   0.00,  -0.01,  72.4,  78.3,  27.7,  28.8,   1.6,  21.36,  23.03,    16.31,  183.38,   53.86,  30.45, 2487.3,    0.75,  322.53,  352.54,  355.32,  335.02,  339.05,  335.86, 1455.96, 1514.24, 1489.97, 1469.56, 1471.11, 1466.90, 1540.11, 1543.42,  5770.3, 181,  GPS,   78.0, 116.50, 115.60, 134.750, 121.500, -0.001, -6.934,  19.95, -41.1,   34.2,   78.1,  -14.6,      1,   GPS,     VS,  -0.1,  -1.3, -527.6, 3DDiff, 3704,      ,     12,  13.5,     17
2018-08-27, 17:45:38,  -04:00,   KPSM,   42.8263931,  -71.5175552,  5616.7, 30.00,  5854.4,  18.2, 159.92, 185.09, -518.30,  -1.32,  -0.16,   0.00,   0.01,  72.3,  78.3,  27.7,  28.8,   1.6,  21.36,  23.03,    16.28,  183.37,   53.74,  30.43, 2486.4,    0.75,  322.50,  352.42,  355.32,  334.96,  339.11,  335.83, 1456.42, 1514.99, 1490.11, 1468.36, 1470.49, 1467.18, 1540.16, 1544.03,  5762.0, 181,  GPS,   78.0, 116.50, 115.60, 134.750, 121.500, -0.001, -6.935,  19.85, -41.1,   34.1,   78.1,  -14.6,      1,   GPS,     VS,  -0.2,  -1.3, -527.6, 3DDiff, 3704,      ,     12,  13.5,     17
2018-08-27, 17:45:39,  -04:00,   KPSM,   42.8267670,  -71.5165100,  5610.7, 30.00,  5846.6,  18.2, 160.06, 184.96, -487.72,  -1.36,  -0.21,  -0.00,  -0.00,  72.3,  78.3,  27.7,  28.8,   1.6,  21.35,  23.02,    16.30,  183.37,   53.61,  30.42, 2487.1,    0.75,  322.47,  352.30,  355.30,  334.91,  339.11,  335.76, 1456.89, 1513.48, 1489.44, 1467.98, 1471.17, 1467.76, 1539.40, 1544.22,  5754.2, 181,  GPS,   78.0, 116.50, 115.60, 134.750, 121.500, -0.001, -6.931,  19.85, -41.1,   34.1,   78.1,  -14.6,      1,   GPS,     VS,  -0.2,  -1.3, -519.7, 3DDiff, 3704,      ,     12,  13.5,     16
2018-08-27, 17:45:40,  -04:00,   KPSM,   42.8271484,  -71.5154648,  5600.7, 30.00,  5838.6,  18.2, 159.99, 184.84, -499.34,  -1.46,  -0.24,  -0.01,  -0.01,  72.3,  78.3,  27.7,  28.8,   1.6,  21.36,  23.01,    16.25,  183.35,   53.61,  30.42, 2487.2,    0.75,  322.44,  352.18,  355.29,  334.85,  339.15,  335.67, 1457.58, 1512.57, 1489.07, 1466.46, 1470.86, 1467.35, 1538.26, 1544.36,  5746.2, 181,  GPS,   78.0, 116.50, 115.60, 134.750, 121.500, -0.000, -6.932,  19.80, -41.1,   34.0,   78.1,  -14.6,      1,   GPS,     VS,  -0.2,  -1.4, -515.7, 3DDiff, 3704,      ,     12,  13.5,     16
2018-08-27, 17:45:41,  -04:00,   KPSM,   42.8275223,  -71.5144272,  5593.7, 30.00,  5830.0,  18.2, 159.87, 184.72, -501.25,  -1.41,  -0.18,   0.00,  -0.01,  72.4,  78.3,  27.7,  28.8,   1.6,  21.38,  22.99,    16.25,  183.34,   53.80,  30.39, 2489.1,    0.75,  322.41,  352.03,  355.29,  334.77,  339.17,  335.62, 1457.63, 1513.30, 1488.99, 1465.58, 1471.13, 1467.67, 1537.96, 1544.21,  5737.6, 181,  GPS,   78.0, 116.50, 115.60, 134.750, 121.500, -0.001, -6.930,  19.76, -41.1,   34.0,   78.1,  -14.6,      1,   GPS,     VS,  -0.2,  -1.4, -527.6, 3DDiff, 3704,      ,     12,  13.5,     16
2018-08-27, 17:45:42,  -04:00,   KPSM,   42.8279076,  -71.5133820,  5585.7, 30.00,  5821.3,  18.2, 159.80, 184.63, -483.75,  -1.41,  -0.11,   0.00,  -0.01,  72.4,  78.2,  27.7,  28.8,   1.6,  21.39,  22.98,    16.24,  183.32,   53.58,  30.39, 2486.1,    0.75,  322.38,  351.94,  355.27,  334.73,  339.17,  335.56, 1457.68, 1513.24, 1489.76, 1465.47, 1470.57, 1468.36, 1537.75, 1544.28,  5728.9, 181,  GPS,   78.0, 116.50, 115.60, 134.750, 121.500, -0.000, -6.929,  19.71, -41.1,   33.9,   78.1,  -14.6,      1,   GPS,     VS,  -0.2,  -1.4, -523.6, 3DDiff, 3704,      ,     12,  13.5,     17
2018-08-27, 17:45:43,  -04:00,   KPSM,   42.8282852,  -71.5123444,  5576.7, 30.00,  5812.4,  18.2, 159.81, 184.53, -502.88,  -1.30,  -0.04,  -0.00,   0.01,  72.3,  78.2,  27.7,  28.8,   1.6,  21.39,  22.98,    16.28,  183.30,   53.69,  30.41, 2487.5,    0.75,  322.35,  351.81,  355.26,  334.65,  339.14,  335.49, 1457.02, 1512.49, 1488.89, 1465.90, 1470.17, 1468.93, 1537.89, 1543.36,  5720.0, 181,  GPS,   78.0, 116.50, 115.60, 134.750, 121.500, -0.001, -6.928,  19.67, -41.1,   33.9,   78.1,  -14.6,      1,   GPS,     VS,  -0.1,  -1.4, -535.4, 3DDiff, 3704,      ,     12,  13.5,     17
2018-08-27, 17:45:44,  -04:00,   KPSM,   42.8286629,  -71.5112991,  5567.7, 30.00,  5803.3,  18.2, 159.72, 184.43, -502.79,  -1.32,  -0.04,   0.00,  -0.01,  72.3,  78.2,  27.7,  28.8,   1.6,  21.38,  22.98,    16.37,  183.31,   53.40,  30.40, 2485.8,    0.76,  322.32,  351.69,  355.26,  334.64,  339.14,  335.43, 1457.05, 1513.66, 1488.88, 1466.09, 1470.17, 1469.08, 1538.64, 1543.20,  5710.9, 181,  GPS,   78.0, 116.50, 115.60, 134.750, 121.500, -0.001, -6.928,  19.62, -41.1,   33.8,   78.1,  -14.6,      1,   GPS,     VS,  -0.1,  -1.4, -523.6, 3DDiff, 3704,      ,     12,  13.5,     17
2018-08-27, 17:45:45,  -04:00,   KPSM,   42.8290443,  -71.5102615,  5560.7, 30.00,  5793.6,  18.2, 159.68, 184.32, -495.77,  -1.29,  -0.09,   0.00,   0.00,  72.3,  78.2,  27.7,  28.8,   1.6,  21.38,  22.98,    16.34,  183.30,   53.57,  30.37, 2485.4,    0.75,  322.29,  351.55,  355.26,  334.57,  339.09,  335.37, 1457.21, 1512.97, 1488.93, 1466.68, 1469.99, 1467.22, 1538.43, 1542.85,  5701.2, 181,  GPS,   78.0, 116.50, 115.60, 134.750, 121.500, -0.001, -6.926,  19.58, -41.1,   33.8,   78.1,  -14.6,      1,   GPS,     VS,  -0.1,  -1.3, -531.5, 3DDiff, 3704,      ,     12,  13.5,     16
2018-08-27, 17:45:46,  -04:00,   KPSM,   42.8294220,  -71.5092239,  5552.7, 30.00,  5783.9,  18.2, 159.69, 184.20, -482.23,  -1.30,  -0.18,   0.00,  -0.01,  72.3,  78.2,  27.7,  28.8,   1.6,  21.37,  22.98,    16.31,  183.28,   53.58,  30.39, 2487.5,    0.75,  322.25,  351.45,  355.23,  334.51,  339.06,  335.31, 1458.01, 1514.59, 1488.94, 1467.08, 1470.03, 1466.60, 1539.05, 1543.39,  5691.5, 181,  GPS,   78.0, 116.50, 115.60, 134.750, 121.500, -0.001, -6.925,  19.53, -41.1,   33.7,   78.1,  -14.6,      1,   GPS,     VS,  -0.1,  -1.3, -535.4, 3DDiff, 3704,      ,     12,  13.5,     16
2018-08-27, 17:45:47,  -04:00,   KPSM,   42.8297997,  -71.5081940,  5543.7, 30.00,  5774.7,  18.2, 159.55, 184.06, -495.19,  -1.26,  -0.22,  -0.00,   0.01,  72.4,  78.2,  27.7,  28.8,   1.6,  21.37,  22.97,    16.26,  183.28,   53.40,  30.40, 2485.7,    0.75,  322.25,  351.33,  355.23,  334.48,  339.02,  335.25, 1457.65, 1515.41, 1488.57, 1466.09, 1468.38, 1465.65, 1538.64, 1542.85,  5682.3, 180,  GPS,   78.0, 116.50, 115.60, 134.750, 121.500, -0.001, -6.924,  19.49, -41.0,   33.6,   78.1,  -14.6,      1,   GPS,     VS,  -0.1,  -1.3, -543.3, 3DDiff, 3704,      ,     12,  13.5,     16
2018-08-27, 17:45:48,  -04:00,   KPSM,   42.8301849,  -71.5071564,  5534.7, 30.00,  5765.5,  18.2, 159.46, 183.95, -506.94,  -1.29,  -0.21,   0.01,  -0.01,  72.3,  78.2,  27.7,  28.8,   1.6,  21.38,  22.97,    16.31,  183.26,   53.55,  30.41, 2484.0,    0.75,  322.22,  351.21,  355.25,  334.44,  338.99,  335.18, 1457.78, 1516.05, 1489.06, 1466.24, 1466.89, 1464.57, 1538.67, 1542.64,  5673.1, 180,  GPS,   78.0, 116.50, 115.60, 134.750, 121.500, -0.001, -6.924,  19.44, -41.0,   33.6,   78.1,  -14.6,      1,   GPS,     VS,  -0.1,  -1.3, -535.4, 3DDiff, 3704,      ,     12,  13.5,     17
2018-08-27, 17:45:49,  -04:00,   KPSM,   42.8305588,  -71.5061264,  5525.7, 30.00,  5756.5,  18.2, 159.22, 183.83, -513.42,  -1.25,   0.04,   0.01,   0.00,  72.2,  78.2,  27.7,  28.8,   1.6,  21.38,  22.97,    16.34,  183.23,   53.88,  30.42, 2486.9,    0.75,  322.19,  351.11,  355.23,  334.39,  338.94,  335.12, 1458.42, 1514.62, 1488.86, 1465.82, 1466.80, 1464.76, 1538.57, 1543.20,  5664.1, 180,  GPS,   78.0, 116.50, 115.60, 134.750, 121.500, -0.001, -6.924,  19.40, -41.0,   33.5,   78.1,  -14.6,      1,   GPS,     VS,  -0.1,  -1.3, -531.5, 3DDiff, 3704,      ,     12,  13.5,     17
2018-08-27, 17:45:50,  -04:00,   KPSM,   42.8309402,  -71.5050812,  5517.7, 30.00,  5748.5,  18.2, 159.16, 183.75, -513.85,  -1.21,   0.05,   0.00,   0.00,  72.0,  78.2,  27.7,  28.8,   1.6,  21.35,  23.00,    16.33,  183.24,   53.65,  30.44, 2486.3,    0.75,  322.14,  350.96,  355.20,  334.36,  338.89,  335.06, 1459.14, 1514.53, 1489.60, 1465.82, 1468.38, 1465.08, 1538.88, 1544.41,  5656.1, 180,  GPS,   78.0, 116.50, 115.60, 134.750, 121.500, -0.001, -6.923,  19.36, -41.0,   33.5,   78.1,  -14.6,      1,   GPS,     VS,  -0.1,  -1.2, -527.6, 3DDiff, 3704,      ,     12,  13.5,     17
2018-08-27, 17:45:51,  -04:00,   KPSM,   42.8313103,  -71.5040512,  5510.7, 30.00,  5740.8,  18.2, 159.54, 183.67, -492.10,  -1.25,  -0.05,   0.00,   0.00,  71.9,  78.3,  27.7,  28.8,   1.6,  21.32,  23.03,    16.38,  183.23,   53.51,  30.47, 2485.3,    0.76,  322.10,  350.84,  355.17,  334.32,  338.82,  335.03, 1458.42, 1513.79, 1489.67, 1465.49, 1469.24, 1465.10, 1538.30, 1544.23,  5648.4, 180,  GPS,   78.0, 116.50, 115.60, 134.750, 121.500, -0.001, -6.921,  19.32, -40.9,   33.4,   78.1,  -14.6,      1,   GPS,     VS,  -0.1,  -1.2, -511.8, 3DDiff, 3704,      ,     12,  13.5,     16
2018-08-27, 17:45:52,  -04:00,   KPSM,   42.8316917,  -71.5030136,  5502.7, 30.00,  5733.0,  18.2, 159.45, 183.56, -472.57,  -1.42,  -0.41,   0.01,  -0.00,  72.0,  78.3,  27.7,  28.8,   1.6,  21.32,  23.03,    16.35,  183.25,   53.52,  30.45, 2484.0,    0.76,  322.09,  350.74,  355.20,  334.29,  338.81,  334.97, 1458.11, 1513.36, 1489.80, 1464.64, 1468.14, 1465.21, 1537.63, 1543.76,  5640.6, 180,  GPS,   78.0, 116.50, 115.60, 134.750, 121.500, -0.001, -6.919,  19.30, -40.9,   33.4,   78.1,  -14.6,      1,   GPS,     VS,  -0.1,  -1.3, -507.9, 3DDiff, 3704,      ,     12,  13.5,     16
2018-08-27, 17:45:53,  -04:00,   KPSM,   42.8320656,  -71.5019760,  5493.7, 30.00,  5724.2,  18.2, 159.22, 183.48, -487.54,  -1.38,  -0.44,  -0.01,  -0.01,  72.0,  78.2,  27.7,  28.8,   1.6,  21.37,  22.98,    16.28,  183.21,   53.62,  30.47, 2486.8,    0.75,  322.05,  350.62,  355.19,  334.24,  338.72,  334.92, 1458.37, 1513.58, 1490.50, 1464.95, 1468.74, 1465.19, 1538.32, 1544.32,  5631.8, 180,  GPS,   78.0, 116.50, 115.60, 134.750, 121.500, -0.001, -6.919,  19.28, -40.9,   33.3,   78.1,  -14.6,      1,   GPS,     VS,  -0.1,  -1.4, -527.6, 3DDiff, 3704,      ,     12,  13.5,     16
2018-08-27, 17:45:54,  -04:00,   KPSM,   42.8324432,  -71.5009384,  5484.7, 30.00,  5715.3,  18.2, 159.16, 183.40, -493.19,  -1.33,  -0.33,  -0.00,  -0.00,  72.1,  78.1,  27.7,  28.8,   1.6,  21.42,  22.93,    16.27,  183.18,   53.64,  30.46, 2487.1,    0.75,  322.01,  350.52,  355.17,  334.21,  338.66,  334.86, 1457.87, 1512.39, 1490.45, 1465.08, 1469.42, 1463.94, 1537.30, 1544.30,  5622.9, 180,  GPS,   78.0, 116.50, 115.60, 134.750, 121.500, -0.001, -6.919,  19.28, -40.8,   33.3,   78.1,  -14.6,      1,   GPS,     VS,  -0.1,  -1.4, -539.4, 3DDiff, 3704,      ,     12,  13.5,     17
2018-08-27, 17:45:55,  -04:00,   KPSM,   42.8328247,  -71.4999161,  5475.7, 30.00,  5706.4,  18.2, 158.97, 183.32, -522.15,  -1.23,  -0.07,   0.00,  -0.01,  72.1,  78.1,  27.7,  28.8,   1.6,  21.45,  22.89,    16.30,  183.12,   53.78,  30.44, 2486.9,    0.75,  321.98,  350.41,  355.16,  334.16,  338.60,  334.84, 1457.06, 1512.74, 1489.81, 1464.96, 1468.91, 1463.58, 1537.38, 1543.91,  5614.0, 180,  GPS,   78.0, 116.50, 115.60, 134.750, 121.500, -0.001, -6.919,  19.27, -40.7,   33.2,   78.1,  -14.6,      1,   GPS,     VS,  -0.1,  -1.3, -539.4, 3DDiff, 3704,      ,     12,  14.0,     17
2018-08-27, 17:45:56,  -04:00,   KPSM,   42.8332024,  -71.4988785,  5467.7, 30.00,  5696.7,  18.2, 159.18, 183.25, -520.56,  -1.16,   0.00,  -0.00,   0.00,  72.0,  78.1,  27.7,  28.8,   1.6,  21.47,  22.88,    16.28,  183.06,   53.75,  30.42, 2485.0,    0.75,  321.95,  350.28,  355.16,  334.13,  338.54,  334.77, 1457.32, 1511.47, 1489.13, 1466.33, 1467.82, 1464.45, 1537.64, 1543.53,  5604.3, 180,  GPS,   78.0, 116.50, 115.60, 134.750, 121.500, -0.001, -6.918,  19.27, -40.7,   33.2,   78.1,  -14.6,      1,   GPS,     VS,  -0.1,  -1.3, -535.4, 3DDiff, 3704,      ,     12,  13.5,     17
2018-08-27, 17:45:57,  -04:00,   KPSM,   42.8335800,  -71.4978561,  5458.7, 30.00,  5687.0,  18.2, 159.39, 183.11, -529.51,  -1.11,   0.08,  -0.00,   0.01,  71.9,  78.1,  27.7,  28.8,   1.6,  21.46,  22.88,    16.29,  183.01,   53.77,  30.44, 2486.9,    0.75,  321.92,  350.19,  355.15,  334.11,  338.48,  334.73, 1458.90, 1510.98, 1489.72, 1466.84, 1467.71, 1467.08, 1538.47, 1544.55,  5594.6, 180,  GPS,   78.0, 116.50, 115.60, 134.750, 121.500, -0.001, -6.918,  19.27, -40.6,   33.1,   78.1,  -14.6,      1,   GPS,     VS,  -0.0,  -1.2, -535.4, 3DDiff, 3704,      ,     12,  13.5,     16
2018-08-27, 17:45:58,  -04:00,   KPSM,   42.8339615,  -71.4968262,  5451.7, 30.00,  5677.7,  18.2, 159.64, 182.95, -518.89,  -1.11,  -0.07,   0.00,   0.00,  72.0,  78.1,  27.7,  28.8,   1.6,  21.44,  22.89,    16.31,  182.98,   53.63,  30.46, 2486.3,    0.75,  321.90,  350.10,  355.14,  334.06,  338.44,  334.70, 1457.91, 1511.40, 1489.74, 1468.36, 1468.35, 1465.90, 1538.94, 1544.57,  5585.3, 180,  GPS,   78.0, 116.50, 115.60, 134.750, 121.500, -0.001, -6.915,  19.27, -40.6,   33.1,   78.1,  -14.6,      1,   GPS,     VS,  -0.0,  -1.1, -519.7, 3DDiff, 3704,      ,     12,  13.5,     16
2018-08-27, 17:45:59,  -04:00,   KPSM,   42.8343353,  -71.4957886,  5442.7, 30.00,  5669.2,  18.0, 159.32, 182.82, -524.22,  -1.20,  -0.07,  -0.00,   0.00,  72.1,  78.1,  27.7,  28.8,   1.6,  21.44,  22.89,    16.34,  182.93,   53.72,  30.47, 2485.0,    0.75,  321.86,  349.98,  355.14,  334.03,  338.36,  334.64, 1458.18, 1512.47, 1489.53, 1468.14, 1469.30, 1465.75, 1539.01, 1544.79,  5576.8, 180,  GPS,   78.0, 116.50, 115.60, 134.750, 121.500, -0.001, -6.915,  19.27, -40.5,   33.0,   78.1,  -14.6,      1,   GPS,     VS,  -0.0,  -1.1, -503.9, 3DDiff, 3704,      ,     12,  13.5,     16
2018-08-27, 17:46:00,  -04:00,   KPSM,   42.8347168,  -71.4947662,  5435.7, 30.00,  5660.9,  18.0, 159.89, 182.68, -503.75,  -1.27,  -0.02,  -0.00,  -0.02,  72.2,  78.1,  27.7,  28.8,   1.6,  21.45,  22.85,    16.33,  182.88,   53.77,  30.43, 2488.4,    0.75,  321.84,  349.88,  355.11,  334.02,  338.32,  334.58, 1457.53, 1512.84, 1489.26, 1466.80, 1468.87, 1466.14, 1538.30, 1543.71,  5568.4, 180,  GPS,   78.0, 116.50, 115.60, 134.750, 121.500, -0.001, -6.913,  19.28, -40.4,   33.0,   78.1,  -14.6,      1,   GPS,     VS,  -0.0,  -1.2, -492.1, 3DDiff, 3704,      ,     12,  14.0,     17
2018-08-27, 17:46:01,  -04:00,   KPSM,   42.8350945,  -71.4937439,  5427.7, 30.00,  5652.6,  18.0, 160.26, 182.57, -491.89,  -1.33,   0.26,   0.01,  -0.00,  72.2,  78.1,  27.7,  28.8,   1.6,  21.45,  22.82,    16.36,  182.85,   53.69,  30.41, 2487.6,    0.76,  321.81,  349.77,  355.11,  333.97,  338.26,  334.54, 1456.06, 1513.81, 1489.20, 1466.08, 1468.46, 1465.59, 1538.60, 1543.19,  5560.3, 181,  GPS,   78.0, 116.50, 115.60, 134.750, 121.500, -0.001, -6.912,  19.28, -40.3,   32.9,   78.1,  -14.6,      1,   GPS,     VS,  -0.0,  -1.3, -484.3, 3DDiff, 3704,      ,     12,  14.0,     17
2018-08-27, 17:46:02,  -04:00,   KPSM,   42.8354721,  -71.4927139,  5418.7, 30.00,  5645.5,  18.0, 160.21, 182.43, -512.79,  -1.24,  -0.01,   0.00,  -0.00,  72.1,  78.1,  27.7,  28.8,   1.6,  21.40,  22.86,    16.24,  182.82,   53.61,  30.44, 2487.0,    0.75,  321.77,  349.68,  355.08,  333.96,  338.15,  334.49, 1456.10, 1513.40, 1488.10, 1466.03, 1468.12, 1466.02, 1538.32, 1542.92,  5553.1, 181,  GPS,   78.0, 116.50, 115.60, 134.750, 121.500, -0.001, -6.912,  19.28, -40.2,   32.9,   78.1,  -14.6,      1,   GPS,     VS,  -0.0,  -1.3, -488.2, 3DDiff, 3704,      ,     12,  13.5,     17
2018-08-27, 17:46:03,  -04:00,   KPSM,   42.8358421,  -71.4916840,  5412.7, 30.00,  5638.0,  17.8, 160.42, 182.27, -476.38,  -1.19,  -0.14,   0.00,  -0.02,  72.2,  78.2,  27.7,  28.8,   1.6,  21.37,  22.86,    16.25,  182.82,   53.51,  30.40, 2485.4,    0.75,  321.74,  349.58,  355.08,  333.90,  338.08,  334.45, 1456.58, 1513.67, 1487.15, 1465.06, 1467.46, 1467.04, 1538.30, 1542.63,  5545.6, 181,  GPS,   78.0, 116.50, 115.60, 134.750, 121.500, -0.001, -6.909,  19.27, -40.1,   32.8,   78.1,  -14.6,      1,   GPS,     VS,  -0.0,  -1.3, -503.9, 3DDiff, 3704,      ,     12,  13.5,     16
2018-08-27, 17:46:04,  -04:00,   KPSM,   42.8362198,  -71.4906540,  5403.7, 30.00,  5630.0,  17.8, 160.35, 182.10, -479.13,  -1.19,  -0.09,  -0.00,   0.02,  72.3,  78.2,  27.7,  28.8,   1.6,  21.35,  22.85,    16.27,  182.79,   53.67,  30.37, 2486.7,    0.75,  321.71,  349.47,  355.05,  333.90,  337.99,  334.40, 1456.25, 1513.25, 1487.12, 1466.01, 1468.41, 1468.61, 1538.30, 1542.48,  5537.6, 181,  GPS,   78.0, 116.50, 115.60, 134.750, 121.500, -0.001, -6.909,  19.26, -39.9,   32.8,   78.1,  -14.6,      1,   GPS,     VS,  -0.0,  -1.2, -519.7, 3DDiff, 3704,      ,     12,  13.5,     16
2018-08-27, 17:46:05,  -04:00,   KPSM,   42.8365974,  -71.4896317,  5394.7, 30.00,  5622.0,  17.8, 159.78, 181.96, -491.99,  -1.35,  -0.09,   0.00,  -0.01,  72.3,  78.2,  27.7,  28.8,   1.6,  21.33,  22.85,    16.25,  182.76,   53.59,  30.38, 2486.6,    0.75,  321.70,  349.37,  355.02,  333.85,  337.90,  334.36, 1457.28, 1512.69, 1487.26, 1465.20, 1468.28, 1467.50, 1537.80, 1543.28,  5529.6, 180,  GPS,   78.0, 116.50, 115.60, 134.750, 121.500, -0.001, -6.908,  19.24, -39.7,   32.7,   78.1,  -14.6,      1,   GPS,     VS,  -0.1,  -1.2, -496.1, 3DDiff, 3704,      ,     12,  13.5,     16
2018-08-27, 17:46:06,  -04:00,   KPSM,   42.8369713,  -71.4886093,  5387.7, 30.00,  5614.0,  17.8, 159.56, 181.87, -487.56,  -1.42,  -0.14,   0.01,  -0.00,  72.3,  78.2,  27.7,  28.8,   1.6,  21.32,  22.86,    16.29,  182.77,   53.59,  30.36, 2486.1,    0.75,  321.65,  349.25,  355.03,  333.82,  337.81,  334.31, 1456.41, 1511.78, 1486.50, 1465.70, 1468.66, 1466.28, 1536.99, 1542.22,  5521.6, 180,  GPS,   78.0, 116.50, 115.60, 134.750, 121.500, -0.001, -6.906,  19.23, -39.5,   32.7,   78.1,  -14.6,      1,   GPS,     VS,  -0.1,  -1.3, -492.1, 3DDiff, 3704,      ,     12,  13.5,     17
2018-08-27, 17:46:07,  -04:00,   KPSM,   42.8373413,  -71.4875793,  5378.7, 30.00,  5605.9,  17.8, 159.23, 181.79, -475.24,  -1.45,  -0.12,   0.00,  -0.01,  72.3,  78.2,  27.7,  28.8,   1.6,  21.31,  22.87,    16.33,  182.76,   53.54,  30.35, 2487.2,    0.75,  321.61,  349.16,  355.02,  333.79,  337.71,  334.26, 1457.00, 1513.02, 1486.68, 1465.84, 1468.53, 1466.42, 1537.09, 1542.85,  5513.5, 179,  GPS,   78.0, 116.50, 115.60, 134.750, 121.500, -0.001, -6.906,  19.20, -39.3,   32.6,   78.1,  -14.6,      1,   GPS,     VS,  -0.1,  -1.4, -500.0, 3DDiff, 3704,      ,     12,  14.0,     17
2018-08-27, 17:46:08,  -04:00,   KPSM,   42.8377190,  -71.4865570,  5370.7, 30.00,  5596.6,  17.8, 159.17, 181.75, -486.45,  -1.49,  -0.10,  -0.00,   0.01,  72.3,  78.2,  27.7,  28.8,   1.6,  21.32,  22.86,    16.32,  182.77,   53.39,  30.36, 2486.9,    0.75,  321.56,  349.08,  355.02,  333.75,  337.62,  334.21, 1457.21, 1512.92, 1487.01, 1465.92, 1468.44, 1466.09, 1537.06, 1542.45,  5504.1, 179,  GPS,   78.0, 116.50, 115.60, 134.750, 121.500, -0.001, -6.905,  19.18, -39.1,   32.6,   78.1,  -14.6,      1,   GPS,     VS,  -0.1,  -1.4, -507.9, 3DDiff, 3704,      ,     12,  13.5,     17
2018-08-27, 17:46:09,  -04:00,   KPSM,   42.8380928,  -71.4855423,  5361.7, 30.00,  5587.5,  17.8, 158.95, 181.73, -487.76,  -1.59,  -0.15,   0.00,  -0.02,  72.3,  78.2,  27.7,  28.8,   1.6,  21.32,  22.85,    16.26,  182.79,   53.57,  30.39, 2487.6,    0.75,  321.53,  348.97,  354.99,  333.70,  337.53,  334.18, 1457.59, 1512.85, 1488.11, 1465.48, 1469.25, 1466.44, 1537.23, 1542.93,  5495.1, 179,  GPS,   78.0, 116.50, 115.60, 134.750, 121.500, -0.001, -6.905,  19.15, -38.8,   32.5,   78.1,  -14.6,      1,   GPS,     VS,  -0.1,  -1.5, -496.1, 3DDiff, 3704,      ,     12,  13.5,     16
2018-08-27, 17:46:10,  -04:00,   KPSM,   42.8384666,  -71.4845123,  5353.7, 30.00,  5578.5,  17.8, 158.97, 181.75, -484.82,  -1.63,  -0.21,   0.01,   0.02,  72.2,  78.2,  27.7,  28.8,   1.6,  21.33,  22.85,    16.24,  182.82,   53.64,  30.37, 2485.3,    0.75,  321.50,  348.85,  354.99,  333.69,  337.44,  334.12, 1457.31, 1512.90, 1486.72, 1465.06, 1468.90, 1466.71, 1537.03, 1542.50,  5486.1, 179,  GPS,   78.0, 116.50, 115.60, 134.750, 121.500, -0.001, -6.904,  19.13, -38.6,   32.5,   78.1,  -14.6,      1,   GPS,     VS,  -0.1,  -1.6, -492.1, 3DDiff, 3704,      ,     12,  13.5,     16
2018-08-27, 17:46:11,  -04:00,   KPSM,   42.8388405,  -71.4834900,  5346.7, 30.00,  5570.3,  18.0, 158.99, 181.79, -474.44,  -1.77,  -0.14,  -0.00,  -0.01,  72.2,  78.2,  27.7,  28.8,   1.6,  21.34,  22.84,    16.23,  182.83,   53.59,  30.37, 2486.2,    0.75,  321.47,  348.73,  354.96,  333.63,  337.35,  334.09, 1456.85, 1513.18, 1487.31, 1465.85, 1469.23, 1466.96, 1537.84, 1542.45,  5477.9, 179,  GPS,   78.0, 116.50, 115.60, 134.750, 121.500, -0.001, -6.902,  19.10, -38.4,   32.4,   78.1,  -14.6,      1,   GPS,     VS,  -0.1,  -1.7, -480.3, 3DDiff, 3704,      ,     12,  14.0,     17
2018-08-27, 17:46:12,  -04:00,   KPSM,   42.8392181,  -71.4824677,  5337.7, 30.00,  5561.7,  18.0, 158.85, 181.85, -483.03,  -1.78,  -0.13,   0.00,  -0.01,  72.2,  78.2,  27.7,  28.8,   1.6,  21.36,  22.82,    16.28,  182.85,   53.52,  30.40, 2481.8,    0.75,  321.43,  348.63,  354.92,  333.60,  337.26,  334.03, 1456.35, 1513.41, 1487.22, 1464.91, 1468.94, 1466.93, 1538.07, 1542.21,  5469.3, 179,  GPS,   78.0, 116.50, 115.60, 134.750, 121.500, -0.001, -6.902,  19.07, -38.3,   32.4,   78.1,  -14.6,      1,   GPS,     VS,  -0.1,  -1.7, -500.0, 3DDiff, 3704,      ,     12,  14.0,     17
2018-08-27, 17:46:13,  -04:00,   KPSM,   42.8395920,  -71.4814377,  5329.7, 30.00,  5553.0,  18.0, 158.85, 181.92, -499.62,  -1.67,  -0.11,   0.00,   0.00,  72.2,  78.1,  27.7,  28.8,   1.6,  21.37,  22.82,    16.34,  182.88,   53.75,  30.41, 2487.2,    0.75,  321.40,  348.54,  354.92,  333.57,  337.17,  333.99, 1457.45, 1514.15, 1487.53, 1466.04, 1469.36, 1468.15, 1539.23, 1543.05,  5460.6, 179,  GPS,   78.0, 116.50, 115.60, 134.750, 121.500, -0.001, -6.901,  19.05, -38.1,   32.3,   78.1,  -14.6,      1,   GPS,     VS,  -0.1,  -1.7, -511.8, 3DDiff, 3704,      ,     12,  14.0,     17
2018-08-27, 17:46:14,  -04:00,   KPSM,   42.8399696,  -71.4804153,  5321.7, 30.00,  5545.6,  18.0, 159.00, 181.98, -490.77,  -1.70,  -0.05,   0.00,  -0.01,  72.3,  78.1,  27.7,  28.8,   1.6,  21.39,  22.81,    16.31,  182.91,   53.77,  30.40, 2487.3,    0.75,  321.37,  348.45,  354.89,  333.52,  337.07,  333.94, 1458.23, 1512.89, 1488.13, 1467.58, 1469.29, 1467.01, 1538.82, 1544.17,  5453.2, 179,  GPS,   78.0, 116.50, 115.60, 134.750, 121.500, -0.001, -6.899,  19.03, -38.0,   32.3,   78.1,  -14.6,      1,   GPS,     VS,  -0.1,  -1.7, -500.0, 3DDiff, 3704,      ,     12,  14.0,     17
2018-08-27, 17:46:15,  -04:00,   KPSM,   42.8403435,  -71.4793854,  5313.7, 30.00,  5538.1,  18.0, 159.06, 182.04, -501.26,  -1.68,   0.02,  -0.00,   0.01,  72.2,  78.1,  27.7,  28.8,   1.6,  21.40,  22.80,    16.27,  182.93,   53.78,  30.38, 2487.3,    0.75,  321.32,  348.36,  354.84,  333.50,  336.98,  333.90, 1458.84, 1513.06, 1488.34, 1467.37, 1469.61, 1466.04, 1538.84, 1544.75,  5445.7, 179,  GPS,   78.0, 116.50, 115.60, 134.750, 121.500, -0.001, -6.898,  19.00, -37.9,   32.2,   78.1,  -14.6,      1,   GPS,     VS,  -0.0,  -1.7, -507.9, 3DDiff, 3704,      ,     12,  14.0,     16
2018-08-27, 17:46:16,  -04:00,   KPSM,   42.8407173,  -71.4783630,  5305.7, 30.00,  5530.4,  18.0, 159.04, 182.10, -485.41,  -1.75,   0.00,   0.00,  -0.01,  72.2,  78.1,  27.7,  28.8,   1.6,  21.40,  22.79,    16.28,  182.95,   53.76,  30.40, 2486.1,    0.75,  321.28,  348.24,  354.81,  333.45,  336.90,  333.85, 1458.76, 1513.16, 1488.53, 1467.93, 1469.92, 1466.33, 1538.63, 1544.58,  5438.0, 179,  GPS,   78.0, 116.50, 115.60, 134.750, 121.500, -0.001, -6.897,  18.98, -37.8,   32.2,   78.1,  -14.6,      1,   GPS,     VS,  -0.0,  -1.7, -496.1, 3DDiff, 3704,      ,     12,  14.0,     16
2018-08-27, 17:46:17,  -04:00,   KPSM,   42.8410912,  -71.4773331,  5298.7, 30.00,  5522.6,  18.2, 159.07, 182.18, -476.69,  -1.88,  -0.11,   0.00,  -0.00,  72.2,  78.2,  27.7,  28.8,   1.6,  21.40,  22.79,    16.30,  182.96,   53.77,  30.42, 2485.0,    0.75,  321.25,  348.17,  354.77,  333.42,  336.81,  333.84, 1458.34, 1514.35, 1488.84, 1467.87, 1470.50, 1466.20, 1539.20, 1544.18,  5430.2, 179,  GPS,   78.0, 116.50, 115.60, 134.750, 121.500, -0.001, -6.895,  18.96, -37.7,   32.1,   78.1,  -14.6,      1,   GPS,     VS,  -0.0,  -1.8, -484.3, 3DDiff, 3704,      ,     12,  14.0,     17
2018-08-27, 17:46:18,  -04:00,   KPSM,   42.8414688,  -71.4763031,  5290.7, 30.00,  5514.7,  18.2, 159.00, 182.29, -487.43,  -2.03,  -0.15,  -0.00,   0.00,  72.3,  78.1,  27.7,  28.8,   1.6,  21.41,  22.78,    16.42,  182.98,   53.78,  30.41, 2486.4,    0.76,  321.19,  348.06,  354.77,  333.39,  336.74,  333.78, 1459.50, 1515.09, 1488.52, 1467.01, 1469.82, 1467.44, 1539.39, 1544.79,  5422.3, 179,  GPS,   78.0, 116.50, 115.60, 134.750, 121.500, -0.001, -6.894,  18.93, -37.6,   32.1,   78.1,  -14.6,      1,   GPS,     VS,  -0.0,  -1.9, -480.3, 3DDiff, 3704,      ,     12,  14.0,     17
2018-08-27, 17:46:19,  -04:00,   KPSM,   42.8418427,  -71.4752808,  5282.7, 30.00,  5506.8,  18.2, 159.01, 182.45, -472.56,  -2.15,  -0.14,  -0.00,  -0.02,  72.4,  78.1,  27.7,  28.8,   1.6,  21.44,  22.74,    16.37,  183.00,   53.49,  30.42, 2486.0,    0.76,  321.16,  347.98,  354.74,  333.38,  336.62,  333.77, 1458.66, 1514.92, 1488.06, 1466.56, 1469.78, 1468.12, 1539.51, 1544.39,  5414.4, 179,  GPS,   78.0, 116.50, 115.60, 134.750, 121.500, -0.001, -6.893,  18.91, -37.6,   32.0,   78.1,  -14.6,      1,   GPS,     VS,  -0.0,  -2.0, -480.3, 3DDiff, 3704,      ,     12,  14.0,     17
2018-08-27, 17:46:20,  -04:00,   KPSM,   42.8422203,  -71.4742584,  5273.7, 30.00,  5497.1,  18.2, 158.94, 182.64, -481.79,  -2.10,   0.00,   0.01,  -0.01,  72.5,  78.1,  27.7,  28.8,   1.6,  21.46,  22.72,    16.35,  183.03,   53.81,  30.40, 2484.4,    0.75,  321.14,  347.90,  354.69,  333.33,  336.56,  333.72, 1458.30, 1513.90, 1487.74, 1467.10, 1469.17, 1468.32, 1539.48, 1543.80,  5405.0, 179,  GPS,   78.0, 116.50, 115.60, 134.750, 121.500, -0.001, -6.893,  18.85, -37.6,   32.0,   78.1,  -14.6,      1,   GPS,     VS,  -0.0,  -2.1, -500.0, 3DDiff, 3704,      ,     12,  14.0,     17
2018-08-27, 17:46:21,  -04:00,   KPSM,   42.8426056,  -71.4732208,  5266.7, 30.00,  5487.9,  18.2, 159.27, 182.84, -490.22,  -2.02,   0.09,   0.00,  -0.01,  72.3,  78.1,  27.7,  28.8,   1.6,  21.46,  22.73,    16.22,  183.02,   53.68,  30.41, 2485.4,    0.75,  321.10,  347.81,  354.71,  333.30,  336.49,  333.69, 1457.92, 1513.33, 1488.26, 1467.12, 1468.75, 1467.01, 1538.50, 1543.79,  5395.8, 179,  GPS,   78.0, 116.50, 115.60, 134.750, 121.500, -0.001, -6.891,  18.85, -37.6,   31.9,   78.1,  -14.6,      1,   GPS,     VS,  -0.0,  -2.1, -500.0, 3DDiff, 3704,      ,     12,  14.0,     16
2018-08-27, 17:46:22,  -04:00,   KPSM,   42.8429794,  -71.4721909,  5258.7, 30.00,  5478.6,  18.5, 159.93, 182.97, -515.38,  -1.92,   0.08,   0.00,   0.00,  72.3,  78.1,  27.7,  28.8,   1.6,  21.43,  22.76,    16.34,  183.01,   53.59,  30.47, 2485.8,    0.75,  321.05,  347.73,  354.71,  333.29,  336.40,  333.68, 1458.02, 1514.52, 1489.03, 1467.93, 1468.83, 1468.65, 1539.67, 1544.63,  5386.5, 180,  GPS,   78.0, 116.50, 115.60, 134.750, 121.500, -0.001, -6.889,  18.82, -37.6,   31.9,   78.1,  -14.6,      1,   GPS,     VS,  -0.0,  -2.0, -500.0, 3DDiff, 3704,      ,     12,  14.0,     16
2018-08-27, 17:46:23,  -04:00,   KPSM,   42.8433571,  -71.4711609,  5251.7, 30.00,  5470.1,  18.5, 160.55, 183.07, -500.32,  -1.82,   0.00,   0.00,  -0.00,  72.2,  78.2,  27.7,  28.8,   1.6,  21.40,  22.78,    16.33,  183.01,   53.70,  30.45, 2486.1,    0.75,  321.01,  347.66,  354.68,  333.29,  336.31,  333.66, 1457.75, 1515.39, 1488.75, 1468.66, 1469.90, 1468.99, 1539.66, 1544.80,  5378.0, 181,  GPS,   78.0, 116.50, 115.60, 134.750, 121.500, -0.001, -6.887,  18.78, -37.7,   31.8,   78.1,  -14.6,      1,   GPS,     VS,  -0.0,  -2.0, -500.0, 3DDiff, 3704,      ,     12,  14.0,     16
2018-08-27, 17:46:24,  -04:00,   KPSM,   42.8437347,  -71.4701309,  5244.7, 30.00,  5461.6,  18.5, 161.25, 183.11, -491.21,  -1.80,  -0.24,   0.01,  -0.01,  72.4,  78.2,  27.7,  28.8,   1.6,  21.37,  22.79,    16.37,  182.98,   53.54,  30.43, 2487.1,    0.76,  320.98,  347.57,  354.71,  333.24,  336.25,  333.65, 1458.00, 1515.65, 1488.89, 1468.37, 1470.77, 1469.56, 1539.91, 1544.88,  5369.5, 181,  GPS,   78.0, 116.50, 115.60, 134.750, 121.500, -0.001, -6.885,  18.76, -37.7,   31.8,   78.1,  -14.6,      1,   GPS,     VS,  -0.0,  -1.9, -496.1, 3DDiff, 3704,      ,     12,  14.0,     17
2018-08-27, 17:46:25,  -04:00,   KPSM,   42.8441124,  -71.4691010,  5236.7, 30.00,  5452.9,  18.5, 160.95, 183.09, -470.26,  -1.74,  -0.22,   0.00,   0.00,  72.3,  78.0,  27.7,  28.8,   1.6,  21.38,  22.78,    16.29,  182.95,   53.64,  30.42, 2487.7,    0.75,  320.95,  347.50,  354.71,  333.21,  336.17,  333.63, 1458.53, 1516.31, 1489.01, 1468.47, 1469.38, 1469.32, 1540.20, 1544.36,  5360.8, 181,  GPS,   78.0, 116.50, 115.60, 134.750, 121.500, -0.001, -6.884,  18.73, -37.7,   31.7,   78.1,  -14.6,      1,   GPS,     VS,  -0.1,  -1.8, -507.9, 3DDiff, 3704,      ,     12,  14.0,     17
2018-08-27, 17:46:26,  -04:00,   KPSM,   42.8444901,  -71.4680710,  5228.7, 30.00,  5444.8,  18.5, 160.29, 183.09, -475.04,  -1.66,  -0.14,  -0.01,  -0.00,  72.2,  78.1,  27.7,  28.8,   1.6,  21.39,  22.77,    16.29,  182.91,   53.63,  30.41, 2486.8,    0.75,  320.89,  347.43,  354.68,  333.17,  336.11,  333.58, 1459.56, 1515.38, 1489.51, 1468.09, 1470.36, 1469.54, 1539.59, 1545.65,  5352.7, 180,  GPS,   78.0, 116.50, 115.60, 134.750, 121.500, -0.001, -6.883,  18.71, -37.7,   31.7,   78.1,  -14.6,      1,   GPS,     VS,  -0.1,  -1.8, -535.4, 3DDiff, 3704,      ,     12,  14.0,     17
2018-08-27, 17:46:27,  -04:00,   KPSM,   42.8448677,  -71.4670334,  5220.7, 30.00,  5436.8,  18.5, 160.78, 183.07, -481.99,  -1.66,  -0.02,   0.00,  -0.00,  72.2,  78.1,  27.7,  28.8,   1.6,  21.39,  22.74,    16.31,  182.84,   53.78,  30.40, 2487.0,    0.75,  320.86,  347.35,  354.69,  333.15,  336.04,  333.57, 1460.20, 1514.52, 1489.40, 1467.87, 1469.40, 1469.66, 1539.44, 1545.18,  5344.7, 181,  GPS,   78.0, 116.50, 115.60, 134.750, 121.500, -0.001, -6.882,  18.70, -37.7,   31.6,   78.1,  -14.6,      1,   GPS,     VS,  -0.0,  -1.7, -531.5, 3DDiff, 3704,      ,     12,  14.0,     16
2018-08-27, 17:46:28,  -04:00,   KPSM,   42.8452454,  -71.4660034,  5211.7, 30.00,  5429.3,  18.5, 159.87, 183.07, -477.98,  -1.80,   0.00,   0.00,  -0.02,  72.2,  78.1,  27.7,  28.8,   1.6,  21.40,  22.73,    16.39,  182.78,   53.70,  30.38, 2486.2,    0.76,  320.83,  347.29,  354.71,  333.13,  335.98,  333.54, 1460.31, 1514.11, 1489.28, 1467.60, 1470.84, 1468.32, 1538.88, 1545.78,  5337.2, 180,  GPS,   78.0, 116.50, 115.60, 134.750, 121.500, -0.001, -6.881,  18.68, -37.7,   31.6,   78.1,  -14.6,      1,   GPS,     VS,  -0.0,  -1.7, -507.9, 3DDiff, 3704,      ,     12,  14.0,     16
2018-08-27, 17:46:29,  -04:00,   KPSM,   42.8456230,  -71.4649734,  5202.7, 30.00,  5420.1,  18.5, 159.67, 183.11, -498.45,  -1.66,  -0.21,  -0.00,  -0.00,  72.4,  78.1,  27.7,  28.8,   1.6,  21.40,  22.72,    16.25,  182.73,   53.83,  30.38, 2487.3,    0.75,  320.80,  347.23,  354.69,  333.06,  335.91,  333.48, 1460.42, 1514.19, 1489.42, 1467.20, 1471.48, 1467.70, 1538.43, 1545.65,  5328.0, 180,  GPS,   78.0, 116.50, 115.60, 134.750, 121.500, -0.001, -6.881,  18.67, -37.7,   31.5,   78.1,  -14.6,      1,   GPS,     VS,  -0.0,  -1.7, -551.2, 3DDiff, 3704,      ,     12,  14.0,     16
2018-08-27, 17:46:30,  -04:00,   KPSM,   42.8460007,  -71.4639435,  5194.7, 30.00,  5411.2,  18.5, 159.64, 183.15, -495.23,  -1.63,   0.04,  -0.00,   0.02,  72.4,  78.1,  27.7,  28.8,   1.6,  21.42,  22.70,    16.27,  182.69,   53.98,  30.37, 2487.4,    0.75,  320.76,  347.14,  354.70,  333.07,  335.84,  333.45, 1460.17, 1512.71, 1489.42, 1466.08, 1471.43, 1467.90, 1537.12, 1545.48,  5319.1, 180,  GPS,   78.0, 116.50, 115.60, 134.750, 121.500, -0.001, -6.880,  18.66, -37.7,   31.5,   78.1,  -14.6,      1,   GPS,     VS,  -0.0,  -1.7, -547.2, 3DDiff, 3704,      ,     12,  14.0,     17
2018-08-27, 17:46:31,  -04:00,   KPSM,   42.8463783,  -71.4629135,  5185.7, 30.00,  5402.6,  18.5, 159.48, 183.19, -509.31,  -1.72,   0.15,   0.00,   0.00,  72.3,  78.1,  27.7,  28.8,   1.6,  21.42,  22.70,    16.29,  182.68,   53.94,  30.36, 2486.6,    0.75,  320.73,  347.08,  354.68,  333.00,  335.74,  333.39, 1459.42, 1512.38, 1489.17, 1466.63, 1470.38, 1467.12, 1537.44, 1544.22,  5310.5, 179,  GPS,   78.0, 116.50, 115.60, 134.750, 121.500, -0.001, -6.880,  18.65, -37.7,   31.4,   78.1,  -14.6,      1,   GPS,     VS,  -0.0,  -1.7, -523.6, 3DDiff, 3704,      ,     12,  14.0,     17
2018-08-27, 17:46:32,  -04:00,   KPSM,   42.8467598,  -71.4618759,  5177.7, 30.00,  5393.5,  18.5, 159.48, 183.25, -508.29,  -1.77,   0.25,  -0.00,   0.03,  72.2,  78.1,  27.7,  28.8,   1.6,  21.40,  22.73,    16.31,  182.70,   53.70,  30.38, 2484.4,    0.75,  320.68,  347.01,  354.69,  332.99,  335.67,  333.36, 1459.42, 1513.73, 1489.11, 1467.43, 1470.42, 1466.82, 1538.21, 1543.91,  5301.4, 179,  GPS,   78.0, 116.50, 115.60, 134.750, 121.500, -0.001, -6.879,  18.63, -37.8,   31.4,   78.1,  -14.6,      1,   GPS,     VS,  -0.0,  -1.7, -507.9, 3DDiff, 3704,      ,     12,  13.5,     17
2018-08-27, 17:46:33,  -04:00,   KPSM,   42.8471413,  -71.4608383,  5170.7, 30.00,  5384.7,  18.5, 159.77, 183.34, -502.68,  -1.93,  -0.09,  -0.02,  -0.06,  72.1,  78.2,  27.7,  28.8,   1.6,  21.37,  22.76,    16.32,  182.72,   53.95,  30.41, 2487.2,    0.75,  320.65,  346.95,  354.71,  332.96,  335.61,  333.35, 1460.19, 1513.47, 1489.10, 1466.41, 1470.29, 1466.99, 1537.96, 1544.44,  5292.6, 180,  GPS,   78.0, 116.50, 115.60, 134.750, 121.500, -0.001, -6.876,  18.63, -37.8,   31.3,   78.1,  -14.6,      1,   GPS,     VS,  -0.0,  -1.8, -484.3, 3DDiff, 3704,      ,     12,  14.0,     16
2018-08-27, 17:46:34,  -04:00,   KPSM,   42.8475151,  -71.4598160,  5162.7, 30.00,  5375.5,  18.5, 159.67, 183.44, -474.19,  -1.97,  -0.27,  -0.00,  -0.02,  72.1,  78.1,  27.7,  28.8,   1.6,  21.36,  22.76,    16.36,  182.75,   53.73,  30.46, 2486.5,    0.76,  320.61,  346.86,  354.71,  332.93,  335.55,  333.30, 1459.72, 1514.95, 1489.78, 1467.25, 1470.75, 1467.42, 1539.57, 1544.80,  5283.4, 179,  GPS,   78.0, 116.50, 115.60, 134.750, 121.500, -0.001, -6.875,  18.63, -37.9,   31.3,   78.1,  -14.6,      1,   GPS,     VS,  -0.0,  -1.9, -503.9, 3DDiff, 3704,      ,     12,  14.0,     16
2018-08-27, 17:46:35,  -04:00,   KPSM,   42.8478966,  -71.4587784,  5153.7, 30.00,  5366.3,  18.5, 159.13, 183.54, -483.55,  -1.79,  -0.38,  -0.01,  -0.05,  72.1,  78.1,  27.7,  28.8,   1.6,  21.38,  22.74,    16.36,  182.75,   53.86,  30.41, 2485.8,    0.76,  320.58,  346.81,  354.70,  332.90,  335.47,  333.29, 1459.47, 1515.12, 1490.27, 1467.26, 1470.82, 1467.08, 1539.04, 1544.74,  5274.2, 179,  GPS,   78.0, 116.50, 115.60, 134.750, 121.500, -0.001, -6.875,  18.63, -38.0,   31.2,   78.1,  -14.6,      1,   GPS,     VS,  -0.0,  -1.9, -535.4, 3DDiff, 3704,      ,     12,  14.0,     16
2018-08-27, 17:46:36,  -04:00,   KPSM,   42.8482780,  -71.4577484,  5146.7, 30.00,  5356.7,  18.5, 159.24, 183.60, -472.08,  -1.64,  -0.24,  -0.03,   0.02,  73.1,  78.0,  27.7,  28.8,   1.6,  21.44,  22.66,    16.32,  182.74,   53.77,  30.42, 2482.6,    0.75,  320.55,  346.75,  354.72,  332.87,  335.41,  333.21, 1459.33, 1515.28, 1489.88, 1466.91, 1469.66, 1466.57, 1538.52, 1544.52,  5264.6, 179,  GPS,   78.0, 116.50, 115.60, 134.750, 121.500, -0.001, -6.873,  18.64, -38.1,   31.2,   78.1,  -14.6,      1,   GPS,     VS,  -0.0,  -1.7, -574.8, 3DDiff, 3704,      ,     12,  13.5,     16
2018-08-27, 17:46:37,  -04:00,   KPSM,   42.8486595,  -71.4567184,  5133.7, 30.00,  5347.9,  18.5, 157.46, 183.73, -498.22,  -1.72,   0.54,   0.01,  -0.06,  73.4,  77.9,  27.7,  28.8,   1.6,  21.57,  22.54,    16.33,  182.70,   53.53,  30.46, 2483.6,    0.75,  320.49,  346.69,  354.70,  332.82,  335.37,  333.18, 1460.37, 1514.39, 1490.27, 1466.52, 1469.04, 1464.91, 1538.04, 1544.97,  5255.8, 177,  GPS,   78.0, 116.50, 115.60, 134.750, 121.500, -0.001, -6.877,  18.64, -38.3,   31.1,   78.1,  -14.6,      1,   GPS,     VS,   0.0,  -1.7, -535.4, 3DDiff, 3704,      ,     12,  13.0,     17
2018-08-27, 17:46:38,  -04:00,   KPSM,   42.8490410,  -71.4556808,  5123.7, 30.00,  5339.2,  18.5, 157.54, 183.85, -550.20,  -1.38,   0.27,   0.01,   0.04,  73.4,  77.9,  27.7,  28.8,   1.6,  21.58,  22.47,    16.37,  182.69,   53.83,  30.49, 2485.9,    0.76,  320.47,  346.64,  354.71,  332.81,  335.34,  333.12, 1461.29, 1515.11, 1490.01, 1465.61, 1468.79, 1464.91, 1538.18, 1545.54,  5247.1, 177,  GPS,   78.0, 116.50, 115.60, 134.750, 121.500, -0.001, -6.878,  18.63, -38.5,   31.1,   78.1,  -14.6,      1,   GPS,     VS,   0.1,  -1.6, -566.9, 3DDiff, 3704,      ,     12,  13.0,     16
2018-08-27, 17:46:39,  -04:00,   KPSM,   42.8494263,  -71.4546432,  5115.7, 30.00,  5331.7,  18.5, 157.13, 184.00, -530.31,  -1.46,  -0.41,   0.02,  -0.05,  73.7,  77.9,  27.7,  28.8,   1.6,  21.58,  22.38,    16.35,  182.65,   53.74,  30.48, 2485.2,    0.76,  320.43,  346.56,  354.70,  332.75,  335.30,  333.09, 1461.86, 1515.75, 1489.39, 1465.45, 1468.89, 1463.37, 1538.29, 1545.91,  5239.6, 176,  GPS,   78.0, 116.50, 115.60, 134.750, 121.500, -0.001, -6.876,  18.58, -38.8,   31.0,   78.1,  -14.6,      1,   GPS,     VS,   0.1,  -1.5, -523.6, 3DDiff, 3704,      ,     12,  13.0,     16
2018-08-27, 17:46:40,  -04:00,   KPSM,   42.8498077,  -71.4536057,  5104.7, 30.00,  5323.2,  18.5, 156.54, 184.10, -537.72,  -1.37,   0.00,  -0.00,  -0.00,  73.8,  77.9,  27.7,  28.8,   1.6,  21.53,  22.33,    16.25,  182.57,   53.88,  30.46, 2485.2,    0.75,  320.40,  346.50,  354.71,  332.72,  335.30,  333.05, 1460.42, 1516.15, 1489.01, 1465.65, 1469.32, 1463.98, 1538.35, 1545.01,  5231.1, 175,  GPS,   78.0, 116.50, 115.60, 134.750, 121.500, -0.001, -6.878,  18.52, -39.2,   31.0,   78.1,  -14.6,      1,   GPS,     VS,   0.1,  -1.4, -527.6, 3DDiff, 1852,      ,     12,  13.0,     16
2018-08-27, 17:46:41,  -04:00,   KPSM,   42.8501892,  -71.4525681,  5097.7, 30.00,  5314.5,  18.5, 156.70, 184.20, -520.38,  -1.30,   0.51,  -0.00,  -0.02,  74.0,  77.9,  27.7,  28.8,   1.6,  21.51,  22.32,    16.27,  182.49,   53.71,  30.47, 2485.4,    0.75,  320.34,  346.44,  354.73,  332.69,  335.30,  333.02, 1460.48, 1515.95, 1488.70, 1466.47, 1469.42, 1462.92, 1538.17, 1544.86,  5222.4, 176,  GPS,   78.0, 116.50, 115.60, 134.750, 121.500, -0.000, -6.876,  18.43, -39.7,   30.9,   78.1,  -14.6,      1,   GPS,     VS,   0.2,  -1.4, -527.6, 3DDiff, 1852,      ,     12,  13.0,     16
2018-08-27, 17:46:42,  -04:00,   KPSM,   42.8505707,  -71.4515381,  5088.7, 30.00,  5305.9,  18.5, 157.17, 184.28, -534.29,  -1.20,   0.42,   0.01,   0.00,  73.9,  78.0,  27.7,  28.8,   1.6,  21.48,  22.36,    16.25,  182.42,   53.90,  30.47, 2486.7,    0.75,  320.31,  346.37,  354.73,  332.68,  335.36,  333.01, 1459.89, 1515.38, 1488.98, 1467.10, 1468.78, 1462.83, 1538.07, 1544.63,  5213.8, 176,  GPS,   78.0, 116.50, 115.60, 134.750, 121.500, -0.000, -6.876,  18.31, -40.3,   30.9,   78.1,  -14.6,      1,   GPS,     VS,   0.2,  -1.3, -527.6, 3DDiff, 1852,      ,     12,  13.0,     16
2018-08-27, 17:46:43,  -04:00,   KPSM,   42.8509483,  -71.4505005,  5081.7, 30.00,  5297.5,  18.2, 157.81, 184.30, -523.48,  -1.13,   0.22,   0.00,   0.01,  73.8,  78.1,  27.7,  28.8,   1.6,  21.43,  22.39,    16.35,  182.31,   53.87,  30.48, 2487.7,    0.76,  320.28,  346.29,  354.71,  332.65,  335.40,  332.98, 1460.89, 1516.67, 1489.47, 1466.99, 1469.08, 1462.90, 1538.78, 1545.65,  5205.4, 177,  GPS,   78.0, 116.50, 115.60, 134.750, 121.500, -0.000, -6.873,  18.18, -41.0,   30.8,   78.1,  -14.6,      1,   GPS,     VS,   0.1,  -1.2, -511.8, 3DDiff, 1852,      ,     12,  13.0,     17
2018-08-27, 17:46:44,  -04:00,   KPSM,   42.8513298,  -71.4494629,  5073.7, 30.00,  5288.4,  18.2, 158.19, 184.28, -517.46,  -1.07,   0.05,  -0.00,   0.03,  73.5,  78.2,  27.7,  28.8,   1.6,  21.37,  22.41,    16.36,  182.25,   53.66,  30.49, 2485.5,    0.76,  320.25,  346.24,  354.68,  332.60,  335.51,  332.96, 1460.19, 1516.29, 1489.82, 1466.74, 1468.23, 1462.66, 1538.24, 1544.83,  5196.3, 177,  GPS,   78.0, 116.50, 115.60, 134.750, 121.500, -0.000, -6.872,  18.04, -41.7,   30.8,   78.1,  -14.6,      1,   GPS,     VS,   0.1,  -1.2, -503.9, 3DDiff, 1852,      ,     12,  13.0,     16
2018-08-27, 17:46:45,  -04:00,   KPSM,   42.8517113,  -71.4484253,  5066.7, 30.00,  5279.3,  18.2, 158.12, 184.22, -496.26,  -1.14,  -0.48,   0.02,   0.01,  73.5,  78.2,  27.7,  28.8,   1.6,  21.31,  22.43,    16.36,  182.17,   54.09,  30.51, 2484.5,    0.76,  320.22,  346.17,  354.68,  332.57,  335.61,  332.95, 1458.76, 1516.55, 1489.81, 1466.66, 1468.54, 1462.25, 1538.49, 1544.12,  5187.2, 177,  GPS,   78.0, 116.50, 115.60, 134.750, 121.500, -0.000, -6.870,  17.89, -42.4,   30.7,   78.1,  -14.6,      1,   GPS,     VS,   0.0,  -1.1, -496.1, 3DDiff, 1852,      ,     12,  13.0,     16
2018-08-27, 17:46:46,  -04:00,   KPSM,   42.8520889,  -71.4473877,  5058.7, 30.00,  5270.4,  18.0, 157.60, 184.20, -462.25,  -1.29,  -0.24,  -0.01,  -0.02,  73.5,  78.2,  27.7,  28.8,   1.6,  21.31,  22.41,    16.36,  182.09,   53.88,  30.45, 2484.6,    0.76,  320.15,  346.08,  354.68,  332.54,  335.76,  332.90, 1458.71, 1515.72, 1489.21, 1465.55, 1469.20, 1462.21, 1537.42, 1544.16,  5178.3, 176,  GPS,   78.0, 116.50, 115.60, 134.750, 121.500, -0.000, -6.869,  17.75, -43.2,   30.7,   78.1,  -14.6,      1,   GPS,     VS,  -0.0,  -1.2, -496.1, 3DDiff, 1852,      ,     12,  13.0,     16
2018-08-27, 17:46:47,  -04:00,   KPSM,   42.8524666,  -71.4463501,  5051.7, 30.00,  5261.6,  18.0, 157.66, 184.18, -448.73,  -1.24,   0.05,  -0.01,   0.00,  73.7,  78.2,  27.7,  28.8,   1.6,  21.33,  22.37,    16.33,  182.05,   53.86,  30.44, 2488.4,    0.75,  320.13,  346.02,  354.68,  332.53,  335.94,  332.87, 1459.63, 1515.76, 1488.79, 1465.91, 1468.39, 1463.27, 1537.79, 1544.27,  5169.5, 176,  GPS,   78.0, 116.50, 115.60, 134.750, 121.500, -0.001, -6.866,  17.61, -43.9,   30.6,   78.1,  -14.6,      1,   GPS,     VS,  -0.0,  -1.2, -511.8, 3DDiff, 1852,      ,     12,  13.0,     16
2018-08-27, 17:46:48,  -04:00,   KPSM,   42.8528481,  -71.4453125,  5042.7, 30.00,  5252.2,  18.0, 157.42, 184.18, -463.09,  -1.26,   0.19,   0.01,  -0.00,  73.7,  78.1,  27.7,  28.8,   1.6,  21.36,  22.35,    16.28,  182.02,   53.75,  30.41, 2484.7,    0.75,  320.10,  345.97,  354.68,  332.50,  336.14,  332.83, 1458.66, 1514.95, 1487.80, 1464.75, 1468.28, 1462.63, 1536.01, 1543.21,  5160.1, 176,  GPS,   78.0, 116.50, 115.60, 134.750, 121.500, -0.000, -6.866,  17.48, -44.7,   30.5,   78.1,  -14.6,      1,   GPS,     VS,  -0.1,  -1.2, -539.4, 3DDiff, 1852,      ,     12,  13.0,     16
2018-08-27, 17:46:49,  -04:00,   KPSM,   42.8532295,  -71.4442749,  5033.7, 30.00,  5243.5,  17.8, 157.86, 184.22, -508.76,  -1.25,  -0.26,   0.00,   0.01,  73.7,  78.2,  27.7,  28.8,   1.6,  21.37,  22.36,    16.19,  182.00,   53.92,  30.46, 2485.6,    0.75,  320.04,  345.88,  354.66,  332.47,  336.33,  332.79, 1458.85, 1516.00, 1488.81, 1465.69, 1468.72, 1462.39, 1537.18, 1544.18,  5151.4, 177,  GPS,   78.0, 116.50, 115.60, 134.750, 121.500, -0.000, -6.866,  17.35, -45.5,   30.5,   78.1,  -14.6,      1,   GPS,    ALT,  -0.0,  -1.1, -515.7, 3DDiff, 1852,      ,     12,  13.0,     17
2018-08-27, 17:46:50,  -04:00,   KPSM,   42.8536110,  -71.4432297,  5024.7, 30.00,  5236.8,  17.8, 156.80, 184.24, -506.09,  -0.90,  -0.10,  -0.00,  -0.08,  73.7,  78.1,  27.7,  28.8,   1.6,  21.41,  22.33,    16.33,  181.97,   53.84,  30.41, 2485.0,    0.75,  320.03,  345.82,  354.68,  332.44,  336.51,  332.75, 1459.72, 1515.30, 1489.38, 1465.24, 1468.37, 1462.08, 1536.67, 1544.67,  5144.7, 175,  GPS,   78.0, 116.50, 115.60, 134.750, 121.500, -0.000, -6.866,  17.23, -46.3,   30.4,   78.1,  -14.6,      1,   GPS,    ALT,  -0.0,  -0.9, -456.7, 3DDiff, 1852,      ,     12,  13.0,     16
2018-08-27, 17:46:51,  -04:00,   KPSM,   42.8539886,  -71.4421997,  5018.7, 30.00,  5230.7,  17.8, 157.14, 184.20, -465.36,  -0.53,   0.23,   0.01,   0.09,  73.7,  78.1,  27.7,  28.8,   1.6,  21.42,  22.31,    16.42,  181.95,   53.72,  30.46, 2486.8,    0.76,  319.98,  345.76,  354.66,  332.41,  336.70,  332.71, 1460.46, 1516.09, 1489.54, 1464.87, 1468.61, 1462.38, 1536.85, 1545.12,  5138.6, 176,  GPS,   78.0, 116.50, 115.60, 134.750, 121.500, -0.000, -6.863,  17.12, -47.1,   30.4,   78.1,  -14.6,      1,   GPS,    ALT,  -0.0,  -0.7, -405.5, 3DDiff, 1852,      ,     12,  13.0,     16
2018-08-27, 17:46:52,  -04:00,   KPSM,   42.8543701,  -71.4411545,  5012.7, 30.00,  5226.4,  17.5, 157.33, 184.06, -449.51,  -0.36,  -0.16,   0.02,   0.04,  73.5,  78.1,  27.7,  28.8,   1.6,  21.38,  22.34,    16.32,  181.90,   53.86,  30.41, 2485.9,    0.75,  319.95,  345.70,  354.68,  332.36,  336.83,  332.69, 1459.31, 1514.22, 1488.95, 1465.66, 1468.49, 1463.69, 1536.56, 1543.87,  5134.3, 176,  GPS,   78.0, 116.50, 115.60, 134.750, 121.500, -0.000, -6.859,  17.01, -47.9,   30.3,   78.1,  -14.6,      1,   GPS,    ALT,   0.0,  -0.4, -307.1, 3DDiff, 1852,      ,     12,  13.0,     16
2018-08-27, 17:46:53,  -04:00,   KPSM,   42.8547478,  -71.4401245,  5008.7, 30.00,  5223.0,  17.5, 156.97, 183.85, -354.54,  -0.20,  -0.33,   0.00,   0.04,  73.6,  78.1,  27.7,  28.8,   1.6,  21.38,  22.34,    16.29,  181.89,   53.93,  30.44, 2486.8,    0.75,  319.92,  345.62,  354.65,  332.35,  336.95,  332.66, 1459.68, 1512.73, 1489.14, 1465.76, 1469.05, 1463.58, 1535.87, 1544.60,  5130.9, 175,  GPS,   78.0, 116.50, 115.60, 134.750, 121.500, -0.000, -6.854,  16.91, -48.7,   30.3,   78.1,  -14.6,      1,   GPS,    ALT,   0.0,  -0.3, -224.4, 3DDiff, 1852,      ,     12,  13.0,     16
2018-08-27, 17:46:54,  -04:00,   KPSM,   42.8551254,  -71.4390869,  5003.7, 30.00,  5220.2,  17.5, 156.46, 183.60, -288.05,  -0.07,   0.23,  -0.01,   0.07,  73.6,  78.1,  27.7,  28.8,   1.6,  21.37,  22.30,    16.24,  181.85,   53.72,  30.43, 2485.8,    0.75,  319.88,  345.55,  354.65,  332.31,  337.06,  332.63, 1459.08, 1512.65, 1488.62, 1465.00, 1470.28, 1463.21, 1535.37, 1544.44,  5128.1, 175,  GPS,   78.0, 116.50, 115.60, 134.750, 121.500, -0.001, -6.850,  16.82, -49.5,   30.2,   78.1,  -14.6,      1,   GPS,    ALT,   0.0,  -0.2, -181.1, 3DDiff, 1852,      ,     12,  13.0,     16
2018-08-27, 17:46:55,  -04:00,   KPSM,   42.8555069,  -71.4380569,  5001.7, 30.00,  5218.2,  17.5, 155.88, 183.34, -225.99,  -0.04,   0.26,  -0.01,  -0.00,  73.8,  78.1,  27.7,  28.8,   1.6,  21.36,  22.27,    16.29,  181.81,   54.02,  30.44, 2485.3,    0.75,  319.83,  345.49,  354.65,  332.27,  337.13,  332.59, 1459.15, 1512.45, 1488.58, 1464.45, 1469.32, 1463.55, 1535.63, 1543.94,  5126.1, 174,  GPS,   78.0, 116.50, 115.60, 134.750, 121.500, -0.000, -6.843,  16.74, -50.3,   30.2,   78.1,  -14.6,      1,   GPS,    ALT,   0.0,  -0.0, -133.9, 3DDiff, 1852,      ,     12,  13.0,     17
2018-08-27, 17:46:56,  -04:00,   KPSM,   42.8558846,  -71.4370270,  4998.7, 30.00,  5216.2,  17.5, 155.40, 183.07, -166.51,   0.02,   0.32,   0.00,   0.03,  74.2,  78.1,  27.7,  28.8,   1.6,  21.39,  22.23,    16.27,  181.78,   53.95,  30.42, 2484.4,    0.75,  319.79,  345.43,  354.62,  332.23,  337.22,  332.56, 1460.39, 1513.47, 1488.70, 1463.79, 1468.27, 1463.02, 1535.91, 1544.57,  5124.1, 173,  GPS,   78.0, 116.50, 115.60, 134.750, 121.500, -0.000, -6.837,  16.67, -51.0,   30.1,   78.2,  -14.6,      1,   GPS,    ALT,   0.0,   0.0, -90.6, 3DDiff, 1852,      ,     12,  13.0,     16
2018-08-27, 17:46:57,  -04:00,   KPSM,   42.8562622,  -71.4359894,  4995.7, 30.00,  5215.8,  17.2, 155.03, 182.82, -147.12,   0.09,  -0.22,  -0.01,  -0.02,  74.4,  78.1,  27.7,  28.8,   1.6,  21.41,  22.22,    16.27,  181.77,   53.98,  30.45, 2484.6,    0.75,  319.76,  345.37,  354.61,  332.22,  337.25,  332.53, 1460.41, 1512.96, 1489.11, 1464.41, 1469.34, 1463.52, 1536.15, 1544.71,  5123.7, 173,  GPS,   78.0, 116.50, 115.60, 134.750, 121.500, -0.000, -6.830,  16.60, -51.8,   30.1,   78.2,  -14.6,      1,   GPS,    ALT,   0.0,   0.1, -55.1, 3DDiff, 1852,      ,     12,  13.0,     16
2018-08-27, 17:46:58,  -04:00,   KPSM,   42.8566399,  -71.4349670,  4994.7, 30.00,  5214.8,  17.2, 154.86, 182.55, -103.39,   0.22,   0.02,  -0.01,  -0.05,  74.3,  78.1,  27.7,  28.8,   1.6,  21.41,  22.19,    16.27,  181.75,   53.89,  30.46, 2485.3,    0.75,  319.71,  345.27,  354.56,  332.16,  337.31,  332.47, 1459.93, 1513.74, 1488.73, 1464.74, 1468.91, 1462.89, 1536.34, 1544.36,  5122.7, 173,  GPS,   78.0, 116.50, 115.60, 134.750, 121.500, -0.000, -6.822,  16.53, -52.6,   30.0,   78.2,  -14.6,      1,   GPS,    ALT,   0.0,   0.2, -27.6, 3DDiff, 1852,      ,     12,  13.0,     16
2018-08-27, 17:46:59,  -04:00,   KPSM,   42.8570213,  -71.4339447,  4992.7, 30.00,  5214.8,  17.2, 153.98, 182.25,  -70.44,   0.33,   0.31,   0.03,   0.02,  74.6,  78.1,  27.7,  28.8,   1.6,  21.40,  22.13,    16.31,  181.73,   54.06,  30.44, 2484.6,    0.75,  319.70,  345.19,  354.54,  332.14,  337.29,  332.44, 1460.56, 1513.34, 1489.31, 1465.13, 1468.10, 1462.61, 1536.30, 1544.26,  5122.7, 172,  GPS,   78.0, 116.50, 115.60, 134.750, 121.500, -0.000, -6.815,  16.46, -53.5,   30.0,   78.2,  -14.6,      1,   GPS,    ALT,   0.0,   0.3,   0.0, 3DDiff, 1852,      ,     12,  13.0,     17
2018-08-27, 17:47:00,  -04:00,   KPSM,   42.8573914,  -71.4329224,  4993.7, 30.00,  5215.6,  17.2, 153.58, 181.94,  -23.33,   0.41,  -0.42,   0.01,   0.00,  74.2,  78.3,  27.7,  28.8,   1.6,  21.40,  22.14,    16.33,  181.69,   54.05,  30.41, 2487.0,    0.75,  319.64,  345.13,  354.53,  332.09,  337.29,  332.38, 1460.21, 1513.00, 1489.80, 1465.82, 1467.64, 1462.98, 1536.44, 1544.08,  5123.5, 171,  GPS,   78.0, 116.50, 115.60, 134.750, 121.500, -0.000, -6.805,  16.39, -54.4,   29.9,   78.2,  -14.6,      1,   GPS,    ALT,   0.0,   0.4,  39.4, 3DDiff, 1852,      ,     12,  13.0,     17
2018-08-27, 17:47:01,  -04:00,   KPSM,   42.8577652,  -71.4318924,  4993.7, 30.00,  5216.5,  17.2, 152.98, 181.67,   14.45,   0.37,  -0.31,   0.00,   0.00,  74.0,  78.2,  27.7,  28.8,   1.6,  21.40,  22.09,    16.27,  181.66,   53.82,  30.42, 2483.8,    0.75,  319.61,  345.07,  354.49,  332.06,  337.29,  332.32, 1458.15, 1512.36, 1489.57, 1466.45, 1468.08, 1464.16, 1536.18, 1542.37,  5124.4, 170,  GPS,   78.0, 116.50, 115.60, 134.750, 121.500, -0.000, -6.796,  16.32, -55.3,   29.9,   78.2,  -14.6,      1,   GPS,    ALT,   0.0,   0.4,  55.1, 3DDiff, 1852,      ,     12,  13.0,     17
2018-08-27, 17:47:02,  -04:00,   KPSM,   42.8581352,  -71.4308701,  4993.7, 30.00,  5218.3,  17.2, 153.46, 181.38,   14.31,   0.36,   0.40,   0.01,   0.01,  74.0,  78.2,  27.7,  28.8,   1.6,  21.42,  22.03,    16.32,  181.63,   53.89,  30.44, 2485.5,    0.75,  319.56,  344.98,  354.44,  332.01,  337.26,  332.26, 1458.48, 1513.35, 1490.19, 1466.28, 1468.60, 1464.30, 1536.34, 1543.35,  5126.2, 171,  GPS,   78.0, 116.50, 115.60, 134.750, 121.500, -0.000, -6.787,  16.26, -56.2,   29.8,   78.2,  -14.6,      1,   GPS,    ALT,   0.0,   0.4,  59.1, 3DDiff, 1852,      ,     12,  13.0,     17
2018-08-27, 17:47:03,  -04:00,   KPSM,   42.8585129,  -71.4298553,  4995.7, 30.00,  5219.3,  17.0, 153.22, 181.11,   46.66,   0.26,   0.00,   0.00,  -0.00,  74.1,  78.2,  27.7,  28.8,   1.6,  21.33,  22.02,    16.21,  181.60,   53.92,  30.40, 2486.3,    0.75,  319.54,  344.91,  354.41,  331.96,  337.22,  332.22, 1458.92, 1512.41, 1489.11, 1465.49, 1468.55, 1464.01, 1535.70, 1543.01,  5127.2, 171,  GPS,   78.0, 116.50, 115.60, 134.750, 121.500, -0.000, -6.776,  16.21, -57.1,   29.8,   78.2,  -14.6,      1,   GPS,    ALT,  -0.0,   0.4,  86.6, 3DDiff, 1852,      ,     12,  13.0,     16
2018-08-27, 17:47:04,  -04:00,   KPSM,   42.8588829,  -71.4288330,  4995.7, 30.00,  5221.1,  17.0, 152.70, 180.87,   73.01,   0.13,  -0.27,  -0.01,  -0.01,  74.0,  78.2,  27.7,  28.8,   1.6,  21.32,  21.99,    16.25,  181.58,   53.79,  30.38, 2484.6,    0.75,  319.49,  344.85,  354.38,  331.92,  337.17,  332.14, 1459.11, 1511.66, 1489.05, 1465.93, 1467.75, 1462.80, 1535.58, 1543.25,  5129.0, 170,  GPS,   78.0, 116.50, 115.60, 134.750, 121.500, -0.000, -6.767,  16.17, -58.0,   29.7,   78.2,  -14.6,      1,   GPS,    ALT,  -0.0,   0.2,  94.5, 3DDiff, 1852,      ,     12,  13.0,     16
2018-08-27, 17:47:05,  -04:00,   KPSM,   42.8592529,  -71.4278183,  4997.7, 30.00,  5222.3,  17.0, 152.84, 180.66,   76.19,   0.04,  -0.07,  -0.00,   0.00,  74.2,  78.2,  27.7,  28.8,   1.6,  21.26,  22.01,    16.28,  181.54,   53.81,  30.43, 2482.5,    0.75,  319.46,  344.73,  354.34,  331.87,  337.13,  332.11, 1458.44, 1511.90, 1489.22, 1465.46, 1467.30, 1462.35, 1535.69, 1542.86,  5130.2, 170,  GPS,   78.0, 116.50, 115.60, 134.750, 121.500, -0.000, -6.756,  16.13, -58.9,   29.7,   78.2,  -14.6,      1,   GPS,    ALT,  -0.0,   0.1,  74.8, 3DDiff, 1852,      ,     12,  13.0,     16
2018-08-27, 17:47:06,  -04:00,   KPSM,   42.8596268,  -71.4267960,  4997.7, 30.00,  5223.4,  17.0, 152.42, 180.49,   71.98,  -0.03,   0.31,  -0.01,  -0.03,  74.3,  78.2,  27.7,  28.8,   1.6,  21.26,  21.97,    16.30,  181.50,   53.82,  30.42, 2486.6,    0.75,  319.43,  344.67,  354.31,  331.83,  337.07,  332.03, 1458.09, 1513.26, 1488.71, 1465.55, 1467.08, 1462.84, 1536.34, 1543.02,  5131.3, 170,  GPS,   78.0, 116.50, 115.60, 134.750, 121.500, -0.000, -6.747,  16.11, -59.7,   29.6,   78.2,  -14.6,      1,   GPS,    ALT,  -0.0,   0.0,  55.1, 3DDiff, 1852,      ,     12,  13.0,     17
2018-08-27, 17:47:07,  -04:00,   KPSM,   42.8599930,  -71.4257812,  4998.7, 30.00,  5224.1,  16.8, 152.70, 180.35,   45.54,   0.05,   0.23,  -0.01,   0.01,  74.4,  78.2,  27.7,  28.8,   1.5,  21.28,  21.94,    16.29,  181.49,   54.05,  30.40, 2486.3,    0.75,  319.40,  344.57,  354.28,  331.78,  336.99,  331.99, 1457.66, 1512.88, 1488.01, 1466.38, 1467.72, 1463.12, 1536.83, 1542.94,  5132.0, 170,  GPS,   78.0, 116.50, 115.60, 134.750, 121.500, -0.000, -6.737,  16.09, -60.5,   29.6,   78.2,  -14.6,      1,   GPS,    ALT,  -0.0,  -0.0,  43.3, 3DDiff, 1852,      ,     12,  13.0,     17
2018-08-27, 17:47:08,  -04:00,   KPSM,   42.8603668,  -71.4247742,  4998.7, 30.00,  5224.0,  16.8, 152.72, 180.21,   24.98,   0.04,   0.08,   0.01,  -0.00,  74.3,  78.2,  27.7,  28.8,   1.5,  21.26,  21.95,    16.30,  181.49,   54.11,  30.41, 2488.1,    0.75,  319.34,  344.49,  354.25,  331.74,  336.92,  331.90, 1458.52, 1513.31, 1487.48, 1465.39, 1468.80, 1461.76, 1536.31, 1543.35,  5131.9, 170,  GPS,   78.0, 116.50, 115.60, 134.750, 121.500, -0.000, -6.728,  16.07, -61.3,   29.5,   78.2,  -14.6,      1,   GPS,    ALT,  -0.0,   0.0,  43.3, 3DDiff, 1852,      ,     12,  13.0,     17
2018-08-27, 17:47:09,  -04:00,   KPSM,   42.8607368,  -71.4237442,  4998.7, 30.00,  5225.7,  16.8, 152.73, 180.06,   20.82,   0.04,   0.02,   0.00,  -0.01,  74.2,  78.4,  27.7,  28.8,   1.5,  21.25,  21.95,    16.23,  181.46,   54.21,  30.43, 2483.9,    0.75,  319.31,  344.43,  354.20,  331.69,  336.86,  331.84, 1458.75, 1511.96, 1487.53, 1465.47, 1468.42, 1462.06, 1536.08, 1543.20,  5133.6, 170,  GPS,   78.0, 116.50, 115.60, 134.750, 121.500, -0.001, -6.719,  16.05, -62.1,   29.5,   78.2,  -14.6,      1,   GPS,    ALT,  -0.0,   0.0,  47.2, 3DDiff, 1852,      ,     12,  13.0,     16
2018-08-27, 17:47:10,  -04:00,   KPSM,   42.8611031,  -71.4227371,  4999.7, 30.00,  5226.0,  16.8, 153.10, 179.88,   16.18,   0.04,  -0.08,   0.01,   0.02,  73.9,  78.3,  27.7,  28.8,   1.5,  21.20,  22.03,    16.26,  181.44,   53.89,  30.41, 2487.2,    0.75,  319.26,  344.34,  354.17,  331.65,  336.79,  331.76, 1459.23, 1512.16, 1486.70, 1466.12, 1468.54, 1463.52, 1536.64, 1543.67,  5133.9, 170,  GPS,   78.0, 116.50, 115.60, 134.750, 121.500, -0.001, -6.709,  16.04, -62.8,   29.4,   78.2,  -14.6,      1,   GPS,    ALT,  -0.1,   0.0,  43.3, 3DDiff, 1852,      ,     12,  13.0,     16
2018-08-27, 17:47:11,  -04:00,   KPSM,   42.8614731,  -71.4217224,  5001.7, 30.00,  5227.2,  16.5, 153.27, 179.73,   31.06,  -0.04,  -0.01,   0.00,  -0.00,  73.8,  78.3,  27.7,  28.8,   1.5,  21.20,  22.07,    16.31,  181.42,   53.91,  30.41, 2486.2,    0.75,  319.22,  344.27,  354.14,  331.60,  336.66,  331.69, 1459.43, 1512.50, 1486.54, 1465.87, 1468.63, 1463.51, 1536.83, 1543.93,  5135.1, 171,  GPS,   78.0, 116.50, 115.60, 134.750, 121.500, -0.001, -6.698,  16.02, -64.1,   29.4,   78.2,  -14.6,      1,   GPS,    ALT,  -0.1,  -0.0,  59.1, 3DDiff, 1852,      ,     12,  13.0,     17
2018-08-27, 17:47:12,  -04:00,   KPSM,   42.8618431,  -71.4207077,  5002.7, 30.00,  5228.0,  16.5, 153.50, 179.57,   38.73,  -0.15,  -0.10,   0.00,   0.02,  73.7,  78.5,  27.7,  28.8,   1.5,  21.20,  22.11,    16.24,  181.40,   53.89,  30.39, 2487.0,    0.75,  319.16,  344.18,  354.11,  331.55,  336.59,  331.62, 1459.46, 1511.51, 1487.68, 1465.41, 1468.13, 1463.74, 1536.56, 1544.37,  5135.9, 171,  GPS,   78.0, 116.50, 115.60, 134.750, 121.500, -0.001, -6.688,  16.02, -64.1,   29.3,   78.2,  -14.6,      1,   GPS,    ALT,  -0.1,  -0.1,  51.2, 3DDiff, 1852,      ,     12,  13.0,     17
2018-08-27, 17:47:13,  -04:00,   KPSM,   42.8622093,  -71.4196930,  5002.7, 30.00,  5228.6,  16.5, 153.91, 179.42,   18.90,  -0.26,  -0.04,  -0.00,  -0.04,  73.6,  78.4,  27.7,  28.8,   1.5,  21.19,  22.15,    16.29,  181.38,   54.04,  30.42, 2486.5,    0.75,  319.13,  344.12,  354.07,  331.48,  336.50,  331.56, 1458.59, 1511.19, 1488.33, 1466.07, 1468.48, 1463.80, 1537.31, 1544.11,  5136.5, 171,  GPS,   78.0, 116.50, 115.60, 134.750, 121.500, -0.001, -6.679,  16.02, -64.5,   29.3,   78.2,  -14.6,      1,   GPS,    ALT,  -0.1,  -0.2,  39.4, 3DDiff, 1852,      ,     12,  13.0,     17
2018-08-27, 17:47:14,  -04:00,   KPSM,   42.8625755,  -71.4186859,  5003.7, 30.00,  5229.6,  16.5, 153.52, 179.28,   12.64,  -0.19,  -0.10,   0.01,   0.01,  73.4,  78.4,  27.7,  28.8,   1.5,  21.19,  22.16,    16.28,  181.35,   53.99,  30.39, 2486.2,    0.75,  319.10,  344.05,  354.04,  331.47,  336.40,  331.50, 1457.55, 1511.33, 1487.02, 1466.36, 1469.02, 1462.60, 1536.87, 1543.30,  5137.5, 171,  GPS,   78.0, 116.50, 115.60, 134.750, 121.500, -0.001, -6.669,  16.03, -64.9,   29.2,   78.2,  -14.6,      1,   GPS,    ALT,  -0.2,  -0.2,  11.8, 3DDiff, 1852,      ,     12,  13.0,     17
2018-08-27, 17:47:15,  -04:00,   KPSM,   42.8629417,  -71.4176712,  5005.7, 30.00,  5229.1,  16.5, 154.68, 179.13,   12.80,  -0.21,  -0.31,   0.01,  -0.01,  73.2,  78.4,  27.7,  28.8,   1.5,  21.14,  22.23,    16.26,  181.33,   54.04,  30.39, 2486.9,    0.75,  319.06,  343.97,  353.99,  331.41,  336.31,  331.41, 1456.93, 1510.55, 1487.31, 1466.21, 1468.95, 1463.22, 1536.17, 1543.14,  5137.1, 172,  GPS,   78.0, 116.50, 115.60, 134.750, 121.500, -0.001, -6.658,  16.04, -65.2,   29.2,   78.2,  -14.6,      1,   GPS,    ALT,  -0.2,  -0.2,  19.7, 3DDiff, 1852,      ,     12,  13.0,     16
2018-08-27, 17:47:16,  -04:00,   KPSM,   42.8633080,  -71.4166565,  5006.7, 30.00,  5229.7,  16.5, 155.32, 178.91,    5.46,  -0.26,  -0.30,   0.00,   0.03,  72.7,  78.6,  27.7,  28.8,   1.5,  21.12,  22.28,    16.23,  181.31,   54.15,  30.39, 2487.2,    0.75,  319.00,  343.90,  353.98,  331.38,  336.20,  331.38, 1457.53, 1510.17, 1488.45, 1464.74, 1468.27, 1463.19, 1535.36, 1543.76,  5137.6, 173,  GPS,   78.0, 116.50, 115.60, 134.750, 121.500, -0.002, -6.648,  16.06, -65.3,   29.1,   78.2,  -14.6,      1,   GPS,    ALT,  -0.2,  -0.3,  15.7, 3DDiff, 1852,      ,     12,  13.0,     16
2018-08-27, 17:47:17,  -04:00,   KPSM,   42.8636703,  -71.4156494,  5008.7, 30.00,  5230.1,  16.2, 156.58, 178.70,   -0.64,  -0.41,  -0.52,   0.00,  -0.04,  72.6,  78.5,  27.7,  28.8,   1.5,  21.11,  22.33,    16.28,  181.31,   53.75,  30.34, 2489.5,    0.75,  318.97,  343.84,  353.92,  331.32,  336.10,  331.29, 1456.93, 1509.67, 1488.15, 1464.24, 1467.53, 1462.72, 1534.59, 1543.27,  5138.0, 175,  GPS,   78.0, 116.50, 115.60, 134.750, 121.500, -0.002, -6.637,  16.08, -65.3,   29.1,   78.2,  -14.6,      1,   GPS,    ALT,  -0.2,  -0.3,  23.6, 3DDiff, 1852,      ,     12,  13.0,     17
2018-08-27, 17:47:18,  -04:00,   KPSM,   42.8640327,  -71.4146423,  5008.7, 30.00,  5229.5,  16.2, 155.84, 178.43,  -10.80,  -0.33,  -0.53,   0.00,   0.01,  72.4,  78.4,  27.7,  28.8,   1.5,  21.10,  22.34,    16.31,  181.30,   53.88,  30.35, 2487.3,    0.75,  318.92,  343.78,  353.88,  331.29,  336.01,  331.26, 1456.93, 1509.99, 1487.53, 1465.46, 1467.48, 1463.42, 1535.41, 1543.11,  5137.4, 174,  GPS,   78.0, 116.50, 115.60, 134.750, 121.500, -0.002, -6.628,  16.12, -65.1,   29.0,   78.2,  -14.6,      1,   GPS,    ALT,  -0.3,  -0.4, -27.6, 3DDiff, 1852,      ,     12,  13.0,     17
2018-08-27, 17:47:19,  -04:00,   KPSM,   42.8643990,  -71.4136353,  5007.7, 30.00,  5229.0,  16.2, 155.67, 178.23,   -2.35,  -0.42,  -0.48,  -0.00,  -0.03,  72.2,  78.4,  27.7,  28.8,   1.5,  21.12,  22.36,    16.27,  181.32,   54.06,  30.32, 2486.8,    0.75,  318.88,  343.72,  353.85,  331.23,  335.91,  331.17, 1456.44, 1509.24, 1487.33, 1464.69, 1466.88, 1462.93, 1534.80, 1542.32,  5136.9, 174,  GPS,   78.0, 116.50, 115.60, 134.750, 121.500, -0.002, -6.620,  16.16, -64.8,   29.0,   78.2,  -14.6,      1,   GPS,    ALT,  -0.3,  -0.4, -31.5, 3DDiff, 1852,      ,     12,  13.0,     17
2018-08-27, 17:47:20,  -04:00,   KPSM,   42.8647690,  -71.4126358,  5006.7, 30.00,  5226.9,  16.2, 155.09, 178.04,   -0.50,  -0.42,  -0.37,  -0.00,  -0.03,  72.1,  78.2,  27.7,  28.8,   1.5,  21.15,  22.34,    16.26,  181.34,   53.93,  30.31, 2486.5,    0.75,  318.85,  343.66,  353.79,  331.22,  335.80,  331.13, 1457.84, 1509.51, 1487.29, 1463.76, 1467.99, 1462.28, 1534.42, 1543.77,  5135.1, 173,  GPS,   78.0, 116.50, 115.60, 134.750, 121.500, -0.002, -6.612,  16.21, -64.2,   28.9,   78.2,  -14.6,      1,   GPS,    ALT,  -0.3,  -0.4, -55.1, 3DDiff, 1852,      ,     12,  13.0,     17
2018-08-27, 17:47:21,  -04:00,   KPSM,   42.8651276,  -71.4116287,  5004.7, 30.00,  5226.0,  16.5, 155.04, 177.86,  -37.73,  -0.20,  -0.31,  -0.00,   0.01,  72.1,  78.3,  27.7,  28.8,   1.5,  21.20,  22.32,    16.23,  181.38,   53.97,  30.29, 2489.6,    0.75,  318.79,  343.60,  353.76,  331.14,  335.73,  331.07, 1458.47, 1509.44, 1488.03, 1462.69, 1468.70, 1461.41, 1534.20, 1543.69,  5134.2, 173,  GPS,   78.0, 116.50, 115.60, 134.750, 121.500, -0.003, -6.605,  16.27, -63.6,   28.9,   78.2,  -14.6,      1,   GPS,    ALT,  -0.2,  -0.3, -102.4, 3DDiff, 1852,      ,     12,  13.0,     16
2018-08-27, 17:47:22,  -04:00,   KPSM,   42.8654938,  -71.4106293,  5002.7, 30.00,  5223.9,  16.5, 154.46, 177.69,  -57.25,  -0.14,  -0.31,  -0.00,   0.00,  72.0,  78.3,  27.7,  28.8,   1.5,  21.24,  22.31,    16.28,  181.43,   53.93,  30.29, 2485.8,    0.75,  318.76,  343.54,  353.71,  331.13,  335.64,  331.01, 1457.62, 1511.95, 1488.80, 1463.53, 1468.42, 1462.12, 1535.97, 1543.61,  5132.1, 172,  GPS,   78.0, 116.50, 115.60, 134.750, 121.500, -0.003, -6.598,  16.34, -62.8,   28.8,   78.2,  -14.6,      1,   GPS,    ALT,  -0.2,  -0.2, -94.5, 3DDiff, 1852,      ,     12,  13.0,     16
2018-08-27, 17:47:23,  -04:00,   KPSM,   42.8658562,  -71.4096298,  4999.7, 30.00,  5222.9,  16.5, 153.92, 177.51,  -77.39,  -0.15,  -0.19,  -0.00,   0.01,  71.9,  78.2,  27.7,  28.8,   1.5,  21.29,  22.29,    16.21,  181.49,   53.64,  30.30, 2482.3,    0.75,  318.70,  343.48,  353.67,  331.10,  335.53,  330.96, 1457.16, 1512.03, 1489.00, 1463.45, 1467.94, 1462.58, 1535.39, 1542.78,  5131.1, 171,  GPS,   78.0, 116.50, 115.60, 134.750, 121.500, -0.003, -6.592,  16.54, -61.1,   28.8,   78.2,  -14.6,      1,   GPS,    ALT,  -0.2,  -0.1, -66.9, 3DDiff, 1852,      ,     12,  13.0,     17
2018-08-27, 17:47:24,  -04:00,   KPSM,   42.8662224,  -71.4086304,  4999.7, 30.00,  5221.9,  16.8, 154.03, 177.34,  -71.80,  -0.05,  -0.15,  -0.01,  -0.00,  71.9,  78.2,  27.7,  28.8,   1.5,  21.34,  22.27,    16.28,  181.57,   53.77,  30.32, 2487.1,    0.75,  318.67,  343.45,  353.64,  331.08,  335.43,  330.90, 1457.41, 1512.21, 1488.38, 1463.39, 1468.81, 1463.36, 1534.95, 1543.15,  5130.1, 172,  GPS,   78.0, 116.50, 115.60, 134.750, 121.500, -0.003, -6.583,  16.54, -61.1,   28.7,   78.2,  -14.6,      1,   GPS,    ALT,  -0.2,  -0.1, -59.1, 3DDiff, 1852,      ,     12,  13.0,     17
2018-08-27, 17:47:25,  -04:00,   KPSM,   42.8665886,  -71.4076309,  4998.7, 30.00,  5221.3,  16.8, 154.01, 177.12,  -57.64,   0.03,  -0.20,  -0.01,  -0.01,  71.8,  78.2,  27.7,  28.8,   1.5,  21.38,  22.26,    16.31,  181.64,   54.03,  30.32, 2486.7,    0.75,  318.61,  343.42,  353.61,  331.04,  335.36,  330.89, 1457.43, 1511.96, 1489.29, 1463.33, 1468.98, 1462.55, 1534.90, 1542.94,  5129.5, 172,  GPS,   78.0, 116.50, 115.60, 134.750, 121.500, -0.003, -6.576,  16.65, -60.2,   28.7,   78.2,  -14.6,      1,   GPS,    ALT,  -0.1,  -0.0, -39.4, 3DDiff, 1852,      ,     12,  13.0,     18
2018-08-27, 17:47:26,  -04:00,   KPSM,   42.8669472,  -71.4066391,  4998.7, 30.00,  5221.5,  16.8, 154.18, 176.89,  -66.81,   0.13,  -0.11,  -0.00,   0.01,  71.9,  78.2,  27.7,  28.8,   1.5,  21.42,  22.24,    16.28,  181.73,   54.03,  30.35, 2487.8,    0.75,  318.60,  343.38,  353.60,  331.00,  335.22,  330.88, 1457.66, 1510.74, 1489.84, 1464.60, 1469.60, 1462.82, 1535.03, 1543.35,  5129.7, 172,  GPS,   78.0, 116.50, 115.60, 134.750, 121.500, -0.003, -6.567,  16.78, -59.3,   28.6,   78.2,  -14.6,      1,   GPS,    ALT,  -0.1,   0.1, -31.5, 3DDiff, 1852,      ,     12,  13.0,     17
2018-08-27, 17:47:27,  -04:00,   KPSM,   42.8673210,  -71.4056396,  4998.7, 30.00,  5220.6,  17.0, 153.87, 176.64,  -38.99,   0.20,  -0.14,  -0.01,   0.01,  71.8,  78.2,  27.7,  28.8,   1.5,  21.46,  22.23,    16.27,  181.83,   53.87,  30.36, 2486.7,    0.75,  318.55,  343.32,  353.58,  330.98,  335.13,  330.83, 1457.03, 1510.88, 1489.90, 1465.32, 1470.30, 1462.91, 1535.86, 1543.24,  5128.8, 172,  GPS,   78.0, 116.50, 115.60, 134.750, 121.500, -0.003, -6.558,  16.92, -58.4,   28.6,   78.2,  -14.6,      1,   GPS,    ALT,  -0.1,   0.2, -11.8, 3DDiff, 1852,      ,     12,  13.0,     16
2018-08-27, 17:47:28,  -04:00,   KPSM,   42.8676834,  -71.4046402,  4998.7, 30.00,  5221.4,  17.0, 153.66, 176.36,   -6.93,   0.12,  -0.14,  -0.00,   0.00,  71.9,  78.2,  27.7,  28.8,   1.5,  21.50,  22.21,    16.15,  181.88,   53.75,  30.35, 2485.6,    0.75,  318.52,  343.29,  353.58,  330.93,  335.03,  330.80, 1457.16, 1512.30, 1489.18, 1464.44, 1469.41, 1462.85, 1535.86, 1542.64,  5129.6, 171,  GPS,   78.0, 116.50, 115.60, 134.750, 121.500, -0.003, -6.549,  17.07, -57.5,   28.5,   78.2,  -14.6,      1,   GPS,    ALT,  -0.1,   0.2,  11.8, 3DDiff, 1852,      ,     12,  13.0,     16
2018-08-27, 17:47:29,  -04:00,   KPSM,   42.8680420,  -71.4036484,  4997.7, 30.00,  5221.7,  17.2, 153.65, 176.13,  -17.93,   0.04,  -0.10,   0.00,  -0.00,  71.9,  78.1,  27.7,  28.8,   1.5,  21.54,  22.21,    16.13,  181.95,   53.79,  30.37, 2485.3,    0.74,  318.49,  343.24,  353.53,  330.92,  334.95,  330.78, 1459.20, 1512.52, 1489.52, 1465.39, 1470.70, 1463.17, 1536.69, 1544.06,  5129.9, 171,  GPS,   78.0, 116.50, 115.60, 134.750, 121.500, -0.003, -6.541,  17.22, -56.5,   28.5,   78.2,  -14.6,      1,   GPS,    ALT,  -0.1,   0.1,  19.7, 3DDiff, 1852,      ,     12,  13.0,     17
2018-08-27, 17:47:30,  -04:00,   KPSM,   42.8684044,  -71.4026642,  4998.7, 30.00,  5222.4,  17.2, 153.93, 175.90,  -19.13,   0.00,  -0.07,   0.00,   0.01,  72.0,  78.1,  27.7,  28.8,   1.5,  21.56,  22.20,    16.20,  182.01,   54.03,  30.38, 2485.9,    0.75,  318.43,  343.23,  353.54,  330.89,  334.88,  330.77, 1459.18, 1512.04, 1489.76, 1463.95, 1470.37, 1461.52, 1535.65, 1544.00,  5130.6, 172,  GPS,   78.0, 116.50, 115.60, 134.750, 121.500, -0.003, -6.531,  17.53, -54.7,   28.4,   78.2,  -14.6,      1,   GPS,    ALT,  -0.1,   0.1,  31.5, 3DDiff, 1852,      ,     12,  13.0,     17
2018-08-27, 17:47:31,  -04:00,   KPSM,   42.8687706,  -71.4016724,  5000.7, 30.00,  5223.3,  17.5, 154.21, 175.68,   21.39,  -0.10,   0.04,  -0.01,  -0.01,  72.1,  78.1,  27.7,  28.8,   1.5,  21.58,  22.21,    16.26,  182.04,   54.20,  30.35, 2486.9,    0.75,  318.40,  343.17,  353.51,  330.89,  334.79,  330.74, 1459.58, 1512.26, 1489.36, 1463.75, 1469.00, 1462.12, 1535.63, 1543.72,  5131.5, 172,  GPS,   78.0, 116.50, 115.60, 134.750, 121.500, -0.002, -6.521,  17.53, -54.7,   28.4,   78.2,  -14.6,      1,   GPS,    ALT,  -0.0,  -0.0,  51.2, 3DDiff, 1852,      ,     12,  13.0,     17
2018-08-27, 17:47:32,  -04:00,   KPSM,   42.8691330,  -71.4006805,  5001.7, 30.00,  5223.2,  17.5, 154.40, 175.49,   35.31,  -0.20,   0.00,   0.00,  -0.00,  72.2,  78.2,  27.7,  28.8,   1.5,  21.59,  22.21,    16.32,  182.07,   53.84,  30.34, 2486.7,    0.75,  318.37,  343.14,  353.51,  330.89,  334.70,  330.74, 1459.29, 1513.15, 1489.08, 1462.84, 1469.40, 1462.56, 1535.58, 1543.88,  5131.4, 172,  GPS,   78.0, 116.50, 115.60, 134.750, 121.500, -0.003, -6.511,  17.68, -53.9,   28.4,   78.2,  -14.6,      1,   GPS,    ALT,  -0.0,  -0.1,  47.2, 3DDiff, 1852,      ,     12,  13.0,     17
2018-08-27, 17:47:33,  -04:00,   KPSM,   42.8694916,  -71.3996887,  5001.7, 30.00,  5224.6,  17.5, 154.46, 175.32,   18.49,  -0.23,   0.01,   0.00,  -0.00,  72.4,  78.2,  27.7,  28.8,   1.5,  21.61,  22.20,    16.27,  182.07,   53.79,  30.41, 2487.3,    0.75,  318.34,  343.11,  353.50,  330.88,  334.66,  330.71, 1460.14, 1512.15, 1489.04, 1463.41, 1469.62, 1461.89, 1535.23, 1544.65,  5132.8, 172,  GPS,   78.0, 116.50, 115.60, 134.750, 121.500, -0.003, -6.502,  17.81, -53.0,   28.3,   78.2,  -14.6,      1,   GPS,    ALT,  -0.0,  -0.2,  31.5, 3DDiff, 1852,      ,     12,  13.0,     16
2018-08-27, 17:47:34,  -04:00,   KPSM,   42.8698502,  -71.3987045,  5001.7, 30.00,  5224.3,  17.8, 154.27, 175.16,   19.22,  -0.24,  -0.04,   0.01,   0.00,  72.4,  78.2,  27.7,  28.8,   1.5,  21.62,  22.21,    16.33,  182.06,   53.58,  30.41, 2486.1,    0.75,  318.31,  343.08,  353.49,  330.89,  334.57,  330.71, 1459.50, 1512.67, 1489.04, 1464.97, 1470.24, 1462.25, 1535.87, 1545.01,  5132.5, 172,  GPS,   78.0, 116.50, 115.60, 134.750, 121.500, -0.003, -6.493,  17.94, -52.1,   28.3,   78.2,  -14.6,      1,   GPS,    ALT,  -0.1,  -0.2,  27.6, 3DDiff, 1852,      ,     12,  13.0,     16
2018-08-27, 17:47:35,  -04:00,   KPSM,   42.8702126,  -71.3977203,  5001.7, 30.00,  5224.7,  17.8, 154.56, 175.00,    8.06,  -0.21,   0.15,  -0.01,   0.00,  72.5,  78.2,  27.7,  28.8,   1.5,  21.61,  22.23,    16.36,  182.06,   53.83,  30.41, 2488.4,    0.76,  318.28,  343.05,  353.51,  330.89,  334.51,  330.71, 1459.66, 1513.61, 1488.68, 1464.87, 1469.50, 1462.79, 1536.71, 1544.65,  5132.9, 173,  GPS,   78.0, 116.50, 115.60, 134.750, 121.500, -0.003, -6.485,  18.05, -51.3,   28.2,   78.2,  -14.6,      1,   GPS,    ALT,  -0.1,  -0.3,  23.6, 3DDiff, 1852,      ,     12,  13.0,     17
2018-08-27, 17:47:36,  -04:00,   KPSM,   42.8705711,  -71.3967361,  5003.7, 30.00,  5225.1,  17.8, 154.98, 174.85,   26.85,  -0.29,  -0.09,   0.01,  -0.03,  72.5,  78.4,  27.7,  28.8,   1.5,  21.60,  22.26,    16.34,  182.06,   53.82,  30.39, 2487.0,    0.75,  318.25,  343.02,  353.52,  330.89,  334.45,  330.71, 1459.58, 1513.00, 1490.07, 1464.79, 1469.01, 1463.14, 1536.19, 1545.11,  5133.3, 173,  GPS,   78.0, 116.50, 115.60, 134.750, 121.500, -0.003, -6.474,  18.14, -50.4,   28.2,   78.2,  -14.6,      1,   GPS,    ALT,  -0.1,  -0.3,  27.6, 3DDiff, 1852,      ,     12,  13.0,     17
2018-08-27, 17:47:37,  -04:00,   KPSM,   42.8709297,  -71.3957443,  5003.7, 30.00,  5225.2,  17.8, 154.88, 174.69,   18.72,  -0.38,  -0.12,   0.00,  -0.01,  72.5,  78.3,  27.7,  28.8,   1.5,  21.58,  22.28,    16.29,  182.02,   53.78,  30.39, 2485.1,    0.75,  318.22,  342.99,  353.52,  330.89,  334.42,  330.74, 1459.62, 1513.11, 1490.60, 1466.27, 1468.89, 1462.73, 1536.61, 1544.57,  5133.4, 173,  GPS,   78.0, 116.50, 115.60, 134.750, 121.500, -0.003, -6.465,  18.22, -49.6,   28.1,   78.2,  -14.6,      1,   GPS,    ALT,  -0.1,  -0.3,  15.7, 3DDiff, 1852,      ,     12,  13.0,     17
2018-08-27, 17:47:38,  -04:00,   KPSM,   42.8712845,  -71.3947678,  5004.7, 30.00,  5225.9,  18.0, 154.80, 174.54,   28.93,  -0.42,  -0.26,   0.00,  -0.01,  72.5,  78.3,  27.7,  28.8,   1.5,  21.55,  22.31,    16.26,  182.00,   53.89,  30.38, 2487.7,    0.75,  318.21,  343.01,  353.52,  330.92,  334.34,  330.74, 1459.29, 1512.94, 1488.56, 1467.53, 1469.34, 1463.33, 1536.46, 1544.16,  5134.1, 173,  GPS,   78.0, 116.50, 115.60, 134.750, 121.500, -0.003, -6.455,  18.28, -48.7,   28.1,   78.2,  -14.6,      1,   GPS,    ALT,  -0.1,  -0.4,   0.0, 3DDiff, 1852,      ,     12,  12.5,     17
2018-08-27, 17:47:39,  -04:00,   KPSM,   42.8716469,  -71.3937836,  5002.7, 30.00,  5225.1,  18.0, 154.39, 174.42,  -10.13,  -0.44,  -0.22,  -0.00,  -0.01,  72.5,  78.3,  27.7,  28.8,   1.5,  21.53,  22.34,    16.18,  181.98,   53.78,  30.36, 2487.5,    0.75,  318.16,  342.96,  353.52,  330.91,  334.30,  330.77, 1459.36, 1512.17, 1489.80, 1468.69, 1470.41, 1462.93, 1536.35, 1545.53,  5133.3, 172,  GPS,   78.0, 116.50, 115.60, 134.750, 121.500, -0.003, -6.449,  18.33, -47.9,   28.0,   78.2,  -14.6,      1,   GPS,    ALT,  -0.2,  -0.4, -15.7, 3DDiff, 1852,      ,     12,  13.0,     16
2018-08-27, 17:47:40,  -04:00,   KPSM,   42.8720016,  -71.3927994,  5001.7, 30.00,  5225.1,  18.0, 154.09, 174.32,  -34.31,  -0.32,  -0.24,   0.00,   0.01,  72.5,  78.3,  27.7,  28.8,   1.5,  21.53,  22.35,    16.31,  181.98,   54.09,  30.38, 2487.2,    0.75,  318.15,  342.95,  353.51,  330.90,  334.27,  330.76, 1459.06, 1512.11, 1489.71, 1468.58, 1469.07, 1463.82, 1536.71, 1544.84,  5133.3, 172,  GPS,   78.0, 116.50, 115.60, 134.750, 121.500, -0.003, -6.441,  18.37, -47.1,   28.0,   78.2,  -14.6,      1,   GPS,    ALT,  -0.2,  -0.4, -27.6, 3DDiff, 1852,      ,     12,  12.5,     16
2018-08-27, 17:47:41,  -04:00,   KPSM,   42.8723602,  -71.3918152,  5001.7, 30.00,  5224.9,  18.0, 154.06, 174.21,   -8.59,  -0.34,  -0.29,   0.00,   0.01,  72.5,  78.3,  27.7,  28.8,   1.5,  21.52,  22.36,    16.27,  181.98,   53.97,  30.39, 2487.7,    0.75,  318.12,  342.93,  353.51,  330.91,  334.23,  330.79, 1459.71, 1512.94, 1490.35, 1467.45, 1468.54, 1463.61, 1537.17, 1545.14,  5133.1, 172,  GPS,   78.0, 116.50, 115.60, 134.750, 121.500, -0.003, -6.432,  18.39, -46.3,   27.9,   78.2,  -14.6,      1,   GPS,    ALT,  -0.2,  -0.3, -15.7, 3DDiff, 1852,      ,     12,  13.0,     17
2018-08-27, 17:47:42,  -04:00,   KPSM,   42.8727188,  -71.3908310,  5000.7, 30.00,  5224.8,  18.0, 153.83, 174.11,  -12.83,  -0.35,  -0.21,  -0.00,  -0.02,  72.4,  78.3,  27.7,  28.8,   1.5,  21.53,  22.36,    16.28,  182.00,   53.91,  30.37, 2486.6,    0.75,  318.10,  342.90,  353.49,  330.92,  334.21,  330.77, 1459.74, 1512.42, 1490.66, 1467.08, 1469.04, 1463.36, 1536.66, 1545.35,  5133.0, 172,  GPS,   78.0, 116.50, 115.60, 134.750, 121.500, -0.003, -6.424,  18.41, -45.5,   27.9,   78.2,  -14.6,      1,   GPS,    ALT,  -0.2,  -0.3, -11.8, 3DDiff, 1852,      ,     12,  13.0,     17
2018-08-27, 17:47:43,  -04:00,   KPSM,   42.8730774,  -71.3898468,  5000.7, 30.00,  5224.4,  18.2, 153.36, 174.01,   -5.38,  -0.34,  -0.26,   0.00,  -0.01,  72.4,  78.3,  27.7,  28.8,   1.5,  21.52,  22.37,    16.19,  182.04,   54.10,  30.35, 2485.0,    0.75,  318.12,  342.90,  353.49,  330.92,  334.17,  330.82, 1458.87, 1513.87, 1490.67, 1467.66, 1468.98, 1462.74, 1537.36, 1544.36,  5132.6, 171,  GPS,   78.0, 116.50, 115.60, 134.750, 121.500, -0.003, -6.416,  18.43, -44.7,   27.8,   78.2,  -14.6,      1,   GPS,    ALT,  -0.2,  -0.3, -27.6, 3DDiff, 1852,      ,     12,  13.0,     18
2018-08-27, 17:47:44,  -04:00,   KPSM,   42.8734322,  -71.3888626,  4998.7, 30.00,  5222.9,  18.2, 152.80, 173.95,  -22.69,  -0.29,  -0.18,   0.00,   0.01,  72.3,  78.1,  27.7,  28.8,   1.5,  21.52,  22.38,    16.17,  182.06,   54.02,  30.32, 2487.4,    0.75,  318.08,  342.89,  353.49,  330.93,  334.13,  330.83, 1458.47, 1513.44, 1490.45, 1467.46, 1469.41, 1463.24, 1537.16, 1544.58,  5131.1, 171,  GPS,   78.0, 116.50, 115.60, 134.750, 121.500, -0.003, -6.409,  18.44, -44.0,   27.8,   78.2,  -14.6,      1,   GPS,    ALT,  -0.2,  -0.3, -39.4, 3DDiff, 1852,      ,     12,  13.0,     17
2018-08-27, 17:47:45,  -04:00,   KPSM,   42.8737869,  -71.3878784,  4996.7, 30.00,  5223.0,  18.2, 152.27, 173.88,  -33.28,  -0.23,  -0.13,   0.00,   0.00,  72.2,  78.2,  27.7,  28.8,   1.5,  21.52,  22.39,    16.25,  182.09,   54.22,  30.35, 2486.6,    0.75,  318.06,  342.90,  353.49,  330.94,  334.11,  330.85, 1458.02, 1512.79, 1491.39, 1468.69, 1470.00, 1464.16, 1537.62, 1544.77,  5131.2, 170,  GPS,   78.0, 116.50, 115.60, 134.750, 121.500, -0.003, -6.402,  18.44, -43.3,   27.7,   78.2,  -14.6,      1,   GPS,    ALT,  -0.2,  -0.2, -31.5, 3DDiff, 1852,      ,     12,  13.0,     16
2018-08-27, 17:47:46,  -04:00,   KPSM,   42.8741493,  -71.3869019,  4997.7, 30.00,  5222.3,  18.2, 152.34, 173.82,  -25.63,  -0.12,  -0.26,  -0.01,   0.01,  72.2,  78.2,  27.7,  28.8,   1.5,  21.53,  22.39,    16.20,  182.10,   54.09,  30.34, 2487.9,    0.75,  318.05,  342.87,  353.49,  330.95,  334.08,  330.86, 1458.40, 1512.52, 1490.92, 1468.92, 1468.96, 1466.01, 1538.04, 1544.52,  5130.5, 170,  GPS,   78.0, 116.50, 115.60, 134.750, 121.500, -0.003, -6.393,  18.45, -42.7,   27.7,   78.2,  -14.6,      1,   GPS,    ALT,  -0.1,  -0.2, -19.7, 3DDiff, 1852,      ,     12,  13.0,     16
2018-08-27, 17:47:47,  -04:00,   KPSM,   42.8745041,  -71.3859177,  4997.7, 30.00,  5222.3,  18.2, 152.56, 173.72,   -9.30,  -0.15,  -0.20,   0.00,  -0.00,  72.1,  78.2,  27.7,  28.8,   1.5,  21.55,  22.38,    16.17,  182.12,   54.06,  30.32, 2485.4,    0.75,  318.03,  342.88,  353.48,  330.95,  334.03,  330.86, 1458.08, 1512.72, 1491.06, 1467.81, 1468.49, 1467.63, 1538.48, 1544.42,  5130.5, 170,  GPS,   78.0, 116.50, 115.60, 134.750, 121.500, -0.003, -6.384,  18.46, -42.2,   27.6,   78.2,  -14.6,      1,   GPS,    ALT,  -0.1,  -0.1,   0.0, 3DDiff, 1852,      ,     12,  13.0,     17
2018-08-27, 17:47:48,  -04:00,   KPSM,   42.8748627,  -71.3849411,  4997.7, 30.00,  5222.3,  18.5, 152.33, 173.60,  -14.20,  -0.08,  -0.13,   0.00,   0.00,  72.2,  78.2,  27.7,  28.8,   1.5,  21.58,  22.37,    16.18,  182.16,   53.93,  30.34, 2485.9,    0.75,  318.03,  342.89,  353.49,  330.93,  334.03,  330.87, 1459.59, 1512.78, 1490.92, 1466.63, 1468.78, 1466.84, 1538.18, 1544.93,  5130.5, 170,  GPS,   78.0, 116.50, 115.60, 134.750, 121.500, -0.003, -6.375,  18.47, -41.7,   27.6,   78.2,  -14.6,      1,   GPS,    ALT,  -0.1,  -0.1,   0.0, 3DDiff, 1852,      ,     12,  13.0,     17
2018-08-27, 17:47:49,  -04:00,   KPSM,   42.8752174,  -71.3839645,  4996.7, 30.00,  5222.1,  18.5, 152.47, 173.45,  -20.07,   0.03,  -0.03,  -0.00,   0.01,  72.3,  78.2,  27.7,  28.8,   1.5,  21.59,  22.35,    16.27,  182.19,   53.90,  30.37, 2485.6,    0.75,  318.00,  342.89,  353.51,  330.98,  333.97,  330.88, 1460.34, 1514.70, 1491.26, 1466.84, 1468.20, 1466.35, 1538.93, 1544.90,  5130.3, 170,  GPS,   78.0, 116.50, 115.60, 134.750, 121.500, -0.003, -6.367,  18.48, -41.2,   27.5,   78.2,  -14.6,      1,   GPS,    ALT,  -0.1,  -0.0,  -7.9, 3DDiff, 1852,      ,     12,  13.0,     17
2018-08-27, 17:47:50,  -04:00,   KPSM,   42.8755722,  -71.3829880,  4996.7, 30.00,  5222.9,  18.5, 152.24, 173.31,  -19.57,   0.16,   0.01,   0.00,  -0.02,  72.2,  78.2,  27.7,  28.8,   1.5,  21.62,  22.34,    16.23,  182.20,   53.57,  30.34, 2483.8,    0.75,  318.00,  342.92,  353.52,  330.98,  333.94,  330.89, 1460.60, 1514.07, 1491.78, 1466.61, 1468.56, 1466.16, 1538.45, 1545.32,  5131.2, 170,  GPS,   78.0, 116.50, 115.60, 134.750, 121.500, -0.003, -6.359,  18.49, -40.8,   27.5,   78.2,  -14.6,      1,   GPS,    ALT,  -0.1,   0.1,   0.0, 3DDiff, 1852,      ,     12,  13.0,     17
2018-08-27, 17:47:51,  -04:00,   KPSM,   42.8759346,  -71.3820190,  4996.7, 30.00,  5222.9,  18.5, 152.47, 173.12,  -17.11,   0.27,  -0.02,   0.01,   0.01,  72.2,  78.2,  27.7,  28.8,   1.5,  21.61,  22.35,    16.19,  182.24,   53.85,  30.32, 2484.4,    0.75,  318.00,  342.90,  353.52,  331.01,  333.93,  330.90, 1459.89, 1513.55, 1490.67, 1468.58, 1468.25, 1466.14, 1538.69, 1544.48,  5131.2, 170,  GPS,   78.0, 116.50, 115.60, 134.750, 121.500, -0.003, -6.350,  18.49, -40.5,   27.4,   78.2,  -14.6,      1,   GPS,    ALT,  -0.1,   0.2, -11.8, 3DDiff, 1852,      ,     12,  13.0,     16
2018-08-27, 17:47:52,  -04:00,   KPSM,   42.8762894,  -71.3810425,  4996.7, 30.00,  5222.7,  18.5, 152.04, 172.90,    1.60,   0.31,  -0.19,  -0.00,  -0.03,  72.2,  78.2,  27.7,  28.8,   1.5,  21.61,  22.36,    16.21,  182.26,   54.07,  30.33, 2483.2,    0.75,  318.00,  342.92,  353.55,  331.04,  333.88,  330.91, 1459.82, 1513.54, 1489.91, 1467.99, 1468.98, 1466.05, 1538.21, 1544.74,  5130.9, 170,  GPS,   78.0, 116.50, 115.60, 134.750, 121.500, -0.003, -6.341,  18.50, -40.1,   27.4,   78.2,  -14.6,      1,   GPS,    ALT,  -0.1,   0.3,   3.9, 3DDiff, 1852,      ,     12,  13.0,     16
2018-08-27, 17:47:53,  -04:00,   KPSM,   42.8766479,  -71.3800735,  4995.7, 30.00,  5222.3,  18.5, 151.65, 172.67,   -6.33,   0.48,  -0.16,  -0.00,   0.01,  72.3,  78.2,  27.7,  28.8,   1.5,  21.61,  22.36,    16.22,  182.28,   54.03,  30.31, 2485.2,    0.75,  318.00,  342.95,  353.57,  331.04,  333.87,  330.95, 1458.99, 1514.39, 1490.12, 1467.38, 1469.71, 1465.78, 1538.12, 1544.18,  5130.5, 169,  GPS,   78.0, 116.50, 115.60, 134.750, 121.500, -0.003, -6.334,  18.50, -39.8,   27.3,   78.2,  -14.6,      1,   GPS,    ALT,  -0.1,   0.4, -15.7, 3DDiff, 1852,      ,     12,  13.0,     17
2018-08-27, 17:47:54,  -04:00,   KPSM,   42.8770027,  -71.3790970,  4995.7, 30.00,  5222.3,  18.5, 151.43, 172.42,   -7.35,   0.56,  -0.16,   0.00,  -0.01,  72.3,  78.2,  27.7,  28.8,   1.5,  21.62,  22.36,    16.21,  182.30,   53.89,  30.32, 2486.0,    0.75,  318.00,  342.93,  353.58,  331.07,  333.83,  330.98, 1458.38, 1513.84, 1490.07, 1467.91, 1470.12, 1465.75, 1537.39, 1544.93,  5130.5, 169,  GPS,   78.0, 116.50, 115.60, 134.750, 121.500, -0.003, -6.325,  18.50, -39.6,   27.3,   78.2,  -14.6,      1,   GPS,    ALT,  -0.1,   0.5,  -3.9, 3DDiff, 1852,      ,     12,  13.0,     17
2018-08-27, 17:47:55,  -04:00,   KPSM,   42.8773575,  -71.3781281,  4995.7, 30.00,  5222.4,  18.8, 151.38, 172.15,    4.93,   0.60,  -0.20,   0.00,   0.01,  72.2,  78.2,  27.7,  28.8,   1.5,  21.62,  22.37,    16.23,  182.32,   53.82,  30.33, 2485.0,    0.75,  318.00,  342.95,  353.61,  331.09,  333.81,  330.98, 1459.92, 1514.28, 1490.45, 1467.49, 1470.21, 1465.06, 1537.56, 1545.59,  5130.6, 169,  GPS,   78.0, 116.50, 115.60, 134.750, 121.500, -0.003, -6.317,  18.49, -39.4,   27.2,   78.2,  -14.6,      1,   GPS,    ALT,  -0.1,   0.6,   3.9, 3DDiff, 1852,      ,     12,  13.0,     18
2018-08-27, 17:47:56,  -04:00,   KPSM,   42.8777122,  -71.3771667,  4995.7, 30.00,  5221.7,  18.8, 151.30, 171.84,    6.09,   0.58,  -0.15,  -0.00,  -0.01,  72.3,  78.2,  27.7,  28.8,   1.5,  21.63,  22.37,    16.23,  182.34,   53.93,  30.31, 2486.3,    0.75,  318.00,  342.98,  353.63,  331.10,  333.78,  331.01, 1459.43, 1515.45, 1490.44, 1468.24, 1469.93, 1466.03, 1538.22, 1545.17,  5129.9, 169,  GPS,   78.0, 116.50, 115.60, 134.750, 121.500, -0.003, -6.308,  18.48, -39.2,   27.2,   78.2,  -14.6,      1,   GPS,    ALT,  -0.1,   0.6,  11.8, 3DDiff, 1852,      ,     12,  13.0,     17
2018-08-27, 17:47:57,  -04:00,   KPSM,   42.8780632,  -71.3761978,  4995.7, 30.00,  5221.7,  18.8, 151.20, 171.56,   -6.04,   0.67,  -0.13,   0.00,   0.01,  72.2,  78.2,  27.7,  28.8,   1.5,  21.63,  22.37,    16.25,  182.36,   53.89,  30.33, 2487.1,    0.75,  317.99,  342.99,  353.67,  331.13,  333.76,  331.03, 1459.41, 1515.32, 1490.95, 1468.28, 1470.55, 1466.31, 1538.77, 1545.16,  5129.9, 169,  GPS,   78.0, 116.50, 115.60, 134.750, 121.500, -0.003, -6.299,  18.48, -39.0,   27.1,   78.2,  -14.6,      1,   GPS,    ALT,  -0.1,   0.6,  11.8, 3DDiff, 1852,      ,     12,  13.0,     17
2018-08-27, 17:47:58,  -04:00,   KPSM,   42.8784142,  -71.3752289,  4995.7, 30.00,  5222.7,  18.8, 151.20, 171.27,    1.77,   0.67,  -0.08,   0.01,   0.01,  72.3,  78.2,  27.7,  28.8,   1.5,  21.63,  22.37,    16.20,  182.38,   53.98,  30.32, 2485.8,    0.75,  318.02,  342.99,  353.70,  331.16,  333.72,  331.04, 1460.04, 1515.30, 1490.92, 1467.82, 1470.33, 1466.58, 1538.89, 1546.02,  5130.9, 169,  GPS,   78.0, 116.50, 115.60, 134.750, 121.500, -0.003, -6.291,  18.46, -38.9,   27.1,   78.2,  -14.6,      1,   GPS,    ALT,  -0.1,   0.7,  35.4, 3DDiff, 1852,      ,     12,  13.0,     17
2018-08-27, 17:47:59,  -04:00,   KPSM,   42.8787651,  -71.3742599,  4995.7, 30.00,  5223.3,  18.8, 151.16, 170.94,    2.55,   0.69,  -0.03,   0.00,  -0.02,  72.4,  78.2,  27.7,  28.8,   1.5,  21.64,  22.38,    16.22,  182.41,   54.09,  30.32, 2484.5,    0.75,  318.03,  343.01,  353.73,  331.14,  333.70,  331.04, 1459.58, 1515.14, 1489.57, 1467.17, 1469.33, 1466.57, 1539.00, 1544.97,  5131.5, 169,  GPS,   78.0, 116.50, 115.60, 134.750, 121.500, -0.003, -6.282,  18.45, -38.8,   27.0,   78.2,  -14.6,      1,   GPS,    ALT,  -0.1,   0.7,  39.4, 3DDiff, 1852,      ,     12,  13.0,     17
2018-08-27, 17:48:00,  -04:00,   KPSM,   42.8791237,  -71.3733063,  4994.7, 30.00,  5223.5,  18.8, 150.53, 170.65,    5.09,   0.83,  -0.13,   0.00,   0.01,  72.3,  78.2,  27.7,  28.8,   1.5,  21.65,  22.39,    16.11,  182.45,   53.85,  30.30, 2484.4,    0.74,  318.01,  343.02,  353.76,  331.19,  333.69,  331.07, 1459.92, 1515.30, 1490.07, 1467.04, 1468.84, 1466.71, 1538.85, 1545.36,  5131.7, 168,  GPS,   78.0, 116.50, 115.60, 134.750, 121.500, -0.003, -6.275,  18.43, -38.6,   27.0,   78.2,  -14.6,      1,   GPS,    ALT,  -0.1,   0.7,  19.7, 3DDiff, 1852,      ,     12,  13.0,     17
2018-08-27, 17:48:01,  -04:00,   KPSM,   42.8794670,  -71.3723450,  4994.7, 30.00,  5223.9,  18.8, 150.25, 170.34,    7.46,   0.91,  -0.09,  -0.00,  -0.00,  72.2,  78.2,  27.7,  28.8,   1.5,  21.65,  22.40,    16.12,  182.47,   53.82,  30.30, 2485.3,    0.74,  318.03,  343.04,  353.82,  331.22,  333.69,  331.09, 1460.10, 1515.00, 1490.37, 1467.02, 1469.43, 1467.63, 1538.58, 1545.29,  5132.1, 168,  GPS,   78.0, 116.50, 115.60, 134.750, 121.500, -0.003, -6.266,  18.40, -38.5,   27.0,   78.2,  -14.6,      1,   GPS,    ALT,  -0.1,   0.9,  19.7, 3DDiff, 1852,      ,     12,  13.0,     18
2018-08-27, 17:48:02,  -04:00,   KPSM,   42.8798180,  -71.3713837,  4995.7, 30.00,  5225.3,  18.8, 149.58, 170.03,   28.31,   0.83,  -0.13,   0.01,   0.00,  72.1,  78.2,  27.7,  28.8,   1.5,  21.64,  22.40,    16.21,  182.49,   53.74,  30.33, 2484.8,    0.75,  318.06,  343.10,  353.85,  331.25,  333.66,  331.12, 1460.36, 1515.74, 1490.45, 1467.74, 1469.51, 1468.64, 1539.12, 1545.47,  5133.5, 167,  GPS,   78.0, 116.50, 115.60, 134.750, 121.500, -0.003, -6.257,  18.35, -38.3,   26.9,   78.2,  -14.6,      1,   GPS,    ALT,  -0.1,   0.9,  39.4, 3DDiff, 1852,      ,     12,  13.0,     17
2018-08-27, 17:48:03,  -04:00,   KPSM,   42.8801689,  -71.3704300,  4995.7, 30.00,  5226.5,  19.0, 149.00, 169.78,   27.73,   0.75,  -0.15,  -0.01,   0.01,  72.0,  78.2,  27.7,  28.8,   1.5,  21.62,  22.41,    16.17,  182.50,   53.80,  30.29, 2483.9,    0.75,  318.09,  343.10,  353.92,  331.27,  333.69,  331.13, 1461.86, 1515.48, 1490.86, 1467.03, 1470.38, 1468.81, 1538.40, 1546.49,  5134.8, 166,  GPS,   78.0, 116.50, 115.60, 134.750, 121.500, -0.003, -6.248,  18.35, -38.3,   26.9,   78.2,  -14.6,      1,   GPS,    ALT,  -0.1,   0.8,  51.2, 3DDiff, 1852,      ,     12,  13.0,     16
2018-08-27, 17:48:04,  -04:00,   KPSM,   42.8805199,  -71.3694763,  4998.7, 30.00,  5227.7,  19.0, 149.29, 169.56,   65.53,   0.63,  -0.12,   0.00,  -0.01,  72.0,  78.2,  27.7,  28.8,   1.5,  21.63,  22.41,    16.15,  182.53,   53.88,  30.29, 2486.0,    0.75,  318.09,  343.16,  353.94,  331.32,  333.66,  331.17, 1461.59, 1515.86, 1491.31, 1467.33, 1471.44, 1467.67, 1538.20, 1546.82,  5135.9, 167,  GPS,   78.0, 116.50, 115.60, 134.750, 121.500, -0.003, -6.237,  18.33, -38.2,   26.8,   78.2,  -14.6,      1,   GPS,    ALT,  -0.1,   0.7,  66.9, 3DDiff, 1852,      ,     12,  13.0,     16
2018-08-27, 17:48:05,  -04:00,   KPSM,   42.8808708,  -71.3685150,  4998.7, 30.00,  5228.8,  19.0, 148.84, 169.37,   70.92,   0.46,   0.12,   0.00,  -0.03,  72.0,  78.2,  27.7,  28.8,   1.5,  21.65,  22.39,    16.19,  182.58,   53.89,  30.30, 2484.9,    0.75,  318.12,  343.20,  354.00,  331.31,  333.70,  331.22, 1461.59, 1516.38, 1492.07, 1466.51, 1471.06, 1467.67, 1538.24, 1545.99,  5137.0, 166,  GPS,   78.0, 116.50, 115.60, 134.750, 121.500, -0.003, -6.228,  18.31, -38.2,   26.8,   78.2,  -14.6,      1,   GPS,    ALT,  -0.1,   0.5,  59.1, 3DDiff, 1852,      ,     12,  13.0,     17
2018-08-27, 17:48:06,  -04:00,   KPSM,   42.8812180,  -71.3675690,  4999.7, 30.00,  5228.9,  19.0, 149.27, 169.21,   48.65,   0.52,  -0.04,  -0.00,  -0.01,  72.0,  78.2,  27.7,  28.8,   1.5,  21.66,  22.38,    16.15,  182.58,   53.75,  30.33, 2484.1,    0.75,  318.13,  343.23,  354.04,  331.35,  333.72,  331.25, 1461.46, 1516.17, 1491.82, 1466.59, 1471.23, 1467.86, 1538.37, 1546.12,  5137.1, 167,  GPS,   78.0, 116.50, 115.60, 134.750, 121.500, -0.003, -6.219,  18.30, -38.1,   26.7,   78.2,  -14.6,      1,   GPS,    ALT,  -0.1,   0.5,  11.8, 3DDiff, 1852,      ,     12,  13.0,     17
2018-08-27, 17:48:07,  -04:00,   KPSM,   42.8815651,  -71.3666153,  4998.7, 30.00,  5229.0,  19.0, 148.71, 169.10,   19.97,   0.55,  -0.10,  -0.00,   0.01,  72.0,  78.2,  27.7,  28.8,   1.5,  21.66,  22.38,    16.21,  182.61,   53.74,  30.31, 2482.9,    0.75,  318.15,  343.28,  354.08,  331.38,  333.74,  331.29, 1461.33, 1516.27, 1492.71, 1467.81, 1472.68, 1467.08, 1539.10, 1546.73,  5137.2, 166,  GPS,   78.0, 116.50, 115.60, 134.750, 121.500, -0.003, -6.211,  18.29, -38.1,   26.7,   78.2,  -14.6,      1,   GPS,    ALT,  -0.1,   0.5,   3.9, 3DDiff, 1852,      ,     12,  13.0,     17
2018-08-27, 17:48:08,  -04:00,   KPSM,   42.8819160,  -71.3656540,  4999.7, 30.00,  5228.5,  19.0, 148.73, 168.96,    8.43,   0.55,   0.02,   0.00,  -0.00,  71.9,  78.2,  27.7,  28.8,   1.5,  21.67,  22.39,    16.26,  182.63,   53.80,  30.29, 2485.9,    0.75,  318.18,  343.28,  354.13,  331.43,  333.78,  331.35, 1461.20, 1516.87, 1493.23, 1468.37, 1472.81, 1466.89, 1539.71, 1546.63,  5136.7, 166,  GPS,   78.0, 116.50, 115.60, 134.750, 121.500, -0.003, -6.202,  18.28, -38.1,   26.6,   78.2,  -14.6,      1,   GPS,    ALT,  -0.1,   0.5,  15.7, 3DDiff, 1852,      ,     12,  13.0,     17
2018-08-27, 17:48:09,  -04:00,   KPSM,   42.8822632,  -71.3647003,  5000.7, 30.00,  5229.0,  19.0, 148.10, 168.86,   32.01,   0.35,  -0.27,  -0.00,  -0.01,  71.9,  78.2,  27.7,  28.8,   1.5,  21.67,  22.40,    16.22,  182.65,   53.90,  30.29, 2486.2,    0.75,  318.21,  343.32,  354.19,  331.44,  333.84,  331.40, 1460.80, 1516.56, 1493.04, 1467.94, 1472.78, 1468.58, 1540.03, 1546.10,  5137.3, 165,  GPS,   78.0, 116.50, 115.60, 134.750, 121.500, -0.003, -6.192,  18.27, -38.1,   26.6,   78.2,  -14.6,      1,   GPS,    ALT,  -0.1,   0.5,  31.5, 3DDiff, 1852,      ,     12,  13.0,     16
2018-08-27, 17:48:10,  -04:00,   KPSM,   42.8826103,  -71.3637543,  5000.7, 30.00,  5229.5,  19.0, 147.79, 168.80,   30.30,   0.13,  -0.13,  -0.00,  -0.00,  71.9,  78.1,  27.7,  28.8,   1.5,  21.69,  22.39,    16.19,  182.69,   54.05,  30.28, 2483.2,    0.75,  318.22,  343.37,  354.25,  331.47,  333.93,  331.46, 1460.77, 1517.04, 1492.40, 1467.36, 1472.21, 1467.29, 1539.67, 1546.09,  5137.7, 165,  GPS,   78.0, 116.50, 115.60, 134.750, 121.500, -0.003, -6.184,  18.27, -38.1,   26.5,   78.2,  -14.6,      1,   GPS,    ALT,  -0.1,   0.3,  39.4, 3DDiff, 1852,      ,     12,  13.0,     16
2018-08-27, 17:48:11,  -04:00,   KPSM,   42.8829613,  -71.3628006,  5000.7, 30.00,  5230.0,  19.0, 147.35, 168.82,   10.72,   0.01,  -0.16,  -0.00,   0.00,  71.8,  78.1,  27.7,  28.8,   1.5,  21.70,  22.39,    16.20,  182.74,   54.05,  30.26, 2487.3,    0.75,  318.24,  343.41,  354.31,  331.49,  334.02,  331.50, 1460.60, 1517.04, 1491.71, 1468.17, 1472.43, 1467.74, 1539.94, 1546.21,  5138.2, 164,  GPS,   78.0, 116.50, 115.60, 134.750, 121.500, -0.002, -6.175,  18.27, -38.1,   26.5,   78.2,  -14.6,      1,   GPS,    ALT,  -0.0,   0.1,  39.4, 3DDiff, 1852,      ,     12,  13.0,     17
2018-08-27, 17:48:12,  -04:00,   KPSM,   42.8833046,  -71.3618546,  5002.7, 30.00,  5230.7,  19.0, 148.20, 168.90,   37.45,  -0.07,   0.04,  -0.00,  -0.02,  71.9,  78.1,  27.7,  28.8,   1.5,  21.72,  22.37,    16.18,  182.82,   53.96,  30.30, 2484.4,    0.75,  318.28,  343.45,  354.37,  331.53,  334.17,  331.53, 1460.32, 1517.48, 1490.76, 1469.44, 1471.20, 1468.96, 1539.98, 1545.60,  5138.9, 165,  GPS,   78.0, 116.50, 115.60, 134.750, 121.500, -0.003, -6.165,  18.28, -38.2,   26.4,   78.2,  -14.6,      1,   GPS,    ALT,  -0.0,  -0.0,  43.3, 3DDiff, 1852,      ,     12,  13.0,     17
2018-08-27, 17:48:13,  -04:00,   KPSM,   42.8836555,  -71.3608932,  5002.7, 30.00,  5230.8,  19.0, 148.75, 168.94,   30.62,  -0.04,   0.20,  -0.00,  -0.02,  72.0,  78.1,  27.7,  28.8,   1.5,  21.74,  22.36,    16.22,  182.89,   54.02,  30.34, 2486.6,    0.75,  318.30,  343.47,  354.44,  331.54,  334.35,  331.58, 1461.19, 1517.90, 1491.71, 1469.66, 1471.51, 1468.63, 1540.79, 1545.87,  5139.0, 166,  GPS,   78.0, 116.50, 115.60, 134.750, 121.500, -0.002, -6.157,  18.29, -38.3,   26.4,   78.2,  -14.6,      1,   GPS,    ALT,   0.0,  -0.1,  15.7, 3DDiff, 1852,      ,     12,  13.0,     18
2018-08-27, 17:48:14,  -04:00,   KPSM,   42.8840065,  -71.3599472,  5001.7, 30.00,  5231.0,  19.0, 148.45, 169.00,  -17.29,   0.01,   0.20,  -0.00,  -0.02,  72.0,  78.1,  27.7,  28.8,   1.5,  21.74,  22.35,    16.14,  182.96,   54.08,  30.32, 2487.5,    0.75,  318.33,  343.53,  354.50,  331.59,  334.54,  331.62, 1460.74, 1518.15, 1491.47, 1469.60, 1472.10, 1468.09, 1540.74, 1545.80,  5139.2, 166,  GPS,   78.0, 116.50, 115.60, 134.750, 121.500, -0.002, -6.149,  18.30, -38.4,   26.3,   78.2,  -14.6,      1,   GPS,    ALT,   0.0,  -0.0, -31.5, 3DDiff, 1852,      ,     12,  13.0,     17
2018-08-27, 17:48:15,  -04:00,   KPSM,   42.8843498,  -71.3589935,  4999.7, 30.00,  5230.2,  19.0, 147.99, 169.04,  -35.95,   0.31,   0.02,   0.01,   0.01,  72.0,  78.1,  27.7,  28.8,   1.5,  21.74,  22.35,    16.17,  183.00,   53.92,  30.28, 2486.8,    0.75,  318.37,  343.56,  354.56,  331.62,  334.80,  331.68, 1461.10, 1517.49, 1492.25, 1470.07, 1471.71, 1466.55, 1540.14, 1546.05,  5138.4, 165,  GPS,   78.0, 116.50, 115.60, 134.750, 121.500, -0.002, -6.143,  18.30, -38.4,   26.3,   78.2,  -14.6,      1,   GPS,    ALT,   0.0,   0.2, -63.0, 3DDiff, 1852,      ,     12,  13.0,     16
2018-08-27, 17:48:16,  -04:00,   KPSM,   42.8847008,  -71.3580475,  5000.7, 30.00,  5229.0,  19.0, 147.85, 169.02,  -32.32,   0.38,  -0.04,   0.01,   0.00,  72.0,  78.2,  27.7,  28.8,   1.6,  21.73,  22.36,    16.19,  183.02,   54.10,  30.34, 2484.9,    0.75,  318.39,  343.62,  354.64,  331.68,  335.02,  331.69, 1461.61, 1519.07, 1492.67, 1470.38, 1471.18, 1466.54, 1540.87, 1546.27,  5137.2, 165,  GPS,   78.0, 116.50, 115.60, 134.750, 121.500, -0.002, -6.133,  18.31, -38.5,   26.3,   78.2,  -14.6,      1,   GPS,    ALT,   0.0,   0.4, -63.0, 3DDiff, 1852,      ,     12,  13.0,     16
2018-08-27, 17:48:17,  -04:00,   KPSM,   42.8850517,  -71.3570938,  4998.7, 30.00,  5228.3,  19.0, 147.19, 169.02,  -50.40,   0.41,  -0.19,  -0.01,   0.01,  72.2,  78.2,  27.7,  28.8,   1.5,  21.73,  22.36,    16.23,  183.06,   54.11,  30.31, 2487.6,    0.75,  318.45,  343.68,  354.69,  331.71,  335.23,  331.76, 1461.73, 1517.87, 1493.72, 1470.16, 1471.97, 1466.71, 1540.56, 1546.03,  5136.5, 164,  GPS,   78.0, 116.50, 115.60, 134.750, 121.500, -0.002, -6.127,  18.31, -38.6,   26.2,   78.2,  -14.6,      1,   GPS,    ALT,  -0.0,   0.5, -51.2, 3DDiff, 1852,      ,     12,  13.0,     17
2018-08-27, 17:48:18,  -04:00,   KPSM,   42.8853989,  -71.3561401,  4998.7, 30.00,  5227.7,  19.2, 147.18, 169.00,  -36.87,   0.44,  -0.15,  -0.00,  -0.00,  72.2,  78.1,  27.7,  28.8,   1.5,  21.75,  22.35,    16.17,  183.07,   54.07,  30.25, 2487.0,    0.75,  318.49,  343.69,  354.77,  331.77,  335.45,  331.78, 1463.00, 1516.95, 1493.26, 1469.30, 1471.16, 1467.51, 1540.16, 1546.31,  5135.9, 164,  GPS,   78.0, 116.50, 115.60, 134.750, 121.500, -0.002, -6.118,  18.32, -38.7,   26.2,   78.2,  -14.6,      1,   GPS,    ALT,  -0.0,   0.5, -39.4, 3DDiff, 1852,      ,     12,  13.0,     17
2018-08-27, 17:48:19,  -04:00,   KPSM,   42.8857460,  -71.3551865,  4997.7, 30.00,  5227.4,  19.2, 147.05, 168.96,  -40.50,   0.44,  -0.05,   0.01,   0.02,  72.2,  78.1,  27.7,  28.8,   1.6,  21.75,  22.35,    16.21,  183.10,   53.91,  30.29, 2486.1,    0.75,  318.52,  343.75,  354.83,  331.80,  335.66,  331.83, 1462.47, 1517.58, 1493.37, 1469.55, 1470.42, 1467.54, 1539.91, 1546.48,  5135.6, 164,  GPS,   78.0, 116.50, 115.60, 134.750, 121.500, -0.002, -6.111,  18.32, -38.9,   26.1,   78.2,  -14.6,      1,   GPS,    ALT,  -0.0,   0.5, -27.6, 3DDiff, 1852,      ,     12,  13.0,     17
2018-08-27, 17:48:20,  -04:00,   KPSM,   42.8861008,  -71.3542328,  4996.7, 30.00,  5226.4,  19.2, 146.99, 168.96,  -54.41,   0.42,   0.01,   0.00,   0.01,  72.2,  78.3,  27.7,  28.8,   1.5,  21.75,  22.36,    16.17,  183.15,   53.91,  30.29, 2485.1,    0.75,  318.55,  343.81,  354.89,  331.86,  335.84,  331.85, 1462.22, 1517.65, 1492.57, 1470.45, 1470.96, 1466.37, 1539.77, 1546.42,  5134.9, 164,  GPS,   78.0, 116.50, 115.60, 134.750, 121.500, -0.002, -6.103,  18.32, -39.1,   26.1,   78.2,  -14.6,      1,   GPS,    ALT,   0.0,   0.5,  -7.9, 3DDiff, 1852,      ,     12,  13.0,     17
2018-08-27, 17:48:21,  -04:00,   KPSM,   42.8864441,  -71.3532791,  4996.7, 30.00,  5226.8,  19.2, 147.13, 168.94,  -43.18,   0.41,   0.00,  -0.00,   0.01,  72.2,  78.2,  27.7,  28.8,   1.5,  21.73,  22.38,    16.16,  183.19,   53.80,  30.29, 2484.0,    0.75,  318.61,  343.87,  354.98,  331.90,  336.00,  331.95, 1462.26, 1518.38, 1493.09, 1471.76, 1471.23, 1466.19, 1541.12, 1546.76,  5135.3, 164,  GPS,   78.0, 116.50, 115.60, 134.750, 121.500, -0.002, -6.095,  18.30, -39.5,   26.0,   78.2,  -14.6,      1,   GPS,    ALT,   0.0,   0.4,  19.7, 3DDiff, 1852,      ,     12,  13.0,     16
2018-08-27, 17:48:22,  -04:00,   KPSM,   42.8867912,  -71.3523331,  4998.7, 30.00,  5227.5,  19.2, 147.14, 168.94,   -2.26,   0.40,   0.05,   0.00,  -0.01,  72.2,  78.2,  27.7,  28.8,   1.5,  21.73,  22.39,    16.12,  183.23,   53.79,  30.25, 2486.3,    0.74,  318.64,  343.92,  355.04,  331.98,  336.18,  331.99, 1462.49, 1518.03, 1491.88, 1471.63, 1471.51, 1467.11, 1540.66, 1546.99,  5136.0, 164,  GPS,   78.0, 116.50, 115.60, 134.750, 121.500, -0.002, -6.084,  18.30, -39.5,   26.0,   78.2,  -14.6,      1,   GPS,    ALT,  -0.0,   0.4,  39.4, 3DDiff, 1852,      ,     12,  13.0,     16
2018-08-27, 17:48:23,  -04:00,   KPSM,   42.8871384,  -71.3513718,  4999.7, 30.00,  5227.9,  19.2, 147.11, 168.92,   25.49,   0.41,  -0.05,   0.00,   0.00,  72.2,  78.2,  27.7,  28.8,   1.5,  21.72,  22.40,    16.13,  183.25,   53.99,  30.30, 2484.2,    0.74,  318.69,  343.96,  355.13,  332.02,  336.33,  332.07, 1462.63, 1518.65, 1492.10, 1471.20, 1470.57, 1467.26, 1540.84, 1546.75,  5136.4, 164,  GPS,   78.0, 116.50, 115.60, 134.750, 121.500, -0.002, -6.075,  18.30, -39.7,   25.9,   78.3,  -14.6,      1,   GPS,    ALT,  -0.0,   0.4,  27.6, 3DDiff, 1852,      ,     12,  13.0,     17
2018-08-27, 17:48:24,  -04:00,   KPSM,   42.8874893,  -71.3504257,  4998.7, 30.00,  5228.2,  19.2, 147.18, 168.92,   15.09,   0.38,   0.00,  -0.01,  -0.00,  72.2,  78.2,  27.7,  28.8,   1.5,  21.70,  22.42,    16.14,  183.30,   53.74,  30.27, 2485.3,    0.74,  318.73,  344.05,  355.20,  332.08,  336.45,  332.11, 1462.81, 1518.17, 1492.23, 1471.40, 1470.38, 1467.69, 1540.79, 1546.78,  5136.7, 164,  GPS,   78.0, 116.50, 115.60, 125.050, 121.500, -0.002, -6.067,  18.29, -40.0,   25.9,   78.3,  -14.6,      1,   GPS,    ALT,  -0.0,   0.4,  23.6, 3DDiff, 1852,      ,     12,  13.0,     17
2018-08-27, 17:48:25,  -04:00,   KPSM,   42.8878326,  -71.3494720,  4999.7, 30.00,  5228.8,  19.2, 147.32, 168.90,   17.27,   0.34,  -0.02,   0.00,  -0.00,  72.1,  78.2,  27.7,  28.8,   1.5,  21.68,  22.44,    16.20,  183.31,   53.72,  30.30, 2486.2,    0.75,  318.79,  344.11,  355.28,  332.14,  336.55,  332.20, 1462.63, 1518.89, 1493.13, 1470.72, 1469.95, 1467.39, 1541.74, 1546.75,  5137.3, 165,  GPS,   78.0, 116.50, 115.60, 125.050, 121.500, -0.002, -6.058,  18.28, -40.2,   25.8,   78.3,  -14.6,      1,   GPS,    ALT,  -0.0,   0.4,  31.5, 3DDiff, 1852,      ,     12,  13.0,     17
2018-08-27, 17:48:26,  -04:00,   KPSM,   42.8881836,  -71.3485184,  5000.7, 30.00,  5229.8,  19.2, 147.39, 168.90,   28.70,   0.29,   0.01,   0.00,   0.01,  72.1,  78.2,  27.7,  28.8,   1.6,  21.67,  22.45,    16.23,  183.34,   53.73,  30.32, 2483.6,    0.75,  318.85,  344.17,  355.35,  332.21,  336.67,  332.26, 1462.93, 1519.52, 1493.00, 1470.60, 1468.85, 1468.41, 1542.16, 1546.64,  5138.3, 165,  GPS,   78.0, 116.50, 115.60, 125.050, 121.500, -0.002, -6.049,  18.27, -40.5,   25.8,   78.3,  -14.6,      1,   GPS,    ALT,  -0.0,   0.3,  39.4, 3DDiff, 1852,      ,     12,  13.0,     17
2018-08-27, 17:48:27,  -04:00,   KPSM,   42.8885269,  -71.3475647,  5000.7, 30.00,  5230.9,  19.2, 147.48, 168.90,   20.74,   0.24,  -0.01,   0.00,  -0.00,  72.0,  78.3,  27.7,  28.8,   1.5,  21.65,  22.47,    16.16,  183.38,   53.75,  30.31, 2485.2,    0.75,  318.88,  344.24,  355.42,  332.26,  336.79,  332.32, 1462.91, 1519.97, 1493.07, 1471.16, 1469.16, 1468.13, 1542.74, 1546.69,  5139.4, 165,  GPS,   78.0, 116.50, 115.60, 125.050, 121.500, -0.002, -6.040,  18.27, -40.7,   25.7,   78.3,  -14.6,      1,   GPS,    ALT,  -0.0,   0.2,  43.3, 3DDiff, 1852,      ,     12,  13.0,     16
2018-08-27, 17:48:28,  -04:00,   KPSM,   42.8888741,  -71.3466034,  5001.7, 30.00,  5231.8,  19.2, 147.62, 168.92,   33.37,   0.21,  -0.10,   0.00,  -0.01,  72.0,  78.3,  27.7,  28.8,   1.6,  21.63,  22.48,    16.30,  183.44,   53.60,  30.28, 2487.0,    0.75,  318.96,  344.29,  355.55,  332.32,  336.89,  332.39, 1463.82, 1521.22, 1493.78, 1472.13, 1469.27, 1467.03, 1542.98, 1547.22,  5140.3, 165,  GPS,   78.0, 116.50, 115.60, 125.050, 121.500, -0.002, -6.031,  18.27, -40.9,   25.7,   78.3,  -14.6,      1,   GPS,    ALT,  -0.1,   0.2,  43.3, 3DDiff, 1852,      ,     12,  13.0,     16
2018-08-27, 17:48:29,  -04:00,   KPSM,   42.8892212,  -71.3456573,  5002.7, 30.00,  5232.5,  19.2, 147.75, 168.94,   35.93,   0.13,  -0.04,   0.01,  -0.01,  71.9,  78.3,  27.7,  28.8,   1.6,  21.62,  22.49,    16.25,  183.47,   53.79,  30.28, 2489.2,    0.75,  319.02,  344.36,  355.62,  332.39,  336.97,  332.47, 1462.66, 1521.09, 1493.84, 1472.42, 1468.45, 1467.49, 1542.95, 1546.17,  5141.0, 165,  GPS,   78.0, 116.50, 115.60, 125.050, 121.500, -0.002, -6.021,  18.27, -41.2,   25.6,   78.3,  -14.6,      1,   GPS,    ALT,  -0.1,   0.1,  35.4, 3DDiff, 1852,      ,     12,  13.0,     17
2018-08-27, 17:48:30,  -04:00,   KPSM,   42.8895683,  -71.3447037,  5003.7, 30.00,  5232.7,  19.2, 147.92, 168.98,   42.09,   0.07,  -0.07,   0.00,  -0.02,  71.9,  78.3,  27.7,  28.8,   1.6,  21.61,  22.50,    16.23,  183.50,   53.83,  30.32, 2487.6,    0.75,  319.06,  344.42,  355.69,  332.49,  337.04,  332.53, 1463.31, 1520.59, 1493.34, 1470.86, 1469.34, 1468.06, 1541.93, 1547.19,  5141.2, 165,  GPS,   78.0, 116.50, 115.60, 125.050, 121.500, -0.002, -6.012,  18.28, -41.3,   25.6,   78.3,  -14.6,      1,   GPS,    ALT,  -0.1,   0.1,  15.7, 3DDiff, 1852,      ,     12,  13.0,     17
2018-08-27, 17:48:31,  -04:00,   KPSM,   42.8899155,  -71.3437424,  5003.7, 30.00,  5232.5,  19.2, 148.07, 169.02,   24.67,   0.00,  -0.20,  -0.00,  -0.00,  71.8,  78.3,  27.7,  28.8,   1.6,  21.59,  22.51,    16.22,  183.53,   53.67,  30.27, 2486.9,    0.75,  319.12,  344.51,  355.77,  332.55,  337.10,  332.62, 1463.23, 1519.97, 1492.40, 1470.45, 1468.75, 1466.94, 1541.07, 1546.37,  5141.0, 165,  GPS,   78.0, 116.50, 115.60, 125.050, 121.500, -0.002, -6.003,  18.30, -41.5,   25.5,   78.3,  -14.6,      1,   GPS,    ALT,  -0.1,   0.1, -15.7, 3DDiff, 1852,      ,     12,  13.0,     17
2018-08-27, 17:48:32,  -04:00,   KPSM,   42.8902626,  -71.3427963,  5003.7, 30.00,  5231.5,  19.5, 148.37, 169.06,   17.20,  -0.05,  -0.26,   0.00,  -0.01,  71.8,  78.3,  27.7,  28.8,   1.6,  21.60,  22.50,    16.18,  183.57,   53.71,  30.29, 2485.8,    0.75,  319.19,  344.57,  355.87,  332.63,  337.18,  332.71, 1463.87, 1520.46, 1492.62, 1469.12, 1470.12, 1467.32, 1541.21, 1547.33,  5140.0, 166,  GPS,   78.0, 116.50, 115.60, 125.050, 121.500, -0.002, -5.995,  18.32, -41.6,   25.5,   78.3,  -14.6,      1,   GPS,    ALT,  -0.1,   0.0, -31.5, 3DDiff, 1852,      ,     12,  13.0,     17
2018-08-27, 17:48:33,  -04:00,   KPSM,   42.8906097,  -71.3418427,  5002.7, 30.00,  5230.8,  19.5, 148.47, 169.11,   -8.68,  -0.10,  -0.20,   0.00,  -0.01,  71.8,  78.3,  27.7,  28.8,   1.6,  21.60,  22.49,    16.14,  183.59,   53.79,  30.37, 2487.5,    0.75,  319.25,  344.63,  355.96,  332.69,  337.22,  332.81, 1464.52, 1521.02, 1493.36, 1469.97, 1470.74, 1468.44, 1542.17, 1548.35,  5139.3, 166,  GPS,   78.0, 116.50, 115.60, 125.050, 121.500, -0.002, -5.987,  18.34, -41.7,   25.5,   78.3,  -14.6,      1,   GPS,    ALT,  -0.1,  -0.0, -39.4, 3DDiff, 1852,      ,     12,  13.0,     16
2018-08-27, 17:48:34,  -04:00,   KPSM,   42.8909569,  -71.3408890,  5001.7, 30.00,  5229.3,  19.5, 148.71, 169.17,  -39.43,   0.01,  -0.16,  -0.00,   0.01,  71.8,  78.2,  27.7,  28.8,   1.6,  21.61,  22.47,    16.17,  183.61,   53.53,  30.36, 2487.6,    0.75,  319.31,  344.70,  356.03,  332.78,  337.26,  332.84, 1464.62, 1520.59, 1493.83, 1470.09, 1471.12, 1467.80, 1541.95, 1548.13,  5137.8, 166,  GPS,   78.0, 116.50, 115.60, 125.050, 121.500, -0.002, -5.980,  18.37, -41.8,   25.4,   78.3,  -14.6,      1,   GPS,    ALT,  -0.1,  -0.0, -51.2, 3DDiff, 1852,      ,     12,  13.0,     16
2018-08-27, 17:48:35,  -04:00,   KPSM,   42.8913078,  -71.3399353,  5001.7, 30.00,  5228.4,  19.5, 148.86, 169.23,  -25.09,   0.12,  -0.12,  -0.01,  -0.00,  71.8,  78.2,  27.7,  28.8,   1.6,  21.62,  22.45,    16.24,  183.62,   53.73,  30.35, 2485.5,    0.75,  319.40,  344.78,  356.12,  332.87,  337.32,  332.90, 1465.85, 1520.55, 1493.43, 1470.33, 1471.99, 1467.02, 1541.88, 1548.84,  5136.9, 166,  GPS,   78.0, 116.50, 115.60, 125.050, 121.500, -0.002, -5.971,  18.41, -41.9,   25.4,   78.3,  -14.6,      1,   GPS,    ALT,  -0.1,   0.0, -47.2, 3DDiff, 1852,      ,     12,  13.0,     17
2018-08-27, 17:48:36,  -04:00,   KPSM,   42.8916512,  -71.3389740,  4999.7, 30.00,  5227.5,  19.5, 149.23, 169.23,  -57.14,   0.20,  -0.15,   0.00,  -0.01,  71.9,  78.2,  27.7,  28.8,   1.6,  21.64,  22.43,    16.27,  183.61,   53.58,  30.36, 2486.3,    0.75,  319.48,  344.85,  356.20,  332.93,  337.37,  332.96, 1465.25, 1520.09, 1494.01, 1469.99, 1472.49, 1467.02, 1541.93, 1549.09,  5136.0, 167,  GPS,   78.0, 116.50, 115.60, 125.050, 121.500, -0.002, -5.965,  18.44, -41.9,   25.3,   78.3,  -14.6,      1,   GPS,    ALT,  -0.1,   0.1, -47.2, 3DDiff, 1852,      ,     12,  13.0,     17
2018-08-27, 17:48:37,  -04:00,   KPSM,   42.8920021,  -71.3380203,  4999.7, 30.00,  5226.8,  19.5, 149.30, 169.19,  -65.74,   0.29,  -0.03,   0.00,   0.00,  71.9,  78.2,  27.7,  28.8,   1.5,  21.66,  22.41,    16.21,  183.61,   53.53,  30.41, 2483.8,    0.75,  319.52,  344.89,  356.29,  332.99,  337.41,  333.00, 1465.38, 1519.93, 1493.71, 1470.75, 1472.03, 1466.40, 1542.33, 1548.38,  5135.3, 167,  GPS,   78.0, 116.50, 115.60, 125.050, 121.500, -0.002, -5.956,  18.48, -41.8,   25.3,   78.3,  -14.6,      1,   GPS,    ALT,  -0.0,   0.2, -39.4, 3DDiff, 1852,      ,     12,  13.0,     17
2018-08-27, 17:48:38,  -04:00,   KPSM,   42.8923531,  -71.3370667,  4999.7, 30.00,  5226.6,  19.5, 149.33, 169.13,  -48.64,   0.37,   0.01,  -0.00,   0.01,  71.9,  78.2,  27.7,  28.8,   1.5,  21.67,  22.40,    16.23,  183.61,   53.89,  30.37, 2486.7,    0.75,  319.58,  344.99,  356.36,  333.07,  337.47,  333.08, 1464.38, 1520.34, 1493.06, 1472.53, 1471.85, 1466.83, 1543.04, 1548.02,  5135.1, 167,  GPS,   78.0, 116.50, 115.60, 125.050, 121.500, -0.002, -5.948,  18.51, -41.8,   25.2,   78.3,  -14.6,      1,   GPS,    ALT,  -0.0,   0.3, -31.5, 3DDiff, 1852,      ,     12,  13.0,     17
2018-08-27, 17:48:39,  -04:00,   KPSM,   42.8926964,  -71.3361130,  4998.7, 30.00,  5226.6,  19.5, 149.39, 169.04,  -41.51,   0.47,  -0.05,  -0.00,   0.00,  71.9,  78.2,  27.7,  28.8,   1.5,  21.66,  22.40,    16.21,  183.60,   53.84,  30.37, 2486.5,    0.75,  319.67,  345.04,  356.45,  333.14,  337.52,  333.16, 1464.53, 1519.90, 1493.12, 1472.98, 1471.09, 1468.15, 1543.58, 1548.01,  5135.1, 167,  GPS,   78.0, 116.50, 115.60, 125.050, 121.500, -0.002, -5.940,  18.54, -41.7,   25.2,   78.3,  -14.6,      1,   GPS,    ALT,  -0.0,   0.4, -19.7, 3DDiff, 1852,      ,     12,  13.0,     16
2018-08-27, 17:48:40,  -04:00,   KPSM,   42.8930473,  -71.3351669,  4998.7, 30.00,  5226.8,  19.5, 149.38, 168.94,  -45.72,   0.49,  -0.08,  -0.00,   0.01,  71.9,  78.2,  27.7,  28.8,   1.5,  21.66,  22.40,    16.24,  183.61,   53.70,  30.34, 2486.9,    0.75,  319.73,  345.12,  356.57,  333.22,  337.56,  333.20, 1464.76, 1519.45, 1492.96, 1473.54, 1471.61, 1469.14, 1543.52, 1548.02,  5135.3, 167,  GPS,   78.0, 116.50, 115.60, 125.050, 121.500, -0.002, -5.932,  18.57, -41.6,   25.1,   78.3,  -14.6,      1,   GPS,    ALT,  -0.0,   0.5,  -3.9, 3DDiff, 1852,      ,     12,  13.0,     16
2018-08-27, 17:48:41,  -04:00,   KPSM,   42.8933907,  -71.3342133,  4997.7, 30.00,  5227.0,  19.2, 149.41, 168.78,  -37.11,   0.67,  -0.12,  -0.00,   0.02,  72.0,  78.2,  27.7,  28.8,   1.5,  21.66,  22.39,    16.25,  183.60,   53.84,  30.38, 2485.7,    0.75,  319.82,  345.17,  356.64,  333.26,  337.60,  333.26, 1464.87, 1519.99, 1492.74, 1473.25, 1472.28, 1468.73, 1543.69, 1548.42,  5135.5, 167,  GPS,   78.0, 116.50, 115.60, 125.050, 121.500, -0.002, -5.924,  18.59, -41.4,   25.1,   78.3,  -14.6,      1,   GPS,    ALT,  -0.0,   0.6,   7.9, 3DDiff, 1852,      ,     12,  13.0,     17
2018-08-27, 17:48:42,  -04:00,   KPSM,   42.8937378,  -71.3332596,  4998.7, 30.00,  5228.0,  19.2, 149.72, 168.59,  -14.68,   0.68,  -0.21,   0.00,   0.03,  72.1,  78.2,  27.7,  28.8,   1.5,  21.67,  22.38,    16.27,  183.61,   53.73,  30.37, 2487.5,    0.75,  319.89,  345.27,  356.75,  333.35,  337.64,  333.33, 1464.74, 1520.15, 1492.67, 1472.73, 1472.85, 1468.20, 1542.94, 1548.71,  5136.4, 167,  GPS,   78.0, 116.50, 115.60, 125.050, 121.500, -0.002, -5.915,  18.61, -41.3,   25.0,   78.3,  -14.6,      1,   GPS,    ALT,  -0.0,   0.6,  47.2, 3DDiff, 1852,      ,     12,  13.0,     17
2018-08-27, 17:48:43,  -04:00,   KPSM,   42.8940849,  -71.3323135,  4999.7, 30.00,  5228.9,  19.2, 150.60, 168.32,  -18.54,   0.81,   0.18,  -0.01,  -0.04,  72.3,  78.2,  27.7,  28.8,   1.5,  21.68,  22.35,    16.26,  183.61,   53.63,  30.40, 2487.4,    0.75,  319.97,  345.33,  356.79,  333.41,  337.65,  333.42, 1464.10, 1520.57, 1492.93, 1473.12, 1471.97, 1469.18, 1543.19, 1548.49,  5137.4, 168,  GPS,   78.0, 116.50, 115.60, 125.050, 121.500, -0.002, -5.906,  18.63, -41.0,   25.0,   78.3,  -14.6,      1,   GPS,    ALT,  -0.0,   0.6,  51.2, 3DDiff, 1852,      ,     12,  13.0,     18
2018-08-27, 17:48:44,  -04:00,   KPSM,   42.8944321,  -71.3313675,  4999.7, 30.00,  5229.0,  19.2, 150.49, 168.03,  -12.20,   0.85,   0.09,   0.01,  -0.00,  72.4,  78.2,  27.7,  28.8,   1.5,  21.70,  22.32,    16.27,  183.61,   53.40,  30.44, 2485.9,    0.75,  320.03,  345.40,  356.88,  333.48,  337.70,  333.48, 1464.95, 1520.88, 1493.49, 1474.18, 1473.89, 1468.85, 1543.42, 1549.21,  5137.5, 168,  GPS,   78.0, 116.50, 115.60, 125.050, 121.500, -0.002, -5.897,  18.63, -40.8,   24.9,   78.3,  -14.6,      1,   GPS,    ALT,  -0.0,   0.8,  35.4, 3DDiff, 1852,      ,     12,  13.0,     17
2018-08-27, 17:48:45,  -04:00,   KPSM,   42.8947754,  -71.3304214,  5000.7, 30.00,  5229.5,  19.2, 150.26, 167.73,   26.86,   0.79,   0.36,  -0.00,  -0.02,  72.4,  78.3,  27.7,  28.8,   1.5,  21.69,  22.30,    16.22,  183.60,   53.73,  30.42, 2484.3,    0.75,  320.12,  345.49,  356.95,  333.54,  337.71,  333.57, 1463.97, 1520.56, 1493.11, 1473.82, 1473.57, 1469.63, 1543.31, 1547.68,  5138.0, 168,  GPS,   78.0, 116.50, 115.60, 125.050, 121.500, -0.002, -5.888,  18.63, -40.5,   24.9,   78.3,  -14.6,      1,   GPS,    ALT,  -0.0,   0.8,  31.5, 3DDiff, 1852,      ,     12,  13.0,     17
2018-08-27, 17:48:46,  -04:00,   KPSM,   42.8951111,  -71.3294983,  5001.7, 30.00,  5229.4,  19.2, 149.25, 167.50,   48.98,   0.74,  -0.12,   0.00,  -0.02,  72.3,  78.3,  27.7,  28.8,   1.5,  21.67,  22.32,    16.23,  183.58,   53.87,  30.44, 2484.9,    0.75,  320.19,  345.58,  357.03,  333.62,  337.74,  333.63, 1464.74, 1520.62, 1493.79, 1473.38, 1473.01, 1469.74, 1543.02, 1548.16,  5137.9, 167,  GPS,   78.0, 116.50, 115.60, 125.050, 121.500, -0.002, -5.879,  18.61, -40.2,   24.8,   78.3,  -14.6,      1,   GPS,    ALT,  -0.1,   0.8,  15.7, 3DDiff, 1852,      ,     12,  13.0,     17
2018-08-27, 17:48:47,  -04:00,   KPSM,   42.8954544,  -71.3285446,  5001.7, 30.00,  5229.5,  19.2, 149.01, 167.29,   45.61,   0.65,   0.20,  -0.01,  -0.03,  72.2,  78.4,  27.7,  28.8,   1.5,  21.67,  22.33,    16.21,  183.53,   53.80,  30.40, 2486.3,    0.75,  320.25,  345.65,  357.06,  333.69,  337.77,  333.69, 1464.75, 1521.16, 1493.89, 1474.03, 1473.32, 1468.92, 1543.39, 1548.55,  5138.0, 166,  GPS,   78.0, 116.50, 115.60, 125.050, 121.500, -0.002, -5.870,  18.58, -39.8,   24.8,   78.3,  -14.6,      1,   GPS,    ALT,  -0.1,   0.7,   7.9, 3DDiff, 1852,      ,     12,  13.0,     17
2018-08-27, 17:48:48,  -04:00,   KPSM,   42.8957901,  -71.3276062,  5002.7, 30.00,  5229.2,  19.2, 148.74, 167.13,   41.83,   0.56,   0.38,  -0.00,   0.00,  72.2,  78.4,  27.7,  28.8,   1.5,  21.67,  22.32,    16.14,  183.50,   53.66,  30.39, 2485.7,    0.75,  320.34,  345.75,  357.13,  333.75,  337.77,  333.78, 1464.66, 1521.08, 1494.14, 1473.70, 1473.82, 1468.71, 1543.41, 1548.25,  5137.7, 166,  GPS,   78.0, 116.50, 115.60, 125.050, 121.500, -0.002, -5.861,  18.55, -39.4,   24.8,   78.3,  -14.6,      1,   GPS,    ALT,  -0.1,   0.6, -11.8, 3DDiff, 1852,      ,     12,  13.0,     17
2018-08-27, 17:48:49,  -04:00,   KPSM,   42.8961334,  -71.3266602,  5002.7, 30.00,  5229.0,  19.2, 148.40, 167.03,   32.39,   0.42,   0.25,  -0.01,  -0.03,  72.1,  78.4,  27.7,  28.8,   1.5,  21.66,  22.32,    16.18,  183.49,   53.82,  30.37, 2484.3,    0.75,  320.42,  345.82,  357.19,  333.81,  337.77,  333.84, 1463.65, 1520.18, 1494.09, 1472.46, 1473.09, 1467.86, 1543.15, 1547.66,  5137.5, 166,  GPS,   78.0, 116.50, 115.60, 125.050, 121.500, -0.003, -5.853,  18.52, -39.0,   24.7,   78.3,  -14.6,      1,   GPS,    ALT,  -0.2,   0.5, -11.8, 3DDiff, 1852,      ,     12,  13.0,     18
2018-08-27, 17:48:50,  -04:00,   KPSM,   42.8964729,  -71.3257141,  5001.7, 30.00,  5228.7,  19.2, 147.29, 166.98,    1.27,   0.47,  -0.55,   0.00,  -0.03,  72.1,  78.5,  27.7,  28.8,   1.5,  21.63,  22.33,    16.14,  183.46,   53.78,  30.33, 2484.3,    0.75,  320.48,  345.88,  357.25,  333.89,  337.77,  333.92, 1463.44, 1520.13, 1493.62, 1471.81, 1473.21, 1467.33, 1542.53, 1547.44,  5137.2, 164,  GPS,   78.0, 116.50, 115.60, 125.050, 121.500, -0.003, -5.845,  18.49, -38.6,   24.7,   78.3,  -14.6,      1,   GPS,    ALT,  -0.2,   0.5, -39.4, 3DDiff, 1852,      ,     12,  13.0,     17
2018-08-27, 17:48:51,  -04:00,   KPSM,   42.8968163,  -71.3247681,  5001.7, 30.00,  5227.7,  19.2, 146.57, 166.96,  -11.76,   0.49,  -0.75,   0.00,  -0.01,  71.9,  78.4,  27.7,  28.8,   1.5,  21.63,  22.34,    16.14,  183.47,   53.68,  30.31, 2486.9,    0.74,  320.55,  345.95,  357.30,  333.93,  337.78,  333.99, 1463.31, 1521.85, 1492.65, 1472.33, 1472.98, 1465.57, 1543.45, 1546.97,  5136.2, 164,  GPS,   78.0, 116.50, 115.60, 125.050, 121.500, -0.003, -5.837,  18.46, -38.2,   24.6,   78.3,  -14.6,      1,   GPS,    ALT,  -0.2,   0.5, -70.9, 3DDiff, 1852,      ,     12,  13.0,     17
2018-08-27, 17:48:52,  -04:00,   KPSM,   42.8971519,  -71.3238297,  4999.7, 30.00,  5226.7,  19.2, 146.34, 166.94,  -52.15,   0.55,  -0.59,  -0.01,   0.01,  71.9,  78.4,  27.7,  28.8,   1.5,  21.63,  22.34,    16.10,  183.47,   53.73,  30.31, 2484.4,    0.74,  320.62,  346.04,  357.36,  334.00,  337.77,  334.03, 1463.96, 1521.00, 1492.20, 1472.78, 1472.92, 1466.10, 1543.34, 1547.30,  5135.2, 163,  GPS,   78.0, 116.50, 115.60, 125.050, 121.500, -0.003, -5.830,  18.44, -37.9,   24.6,   78.3,  -14.6,      1,   GPS,    ALT,  -0.2,   0.6, -90.6, 3DDiff, 1852,      ,     12,  13.0,     17
2018-08-27, 17:48:53,  -04:00,   KPSM,   42.8975029,  -71.3228836,  4999.7, 30.00,  5225.6,  19.2, 146.59, 166.90,  -43.87,   0.57,  -0.49,  -0.00,   0.01,  71.8,  78.4,  27.7,  28.8,   1.5,  21.65,  22.32,    16.20,  183.50,   53.81,  30.35, 2486.1,    0.75,  320.71,  346.10,  357.40,  334.06,  337.77,  334.09, 1463.68, 1520.66, 1493.14, 1471.60, 1472.97, 1466.07, 1542.92, 1547.74,  5134.0, 164,  GPS,   78.0, 116.50, 115.60, 125.050, 121.500, -0.003, -5.822,  18.43, -37.4,   24.5,   78.3,  -14.7,      1,   GPS,    ALT,  -0.2,   0.7, -74.8, 3DDiff, 1852,      ,     12,  12.5,     17
2018-08-27, 17:48:54,  -04:00,   KPSM,   42.8978424,  -71.3219528,  4998.7, 30.00,  5225.0,  19.2, 146.16, 166.88,  -57.47,   0.56,  -0.31,   0.00,   0.00,  71.7,  78.4,  27.7,  28.8,   1.5,  21.67,  22.30,    16.16,  183.55,   53.62,  30.34, 2483.6,    0.75,  320.79,  346.18,  357.48,  334.12,  337.75,  334.15, 1463.80, 1520.69, 1493.52, 1471.40, 1473.26, 1466.30, 1542.83, 1547.90,  5133.5, 163,  GPS,   78.0, 116.50, 115.60, 125.050, 121.500, -0.003, -5.815,  18.43, -37.4,   24.5,   78.3,  -14.7,      1,   GPS,    ALT,  -0.2,   0.6, -43.3, 3DDiff, 1852,      ,     12,  13.0,     17
2018-08-27, 17:48:55,  -04:00,   KPSM,   42.8981857,  -71.3209991,  4997.7, 30.00,  5224.6,  19.2, 145.86, 166.88,  -49.54,   0.53,  -0.22,  -0.00,   0.01,  71.8,  78.3,  27.7,  28.8,   1.5,  21.70,  22.28,    16.11,  183.58,   53.75,  30.30, 2486.9,    0.74,  320.85,  346.25,  357.52,  334.18,  337.77,  334.17, 1464.35, 1520.63, 1493.05, 1470.42, 1472.74, 1467.05, 1542.12, 1547.53,  5133.1, 163,  GPS,   78.0, 116.50, 115.60, 125.050, 121.500, -0.003, -5.807,  18.43, -37.2,   24.4,   78.3,  -14.7,      1,   GPS,    ALT,  -0.2,   0.6, -31.5, 3DDiff, 1852,      ,     12,  13.0,     17
2018-08-27, 17:48:56,  -04:00,   KPSM,   42.8985291,  -71.3200607,  4996.7, 30.00,  5224.0,  19.2, 145.62, 166.90,  -54.53,   0.56,  -0.13,  -0.01,   0.02,  71.8,  78.3,  27.7,  28.8,   1.5,  21.71,  22.26,    16.19,  183.65,   53.80,  30.26, 2485.8,    0.75,  320.92,  346.32,  357.59,  334.21,  337.74,  334.22, 1464.07, 1521.67, 1492.93, 1469.44, 1471.11, 1466.01, 1541.74, 1547.10,  5132.5, 163,  GPS,   78.0, 116.50, 115.60, 125.050, 121.500, -0.003, -5.800,  18.44, -37.1,   24.4,   78.3,  -14.7,      1,   GPS,    ALT,  -0.1,   0.6, -15.7, 3DDiff, 1852,      ,     12,  12.5,     17
2018-08-27, 17:48:57,  -04:00,   KPSM,   42.8988724,  -71.3191223,  4996.7, 30.00,  5224.3,  19.2, 145.83, 166.92,  -37.15,   0.52,  -0.15,   0.01,  -0.00,  71.9,  78.3,  27.7,  28.8,   1.5,  21.74,  22.24,    16.19,  183.71,   53.64,  30.31, 2484.8,    0.75,  320.98,  346.39,  357.64,  334.27,  337.74,  334.27, 1463.84, 1521.16, 1493.33, 1470.14, 1471.25, 1466.08, 1542.10, 1547.39,  5132.8, 163,  GPS,   78.0, 116.50, 115.60, 125.050, 121.500, -0.003, -5.792,  18.46, -37.0,   24.3,   78.3,  -14.7,      1,   GPS,    ALT,  -0.1,   0.6,  11.8, 3DDiff, 1852,      ,     12,  12.5,     16
2018-08-27, 17:48:58,  -04:00,   KPSM,   42.8992195,  -71.3181763,  4997.7, 30.00,  5224.1,  19.2, 145.74, 166.94,   -5.54,   0.51,  -0.05,   0.00,   0.01,  71.8,  78.3,  27.7,  28.8,   1.5,  21.76,  22.23,    16.14,  183.77,   53.70,  30.32, 2485.4,    0.74,  321.07,  346.43,  357.70,  334.34,  337.75,  334.31, 1463.49, 1521.34, 1493.64, 1470.18, 1471.18, 1467.70, 1542.14, 1546.95,  5132.6, 163,  GPS,   78.0, 116.50, 115.60, 125.050, 121.500, -0.003, -5.782,  18.47, -37.0,   24.3,   78.3,  -14.7,      1,   GPS,    ALT,  -0.1,   0.5,  31.5, 3DDiff, 1852,      ,     12,  12.5,     16
2018-08-27, 17:48:59,  -04:00,   KPSM,   42.8995628,  -71.3172379,  4998.7, 30.00,  5225.1,  19.2, 145.69, 167.00,    3.60,   0.37,   0.16,  -0.01,  -0.02,  71.8,  78.3,  27.7,  28.8,   1.5,  21.77,  22.23,    16.15,  183.83,   53.88,  30.32, 2485.6,    0.75,  321.13,  346.52,  357.77,  334.40,  337.73,  334.36, 1464.26, 1521.40, 1493.15, 1469.59, 1471.33, 1468.18, 1542.26, 1547.21,  5133.5, 163,  GPS,   78.0, 116.50, 115.60, 125.050, 121.500, -0.003, -5.773,  18.49, -37.0,   24.2,   78.3,  -14.7,      1,   GPS,     VS,  -0.1,   0.4,  51.2, 3DDiff, 1852,      ,     12,  12.5,     17
2018-08-27, 17:49:00,  -04:00,   KPSM,   42.8999062,  -71.3162918,  4998.7, 30.00,  5225.5,  19.2, 145.79, 167.05,    3.54,   0.24,  -0.01,  -0.00,  -0.04,  71.9,  78.3,  27.7,  28.8,   1.5,  21.77,  22.23,    16.15,  183.91,   53.77,  30.34, 2485.8,    0.75,  321.22,  346.59,  357.83,  334.47,  337.73,  334.42, 1464.27, 1520.59, 1493.21, 1470.22, 1471.58, 1469.21, 1542.59, 1547.50,  5134.0, 163,  GPS,   78.0, 116.50, 115.60, 125.050, 121.500, -0.003, -5.765,  18.51, -37.1,   24.2,   78.3,  -14.7,      1,   GPS,     VS,  -0.1,   0.2,  35.4, 3DDiff, 1852,      ,     12,  12.5,     17
2018-08-27, 17:49:01,  -04:00,   KPSM,   42.9002495,  -71.3153534,  4998.7, 30.00,  5224.6,  19.2, 145.17, 167.19,   -0.20,  -0.36,   0.03,   0.00,  -0.10,  71.8,  78.3,  27.7,  28.8,   1.5,  21.76,  22.23,    16.23,  183.94,   53.64,  30.34, 2487.9,    0.75,  321.28,  346.65,  357.89,  334.52,  337.71,  334.47, 1464.18, 1520.68, 1493.61, 1470.85, 1472.31, 1469.77, 1543.29, 1548.01,  5133.0, 162,  GPS,   78.0, 116.50, 115.60, 125.050, 121.500, -0.003, -5.756,  18.53, -37.2,   24.1,   78.3,  -14.7,      1,   GPS,     VS,  -0.1,  -0.3, -43.3, 3DDiff, 1852,      ,     12,  12.5,     17
2018-08-27, 17:49:02,  -04:00,   KPSM,   42.9005966,  -71.3144073,  4997.7, 30.00,  5221.2,  19.2, 145.30, 167.42,   -5.31,  -0.69,  -0.03,  -0.00,  -0.06,  71.8,  78.3,  27.7,  28.8,   1.5,  21.75,  22.23,    16.18,  183.99,   53.60,  30.36, 2485.6,    0.75,  321.34,  346.74,  357.94,  334.58,  337.71,  334.51, 1464.25, 1521.26, 1493.77, 1470.96, 1471.45, 1470.59, 1543.30, 1548.05,  5129.7, 162,  GPS,   78.0, 116.50, 115.60, 125.050, 121.500, -0.003, -5.749,  18.55, -37.4,   24.1,   78.3,  -14.7,      1,   GPS,     VS,  -0.0,  -0.5, -196.9, 3DDiff, 1852,      ,     12,  12.5,     17
2018-08-27, 17:49:03,  -04:00,   KPSM,   42.9009361,  -71.3134613,  4993.7, 30.00,  5215.9,  19.2, 145.60, 167.79,  -87.05,  -0.92,  -0.04,  -0.01,  -0.04,  71.8,  78.3,  27.7,  28.8,   1.5,  21.74,  22.24,    16.21,  184.02,   53.66,  30.32, 2486.9,    0.75,  321.40,  346.83,  358.00,  334.63,  337.72,  334.54, 1464.42, 1521.18, 1493.63, 1470.98, 1471.27, 1470.62, 1543.51, 1548.20,  5124.4, 163,  GPS,   78.0, 116.50, 115.60, 125.050, 121.500, -0.003, -5.744,  18.57, -37.6,   24.1,   78.3,  -14.7,      1,   GPS,     VS,  -0.0,  -0.7, -315.0, 3DDiff, 1852,      ,     12,  12.5,     16
2018-08-27, 17:49:04,  -04:00,   KPSM,   42.9012871,  -71.3125076,  4986.7, 30.00,  5209.3,  19.2, 145.93, 168.22, -214.33,  -1.10,  -0.08,   0.00,  -0.03,  71.8,  78.3,  27.7,  28.8,   1.5,  21.72,  22.24,    16.21,  184.02,   53.44,  30.30, 2487.6,    0.75,  321.49,  346.91,  358.05,  334.72,  337.73,  334.60, 1464.25, 1521.76, 1494.38, 1471.40, 1470.16, 1469.88, 1543.36, 1548.09,  5117.8, 163,  GPS,   78.0, 116.50, 115.60, 125.050, 121.500, -0.003, -5.743,  18.59, -37.8,   24.0,   78.3,  -14.7,      1,   GPS,     VS,  -0.0,  -0.9, -397.6, 3DDiff, 1852,      ,     12,  12.5,     16
2018-08-27, 17:49:05,  -04:00,   KPSM,   42.9016304,  -71.3115616,  4980.7, 30.00,  5201.8,  19.2, 146.57, 168.73, -293.90,  -1.25,  -0.05,   0.00,  -0.02,  71.9,  78.3,  27.7,  28.8,   1.5,  21.71,  22.25,    16.21,  184.04,   53.59,  30.35, 2487.0,    0.75,  321.55,  346.96,  358.13,  334.78,  337.74,  334.66, 1464.90, 1521.12, 1493.74, 1471.25, 1470.38, 1469.31, 1542.51, 1548.04,  5110.3, 164,  GPS,   78.0, 116.50, 115.60, 125.050, 121.500, -0.003, -5.741,  18.64, -38.4,   24.0,   78.3,  -14.7,      1,   GPS,     VS,  -0.0,  -1.0, -448.8, 3DDiff, 1852,      ,     12,  12.5,     17
2018-08-27, 17:49:06,  -04:00,   KPSM,   42.9019775,  -71.3106079,  4973.7, 30.00,  5193.6,  19.2, 146.89, 169.23, -370.17,  -1.26,   0.00,  -0.00,  -0.01,  72.0,  78.3,  27.7,  28.8,   1.5,  21.70,  22.26,    16.19,  184.08,   53.41,  30.36, 2486.5,    0.75,  321.62,  347.04,  358.17,  334.82,  337.73,  334.72, 1464.78, 1521.17, 1493.44, 1471.34, 1470.88, 1469.63, 1542.48, 1548.48,  5102.1, 164,  GPS,   78.0, 116.50, 115.60, 125.050, 121.500, -0.003, -5.739,  18.64, -38.4,   23.9,   78.3,  -14.7,      1,   GPS,     VS,  -0.0,  -1.1, -484.3, 3DDiff, 1852,      ,     12,  12.5,     17
2018-08-27, 17:49:07,  -04:00,   KPSM,   42.9023323,  -71.3096390,  4965.7, 30.00,  5185.2,  19.2, 147.37, 169.76, -426.11,  -1.23,  -0.11,  -0.00,  -0.02,  72.0,  78.3,  27.7,  28.8,   1.5,  21.68,  22.28,    16.22,  184.09,   53.64,  30.35, 2488.2,    0.75,  321.71,  347.10,  358.23,  334.90,  337.76,  334.81, 1465.73, 1521.68, 1493.73, 1469.95, 1470.80, 1470.07, 1542.96, 1548.65,  5093.7, 164,  GPS,   78.0, 116.50, 115.60, 125.050, 121.500, -0.003, -5.739,  18.66, -38.7,   23.9,   78.3,  -14.7,      1,   GPS,     VS,  -0.0,  -1.2, -503.9, 3DDiff, 1852,      ,     12,  12.5,     17
2018-08-27, 17:49:08,  -04:00,   KPSM,   42.9026794,  -71.3086929,  4957.7, 30.00,  5176.0,  19.2, 147.90, 170.24, -461.30,  -1.13,  -0.15,   0.00,   0.00,  72.1,  78.3,  27.7,  28.8,   1.5,  21.66,  22.29,    16.23,  184.13,   53.46,  30.37, 2487.4,    0.75,  321.77,  347.20,  358.31,  334.97,  337.74,  334.87, 1465.31, 1521.79, 1493.08, 1470.61, 1470.61, 1469.41, 1542.84, 1548.11,  5084.5, 165,  GPS,   78.0, 116.50, 115.60, 125.050, 121.500, -0.003, -5.738,  18.69, -39.0,   23.8,   78.3,  -14.7,      1,   GPS,     VS,  -0.0,  -1.2, -515.7, 3DDiff, 1852,      ,     12,  12.5,     17
2018-08-27, 17:49:09,  -04:00,   KPSM,   42.9030266,  -71.3077240,  4949.7, 30.00,  5167.5,  19.2, 148.54, 170.71, -472.08,  -1.09,  -0.14,   0.00,   0.00,  72.2,  78.3,  27.7,  28.8,   1.5,  21.65,  22.29,    16.27,  184.14,   53.63,  30.39, 2488.0,    0.75,  321.84,  347.29,  358.37,  335.06,  337.74,  334.93, 1465.01, 1521.99, 1493.71, 1471.06, 1470.89, 1469.76, 1543.13, 1547.95,  5076.0, 166,  GPS,   78.0, 116.50, 115.60, 125.050, 121.500, -0.003, -5.737,  18.71, -39.3,   23.8,   78.3,  -14.7,      1,   GPS,     VS,  -0.0,  -1.2, -511.8, 3DDiff, 1852,      ,     12,  12.5,     16
2018-08-27, 17:49:10,  -04:00,   KPSM,   42.9033813,  -71.3067551,  4940.7, 30.00,  5158.5,  19.2, 149.17, 171.12, -501.16,  -1.13,  -0.01,  -0.00,   0.01,  72.1,  78.3,  27.7,  28.8,   1.5,  21.63,  22.31,    16.27,  184.15,   53.80,  30.41, 2487.4,    0.75,  321.89,  347.35,  358.44,  335.12,  337.74,  334.97, 1464.10, 1521.43, 1493.35, 1471.00, 1471.40, 1470.04, 1542.89, 1548.00,  5067.0, 166,  GPS,   78.0, 116.50, 115.60, 125.050, 121.500, -0.003, -5.738,  18.73, -39.7,   23.7,   78.3,  -14.7,      1,   GPS,     VS,  -0.0,  -1.2, -507.9, 3DDiff, 1852,      ,     12,  12.5,     16
2018-08-27, 17:49:11,  -04:00,   KPSM,   42.9037361,  -71.3057861,  4932.7, 30.00,  5150.2,  19.2, 149.66, 171.51, -504.32,  -1.19,  -0.02,   0.00,  -0.00,  72.2,  78.3,  27.7,  28.8,   1.5,  21.60,  22.32,    16.30,  184.17,   53.65,  30.42, 2487.5,    0.75,  321.98,  347.43,  358.50,  335.21,  337.72,  335.03, 1464.75, 1521.61, 1494.05, 1471.51, 1471.27, 1469.70, 1543.34, 1548.55,  5058.7, 167,  GPS,   78.0, 116.50, 115.60, 125.050, 121.500, -0.003, -5.737,  18.75, -40.0,   23.7,   78.3,  -14.7,      1,   GPS,     VS,  -0.0,  -1.2, -496.1, 3DDiff, 1852,      ,     12,  12.5,     17
2018-08-27, 17:49:12,  -04:00,   KPSM,   42.9040909,  -71.3048096,  4925.7, 30.00,  5142.0,  19.2, 149.95, 171.91, -489.57,  -1.26,  -0.04,   0.00,   0.00,  72.2,  78.4,  27.7,  28.8,   1.5,  21.58,  22.34,    16.29,  184.20,   53.71,  30.47, 2488.4,    0.75,  322.04,  347.50,  358.56,  335.27,  337.72,  335.09, 1465.68, 1521.81, 1494.22, 1472.60, 1471.43, 1469.87, 1543.75, 1548.91,  5050.5, 167,  GPS,   78.0, 116.50, 115.60, 125.050, 121.500, -0.003, -5.736,  18.77, -40.7,   23.6,   78.3,  -14.7,      1,   GPS,     VS,  -0.0,  -1.2, -484.3, 3DDiff, 1852,      ,     12,  12.5,     17
2018-08-27, 17:49:13,  -04:00,   KPSM,   42.9044418,  -71.3038406,  4917.7, 30.00,  5134.0,  19.2, 150.44, 172.32, -488.06,  -1.32,  -0.07,   0.00,   0.00,  72.1,  78.4,  27.7,  28.8,   1.5,  21.57,  22.35,    16.39,  184.21,   53.85,  30.48, 2488.2,    0.76,  322.10,  347.59,  358.62,  335.36,  337.71,  335.15, 1465.32, 1521.35, 1494.23, 1472.88, 1471.53, 1468.75, 1544.17, 1548.77,  5042.5, 168,  GPS,   78.0, 116.50, 115.60, 125.050, 121.500, -0.003, -5.735,  18.77, -40.7,   23.6,   78.3,  -14.7,      1,   GPS,     VS,  -0.1,  -1.3, -476.4, 3DDiff, 1852,      ,     12,  12.5,     17
2018-08-27, 17:49:14,  -04:00,   KPSM,   42.9047966,  -71.3028717,  4911.7, 30.00,  5126.5,  19.2, 151.22, 172.71, -480.11,  -1.32,  -0.07,  -0.00,  -0.00,  72.2,  78.4,  27.7,  28.8,   1.5,  21.55,  22.35,    16.34,  184.23,   53.53,  30.49, 2487.7,    0.75,  322.17,  347.66,  358.71,  335.42,  337.73,  335.21, 1465.41, 1521.24, 1494.58, 1472.14, 1470.83, 1469.03, 1543.85, 1548.63,  5035.0, 169,  GPS,   78.0, 116.50, 115.60, 125.050, 121.500, -0.003, -5.732,  18.78, -41.0,   23.5,   78.3,  -14.7,      1,   GPS,     VS,  -0.1,  -1.3, -476.4, 3DDiff, 1852,      ,     12,  12.5,     17
2018-08-27, 17:49:15,  -04:00,   KPSM,   42.9051514,  -71.3018875,  4905.7, 30.00,  5118.3,  19.2, 152.11, 173.06, -483.55,  -1.36,  -0.16,   0.00,  -0.00,  72.2,  78.4,  27.7,  28.8,   1.5,  21.54,  22.34,    16.27,  184.20,   53.49,  30.47, 2486.5,    0.75,  322.26,  347.74,  358.75,  335.48,  337.71,  335.25, 1464.50, 1521.74, 1494.62, 1472.14, 1471.23, 1470.09, 1544.32, 1548.52,  5026.8, 170,  GPS,   78.0, 116.50, 115.60, 125.050, 121.500, -0.003, -5.730,  18.80, -41.3,   23.5,   78.3,  -14.7,      1,   GPS,     VS,  -0.1,  -1.4, -480.3, 3DDiff, 1852,      ,     12,  12.5,     16
2018-08-27, 17:49:16,  -04:00,   KPSM,   42.9055061,  -71.3009109,  4899.7, 30.00,  5110.9,  19.2, 152.82, 173.37, -467.03,  -1.51,  -0.25,  -0.00,  -0.02,  72.3,  78.4,  27.7,  28.8,   1.5,  21.53,  22.33,    16.33,  184.20,   53.49,  30.47, 2488.0,    0.75,  322.31,  347.83,  358.83,  335.57,  337.74,  335.33, 1466.03, 1522.24, 1494.88, 1473.40, 1471.68, 1468.26, 1544.58, 1549.55,  5019.4, 171,  GPS,   78.0, 116.50, 115.60, 125.050, 121.500, -0.003, -5.727,  18.81, -41.5,   23.4,   78.3,  -14.7,      1,   GPS,     VS,  -0.1,  -1.4, -468.5, 3DDiff, 1852,      ,     12,  12.5,     16
2018-08-27, 17:49:17,  -04:00,   KPSM,   42.9058685,  -71.2999268,  4891.7, 30.00,  5102.6,  19.2, 153.06, 173.70, -469.01,  -1.47,  -0.11,  -0.00,   0.01,  72.5,  78.3,  27.7,  28.8,   1.5,  21.55,  22.28,    16.29,  184.20,   53.51,  30.46, 2486.5,    0.75,  322.40,  347.90,  358.90,  335.64,  337.76,  335.39, 1464.93, 1522.26, 1494.70, 1473.03, 1471.37, 1468.18, 1544.69, 1548.73,  5011.1, 171,  GPS,   78.0, 116.50, 115.60, 125.050, 121.500, -0.003, -5.726,  18.82, -41.7,   23.4,   78.3,  -14.7,      1,   GPS,     VS,  -0.1,  -1.5, -492.1, 3DDiff, 1852,      ,     12,  12.5,     17
2018-08-27, 17:49:18,  -04:00,   KPSM,   42.9062233,  -71.2989502,  4884.7, 30.00,  5094.4,  19.2, 153.12, 174.01, -471.14,  -1.53,   0.04,   0.00,   0.00,  72.5,  78.3,  27.7,  28.8,   1.5,  21.56,  22.26,    16.27,  184.17,   53.53,  30.46, 2488.1,    0.75,  322.44,  347.99,  358.95,  335.70,  337.75,  335.45, 1464.86, 1522.01, 1494.35, 1471.90, 1470.82, 1469.25, 1544.26, 1548.75,  5002.9, 171,  GPS,   78.0, 116.50, 115.60, 125.050, 121.500, -0.003, -5.725,  18.82, -41.8,   23.3,   78.3,  -14.7,      1,   GPS,     VS,  -0.1,  -1.5, -496.1, 3DDiff, 1852,      ,     12,  12.5,     17
2018-08-27, 17:49:19,  -04:00,   KPSM,   42.9065857,  -71.2979584,  4876.7, 30.00,  5086.4,  19.2, 153.15, 174.38, -468.41,  -1.65,   0.04,   0.00,  -0.02,  72.4,  78.3,  27.7,  28.8,   1.5,  21.55,  22.27,    16.33,  184.14,   53.52,  30.49, 2488.5,    0.75,  322.52,  348.08,  359.02,  335.75,  337.74,  335.52, 1465.91, 1521.49, 1494.48, 1473.23, 1471.82, 1469.39, 1544.30, 1549.75,  4994.9, 171,  GPS,   78.0, 116.50, 115.60, 125.050, 121.500, -0.003, -5.724,  18.82, -41.9,   23.3,   78.3,  -14.7,      1,   GPS,     VS,  -0.1,  -1.6, -484.3, 3DDiff, 1852,      ,     12,  12.5,     17
2018-08-27, 17:49:20,  -04:00,   KPSM,   42.9069443,  -71.2969818,  4870.7, 30.00,  5077.1,  19.2, 153.49, 174.73, -459.53,  -1.66,  -0.09,   0.00,  -0.00,  72.5,  78.3,  27.7,  28.8,   1.5,  21.52,  22.27,    16.37,  184.09,   53.62,  30.50, 2489.4,    0.76,  322.59,  348.14,  359.05,  335.82,  337.77,  335.58, 1466.87, 1522.34, 1494.85, 1473.05, 1472.83, 1469.11, 1544.59, 1550.55,  4985.9, 171,  GPS,   78.0, 116.50, 115.60, 125.050, 121.500, -0.002, -5.721,  18.80, -42.0,   23.2,   78.3,  -14.7,      1,   GPS,     VS,  -0.0,  -1.6, -503.9, 3DDiff, 1852,      ,     12,  12.5,     17
2018-08-27, 17:49:21,  -04:00,   KPSM,   42.9073029,  -71.2959900,  4861.7, 30.00,  5068.8,  19.2, 153.46, 175.10, -470.09,  -1.67,  -0.08,  -0.00,   0.00,  72.4,  78.3,  27.7,  28.8,   1.5,  21.52,  22.26,    16.26,  184.04,   53.59,  30.50, 2488.1,    0.75,  322.65,  348.21,  359.11,  335.88,  337.77,  335.66, 1466.20, 1522.43, 1494.75, 1473.15, 1472.06, 1469.13, 1545.03, 1549.65,  4977.5, 171,  GPS,   78.0, 116.50, 115.60, 125.050, 121.500, -0.002, -5.721,  18.79, -42.0,   23.2,   78.3,  -14.7,      1,   GPS,     VS,  -0.0,  -1.6, -515.7, 3DDiff, 1852,      ,     12,  12.5,     16
2018-08-27, 17:49:22,  -04:00,   KPSM,   42.9076653,  -71.2949982,  4853.7, 30.00,  5060.0,  19.2, 153.58, 175.45, -492.23,  -1.64,  -0.03,   0.00,  -0.00,  72.4,  78.3,  27.7,  28.8,   1.5,  21.50,  22.25,    16.30,  183.98,   53.72,  30.44, 2488.5,    0.75,  322.70,  348.30,  359.17,  335.94,  337.77,  335.73, 1465.47, 1521.94, 1493.81, 1473.30, 1471.41, 1469.33, 1544.57, 1548.56,  4968.8, 171,  GPS,   78.0, 116.50, 115.60, 125.050, 121.500, -0.003, -5.721,  18.76, -42.1,   23.1,   78.3,  -14.7,      1,   GPS,     VS,  -0.0,  -1.7, -511.8, 3DDiff, 1852,      ,     12,  12.5,     16
2018-08-27, 17:49:23,  -04:00,   KPSM,   42.9080238,  -71.2940063,  4845.7, 30.00,  5051.7,  19.0, 153.89, 175.82, -505.33,  -1.64,  -0.16,   0.00,  -0.01,  72.4,  78.3,  27.7,  28.8,   1.5,  21.50,  22.25,    16.29,  183.94,   53.58,  30.43, 2488.5,    0.75,  322.80,  348.36,  359.21,  336.00,  337.77,  335.75, 1465.19, 1522.75, 1493.45, 1472.53, 1470.50, 1469.60, 1544.77, 1547.83,  4960.5, 172,  GPS,   78.0, 116.50, 115.60, 125.050, 121.500, -0.003, -5.720,  18.73, -42.1,   23.1,   78.3,  -14.7,      1,   GPS,     VS,  -0.0,  -1.7, -496.1, 3DDiff, 1852,      ,     12,  12.5,     17
2018-08-27, 17:49:24,  -04:00,   KPSM,   42.9083900,  -71.2930069,  4838.7, 30.00,  5043.3,  19.0, 154.28, 176.15, -509.51,  -1.59,  -0.23,   0.00,   0.01,  72.5,  78.3,  27.7,  28.8,   1.5,  21.50,  22.22,    16.30,  183.88,   53.59,  30.48, 2487.5,    0.75,  322.83,  348.42,  359.23,  336.06,  337.79,  335.82, 1464.55, 1521.62, 1492.77, 1472.95, 1471.79, 1469.45, 1544.50, 1547.74,  4952.0, 172,  GPS,   78.0, 116.50, 115.60, 125.050, 121.500, -0.002, -5.718,  18.71, -42.1,   23.0,   78.3,  -14.7,      1,   GPS,     VS,  -0.0,  -1.7, -500.0, 3DDiff, 1852,      ,     12,  12.5,     17
2018-08-27, 17:49:25,  -04:00,   KPSM,   42.9087563,  -71.2920227,  4829.7, 30.00,  5035.1,  19.0, 154.48, 176.44, -504.21,  -1.61,  -0.11,  -0.00,  -0.01,  72.4,  78.3,  27.7,  28.8,   1.5,  21.51,  22.20,    16.31,  183.82,   53.83,  30.48, 2488.3,    0.75,  322.92,  348.50,  359.24,  336.10,  337.77,  335.85, 1464.24, 1520.96, 1494.11, 1473.68, 1472.82, 1468.99, 1544.08, 1548.40,  4943.9, 172,  GPS,   78.0, 116.50, 115.60, 125.050, 121.500, -0.002, -5.718,  18.68, -42.2,   23.0,   78.3,  -14.7,      1,   GPS,     VS,  -0.0,  -1.6, -488.2, 3DDiff, 1852,      ,     12,  13.0,     17
2018-08-27, 17:49:26,  -04:00,   KPSM,   42.9091148,  -71.2910233,  4822.7, 30.00,  5027.5,  19.0, 154.80, 176.71, -507.97,  -1.47,   0.09,   0.01,  -0.02,  72.4,  78.3,  27.7,  28.8,   1.5,  21.51,  22.18,    16.34,  183.77,   53.73,  30.46, 2487.8,    0.75,  322.98,  348.55,  359.26,  336.16,  337.79,  335.88, 1462.82, 1520.91, 1493.35, 1472.68, 1472.05, 1469.84, 1543.48, 1547.73,  4936.3, 173,  GPS,   78.0, 116.50, 115.60, 125.050, 121.500, -0.002, -5.716,  18.65, -42.2,   23.0,   78.3,  -14.7,      1,   GPS,     VS,  -0.0,  -1.6, -500.0, 3DDiff, 1852,      ,     12,  12.5,     17
2018-08-27, 17:49:27,  -04:00,   KPSM,   42.9094772,  -71.2900238,  4814.7, 30.00,  5019.3,  19.0, 154.43, 176.97, -499.08,  -1.38,  -0.08,   0.00,   0.01,  72.2,  78.3,  27.7,  28.8,   1.5,  21.50,  22.19,    16.43,  183.75,   53.68,  30.44, 2486.9,    0.76,  323.04,  348.60,  359.27,  336.19,  337.80,  335.97, 1463.74, 1519.95, 1494.20, 1473.54, 1472.69, 1470.39, 1543.52, 1548.45,  4928.0, 172,  GPS,   78.0, 116.50, 115.60, 125.050, 121.500, -0.002, -5.715,  18.62, -42.2,   22.9,   78.3,  -14.7,      1,   GPS,     VS,  -0.0,  -1.5, -511.8, 3DDiff, 1852,      ,     12,  12.5,     16
2018-08-27, 17:49:28,  -04:00,   KPSM,   42.9098434,  -71.2890244,  4807.7, 30.00,  5011.1,  19.0, 154.52, 177.22, -464.57,  -1.47,  -0.14,  -0.00,  -0.01,  72.3,  78.3,  27.7,  28.8,   1.5,  21.49,  22.18,    16.34,  183.74,   53.65,  30.40, 2487.4,    0.75,  323.08,  348.66,  359.29,  336.25,  337.80,  335.97, 1462.80, 1520.17, 1493.38, 1473.55, 1472.31, 1469.74, 1543.42, 1547.58,  4919.8, 172,  GPS,   78.0, 116.50, 115.60, 125.050, 121.500, -0.002, -5.714,  18.60, -42.3,   22.9,   78.3,  -14.7,      1,   GPS,     VS,  -0.0,  -1.5, -500.0, 3DDiff, 1852,      ,     12,  12.5,     16
2018-08-27, 17:49:29,  -04:00,   KPSM,   42.9102097,  -71.2880173,  4799.7, 30.00,  5002.4,  19.0, 154.59, 177.43, -479.76,  -1.49,  -0.08,  -0.00,  -0.00,  72.3,  78.3,  27.7,  28.8,   1.5,  21.49,  22.15,    16.28,  183.73,   53.71,  30.39, 2487.1,    0.75,  323.16,  348.70,  359.27,  336.28,  337.80,  336.04, 1462.46, 1520.86, 1494.30, 1472.96, 1472.54, 1469.33, 1544.10, 1547.44,  4911.2, 172,  GPS,   78.0, 116.50, 115.60, 125.050, 121.500, -0.002, -5.713,  18.58, -42.3,   22.8,   78.3,  -14.7,      1,   GPS,     VS,  -0.0,  -1.5, -511.8, 3DDiff, 1852,      ,     12,  12.5,     17
2018-08-27, 17:49:30,  -04:00,   KPSM,   42.9105797,  -71.2870102,  4790.7, 30.00,  4993.7,  19.0, 154.83, 177.69, -497.43,  -1.46,  -0.10,   0.01,   0.00,  72.4,  78.3,  27.7,  28.8,   1.5,  21.49,  22.13,    16.22,  183.73,   53.84,  30.40, 2487.3,    0.75,  323.22,  348.78,  359.29,  336.31,  337.80,  336.07, 1463.82, 1520.14, 1494.38, 1472.15, 1473.18, 1469.08, 1542.92, 1548.83,  4902.5, 173,  GPS,   78.0, 116.50, 115.60, 125.050, 121.500, -0.002, -5.713,  18.56, -42.4,   22.8,   78.3,  -14.7,      1,   GPS,     VS,  -0.0,  -1.5, -527.6, 3DDiff, 1852,      ,     12,  12.5,     17
2018-08-27, 17:49:31,  -04:00,   KPSM,   42.9109421,  -71.2860184,  4783.7, 30.00,  4985.3,  19.0, 155.52, 177.88, -509.30,  -1.41,  -0.10,   0.00,   0.03,  72.5,  78.3,  27.7,  28.8,   1.5,  21.50,  22.11,    16.16,  183.74,   53.62,  30.43, 2485.7,    0.75,  323.25,  348.81,  359.29,  336.34,  337.81,  336.12, 1463.84, 1520.03, 1494.25, 1471.97, 1472.79, 1468.06, 1542.18, 1548.64,  4894.1, 173,  GPS,   78.0, 116.50, 115.60, 125.050, 121.500, -0.002, -5.711,  18.55, -42.4,   22.7,   78.3,  -14.7,      1,   GPS,     VS,  -0.0,  -1.4, -511.8, 3DDiff, 1852,      ,     12,  12.5,     17
2018-08-27, 17:49:32,  -04:00,   KPSM,   42.9113083,  -71.2850113,  4776.7, 30.00,  4976.5,  19.0, 155.78, 178.10, -496.29,  -1.60,  -0.03,   0.00,  -0.00,  72.6,  78.3,  27.7,  28.8,   1.5,  21.52,  22.09,    16.31,  183.75,   53.72,  30.43, 2485.1,    0.75,  323.31,  348.87,  359.28,  336.35,  337.85,  336.16, 1463.67, 1520.42, 1493.23, 1470.95, 1473.28, 1468.45, 1541.85, 1548.69,  4885.3, 174,  GPS,   78.0, 116.50, 115.60, 125.050, 121.500, -0.002, -5.709,  18.54, -42.5,   22.7,   78.3,  -14.7,      1,   GPS,     VS,  -0.0,  -1.5, -476.4, 3DDiff, 1852,      ,     12,  12.5,     17
2018-08-27, 17:49:33,  -04:00,   KPSM,   42.9116745,  -71.2840042,  4768.7, 30.00,  4968.5,  19.0, 156.00, 178.31, -498.60,  -1.72,   0.01,   0.00,  -0.01,  72.5,  78.3,  27.7,  28.8,   1.5,  21.52,  22.08,    16.33,  183.78,   53.72,  30.44, 2488.5,    0.75,  323.35,  348.91,  359.29,  336.40,  337.89,  336.19, 1463.81, 1519.89, 1492.92, 1471.82, 1473.31, 1467.84, 1542.13, 1548.23,  4877.2, 174,  GPS,   78.0, 116.50, 115.60, 125.050, 121.500, -0.002, -5.708,  18.53, -42.6,   22.6,   78.3,  -14.7,      1,   GPS,     VS,  -0.0,  -1.6, -476.4, 3DDiff, 1852,      ,     12,  12.5,     16
2018-08-27, 17:49:34,  -04:00,   KPSM,   42.9120445,  -71.2829971,  4760.7, 30.00,  4959.9,  19.0, 156.07, 178.54, -487.42,  -1.78,   0.09,   0.01,  -0.01,  72.5,  78.3,  27.7,  28.8,   1.5,  21.51,  22.08,    16.31,  183.79,   53.59,  30.42, 2487.3,    0.75,  323.40,  348.97,  359.30,  336.41,  337.92,  336.22, 1464.26, 1519.90, 1493.45, 1471.45, 1473.25, 1468.77, 1542.15, 1548.63,  4868.7, 174,  GPS,   78.0, 116.50, 115.60, 125.050, 121.500, -0.002, -5.707,  18.51, -42.7,   22.6,   78.3,  -14.7,      1,   GPS,     VS,  -0.0,  -1.7, -480.3, 3DDiff, 1852,      ,     12,  12.5,     16
2018-08-27, 17:49:35,  -04:00,   KPSM,   42.9124107,  -71.2819824,  4753.7, 30.00,  4951.7,  19.0, 156.33, 178.79, -482.27,  -1.81,   0.00,   0.00,   0.00,  72.4,  78.3,  27.7,  28.8,   1.5,  21.49,  22.08,    16.30,  183.83,   53.45,  30.44, 2486.5,    0.75,  323.43,  348.98,  359.30,  336.43,  337.98,  336.25, 1462.75, 1519.60, 1492.84, 1471.47, 1472.56, 1468.89, 1541.91, 1547.88,  4860.5, 174,  GPS,   78.0, 116.50, 115.60, 125.050, 121.500, -0.002, -5.705,  18.50, -42.7,   22.5,   78.3,  -14.7,      1,   GPS,     VS,  -0.0,  -1.8, -484.3, 3DDiff, 1852,      ,     12,  12.5,     17
2018-08-27, 17:49:36,  -04:00,   KPSM,   42.9127808,  -71.2809830,  4746.7, 30.00,  4943.6,  19.0, 156.86, 179.05, -486.37,  -1.82,  -0.03,  -0.01,  -0.01,  72.4,  78.3,  27.7,  28.8,   1.5,  21.47,  22.08,    16.40,  183.84,   53.44,  30.45, 2487.4,    0.76,  323.47,  349.05,  359.32,  336.49,  338.07,  336.25, 1462.99, 1519.75, 1493.47, 1472.83, 1472.94, 1469.23, 1541.92, 1548.74,  4852.4, 175,  GPS,   78.0, 116.50, 115.60, 125.050, 121.500, -0.002, -5.703,  18.48, -42.8,   22.5,   78.3,  -14.7,      1,   GPS,     VS,   0.0,  -1.8, -480.3, 3DDiff, 1852,      ,     12,  12.5,     17
2018-08-27, 17:49:37,  -04:00,   KPSM,   42.9131546,  -71.2799606,  4741.7, 30.00,  4935.1,  19.0, 157.45, 179.24, -472.23,  -1.70,  -0.09,  -0.01,  -0.02,  72.6,  78.3,  27.7,  28.8,   1.5,  21.46,  22.06,    16.43,  183.85,   53.43,  30.47, 2488.3,    0.76,  323.50,  349.08,  359.33,  336.49,  338.20,  336.26, 1463.14, 1520.23, 1493.86, 1472.90, 1473.82, 1468.43, 1542.80, 1549.28,  4843.9, 176,  GPS,   78.0, 116.50, 115.60, 125.050, 121.500, -0.002, -5.699,  18.47, -42.9,   22.4,   78.3,  -14.7,      1,   GPS,     VS,   0.0,  -1.8, -500.0, 3DDiff, 1852,      ,     12,  12.5,     17
2018-08-27, 17:49:38,  -04:00,   KPSM,   42.9135208,  -71.2789612,  4733.7, 30.00,  4927.0,  19.0, 158.35, 179.38, -473.53,  -1.49,   0.01,   0.00,  -0.01,  72.6,  78.3,  27.7,  28.8,   1.6,  21.49,  22.00,    16.34,  183.85,   53.38,  30.55, 2485.3,    0.75,  323.55,  349.11,  359.35,  336.50,  338.34,  336.30, 1463.09, 1521.18, 1495.02, 1472.99, 1474.51, 1469.22, 1543.36, 1550.11,  4835.8, 177,  GPS,   78.0, 116.50, 115.60, 125.050, 121.500, -0.002, -5.698,  18.46, -42.9,   22.4,   78.3,  -14.7,      1,   GPS,     VS,   0.0,  -1.7, -531.5, 3DDiff, 1852,      ,     12,  12.5,     17
2018-08-27, 17:49:39,  -04:00,   KPSM,   42.9138908,  -71.2779388,  4723.7, 30.00,  4917.9,  19.2, 157.48, 179.46, -500.30,  -1.33,   0.00,  -0.00,   0.01,  72.5,  78.3,  27.7,  28.8,   1.6,  21.50,  21.98,    16.28,  183.84,   53.35,  30.47, 2485.4,    0.75,  323.59,  349.13,  359.36,  336.52,  338.52,  336.30, 1462.71, 1522.79, 1494.54, 1472.52, 1475.46, 1468.43, 1544.24, 1549.98,  4826.7, 176,  GPS,   78.0, 116.50, 115.60, 125.050, 121.500, -0.002, -0.499,  18.45, -42.9,   22.3,   78.3,  -14.7,      1,   GPS,     VS,   0.0,  -1.5, -555.1, 3DDiff, 1852,      ,     12,  12.5,     16
2018-08-27, 17:49:40,  -04:00,   KPSM,   42.9142570,  -71.2769318,  4714.7, 30.00,  4909.4,  19.2, 157.48, 179.53, -521.08,  -1.21,   0.01,  -0.00,  -0.00,  72.5,  78.3,  27.7,  28.8,   1.5,  21.49,  21.98,    16.30,  183.83,   53.55,  30.41, 2487.5,    0.75,  323.59,  349.15,  359.39,  336.55,  338.72,  336.31, 1462.76, 1522.71, 1493.92, 1470.87, 1474.82, 1469.18, 1543.50, 1549.62,  4818.2, 176,  GPS,   78.0, 116.50, 115.60, 125.050, 121.500, -0.001, -0.499,  18.43, -42.9,   22.3,   78.3,  -14.7,      1,   GPS,     VS,   0.0,  -1.4, -539.4, 3DDiff, 1852,      ,     12,  12.5,     16
2018-08-27, 17:49:41,  -04:00,   KPSM,   42.9146309,  -71.2759171,  4705.7, 30.00,  4900.6,  19.2, 157.28, 179.55, -515.89,  -1.20,  -0.01,   0.01,  -0.01,  72.5,  78.3,  27.7,  28.8,   1.5,  21.48,  21.99,    16.30,  183.78,   53.58,  30.48, 2485.1,    0.75,  323.62,  349.21,  359.39,  336.53,  338.92,  336.34, 1464.11, 1522.01, 1494.31, 1471.07, 1475.15, 1470.15, 1543.73, 1550.49,  4809.4, 175,  GPS,   78.0, 116.50, 115.60, 125.050, 121.500, -0.001, -0.499,  18.42, -42.8,   22.2,   78.3,  -14.7,      1,   GPS,     VS,   0.0,  -1.3, -531.5, 3DDiff, 1852,      ,     12,  13.0,     17
2018-08-27, 17:49:42,  -04:00,   KPSM,   42.9150009,  -71.2749023,  4698.7, 30.00,  4891.7,  19.2, 157.16, 179.57, -503.77,  -1.11,  -0.11,   0.00,  -0.00,  72.5,  78.3,  27.7,  28.8,   1.5,  21.47,  21.98,    16.23,  183.75,   53.85,  30.43, 2486.8,    0.75,  323.68,  349.24,  359.42,  336.55,  339.10,  336.34, 1464.55, 1522.15, 1494.74, 1470.62, 1475.27, 1470.33, 1543.72, 1550.84,  4800.5, 175,  GPS,   78.0, 116.50, 115.60, 125.050, 121.500, -0.001, -0.497,  18.40, -42.8,   22.2,   78.3,  -14.7,      1,   GPS,     VS,   0.0,  -1.2, -539.4, 3DDiff, 1852,      ,     12,  13.0,     17
2018-08-27, 17:49:43,  -04:00,   KPSM,   42.9153709,  -71.2738953,  4688.7, 30.00,  4882.7,  19.2, 156.87, 179.55, -519.57,  -1.03,  -0.09,  -0.01,   0.01,  72.5,  78.3,  27.7,  28.8,   1.5,  21.46,  21.97,    16.36,  183.74,   53.65,  30.45, 2486.3,    0.76,  323.70,  349.24,  359.43,  336.56,  339.27,  336.36, 1465.07, 1521.36, 1494.19, 1471.68, 1474.48, 1469.78, 1543.71, 1550.62,  4791.5, 175,  GPS,   78.0, 116.50, 115.60, 125.050, 121.500, -0.001, -0.498,  18.39, -42.8,   22.1,   78.3,  -14.7,      1,   GPS,     VS,   0.0,  -1.1, -543.3, 3DDiff, 1852,      ,     12,  13.0,     17
2018-08-27, 17:49:44,  -04:00,   KPSM,   42.9157372,  -71.2728729,  4681.7, 30.00,  4873.0,  19.2, 157.00, 179.53, -499.40,  -1.10,  -0.16,  -0.00,   0.00,  72.6,  78.3,  27.7,  28.8,   1.5,  21.47,  21.95,    16.36,  183.72,   53.76,  30.42, 2488.5,    0.76,  323.71,  349.29,  359.43,  336.58,  339.45,  336.35, 1464.64, 1521.61, 1494.69, 1472.20, 1474.69, 1469.93, 1543.87, 1550.50,  4781.8, 175,  GPS,   78.0, 116.50, 115.60, 125.050, 121.500, -0.001, -0.496,  18.38, -42.8,   22.1,   78.3,  -14.7,      1,   GPS,     VS,   0.0,  -1.1, -531.5, 3DDiff, 1852,      ,     12,  12.5,     17
2018-08-27, 17:49:45,  -04:00,   KPSM,   42.9161072,  -71.2718658,  4672.7, 30.00,  4864.4,  19.2, 156.94, 179.55, -494.04,  -1.29,  -0.07,   0.01,  -0.00,  72.6,  78.3,  27.7,  28.8,   1.5,  21.48,  21.93,    16.37,  183.72,   53.59,  30.46, 2486.4,    0.76,  323.74,  349.32,  359.45,  336.56,  339.65,  336.34, 1465.41, 1520.89, 1496.41, 1472.00, 1474.38, 1470.70, 1544.07, 1551.01,  4773.2, 175,  GPS,   78.0, 116.50, 115.60, 125.050, 121.500, -0.001, -0.496,  18.37, -42.7,   22.0,   78.3,  -14.7,      1,   GPS,     VS,   0.0,  -1.1, -511.8, 3DDiff, 1852,      ,     12,  12.5,     16
2018-08-27, 17:49:46,  -04:00,   KPSM,   42.9164772,  -71.2708435,  4664.7, 30.00,  4855.4,  19.5, 157.06, 179.59, -493.57,  -1.41,   0.04,   0.00,   0.01,  72.7,  78.3,  27.7,  28.8,   1.5,  21.49,  21.91,    16.40,  183.74,   53.40,  30.49, 2486.8,    0.76,  323.77,  349.36,  359.45,  336.58,  339.77,  336.37, 1464.36, 1522.10, 1496.09, 1471.42, 1476.09, 1471.17, 1544.99, 1550.97,  4764.1, 175,  GPS,   78.0, 116.50, 115.60, 125.050, 121.500, -0.001, -0.495,  18.36, -42.7,   22.0,   78.3,  -14.7,      1,   GPS,     VS,   0.0,  -1.3, -511.8, 3DDiff, 1852,      ,     12,  12.5,     16
2018-08-27, 17:49:47,  -04:00,   KPSM,   42.9168434,  -71.2698364,  4655.7, 30.00,  4846.7,  19.5, 157.29, 179.67, -517.54,  -1.45,   0.05,  -0.01,   0.01,  72.7,  78.3,  27.7,  28.8,   1.5,  21.49,  21.90,    16.38,  183.75,   53.47,  30.46, 2486.7,    0.76,  323.79,  349.36,  359.45,  336.59,  339.90,  336.37, 1466.07, 1521.39, 1495.95, 1471.71, 1475.63, 1470.92, 1544.17, 1551.72,  4755.5, 175,  GPS,   78.0, 116.50, 115.60, 125.050, 121.500, -0.001, -0.495,  18.35, -42.8,   21.9,   78.3,  -14.7,      1,   GPS,     VS,   0.0,  -1.4, -511.8, 3DDiff, 1852,      ,     12,  12.5,     17
2018-08-27, 17:49:48,  -04:00,   KPSM,   42.9172134,  -71.2688141,  4648.7, 30.00,  4838.5,  19.5, 157.48, 179.77, -502.01,  -1.57,   0.07,   0.01,  -0.00,  72.7,  78.3,  27.7,  28.8,   1.5,  21.49,  21.90,    16.34,  183.76,   53.72,  30.43, 2485.2,    0.75,  323.81,  349.39,  359.48,  336.59,  340.03,  336.36, 1464.42, 1521.39, 1495.99, 1471.91, 1476.01, 1470.84, 1543.89, 1551.10,  4747.3, 175,  GPS,   78.0, 116.50, 115.60, 125.050, 121.500, -0.001, -0.493,  18.34, -42.8,   21.9,   78.3,  -14.7,      1,   GPS,     VS,   0.0,  -1.5, -488.2, 3DDiff, 1852,      ,     12,  13.0,     17
2018-08-27, 17:49:49,  -04:00,   KPSM,   42.9175873,  -71.2678070,  4642.7, 30.00,  4830.6,  19.5, 157.63, 179.90, -467.66,  -1.80,   0.02,   0.00,   0.01,  72.6,  78.4,  27.7,  28.8,   1.5,  21.48,  21.91,    16.28,  183.80,   53.40,  30.47, 2487.2,    0.75,  323.83,  349.42,  359.45,  336.61,  340.15,  336.34, 1465.09, 1520.43, 1496.06, 1471.77, 1476.53, 1470.78, 1543.24, 1551.53,  4739.4, 176,  GPS,   78.0, 116.50, 115.60, 125.050, 121.500, -0.001, -0.490,  18.32, -42.8,   21.8,   78.4,  -14.7,      1,   GPS,     VS,   0.0,  -1.6, -468.5, 3DDiff, 1852,      ,     12,  13.0,     17
2018-08-27, 17:49:50,  -04:00,   KPSM,   42.9179535,  -71.2667923,  4634.7, 30.00,  4823.8,  19.5, 157.59, 180.10, -474.58,  -2.12,   0.04,   0.00,   0.01,  72.5,  78.4,  27.7,  28.8,   1.5,  21.46,  21.92,    16.24,  183.83,   53.44,  30.46, 2487.1,    0.75,  323.84,  349.43,  359.47,  336.61,  340.23,  336.37, 1464.68, 1520.89, 1495.51, 1471.60, 1475.23, 1471.36, 1543.11, 1551.26,  4732.6, 176,  GPS,   78.0, 116.50, 115.60, 125.050, 121.500, -0.001, -0.489,  18.31, -42.8,   21.8,   78.4,  -14.7,      1,   GPS,     VS,  -0.0,  -1.8, -456.7, 3DDiff, 1852,      ,     12,  12.5,     17
2018-08-27, 17:49:51,  -04:00,   KPSM,   42.9183235,  -71.2657700,  4630.7, 30.00,  4817.0,  19.5, 158.24, 180.37, -433.26,  -2.37,  -0.13,  -0.00,  -0.04,  72.6,  78.4,  27.7,  28.8,   1.5,  21.43,  21.93,    16.23,  183.85,   53.51,  30.46, 2488.1,    0.75,  323.86,  349.46,  359.47,  336.62,  340.31,  336.34, 1463.52, 1520.32, 1495.47, 1471.72, 1475.15, 1472.06, 1543.42, 1551.06,  4725.7, 176,  GPS,   78.0, 116.50, 115.60, 125.050, 121.500, -0.001, -0.484,  18.30, -42.8,   21.7,   78.4,  -14.7,      1,   GPS,     VS,  -0.0,  -2.1, -444.9, 3DDiff, 1852,      ,     12,  12.5,     16
2018-08-27, 17:49:52,  -04:00,   KPSM,   42.9186935,  -71.2647552,  4623.7, 30.00,  4808.9,  19.5, 159.25, 180.60, -446.62,  -2.25,  -0.09,   0.00,   0.02,  73.0,  78.4,  27.7,  28.8,   1.5,  21.44,  21.90,    16.33,  183.85,   53.35,  30.47, 2486.4,    0.75,  323.87,  349.48,  359.48,  336.61,  340.37,  336.31, 1463.53, 1519.94, 1495.39, 1471.57, 1475.62, 1471.11, 1542.64, 1551.36,  4717.7, 178,  GPS,   78.0, 116.50, 115.60, 125.050, 121.500, -0.001, -0.482,  18.30, -42.8,   21.7,   78.4,  -14.7,      1,   GPS,     VS,  -0.0,  -2.3, -496.1, 3DDiff, 1852,      ,     12,  12.5,     16
2018-08-27, 17:49:53,  -04:00,   KPSM,   42.9190636,  -71.2637253,  4615.7, 30.00,  4800.8,  19.5, 159.59, 180.86, -473.01,  -2.23,  -0.04,   0.00,  -0.00,  73.0,  78.4,  27.7,  28.8,   1.5,  21.47,  21.87,    16.45,  183.86,   53.67,  30.51, 2488.2,    0.76,  323.90,  349.46,  359.48,  336.62,  340.43,  336.28, 1462.92, 1519.57, 1495.11, 1472.39, 1474.36, 1470.17, 1542.99, 1550.14,  4709.6, 178,  GPS,   78.0, 116.50, 115.60, 125.050, 121.500, -0.001, -0.481,  18.29, -42.8,   21.6,   78.4,  -14.7,      1,   GPS,     VS,  -0.0,  -2.3, -496.1, 3DDiff, 1852,      ,     12,  12.5,     17
2018-08-27, 17:49:54,  -04:00,   KPSM,   42.9194336,  -71.2627029,  4605.7, 30.00,  4792.6,  19.5, 159.24, 181.09, -499.18,  -2.21,   0.01,  -0.01,  -0.01,  73.1,  78.4,  27.7,  28.8,   1.5,  21.48,  21.84,    16.36,  183.83,   53.82,  30.50, 2488.7,    0.76,  323.90,  349.49,  359.48,  336.64,  340.48,  336.28, 1463.72, 1520.73, 1495.42, 1471.10, 1474.73, 1469.87, 1542.73, 1550.70,  4701.4, 177,  GPS,   78.0, 116.50, 115.60, 125.050, 121.500, -0.001, -0.482,  18.27, -42.8,   21.6,   78.4,  -14.7,      1,   GPS,     VS,  -0.1,  -2.3, -496.1, 3DDiff, 1852,      ,     12,  12.5,     17
2018-08-27, 17:49:55,  -04:00,   KPSM,   42.9198112,  -71.2616806,  4596.7, 30.00,  4783.9,  19.8, 158.84, 181.32, -518.14,  -2.05,   0.09,  -0.01,   0.02,  73.2,  78.4,  27.7,  28.8,   1.5,  21.49,  21.79,    16.43,  183.77,   53.63,  30.48, 2488.1,    0.76,  323.90,  349.49,  359.46,  336.62,  340.49,  336.26, 1464.85, 1520.80, 1494.43, 1470.48, 1474.87, 1470.60, 1542.83, 1551.00,  4692.7, 177,  GPS,   78.0, 116.50, 115.60, 125.050, 121.500, -0.001, -0.482,  18.25, -42.7,   21.5,   78.4,  -14.7,      1,   GPS,     VS,  -0.0,  -2.2, -519.7, 3DDiff, 1852,      ,     12,  13.0,     17
2018-08-27, 17:49:56,  -04:00,   KPSM,   42.9201813,  -71.2606583,  4589.7, 30.00,  4774.8,  19.8, 158.52, 181.59, -482.61,  -2.15,  -0.01,  -0.00,  -0.01,  73.4,  78.4,  27.7,  28.8,   1.5,  21.49,  21.77,    16.38,  183.71,   53.56,  30.48, 2488.8,    0.76,  323.92,  349.51,  359.46,  336.62,  340.52,  336.23, 1465.95, 1521.25, 1494.46, 1470.22, 1475.37, 1470.57, 1542.72, 1552.14,  4683.6, 177,  GPS,   78.0, 116.50, 115.60, 125.050, 121.500, -0.001, -0.480,  18.22, -42.7,   21.5,   78.4,  -14.7,      1,   GPS,     VS,  -0.0,  -2.1, -496.1, 3DDiff, 1852,      ,     12,  12.5,     17
2018-08-27, 17:49:57,  -04:00,   KPSM,   42.9205551,  -71.2596283,  4582.7, 30.00,  4766.3,  19.8, 159.16, 181.83, -462.01,  -2.20,  -0.11,  -0.00,  -0.02,  73.4,  78.4,  27.7,  28.8,   1.5,  21.47,  21.78,    16.33,  183.63,   53.71,  30.49, 2485.0,    0.75,  323.93,  349.50,  359.47,  336.61,  340.54,  336.20, 1464.87, 1522.07, 1493.71, 1470.75, 1475.20, 1469.53, 1543.26, 1550.85,  4675.1, 177,  GPS,   78.0, 116.50, 115.60, 125.050, 121.500, -0.001, -0.478,  18.18, -42.6,   21.4,   78.4,  -14.7,      1,   GPS,     VS,  -0.0,  -2.2, -507.9, 3DDiff, 1852,      ,     12,  12.5,     16
2018-08-27, 17:49:58,  -04:00,   KPSM,   42.9209290,  -71.2585983,  4572.7, 30.00,  4756.9,  19.8, 158.62, 182.06, -490.47,  -2.14,  -0.15,  -0.00,   0.03,  73.5,  78.4,  27.7,  28.8,   1.5,  21.44,  21.78,    16.38,  183.56,   53.61,  30.51, 2487.4,    0.76,  323.95,  349.50,  359.45,  336.61,  340.52,  336.19, 1465.40, 1522.06, 1493.23, 1470.94, 1475.93, 1469.56, 1543.60, 1551.52,  4665.7, 177,  GPS,   78.0, 116.50, 115.60, 125.050, 121.500, -0.001, -0.479,  18.13, -42.6,   21.4,   78.4,  -14.7,      1,   GPS,     VS,  -0.0,  -2.2, -523.6, 3DDiff, 1852,      ,     12,  12.5,     16
2018-08-27, 17:49:59,  -04:00,   KPSM,   42.9213066,  -71.2575684,  4564.7, 30.00,  4747.9,  19.5, 158.44, 182.31, -507.45,  -2.05,   0.16,   0.01,   0.00,  73.4,  78.4,  27.7,  28.8,   1.5,  21.44,  21.77,    16.33,  183.46,   53.69,  30.49, 2488.4,    0.75,  323.93,  349.49,  359.42,  336.58,  340.52,  336.16, 1465.53, 1521.05, 1493.59, 1471.98, 1476.53, 1470.77, 1543.68, 1551.46,  4656.7, 176,  GPS,   78.0, 116.50, 115.60, 125.050, 121.500, -0.001, -0.477,  18.07, -42.7,   21.3,   78.4,  -14.7,      1,   GPS,     VS,  -0.0,  -2.1, -531.5, 3DDiff, 1852,      ,     12,  12.5,     16
2018-08-27, 17:50:00,  -04:00,   KPSM,   42.9216805,  -71.2565384,  4557.7, 30.00,  4739.1,  19.5, 158.67, 182.57, -487.83,  -2.11,  -0.01,   0.01,  -0.00,  73.5,  78.4,  27.7,  28.8,   1.5,  21.44,  21.76,    16.31,  183.37,   53.79,  30.48, 2486.7,    0.75,  323.93,  349.49,  359.42,  336.55,  340.51,  336.13, 1464.96, 1520.10, 1493.12, 1472.05, 1475.80, 1470.42, 1543.32, 1550.55,  4647.9, 177,  GPS,   78.0, 116.50, 115.60, 125.050, 121.500, -0.001, -0.475,  18.00, -42.7,   21.3,   78.4,  -14.7,      1,   GPS,     VS,  -0.0,  -2.1, -519.7, 3DDiff, 1852,      ,     12,  12.5,     17
2018-08-27, 17:50:01,  -04:00,   KPSM,   42.9220543,  -71.2555084,  4548.7, 30.00,  4730.3,  19.5, 158.35, 182.80, -483.25,  -2.13,   0.07,  -0.00,  -0.00,  73.4,  78.4,  27.7,  28.8,   1.5,  21.43,  21.75,    16.30,  183.28,   53.62,  30.48, 2483.5,    0.75,  323.95,  349.46,  359.39,  336.58,  340.49,  336.10, 1464.48, 1519.57, 1493.63, 1471.98, 1475.98, 1470.77, 1543.17, 1550.39,  4639.1, 176,  GPS,   78.0, 116.50, 115.60, 125.050, 121.500, -0.001, -0.475,  17.93, -42.8,   21.2,   78.4,  -14.7,      1,   GPS,     VS,  -0.0,  -2.1, -523.6, 3DDiff, 1852,      ,     12,  13.0,     17
2018-08-27, 17:50:02,  -04:00,   KPSM,   42.9224319,  -71.2544708,  4540.7, 30.00,  4722.4,  19.5, 158.51, 183.05, -487.09,  -2.14,  -0.20,   0.00,   0.01,  73.2,  78.4,  27.7,  28.8,   1.5,  21.42,  21.76,    16.32,  183.18,   53.59,  30.47, 2487.8,    0.75,  323.93,  349.46,  359.36,  336.55,  340.45,  336.04, 1463.45, 1519.18, 1493.44, 1471.53, 1474.71, 1470.24, 1542.71, 1549.98,  4631.1, 176,  GPS,   78.0, 116.50, 115.60, 125.050, 121.500, -0.001, -0.474,  17.86, -43.0,   21.2,   78.4,  -14.7,      1,   GPS,     VS,  -0.0,  -2.1, -523.6, 3DDiff, 1852,      ,     12,  12.5,     17
2018-08-27, 17:50:03,  -04:00,   KPSM,   42.9228058,  -71.2534332,  4533.7, 30.00,  4713.9,  19.2, 158.65, 183.32, -487.36,  -2.27,  -0.18,   0.00,  -0.01,  73.4,  78.4,  27.7,  28.8,   1.5,  21.39,  21.74,    16.33,  183.11,   53.61,  30.46, 2486.5,    0.75,  323.93,  349.43,  359.36,  336.52,  340.39,  336.00, 1463.03, 1519.19, 1493.71, 1470.33, 1474.28, 1469.28, 1541.91, 1549.96,  4622.7, 176,  GPS,   78.0, 116.50, 115.60, 125.050, 121.500, -0.001, -0.472,  17.79, -43.2,   21.1,   78.4,  -14.7,      1,   GPS,     VS,  -0.0,  -2.2, -519.7, 3DDiff, 1852,      ,     12,  12.5,     16
2018-08-27, 17:50:04,  -04:00,   KPSM,   42.9231834,  -71.2524033,  4524.7, 30.00,  4705.6,  19.2, 158.84, 183.60, -501.52,  -2.22,  -0.09,  -0.01,  -0.01,  73.4,  78.4,  27.7,  28.8,   1.5,  21.40,  21.73,    16.35,  183.01,   53.48,  30.47, 2486.3,    0.76,  323.93,  349.40,  359.32,  336.49,  340.34,  335.95, 1462.70, 1518.85, 1494.08, 1470.96, 1474.57, 1469.95, 1542.02, 1549.65,  4614.4, 177,  GPS,   78.0, 116.50, 115.60, 125.050, 121.500, -0.001, -0.472,  17.72, -43.4,   21.1,   78.4,  -14.7,      1,   GPS,     VS,  -0.0,  -2.2, -523.6, 3DDiff, 1852,      ,     12,  12.5,     16
2018-08-27, 17:50:05,  -04:00,   KPSM,   42.9235611,  -71.2513657,  4516.7, 30.00,  4697.0,  19.2, 159.20, 183.87, -524.84,  -2.11,   0.01,  -0.01,  -0.01,  73.8,  78.2,  27.7,  28.8,   1.5,  21.40,  21.70,    16.35,  182.94,   53.54,  30.48, 2486.8,    0.76,  323.93,  349.39,  359.30,  336.46,  340.30,  335.89, 1462.33, 1518.75, 1494.08, 1469.50, 1474.74, 1469.54, 1541.86, 1549.41,  4605.7, 177,  GPS,   78.0, 116.50, 115.60, 125.050, 121.500, -0.001, -0.470,  17.65, -43.8,   21.0,   78.4,  -14.7,      1,   GPS,     VS,  -0.0,  -2.2, -523.6, 3DDiff, 1852,      ,     12,  12.5,     16
2018-08-27, 17:50:06,  -04:00,   KPSM,   42.9239388,  -71.2503281,  4508.7, 30.00,  4688.1,  19.0, 159.72, 184.06, -536.27,  -1.91,  -0.09,  -0.01,   0.02,  74.0,  78.3,  27.7,  28.8,   1.6,  21.43,  21.65,    16.29,  182.88,   53.82,  30.52, 2487.7,    0.75,  323.92,  349.37,  359.24,  336.42,  340.24,  335.83, 1463.09, 1518.01, 1493.55, 1470.40, 1474.44, 1470.97, 1542.37, 1549.86,  4596.9, 177,  GPS,   78.0, 116.50, 115.60, 125.050, 121.500, -0.001, -0.469,  17.58, -44.1,   20.9,   78.4,  -14.7,      1,   GPS,     VS,  -0.0,  -2.1, -535.4, 3DDiff, 1852,      ,     12,  12.5,     17
2018-08-27, 17:50:07,  -04:00,   KPSM,   42.9243202,  -71.2492828,  4500.7, 30.00,  4679.7,  19.0, 160.18, 184.22, -535.16,  -1.91,  -0.01,   0.00,   0.01,  74.2,  78.3,  27.7,  28.8,   1.5,  21.46,  21.62,    16.23,  182.82,   53.58,  30.53, 2487.0,    0.75,  323.90,  349.33,  359.21,  336.37,  340.18,  335.77, 1462.94, 1516.98, 1492.75, 1470.72, 1474.25, 1471.12, 1541.90, 1548.74,  4588.4, 178,  GPS,   78.0, 116.50, 115.60, 125.050, 121.500, -0.001, -0.468,  17.51, -44.5,   20.9,   78.4,  -14.7,      1,   GPS,     VS,   0.0,  -2.0, -511.8, 3DDiff, 1852,      ,     12,  12.5,     17
2018-08-27, 17:50:08,  -04:00,   KPSM,   42.9247017,  -71.2482452,  4491.7, 30.00,  4670.6,  18.8, 159.92, 184.35, -524.59,  -1.94,   0.00,   0.01,  -0.03,  74.4,  78.3,  27.7,  28.8,   1.5,  21.45,  21.61,    16.41,  182.74,   53.66,  30.51, 2486.7,    0.76,  323.90,  349.28,  359.15,  336.34,  340.10,  335.70, 1463.07, 1517.40, 1491.93, 1470.96, 1473.97, 1471.22, 1541.97, 1548.07,  4579.4, 178,  GPS,   78.0, 116.50, 115.60, 125.050, 121.500, -0.001, -0.468,  17.42, -44.9,   20.8,   78.4,  -14.7,      1,   GPS,     VS,   0.0,  -2.0, -492.1, 3DDiff, 1852,      ,     12,  12.5,     17
2018-08-27, 17:50:09,  -04:00,   KPSM,   42.9250793,  -71.2472000,  4483.7, 30.00,  4661.9,  18.8, 159.96, 184.49, -516.64,  -1.85,   0.03,   0.00,   0.03,  74.4,  78.3,  27.7,  28.8,   1.5,  21.44,  21.61,    16.35,  182.68,   53.82,  30.50, 2487.1,    0.76,  323.87,  349.25,  359.11,  336.31,  340.05,  335.62, 1462.34, 1517.97, 1492.44, 1471.71, 1473.42, 1470.97, 1542.75, 1547.68,  4570.6, 178,  GPS,   78.0, 116.50, 115.60, 125.050, 121.500, -0.001, -0.466,  17.32, -45.3,   20.8,   78.4,  -14.7,      1,   GPS,     VS,   0.0,  -1.9, -511.8, 3DDiff, 1852,      ,     12,  12.5,     16
2018-08-27, 17:50:10,  -04:00,   KPSM,   42.9254570,  -71.2461624,  4475.7, 30.00,  4653.1,  18.8, 159.86, 184.61, -499.58,  -1.87,   0.14,   0.00,  -0.01,  74.6,  78.4,  27.7,  28.8,   1.5,  21.41,  21.62,    16.33,  182.61,   53.86,  30.47, 2487.9,    0.75,  323.87,  349.21,  359.05,  336.26,  339.96,  335.55, 1461.90, 1518.80, 1493.12, 1470.47, 1473.26, 1470.60, 1542.01, 1548.07,  4561.9, 177,  GPS,   78.0, 116.50, 115.60, 125.050, 121.500, -0.001, -0.465,  17.20, -45.8,   20.7,   78.4,  -14.7,      1,   GPS,     VS,   0.0,  -1.9, -500.0, 3DDiff, 1852,      ,     12,  12.5,     16
2018-08-27, 17:50:11,  -04:00,   KPSM,   42.9258385,  -71.2451172,  4467.7, 30.00,  4644.4,  18.5, 160.47, 184.70, -488.85,  -1.83,   0.09,   0.00,  -0.01,  74.7,  78.4,  27.7,  28.8,   1.5,  21.39,  21.64,    16.33,  182.54,   53.49,  30.46, 2489.6,    0.75,  323.86,  349.16,  359.00,  336.21,  339.87,  335.47, 1462.05, 1518.06, 1492.80, 1469.89, 1473.09, 1470.01, 1540.90, 1548.65,  4553.2, 178,  GPS,   78.0, 116.50, 115.60, 125.050, 121.500, -0.001, -0.464,  17.07, -46.3,   20.7,   78.4,  -14.7,      1,   GPS,     VS,   0.0,  -1.9, -507.9, 3DDiff, 1852,      ,     12,  12.5,     16
2018-08-27, 17:50:12,  -04:00,   KPSM,   42.9262123,  -71.2440720,  4458.7, 30.00,  4635.8,  18.5, 160.65, 184.76, -524.72,  -1.69,  -0.01,   0.01,   0.01,  74.7,  78.4,  27.7,  28.8,   1.5,  21.37,  21.65,    16.31,  182.46,   53.63,  30.46, 2486.4,    0.75,  323.84,  349.13,  358.94,  336.16,  339.76,  335.40, 1462.07, 1516.58, 1491.91, 1467.71, 1474.17, 1471.33, 1540.04, 1548.59,  4544.6, 178,  GPS,   78.0, 116.50, 115.60, 125.050, 121.500, -0.001, -0.464,  16.93, -46.8,   20.6,   78.4,  -14.7,      1,   GPS,     VS,   0.0,  -1.8, -511.8, 3DDiff, 1852,      ,     12,  12.5,     17
2018-08-27, 17:50:13,  -04:00,   KPSM,   42.9265938,  -71.2430267,  4450.7, 30.00,  4627.4,  18.2, 160.65, 184.82, -514.97,  -1.65,  -0.05,   0.01,   0.01,  74.7,  78.6,  27.7,  28.8,   1.6,  21.34,  21.66,    16.32,  182.38,   53.59,  30.44, 2487.5,    0.75,  323.83,  349.08,  358.88,  336.10,  339.66,  335.31, 1460.76, 1515.24, 1491.83, 1467.48, 1474.23, 1469.86, 1539.36, 1547.21,  4536.1, 178,  GPS,   78.0, 116.50, 115.60, 125.050, 121.500, -0.001, -0.462,  16.77, -47.3,   20.6,   78.4,  -14.7,      1,   GPS,     VS,  -0.0,  -1.8, -503.9, 3DDiff, 1852,      ,     12,  12.5,     17
2018-08-27, 17:50:14,  -04:00,   KPSM,   42.9269714,  -71.2419815,  4443.7, 30.00,  4619.6,  18.2, 160.46, 184.84, -480.67,  -1.65,  -0.09,   0.00,  -0.01,  74.8,  78.5,  27.7,  28.8,   1.6,  21.32,  21.68,    16.30,  182.29,   53.94,  30.49, 2487.0,    0.75,  323.80,  349.03,  358.81,  336.04,  339.58,  335.22, 1460.63, 1515.33, 1491.42, 1468.02, 1473.86, 1468.92, 1539.04, 1547.53,  4528.4, 178,  GPS,   78.0, 116.50, 115.60, 125.050, 121.500, -0.001, -0.460,  16.61, -47.8,   20.5,   78.4,  -14.7,      1,   GPS,     VS,  -0.0,  -1.7, -511.8, 3DDiff, 1852,      ,     12,  12.5,     17
2018-08-27, 17:50:15,  -04:00,   KPSM,   42.9273453,  -71.2409363,  4435.7, 30.00,  4611.2,  18.2, 160.12, 184.84, -488.24,  -1.61,  -0.14,   0.00,   0.00,  74.7,  78.5,  27.7,  28.8,   1.5,  21.30,  21.70,    16.34,  182.22,   53.92,  30.46, 2487.9,    0.76,  323.77,  348.97,  358.73,  335.97,  339.45,  335.12, 1460.81, 1515.85, 1490.99, 1467.64, 1473.56, 1469.10, 1539.09, 1547.53,  4519.9, 177,  GPS,   78.0, 116.50, 115.60, 125.050, 121.500, -0.001, -0.459,  16.44, -48.4,   20.5,   78.4,  -14.7,      1,   GPS,     VS,  -0.1,  -1.6, -523.6, 3DDiff, 1852,      ,     12,  12.5,     16
2018-08-27, 17:50:16,  -04:00,   KPSM,   42.9277267,  -71.2398911,  4426.7, 30.00,  4602.2,  18.0, 160.04, 184.88, -500.85,  -1.55,  -0.19,   0.00,  -0.01,  74.7,  78.5,  27.7,  28.8,   1.6,  21.30,  21.70,    16.35,  182.11,   53.93,  30.47, 2487.5,    0.76,  323.75,  348.94,  358.66,  335.91,  339.35,  335.04, 1460.24, 1516.12, 1490.21, 1467.73, 1473.73, 1469.19, 1539.41, 1547.05,  4510.9, 177,  GPS,   78.0, 116.50, 115.60, 125.050, 121.500, -0.001, -0.459,  16.27, -48.9,   20.4,   78.4,  -14.7,      1,   GPS,     VS,  -0.1,  -1.6, -527.6, 3DDiff, 1852,      ,     12,  12.5,     16
2018-08-27, 17:50:17,  -04:00,   KPSM,   42.9281082,  -71.2388458,  4418.7, 30.00,  4593.4,  18.0, 160.10, 184.88, -499.66,  -1.51,  -0.21,   0.00,   0.02,  74.7,  78.5,  27.7,  28.8,   1.6,  21.29,  21.70,    16.42,  182.04,   53.80,  30.50, 2486.5,    0.76,  323.72,  348.85,  358.55,  335.83,  339.21,  334.94, 1460.07, 1516.45, 1490.68, 1467.64, 1473.95, 1469.16, 1540.06, 1547.71,  4502.2, 177,  GPS,   78.0, 116.50, 115.60, 125.050, 121.500, -0.001, -0.457,  16.11, -49.5,   20.4,   78.4,  -14.7,      1,   GPS,     VS,  -0.1,  -1.6, -527.6, 3DDiff, 1852,      ,     12,  12.5,     16
2018-08-27, 17:50:18,  -04:00,   KPSM,   42.9284821,  -71.2378006,  4410.7, 30.00,  4584.9,  18.0, 159.82, 184.90, -491.91,  -1.58,  -0.23,  -0.00,  -0.01,  74.6,  78.5,  27.7,  28.8,   1.5,  21.29,  21.70,    16.33,  181.97,   53.86,  30.51, 2485.3,    0.76,  323.68,  348.81,  358.50,  335.77,  339.08,  334.85, 1460.70, 1517.47, 1490.86, 1467.71, 1473.12, 1468.93, 1539.83, 1547.92,  4493.7, 177,  GPS,   78.0, 116.50, 115.60, 125.050, 121.500, -0.001, -0.456,  15.95, -50.1,   20.3,   78.4,  -14.7,      1,   GPS,     VS,  -0.1,  -1.6, -511.8, 3DDiff, 1852,      ,     12,  12.5,     17
2018-08-27, 17:50:19,  -04:00,   KPSM,   42.9288635,  -71.2367630,  4401.7, 30.00,  4576.4,  17.8, 159.56, 184.92, -476.10,  -1.69,  -0.20,   0.00,  -0.02,  74.6,  78.4,  27.7,  28.8,   1.5,  21.30,  21.68,    16.35,  181.91,   54.08,  30.50, 2486.2,    0.76,  323.66,  348.73,  358.41,  335.70,  338.96,  334.77, 1461.36, 1516.84, 1490.91, 1467.84, 1472.43, 1467.70, 1539.03, 1548.30,  4485.2, 177,  GPS,   78.0, 116.50, 115.60, 125.050, 121.500, -0.001, -0.456,  15.79, -50.7,   20.3,   78.4,  -14.7,      1,   GPS,     VS,  -0.1,  -1.6, -511.8, 3DDiff, 1852,      ,     12,  12.5,     17
2018-08-27, 17:50:20,  -04:00,   KPSM,   42.9292412,  -71.2357101,  4392.7, 30.00,  4566.4,  17.8, 159.12, 185.00, -495.05,  -1.68,  -0.08,  -0.00,   0.01,  74.6,  78.4,  27.7,  28.8,   1.5,  21.32,  21.66,    16.40,  181.87,   54.06,  30.45, 2487.2,    0.76,  323.62,  348.64,  358.32,  335.64,  338.84,  334.64, 1461.08, 1516.62, 1491.31, 1467.83, 1472.67, 1468.19, 1539.14, 1547.90,  4475.5, 176,  GPS,   78.0, 116.50, 115.60, 125.050, 121.500, -0.001, -0.456,  15.65, -51.3,   20.2,   78.4,  -14.7,      1,   GPS,     VS,  -0.1,  -1.6, -523.6, 3DDiff, 1852,      ,     12,  12.5,     17
2018-08-27, 17:50:21,  -04:00,   KPSM,   42.9296265,  -71.2346649,  4385.7, 30.00,  4557.8,  17.8, 159.44, 185.07, -490.82,  -1.80,  -0.10,  -0.00,  -0.00,  74.5,  78.4,  27.7,  28.8,   1.5,  21.33,  21.65,    16.41,  181.82,   54.01,  30.46, 2486.3,    0.76,  323.56,  348.57,  358.24,  335.55,  338.71,  334.58, 1460.95, 1515.53, 1490.63, 1468.09, 1472.02, 1467.33, 1538.90, 1547.54,  4466.8, 176,  GPS,   78.0, 116.50, 115.60, 125.050, 121.500, -0.001, -0.453,  15.51, -52.0,   20.2,   78.4,  -14.7,      1,   GPS,     VS,  -0.1,  -1.7, -515.7, 3DDiff, 1852,      ,     12,  12.5,     16
2018-08-27, 17:50:22,  -04:00,   KPSM,   42.9300003,  -71.2336197,  4378.7, 30.00,  4549.4,  17.5, 159.74, 185.19, -478.89,  -1.85,   0.00,  -0.01,   0.00,  74.4,  78.4,  27.7,  28.8,   1.5,  21.34,  21.64,    16.37,  181.77,   53.93,  30.47, 2488.5,    0.76,  323.53,  348.48,  358.14,  335.46,  338.57,  334.46, 1461.23, 1515.18, 1491.13, 1468.74, 1472.41, 1467.53, 1538.84, 1547.93,  4458.5, 177,  GPS,   78.0, 116.50, 115.60, 125.050, 121.500, -0.001, -0.451,  15.39, -52.7,   20.1,   78.4,  -14.7,      1,   GPS,     VS,  -0.0,  -1.8, -507.9, 3DDiff, 1852,      ,     12,  12.5,     16
2018-08-27, 17:50:23,  -04:00,   KPSM,   42.9303780,  -71.2325745,  4368.7, 30.00,  4541.0,  17.5, 159.61, 185.29, -496.04,  -1.90,  -0.07,  -0.01,   0.01,  74.5,  78.4,  27.7,  28.8,   1.5,  21.35,  21.62,    16.32,  181.71,   54.08,  30.49, 2487.3,    0.75,  323.48,  348.39,  358.07,  335.37,  338.47,  334.41, 1461.90, 1515.78, 1490.27, 1469.32, 1472.76, 1466.72, 1539.29, 1547.88,  4450.1, 176,  GPS,   78.0, 116.50, 115.60, 125.050, 121.500, -0.001, -0.452,  15.28, -53.4,   20.1,   78.4,  -14.7,      1,   GPS,     VS,  -0.0,  -1.8, -503.9, 3DDiff, 1852,      ,     12,  12.5,     16
2018-08-27, 17:50:24,  -04:00,   KPSM,   42.9307632,  -71.2315216,  4361.7, 30.00,  4532.6,  17.5, 159.70, 185.42, -489.29,  -1.91,  -0.01,   0.00,  -0.00,  74.5,  78.4,  27.7,  28.8,   1.5,  21.37,  21.59,    16.34,  181.66,   53.95,  30.44, 2487.4,    0.76,  323.44,  348.33,  357.98,  335.31,  338.32,  334.28, 1461.78, 1513.97, 1490.33, 1468.13, 1472.81, 1467.00, 1538.33, 1548.57,  4441.7, 177,  GPS,   78.0, 116.50, 115.60, 125.050, 121.500, -0.001, -0.450,  15.18, -54.1,   20.0,   78.4,  -14.7,      1,   GPS,     VS,  -0.0,  -1.9, -503.9, 3DDiff, 1852,      ,     12,  12.5,     17
2018-08-27, 17:50:25,  -04:00,   KPSM,   42.9311447,  -71.2304764,  4354.7, 30.00,  4524.3,  17.5, 160.13, 185.56, -484.75,  -1.98,  -0.02,  -0.00,  -0.01,  74.5,  78.4,  27.7,  28.8,   1.5,  21.38,  21.58,    16.31,  181.63,   54.08,  30.44, 2488.4,    0.75,  323.38,  348.26,  357.90,  335.24,  338.18,  334.19, 1462.00, 1513.05, 1490.43, 1467.77, 1472.35, 1467.41, 1538.34, 1547.63,  4433.3, 177,  GPS,   78.0, 116.50, 115.60, 125.050, 121.500, -0.001, -0.447,  15.09, -54.8,   20.0,   78.4,  -14.7,      1,   GPS,     VS,  -0.0,  -1.9, -500.0, 3DDiff, 1852,      ,     12,  12.5,     17
2018-08-27, 17:50:26,  -04:00,   KPSM,   42.9315224,  -71.2294312,  4345.7, 30.00,  4516.8,  17.5, 160.33, 185.68, -516.50,  -1.92,  -0.07,   0.00,   0.01,  74.5,  78.4,  27.7,  28.8,   1.5,  21.39,  21.58,    16.34,  181.58,   54.11,  30.43, 2486.6,    0.76,  323.32,  348.18,  357.83,  335.12,  338.06,  334.06, 1460.93, 1512.85, 1490.01, 1467.20, 1471.02, 1466.83, 1537.83, 1546.98,  4425.8, 177,  GPS,   78.0, 116.50, 115.60, 125.050, 121.500, -0.001, -0.447,  15.02, -55.5,   19.9,   78.4,  -14.7,      1,   GPS,     VS,  -0.0,  -2.0, -500.0, 3DDiff, 1852,      ,     12,  12.5,     17
2018-08-27, 17:50:27,  -04:00,   KPSM,   42.9319038,  -71.2283859,  4337.7, 30.00,  4508.9,  17.2, 160.56, 185.79, -503.78,  -1.90,  -0.03,   0.01,  -0.00,  74.5,  78.4,  27.7,  28.8,   1.5,  21.39,  21.58,    16.34,  181.55,   53.83,  30.46, 2488.2,    0.76,  323.26,  348.08,  357.72,  335.03,  337.93,  333.94, 1460.82, 1513.15, 1490.14, 1466.65, 1470.14, 1466.89, 1537.82, 1546.85,  4418.0, 177,  GPS,   78.0, 116.50, 115.60, 125.050, 121.500, -0.001, -0.446,  14.96, -56.1,   19.9,   78.4,  -14.7,      1,   GPS,     VS,  -0.0,  -1.9, -488.2, 3DDiff, 1852,      ,     12,  12.5,     16
2018-08-27, 17:50:28,  -04:00,   KPSM,   42.9322853,  -71.2273331,  4330.7, 30.00,  4500.7,  17.2, 160.69, 185.89, -487.68,  -1.99,  -0.09,   0.00,   0.00,  74.6,  78.4,  27.7,  28.8,   1.5,  21.39,  21.57,    16.28,  181.50,   53.99,  30.46, 2486.7,    0.75,  323.18,  348.00,  357.62,  334.95,  337.78,  333.82, 1461.05, 1514.25, 1489.84, 1468.53, 1470.63, 1466.61, 1538.45, 1547.20,  4409.8, 177,  GPS,   78.0, 116.50, 115.60, 125.050, 121.500, -0.001, -0.443,  14.90, -56.8,   19.8,   78.4,  -14.7,      1,   GPS,     VS,  -0.0,  -2.0, -480.3, 3DDiff, 1852,      ,     12,  12.5,     16
2018-08-27, 17:50:29,  -04:00,   KPSM,   42.9326668,  -71.2262802,  4321.7, 30.00,  4492.9,  17.2, 160.37, 186.03, -492.58,  -2.02,  -0.05,  -0.00,  -0.01,  74.6,  78.4,  27.7,  28.8,   1.5,  21.39,  21.58,    16.33,  181.49,   53.81,  30.51, 2485.9,    0.76,  323.14,  347.91,  357.55,  334.88,  337.65,  333.72, 1460.14, 1513.98, 1490.61, 1468.04, 1470.84, 1466.86, 1538.10, 1547.21,  4401.9, 177,  GPS,   78.0, 116.50, 115.60, 125.050, 121.500, -0.001, -0.443,  14.85, -57.4,   19.8,   78.4,  -14.7,      1,   GPS,     VS,  -0.0,  -2.0, -476.4, 3DDiff, 1852,      ,     12,  12.5,     16
2018-08-27, 17:50:30,  -04:00,   KPSM,   42.9330482,  -71.2252274,  4314.7, 30.00,  4484.8,  17.2, 160.52, 186.14, -467.31,  -1.98,  -0.10,   0.00,  -0.01,  74.7,  78.4,  27.7,  28.8,   1.5,  21.38,  21.57,    16.39,  181.46,   53.83,  30.48, 2488.4,    0.76,  323.08,  347.84,  357.44,  334.77,  337.50,  333.62, 1459.13, 1512.99, 1489.51, 1467.55, 1471.22, 1467.32, 1537.09, 1546.44,  4393.9, 177,  GPS,   78.0, 116.50, 115.60, 125.050, 121.500, -0.001, -0.441,  14.81, -58.0,   19.7,   78.4,  -14.7,      1,   GPS,     VS,  -0.0,  -2.0, -484.3, 3DDiff, 1852,      ,     12,  12.5,     17
2018-08-27, 17:50:31,  -04:00,   KPSM,   42.9334335,  -71.2241745,  4307.7, 30.00,  4476.5,  17.2, 161.19, 186.26, -458.26,  -1.97,  -0.08,   0.00,  -0.00,  74.8,  78.4,  27.7,  28.8,   1.5,  21.37,  21.58,    16.38,  181.43,   54.09,  30.47, 2487.5,    0.76,  322.98,  347.74,  357.34,  334.70,  337.35,  333.49, 1459.75, 1512.54, 1489.42, 1468.97, 1471.30, 1467.40, 1537.44, 1546.81,  4385.6, 178,  GPS,   78.0, 116.50, 115.60, 125.050, 121.500, -0.001, -0.438,  14.77, -58.6,   19.7,   78.4,  -14.7,      1,   GPS,     VS,  -0.0,  -2.0, -500.0, 3DDiff, 1852,      ,     12,  12.5,     17
2018-08-27, 17:50:32,  -04:00,   KPSM,   42.9338150,  -71.2231216,  4300.7, 30.00,  4467.1,  17.2, 161.40, 186.36, -454.14,  -1.99,  -0.23,   0.00,  -0.02,  75.0,  78.4,  27.7,  28.8,   1.5,  21.37,  21.57,    16.44,  181.41,   54.17,  30.47, 2486.4,    0.76,  322.92,  347.65,  357.25,  334.58,  337.23,  333.37, 1459.38, 1511.96, 1488.89, 1468.56, 1470.89, 1466.47, 1537.08, 1546.82,  4376.2, 178,  GPS,   78.0, 116.50, 115.60, 125.050, 121.500, -0.001, -0.436,  14.74, -59.2,   19.6,   78.4,  -14.7,      1,   GPS,     VS,  -0.0,  -2.0, -503.9, 3DDiff, 1852,      ,     12,  12.5,     17
2018-08-27, 17:50:33,  -04:00,   KPSM,   42.9341965,  -71.2220688,  4291.7, 30.00,  4458.3,  17.0, 161.68, 186.43, -470.98,  -1.97,   0.03,  -0.00,  -0.01,  75.0,  78.4,  27.7,  28.8,   1.5,  21.38,  21.55,    16.43,  181.37,   54.05,  30.48, 2488.5,    0.76,  322.84,  347.53,  357.14,  334.46,  337.08,  333.26, 1459.47, 1512.82, 1489.60, 1468.77, 1471.06, 1466.05, 1537.46, 1546.83,  4367.4, 178,  GPS,   78.0, 116.50, 115.60, 125.050, 121.500, -0.001, -0.436,  14.71, -59.7,   19.6,   78.4,  -14.7,      1,   GPS,     VS,  -0.0,  -2.0, -515.7, 3DDiff, 1852,      ,     12,  12.5,     16
2018-08-27, 17:50:34,  -04:00,   KPSM,   42.9345779,  -71.2210159,  4282.7, 30.00,  4450.0,  17.0, 162.09, 186.51, -506.55,  -1.88,  -0.08,   0.00,  -0.01,  75.1,  78.4,  27.7,  28.8,   1.5,  21.37,  21.55,    16.43,  181.34,   54.15,  30.51, 2487.7,    0.76,  322.77,  347.42,  357.04,  334.36,  336.96,  333.12, 1459.06, 1514.16, 1490.05, 1468.78, 1471.09, 1465.14, 1537.42, 1546.95,  4359.0, 179,  GPS,   78.0, 116.50, 115.60, 125.050, 121.500, -0.001, -0.435,  14.68, -60.3,   19.5,   78.4,  -14.7,      1,   GPS,     VS,  -0.0,  -2.0, -515.7, 3DDiff, 1852,      ,     12,  12.5,     16
2018-08-27, 17:50:35,  -04:00,   KPSM,   42.9349594,  -71.2199554,  4273.7, 30.00,  4441.7,  17.0, 162.09, 186.55, -540.65,  -1.88,  -0.02,   0.01,   0.02,  75.2,  78.4,  27.7,  28.8,   1.5,  21.35,  21.55,    16.36,  181.27,   53.79,  30.45, 2487.9,    0.76,  322.67,  347.32,  356.92,  334.25,  336.80,  333.03, 1459.09, 1513.49, 1489.66, 1469.60, 1471.27, 1464.28, 1536.98, 1546.70,  4350.7, 179,  GPS,   78.0, 116.50, 115.60, 125.050, 121.500, -0.001, -0.435,  14.64, -60.7,   19.5,   78.4,  -14.7,      1,   GPS,     VS,  -0.0,  -1.9, -496.1, 3DDiff, 1852,      ,     12,  12.5,     16
2018-08-27, 17:50:36,  -04:00,   KPSM,   42.9353371,  -71.2189026,  4265.7, 30.00,  4433.7,  17.0, 162.26, 186.57, -512.88,  -1.90,   0.00,  -0.00,  -0.02,  75.2,  78.5,  27.7,  28.8,   1.5,  21.33,  21.57,    16.31,  181.22,   54.11,  30.44, 2488.5,    0.75,  322.62,  347.20,  356.83,  334.15,  336.68,  332.93, 1459.55, 1513.06, 1489.67, 1469.00, 1470.88, 1463.66, 1536.31, 1546.47,  4342.8, 179,  GPS,   78.0, 116.50, 115.60, 125.050, 121.500, -0.002, -0.434,  14.59, -61.2,   19.4,   78.4,  -14.7,      1,   GPS,     VS,  -0.0,  -1.9, -476.4, 3DDiff, 1852,      ,     12,  12.5,     17
2018-08-27, 17:50:37,  -04:00,   KPSM,   42.9357224,  -71.2178497,  4258.7, 30.00,  4425.5,  17.0, 162.64, 186.57, -496.87,  -1.85,  -0.30,   0.00,  -0.01,  75.3,  78.5,  27.7,  28.8,   1.5,  21.31,  21.59,    16.28,  181.16,   53.83,  30.48, 2488.0,    0.75,  322.53,  347.11,  356.74,  334.03,  336.53,  332.82, 1459.54, 1513.03, 1488.89, 1467.83, 1471.53, 1464.01, 1536.42, 1546.47,  4334.6, 179,  GPS,   78.0, 116.50, 115.60, 125.050, 121.500, -0.001, -0.431,  14.53, -61.6,   19.4,   78.4,  -14.7,      1,   GPS,     VS,  -0.1,  -1.9, -492.1, 3DDiff, 1852,      ,     12,  12.5,     17
2018-08-27, 17:50:38,  -04:00,   KPSM,   42.9361038,  -71.2167969,  4249.7, 30.00,  4417.3,  17.0, 162.61, 186.57, -500.62,  -1.77,  -0.13,   0.00,   0.01,  75.3,  78.5,  27.7,  28.8,   1.5,  21.30,  21.60,    16.35,  181.12,   54.06,  30.52, 2488.4,    0.76,  322.42,  346.96,  356.62,  333.91,  336.39,  332.70, 1459.95, 1513.01, 1489.07, 1467.76, 1471.68, 1464.23, 1536.76, 1546.69,  4326.3, 179,  GPS,   78.0, 116.50, 115.60, 125.050, 121.500, -0.001, -0.431,  14.47, -62.0,   19.3,   78.4,  -14.7,      1,   GPS,     VS,  -0.1,  -1.8, -488.2, 3DDiff, 1852,      ,     12,  12.5,     17
2018-08-27, 17:50:39,  -04:00,   KPSM,   42.9364853,  -71.2157440,  4242.7, 30.00,  4409.4,  17.0, 162.35, 186.55, -482.68,  -1.80,  -0.18,  -0.00,   0.00,  75.3,  78.5,  27.7,  28.8,   1.5,  21.28,  21.59,    16.39,  181.05,   54.15,  30.51, 2488.9,    0.76,  322.33,  346.84,  356.49,  333.81,  336.26,  332.60, 1459.62, 1513.22, 1489.47, 1468.43, 1472.83, 1465.44, 1537.77, 1547.20,  4318.5, 179,  GPS,   78.0, 116.50, 115.60, 125.050, 121.500, -0.001, -0.429,  14.40, -62.4,   19.2,   78.4,  -14.7,      1,   GPS,     VS,  -0.1,  -1.8, -484.3, 3DDiff, 1852,      ,     12,  12.5,     16
2018-08-27, 17:50:40,  -04:00,   KPSM,   42.9368668,  -71.2146988,  4234.7, 30.00,  4400.7,  17.0, 162.50, 186.53, -477.38,  -1.77,  -0.14,  -0.00,  -0.00,  75.3,  78.5,  27.7,  28.8,   1.5,  21.26,  21.60,    16.42,  181.01,   54.10,  30.45, 2488.2,    0.76,  322.24,  346.75,  356.39,  333.70,  336.13,  332.46, 1459.45, 1513.46, 1490.38, 1468.02, 1472.85, 1465.56, 1537.90, 1547.55,  4309.8, 179,  GPS,   78.0, 116.50, 115.60, 125.050, 121.500, -0.001, -0.427,  14.33, -62.7,   19.2,   78.4,  -14.7,      1,   GPS,     VS,  -0.1,  -1.8, -500.0, 3DDiff, 1852,      ,     12,  12.5,     16
2018-08-27, 17:50:41,  -04:00,   KPSM,   42.9372520,  -71.2136383,  4225.7, 30.00,  4392.1,  17.0, 162.15, 186.49, -487.02,  -1.75,   0.02,   0.01,  -0.02,  75.3,  78.5,  27.7,  28.8,   1.5,  21.27,  21.59,    16.38,  180.96,   54.12,  30.46, 2487.0,    0.76,  322.16,  346.65,  356.28,  333.57,  335.98,  332.39, 1459.63, 1512.85, 1490.78, 1467.81, 1472.91, 1466.41, 1537.77, 1547.35,  4301.2, 179,  GPS,   78.0, 116.50, 115.60, 125.050, 121.500, -0.001, -0.427,  14.25, -63.0,   19.1,   78.4,  -14.7,      1,   GPS,     VS,  -0.1,  -1.8, -511.8, 3DDiff, 1852,      ,     12,  12.5,     16
2018-08-27, 17:50:42,  -04:00,   KPSM,   42.9376297,  -71.2125778,  4217.7, 30.00,  4383.6,  17.0, 162.30, 186.45, -507.63,  -1.65,  -0.12,   0.00,  -0.00,  75.1,  78.5,  27.7,  28.8,   1.5,  21.25,  21.59,    16.44,  180.91,   53.85,  30.44, 2487.9,    0.76,  322.07,  346.50,  356.13,  333.45,  335.83,  332.24, 1460.19, 1512.79, 1490.66, 1467.12, 1471.89, 1467.34, 1537.80, 1547.91,  4292.6, 179,  GPS,   78.0, 116.50, 115.60, 125.050, 121.500, -0.002, -0.425,  14.17, -63.3,   19.1,   78.4,  -14.7,      1,   GPS,     VS,  -0.1,  -1.7, -511.8, 3DDiff, 1852,      ,     12,  12.5,     17
2018-08-27, 17:50:43,  -04:00,   KPSM,   42.9380112,  -71.2115250,  4209.7, 30.00,  4375.0,  17.0, 162.30, 186.40, -493.69,  -1.61,  -0.19,  -0.00,  -0.01,  75.1,  78.5,  27.7,  28.8,   1.5,  21.22,  21.60,    16.35,  180.84,   53.93,  30.43, 2487.4,    0.76,  321.96,  346.38,  356.00,  333.33,  335.67,  332.11, 1460.27, 1512.05, 1491.19, 1468.16, 1471.67, 1467.23, 1537.76, 1547.23,  4284.0, 179,  GPS,   78.0, 116.50, 115.60, 125.050, 121.500, -0.002, -0.424,  14.10, -63.5,   19.0,   78.4,  -14.7,      1,   GPS,     VS,  -0.1,  -1.7, -511.8, 3DDiff, 1852,      ,     12,  12.5,     17
2018-08-27, 17:50:44,  -04:00,   KPSM,   42.9383926,  -71.2104721,  4202.7, 30.00,  4367.1,  17.0, 162.25, 186.34, -479.65,  -1.63,  -0.15,  -0.00,  -0.01,  75.2,  78.5,  27.7,  28.8,   1.5,  21.22,  21.59,    16.38,  180.78,   54.07,  30.49, 2491.1,    0.76,  321.87,  346.28,  355.88,  333.21,  335.53,  331.97, 1460.89, 1511.78, 1491.16, 1468.30, 1471.18, 1467.74, 1537.47, 1547.69,  4276.1, 179,  GPS,   78.0, 116.50, 115.60, 125.050, 121.500, -0.002, -0.422,  14.02, -63.8,   19.0,   78.4,  -14.7,      1,   GPS,     VS,  -0.1,  -1.6, -519.7, 3DDiff, 1852,      ,     12,  12.5,     17
2018-08-27, 17:50:45,  -04:00,   KPSM,   42.9387741,  -71.2094193,  4192.7, 30.00,  4358.4,  17.0, 162.08, 186.28, -499.06,  -1.61,  -0.08,   0.00,  -0.00,  75.2,  78.4,  27.7,  28.8,   1.6,  21.24,  21.58,    16.33,  180.71,   54.28,  30.43, 2487.6,    0.76,  321.78,  346.14,  355.75,  333.08,  335.38,  331.84, 1459.83, 1511.26, 1491.10, 1467.71, 1470.50, 1467.67, 1536.64, 1547.14,  4267.5, 178,  GPS,   78.0, 116.50, 115.60, 125.050, 121.500, -0.002, -0.423,  13.95, -64.0,   18.9,   78.4,  -14.7,      1,   GPS,     VS,  -0.1,  -1.6, -523.6, 3DDiff, 1852,      ,     12,  12.5,     16
2018-08-27, 17:50:46,  -04:00,   KPSM,   42.9391556,  -71.2083664,  4185.7, 30.00,  4349.9,  17.0, 162.17, 186.22, -488.51,  -1.59,  -0.29,   0.01,   0.00,  75.2,  78.4,  27.7,  28.8,   1.6,  21.25,  21.56,    16.32,  180.65,   54.25,  30.42, 2487.4,    0.75,  321.69,  346.01,  355.61,  332.98,  335.22,  331.72, 1460.17, 1510.76, 1490.70, 1467.53, 1469.64, 1467.48, 1536.30, 1546.57,  4258.9, 179,  GPS,   78.0, 116.50, 115.60, 125.050, 121.500, -0.002, -0.420,  13.88, -64.1,   18.9,   78.4,  -14.7,      1,   GPS,     VS,  -0.1,  -1.6, -523.6, 3DDiff, 1852,      ,     12,  12.5,     16
2018-08-27, 17:50:47,  -04:00,   KPSM,   42.9395370,  -71.2073212,  4177.7, 30.00,  4341.0,  17.0, 161.67, 186.16, -490.92,  -1.60,  -0.07,   0.00,   0.05,  75.2,  78.4,  27.7,  28.8,   1.6,  21.26,  21.54,    16.34,  180.58,   54.07,  30.44, 2488.4,    0.76,  321.59,  345.89,  355.49,  332.85,  335.04,  331.56, 1460.02, 1511.55, 1489.23, 1468.43, 1469.13, 1467.32, 1537.21, 1545.64,  4250.1, 178,  GPS,   78.0, 116.50, 115.60, 125.050, 121.500, -0.002, -0.419,  13.81, -64.3,   18.8,   78.4,  -14.7,      1,   GPS,     VS,  -0.1,  -1.6, -531.5, 3DDiff, 1852,      ,     12,  12.5,     16
2018-08-27, 17:50:48,  -04:00,   KPSM,   42.9399223,  -71.2062683,  4168.7, 30.00,  4332.8,  17.0, 161.68, 186.14, -507.43,  -1.70,  -0.12,  -0.00,  -0.02,  75.2,  78.4,  27.7,  28.8,   1.5,  21.25,  21.54,    16.41,  180.56,   54.13,  30.43, 2488.8,    0.76,  321.50,  345.77,  355.36,  332.72,  334.92,  331.41, 1458.94, 1511.48, 1488.33, 1468.17, 1470.12, 1467.92, 1537.01, 1545.55,  4241.9, 178,  GPS,   78.0, 116.50, 115.60, 125.050, 121.500, -0.002, -0.419,  13.74, -64.4,   18.8,   78.4,  -14.7,      1,   GPS,     VS,  -0.0,  -1.7, -503.9, 3DDiff, 1852,      ,     12,  12.5,     17
2018-08-27, 17:50:49,  -04:00,   KPSM,   42.9403038,  -71.2052078,  4160.7, 30.00,  4324.0,  17.0, 161.94, 186.10, -506.18,  -1.58,  -0.07,   0.00,   0.00,  75.1,  78.4,  27.7,  28.8,   1.6,  21.27,  21.52,    16.31,  180.52,   53.90,  30.45, 2484.9,    0.75,  321.40,  345.64,  355.26,  332.58,  334.78,  331.27, 1458.51, 1511.13, 1489.22, 1468.13, 1469.55, 1466.99, 1537.12, 1546.18,  4233.1, 178,  GPS,   78.0, 116.50, 115.60, 125.050, 121.500, -0.002, -0.417,  13.68, -64.6,   18.7,   78.4,  -14.7,      1,   GPS,     VS,  -0.0,  -1.7, -523.6, 3DDiff, 1852,      ,     12,  12.5,     17
2018-08-27, 17:50:50,  -04:00,   KPSM,   42.9406815,  -71.2041626,  4151.7, 30.00,  4314.4,  17.0, 161.73, 186.06, -509.63,  -1.57,  -0.03,   0.00,   0.03,  75.0,  78.4,  27.7,  28.8,   1.6,  21.27,  21.50,    16.37,  180.49,   54.08,  30.47, 2489.4,    0.76,  321.28,  345.52,  355.16,  332.45,  334.59,  331.17, 1458.05, 1511.66, 1490.34, 1468.58, 1470.73, 1466.37, 1537.01, 1546.87,  4223.5, 178,  GPS,   78.0, 116.50, 115.60, 125.050, 121.500, -0.002, -0.417,  13.62, -64.7,   18.7,   78.4,  -14.7,      1,   GPS,     VS,  -0.0,  -1.6, -519.7, 3DDiff, 1852,      ,     12,  12.5,     17
2018-08-27, 17:50:51,  -04:00,   KPSM,   42.9410667,  -71.2031097,  4144.7, 30.00,  4306.2,  17.0, 161.84, 186.05, -490.24,  -1.64,   0.13,  -0.01,   0.01,  75.1,  78.4,  27.7,  28.8,   1.6,  21.26,  21.50,    16.40,  180.44,   54.26,  30.45, 2489.2,    0.76,  321.22,  345.40,  355.02,  332.35,  334.45,  331.02, 1458.21, 1511.09, 1490.49, 1467.94, 1471.00, 1466.85, 1536.45, 1547.03,  4215.2, 178,  GPS,   78.0, 116.50, 115.60, 125.050, 121.500, -0.002, -0.415,  13.56, -64.8,   18.6,   78.4,  -14.7,      1,   GPS,     VS,  -0.0,  -1.6, -507.9, 3DDiff, 1852,      ,     12,  12.5,     16
2018-08-27, 17:50:52,  -04:00,   KPSM,   42.9414482,  -71.2020569,  4135.7, 30.00,  4297.3,  17.0, 161.55, 186.01, -501.62,  -1.66,  -0.03,   0.00,  -0.02,  75.1,  78.4,  27.7,  28.8,   1.6,  21.28,  21.47,    16.38,  180.41,   54.43,  30.45, 2487.1,    0.76,  321.10,  345.30,  354.90,  332.22,  334.30,  330.92, 1458.33, 1510.40, 1490.74, 1467.40, 1471.22, 1465.76, 1535.70, 1547.26,  4206.4, 178,  GPS,   78.0, 116.50, 115.60, 125.050, 121.500, -0.002, -0.414,  13.51, -64.9,   18.6,   78.4,  -14.7,      1,   GPS,     VS,  -0.0,  -1.7, -507.9, 3DDiff, 1852,      ,     12,  12.5,     16
2018-08-27, 17:50:53,  -04:00,   KPSM,   42.9418221,  -71.2010040,  4127.7, 30.00,  4288.4,  17.0, 161.60, 185.99, -499.66,  -1.59,  -0.10,   0.01,   0.02,  75.0,  78.4,  27.7,  28.8,   1.6,  21.28,  21.46,    16.37,  180.39,   54.48,  30.47, 2488.8,    0.76,  321.01,  345.15,  354.77,  332.09,  334.16,  330.77, 1458.07, 1510.53, 1491.08, 1466.94, 1470.22, 1465.32, 1536.05, 1547.46,  4197.5, 178,  GPS,   78.0, 116.50, 115.60, 125.050, 121.500, -0.002, -0.413,  13.47, -65.0,   18.5,   78.4,  -14.7,      1,   GPS,     VS,  -0.0,  -1.6, -527.6, 3DDiff, 1852,      ,     12,  12.5,     17
2018-08-27, 17:50:54,  -04:00,   KPSM,   42.9422073,  -71.1999588,  4119.7, 30.00,  4279.8,  17.0, 161.84, 185.95, -505.05,  -1.56,  -0.08,   0.00,   0.00,  75.1,  78.4,  27.7,  28.8,   1.6,  21.28,  21.45,    16.34,  180.35,   54.24,  30.46, 2487.6,    0.76,  320.87,  345.01,  354.63,  331.99,  334.03,  330.66, 1457.60, 1510.55, 1489.74, 1466.54, 1469.99, 1465.03, 1536.02, 1546.50,  4188.8, 178,  GPS,   78.0, 116.50, 115.60, 125.050, 121.500, -0.002, -0.412,  13.43, -65.1,   18.5,   78.4,  -14.7,      1,   GPS,     VS,  -0.0,  -1.6, -515.7, 3DDiff, 1852,      ,     12,  12.5,     17
2018-08-27, 17:50:55,  -04:00,   KPSM,   42.9425888,  -71.1989136,  4109.7, 30.00,  4271.2,  17.0, 161.79, 185.89, -523.00,  -1.55,  -0.04,   0.00,  -0.00,  75.2,  78.4,  27.7,  28.8,   1.6,  21.29,  21.43,    16.33,  180.31,   54.34,  30.46, 2486.2,    0.76,  320.78,  344.90,  354.51,  331.87,  333.83,  330.54, 1457.87, 1510.52, 1489.74, 1466.76, 1469.07, 1464.45, 1536.10, 1546.34,  4180.3, 178,  GPS,   78.0, 116.50, 115.60, 125.050, 121.500, -0.002, -0.412,  13.39, -65.2,   18.4,   78.4,  -14.7,      1,   GPS,     VS,  -0.0,  -1.6, -519.7, 3DDiff, 1852,      ,     12,  12.5,     17
2018-08-27, 17:50:56,  -04:00,   KPSM,   42.9429703,  -71.1978607,  4102.7, 30.00,  4263.6,  17.0, 161.58, 185.81, -512.70,  -1.52,   0.09,   0.01,  -0.02,  75.2,  78.4,  27.7,  28.8,   1.6,  21.30,  21.42,    16.39,  180.28,   54.14,  30.44, 2487.0,    0.76,  320.65,  344.76,  354.39,  331.75,  333.73,  330.43, 1457.80, 1510.06, 1488.80, 1466.58, 1469.31, 1464.97, 1535.77, 1546.43,  4172.6, 178,  GPS,   78.0, 116.50, 115.60, 125.050, 121.500, -0.002, -0.410,  13.36, -65.3,   18.4,   78.4,  -14.7,      1,   GPS,     VS,  -0.0,  -1.5, -503.9, 3DDiff, 1852,      ,     12,  12.5,     17
2018-08-27, 17:50:57,  -04:00,   KPSM,   42.9433517,  -71.1968079,  4093.7, 30.00,  4255.1,  17.0, 161.29, 185.75, -509.81,  -1.45,   0.09,   0.00,   0.01,  75.2,  78.4,  27.7,  28.8,   1.6,  21.29,  21.42,    16.36,  180.26,   54.15,  30.49, 2485.2,    0.76,  320.56,  344.63,  354.29,  331.62,  333.60,  330.32, 1457.82, 1510.52, 1489.17, 1467.35, 1468.32, 1466.54, 1536.97, 1546.07,  4164.2, 177,  GPS,   78.0, 116.50, 115.60, 125.050, 121.500, -0.002, -0.410,  13.33, -65.4,   18.3,   78.4,  -14.7,      1,   GPS,     VS,  -0.0,  -1.5, -511.8, 3DDiff, 1852,      ,     12,  12.5,     16
2018-08-27, 17:50:58,  -04:00,   KPSM,   42.9437332,  -71.1957550,  4085.7, 30.00,  4246.9,  17.0, 161.21, 185.68, -498.06,  -1.47,  -0.36,  -0.01,  -0.02,  75.2,  78.4,  27.7,  28.8,   1.6,  21.30,  21.42,    16.36,  180.22,   54.17,  30.46, 2486.1,    0.76,  320.44,  344.51,  354.14,  331.51,  333.48,  330.20, 1457.65, 1510.32, 1489.55, 1468.23, 1468.71, 1467.36, 1537.07, 1545.99,  4156.0, 177,  GPS,   78.0, 116.50, 115.60, 125.050, 121.500, -0.002, -0.408,  13.30, -65.5,   18.3,   78.4,  -14.7,      1,   GPS,     VS,  -0.0,  -1.5, -511.8, 3DDiff, 1852,      ,     12,  12.5,     16
2018-08-27, 17:50:59,  -04:00,   KPSM,   42.9441109,  -71.1947098,  4078.7, 30.00,  4238.5,  17.0, 160.88, 185.62, -479.41,  -1.52,  -0.25,  -0.00,  -0.00,  75.1,  78.4,  27.7,  28.8,   1.6,  21.32,  21.39,    16.40,  180.19,   54.02,  30.46, 2488.8,    0.76,  320.33,  344.36,  354.02,  331.39,  333.39,  330.07, 1457.77, 1509.74, 1489.49, 1467.66, 1468.68, 1466.64, 1536.41, 1546.12,  4147.5, 177,  GPS,   78.0, 116.50, 115.60, 125.050, 121.500, -0.002, -0.406,  13.28, -65.6,   18.2,   78.4,  -14.7,      1,   GPS,     VS,  -0.0,  -1.5, -511.8, 3DDiff, 1852,      ,     12,  12.5,     17
2018-08-27, 17:51:00,  -04:00,   KPSM,   42.9444923,  -71.1936646,  4070.7, 30.00,  4230.0,  17.0, 160.73, 185.60, -469.92,  -1.57,   0.03,   0.00,  -0.03,  75.1,  78.4,  27.7,  28.8,   1.6,  21.33,  21.36,    16.37,  180.17,   54.09,  30.47, 2487.4,    0.76,  320.23,  344.25,  353.95,  331.29,  333.30,  329.99, 1458.31, 1510.45, 1489.78, 1467.89, 1469.25, 1465.37, 1536.35, 1546.32,  4139.0, 177,  GPS,   78.0, 116.50, 115.60, 125.050, 121.500, -0.002, -0.405,  13.26, -65.7,   18.2,   78.4,  -14.7,      1,   GPS,     VS,  -0.0,  -1.5, -515.7, 3DDiff, 1852,      ,     12,  12.5,     17
2018-08-27, 17:51:01,  -04:00,   KPSM,   42.9448738,  -71.1926117,  4063.7, 30.00,  4221.4,  17.0, 161.00, 185.60, -457.66,  -1.64,  -0.13,   0.01,  -0.01,  75.1,  78.4,  27.7,  28.8,   1.6,  21.32,  21.34,    16.45,  180.13,   54.21,  30.45, 2487.6,    0.76,  320.11,  344.12,  353.77,  331.17,  333.23,  329.86, 1458.56, 1511.16, 1489.30, 1467.92, 1469.25, 1464.47, 1536.09, 1545.48,  4130.5, 177,  GPS,   78.0, 116.50, 115.60, 125.050, 121.500, -0.002, -0.403,  13.25, -65.8,   18.1,   78.4,  -14.7,      1,   GPS,     VS,  -0.0,  -1.6, -523.6, 3DDiff, 1852,      ,     12,  12.5,     17
2018-08-27, 17:51:02,  -04:00,   KPSM,   42.9452553,  -71.1915588,  4053.7, 30.00,  4211.6,  17.0, 160.67, 185.62, -497.53,  -1.69,  -0.25,   0.00,   0.01,  75.1,  78.4,  27.7,  28.8,   1.6,  21.33,  21.34,    16.34,  180.07,   54.16,  30.45, 2487.9,    0.76,  319.99,  343.99,  353.68,  331.07,  333.17,  329.77, 1458.77, 1511.30, 1488.72, 1466.83, 1469.21, 1463.28, 1535.19, 1546.28,  4120.7, 176,  GPS,   78.0, 116.50, 115.60, 125.050, 121.500, -0.002, -0.403,  13.24, -65.9,   18.1,   78.4,  -14.7,      1,   GPS,     VS,  -0.0,  -1.7, -519.7, 3DDiff, 1852,      ,     12,  12.5,     17
2018-08-27, 17:51:03,  -04:00,   KPSM,   42.9456329,  -71.1905136,  4046.7, 30.00,  4203.1,  17.0, 161.25, 185.64, -502.24,  -1.65,  -0.05,  -0.00,   0.00,  75.2,  78.4,  27.7,  28.8,   1.6,  21.34,  21.32,    16.36,  180.05,   54.22,  30.48, 2487.7,    0.76,  319.89,  343.84,  353.54,  330.95,  333.12,  329.65, 1458.68, 1511.12, 1489.04, 1467.50, 1469.96, 1463.70, 1536.15, 1546.29,  4112.2, 177,  GPS,   78.0, 116.50, 115.60, 125.050, 121.500, -0.002, -0.401,  13.24, -66.0,   18.0,   78.4,  -14.7,      1,   GPS,     VS,  -0.0,  -1.7, -519.7, 3DDiff, 1852,      ,     12,  12.5,     16
2018-08-27, 17:51:04,  -04:00,   KPSM,   42.9460144,  -71.1894608,  4038.7, 30.00,  4193.9,  17.0, 161.71, 185.62, -490.48,  -1.64,  -0.03,  -0.00,  -0.00,  75.3,  78.4,  27.7,  28.8,   1.6,  21.32,  21.31,    16.41,  180.00,   54.26,  30.47, 2488.9,    0.76,  319.79,  343.68,  353.41,  330.83,  333.10,  329.56, 1458.54, 1509.84, 1488.47, 1468.09, 1471.15, 1464.51, 1536.21, 1546.46,  4102.9, 178,  GPS,   78.0, 116.50, 115.60, 125.050, 121.500, -0.002, -0.400,  13.23, -66.2,   18.0,   78.4,  -14.7,      1,   GPS,     VS,  -0.0,  -1.7, -519.7, 3DDiff, 1852,      ,     12,  12.5,     16
2018-08-27, 17:51:05,  -04:00,   KPSM,   42.9463959,  -71.1884155,  4028.7, 30.00,  4185.2,  17.0, 161.76, 185.60, -530.94,  -1.46,  -0.03,   0.00,   0.06,  75.5,  78.4,  27.7,  28.8,   1.6,  21.33,  21.29,    16.38,  179.98,   54.23,  30.46, 2489.7,    0.76,  319.70,  343.54,  353.31,  330.72,  333.08,  329.43, 1459.29, 1510.03, 1489.01, 1467.48, 1470.56, 1463.72, 1535.63, 1547.09,  4094.2, 178,  GPS,   78.0, 116.50, 115.60, 125.050, 121.500, -0.002, -0.400,  13.23, -66.3,   17.9,   78.4,  -14.7,      1,   GPS,    ALT,  -0.0,  -1.5, -515.7, 3DDiff, 1852,      ,     12,  12.5,     17
2018-08-27, 17:51:06,  -04:00,   KPSM,   42.9467735,  -71.1873703,  4020.7, 30.00,  4177.7,  17.0, 161.91, 185.54, -525.14,  -1.15,   0.00,  -0.01,   0.03,  75.4,  78.4,  27.7,  28.8,   1.5,  21.34,  21.28,    16.41,  179.94,   54.08,  30.47, 2488.8,    0.76,  319.55,  343.39,  353.15,  330.57,  333.08,  329.34, 1459.57, 1509.85, 1488.14, 1466.57, 1469.09, 1462.10, 1534.49, 1546.51,  4086.8, 178,  GPS,   78.0, 116.50, 115.60, 125.050, 121.500, -0.002, -0.399,  13.22, -66.4,   17.9,   78.4,  -14.7,      1,   GPS,    ALT,  -0.0,  -1.1, -448.8, 3DDiff, 1852,      ,     12,  12.5,     17
2018-08-27, 17:51:07,  -04:00,   KPSM,   42.9471588,  -71.1863251,  4014.7, 30.00,  4171.9,  17.0, 161.98, 185.38, -475.60,  -0.86,   0.00,   0.00,   0.04,  75.5,  78.4,  27.7,  28.8,   1.5,  21.33,  21.29,    16.42,  179.92,   53.91,  30.46, 2486.6,    0.76,  319.44,  343.26,  353.04,  330.47,  333.11,  329.22, 1460.16, 1510.27, 1487.58, 1467.03, 1468.57, 1461.47, 1534.77, 1545.94,  4081.0, 178,  GPS,   78.0, 116.50, 115.60, 125.050, 121.500, -0.002, -0.396,  13.21, -66.6,   17.8,   78.4,  -14.7,      1,   GPS,    ALT,  -0.0,  -0.8, -354.3, 3DDiff, 1852,      ,     12,  12.5,     17
2018-08-27, 17:51:08,  -04:00,   KPSM,   42.9475403,  -71.1852798,  4009.7, 30.00,  4168.8,  17.0, 161.46, 185.15, -403.39,  -0.75,   0.12,   0.00,   0.02,  75.5,  78.4,  27.7,  28.8,   1.6,  21.34,  21.30,    16.40,  179.89,   53.94,  30.46, 2485.4,    0.76,  319.32,  343.14,  352.94,  330.38,  333.20,  329.13, 1460.98, 1510.72, 1488.46, 1466.78, 1468.79, 1461.88, 1534.74, 1546.68,  4077.8, 177,  GPS,   78.0, 116.50, 115.60, 125.050, 121.500, -0.002, -0.391,  13.19, -66.7,   17.8,   78.4,  -14.7,      1,   GPS,    ALT,  -0.0,  -0.7, -267.7, 3DDiff, 1852,      ,     12,  12.5,     17
2018-08-27, 17:51:09,  -04:00,   KPSM,   42.9479141,  -71.1842346,  4005.7, 30.00,  4165.4,  17.0, 161.13, 184.86, -345.72,  -0.46,   0.00,  -0.00,   0.05,  75.4,  78.4,  27.7,  28.8,   1.6,  21.33,  21.31,    16.38,  179.88,   54.30,  30.45, 2486.6,    0.76,  319.20,  343.00,  352.82,  330.28,  333.27,  329.01, 1460.35, 1509.73, 1489.43, 1465.72, 1469.13, 1462.89, 1534.32, 1547.22,  4074.5, 177,  GPS,   78.0, 116.50, 115.60, 125.050, 121.500, -0.002, -0.386,  13.17, -66.8,   17.7,   78.4,  -14.7,      1,   HDG,    ALT,  -0.0,  -0.6, -216.5, 3DDiff, 1852,      ,     12,  12.5,     16
2018-08-27, 17:51:10,  -04:00,   KPSM,   42.9482956,  -71.1831894,  4002.7, 30.00,  4163.4,  17.0, 161.23, 184.49, -282.36,  -0.33,   0.51,  -0.00,  -0.02,  75.5,  78.6,  27.7,  28.8,   1.6,  21.32,  21.32,    16.35,  179.87,   53.82,  30.46, 2486.1,    0.76,  319.10,  342.86,  352.70,  330.16,  333.38,  328.91, 1460.56, 1510.17, 1488.22, 1466.63, 1469.16, 1462.16, 1534.40, 1546.46,  4072.5, 177,  GPS,   78.0, 116.50, 115.60, 125.050, 121.500, -0.002, -0.380,  13.13, -66.9,   17.6,   78.4,  -14.7,      1,   HDG,    ALT,   1.1,  -0.4, -145.7, 3DDiff, 1852,      ,     12,  12.5,     16
2018-08-27, 17:51:11,  -04:00,   KPSM,   42.9486694,  -71.1821518,  3999.7, 30.00,  4161.7,  17.0, 160.28, 184.10, -226.14,  -0.13,   3.05,   0.00,   0.03,  75.6,  78.5,  27.7,  28.8,   1.6,  21.33,  21.31,    16.38,  179.84,   54.31,  30.47, 2487.4,    0.76,  318.97,  342.74,  352.60,  330.04,  333.51,  328.80, 1460.62, 1510.92, 1488.74, 1465.93, 1469.46, 1463.13, 1534.65, 1546.74,  4070.8, 176,  GPS,   78.5, 116.50, 115.60, 125.050, 121.500, -0.002, -0.374,  13.10, -67.0,   17.6,   78.5,  -14.7,      1,   HDG,    ALT,   4.4,  -0.3, -110.2, 3DDiff, 1852,      ,     12,  12.5,     17
2018-08-27, 17:51:12,  -04:00,   KPSM,   42.9490395,  -71.1811066,  3998.7, 30.00,  4160.4,  17.0, 159.89, 183.73, -159.97,  -0.37,   6.46,  -0.01,  -0.04,  76.0,  78.9,  27.7,  28.8,   1.6,  21.35,  21.28,    16.35,  179.82,   54.16,  30.42, 2484.9,    0.76,  318.86,  342.59,  352.45,  329.93,  333.59,  328.67, 1460.45, 1510.61, 1488.88, 1464.83, 1469.88, 1463.55, 1534.38, 1546.90,  4069.5, 176,  GPS,   78.5, 116.50, 115.60, 125.050, 121.500, -0.002, -0.366,  13.07, -67.1,   17.5,   78.5,  -14.7,      1,   HDG,    ALT,   9.1,  -0.2, -90.6, 3DDiff, 1852,      ,     12,  12.5,     17
2018-08-27, 17:51:13,  -04:00,   KPSM,   42.9494057,  -71.1800613,  3995.7, 30.00,  4158.2,  17.0, 159.26, 183.40, -124.17,  -0.60,   6.22,   0.00,  -0.01,  76.8,  79.6,  27.7,  28.8,   1.6,  21.40,  21.23,    16.26,  179.79,   54.36,  30.45, 2486.8,    0.75,  318.74,  342.45,  352.33,  329.81,  333.72,  328.55, 1460.11, 1509.15, 1489.41, 1464.16, 1469.98, 1463.36, 1533.80, 1547.31,  4067.3, 175,  GPS,   78.5, 116.50, 115.60, 125.050, 121.500, -0.003, -0.359,  13.03, -67.2,   17.5,   78.4,  -14.7,      1,   HDG,    ALT,  14.1,  -0.2, -129.9, 3DDiff, 1852,      ,     12,  12.5,     17
2018-08-27, 17:51:14,  -04:00,   KPSM,   42.9497528,  -71.1790085,  3993.7, 30.00,  4154.5,  17.0, 158.90, 183.15, -110.08,  -0.02,   4.16,   0.01,   0.09,  77.5,  80.1,  27.7,  28.8,   1.5,  21.41,  21.22,    16.34,  179.78,   54.14,  30.44, 2485.6,    0.76,  318.62,  342.32,  352.21,  329.68,  333.81,  328.40, 1461.06, 1508.70, 1489.24, 1463.51, 1470.04, 1463.38, 1533.14, 1547.18,  4063.6, 174,  GPS,   78.5, 116.50, 115.60, 125.050, 121.500, -0.005, -0.352,  12.99, -67.3,   17.4,   78.4,  -14.7,      1,   HDG,    ALT,  17.2,  -0.1, -145.7, 3DDiff, 1852,      ,     12,  12.5,     17
2018-08-27, 17:51:15,  -04:00,   KPSM,   42.9500999,  -71.1779556,  3991.7, 30.00,  4154.2,  17.2, 158.65, 182.88, -109.28,  -0.18,   4.46,   0.00,  -0.02,  77.9,  80.7,  27.7,  28.8,   1.5,  21.41,  21.23,    16.37,  179.78,   54.43,  30.42, 2486.4,    0.76,  318.52,  342.20,  352.11,  329.58,  333.92,  328.33, 1459.91, 1509.26, 1488.30, 1462.85, 1470.44, 1462.18, 1532.61, 1546.00,  4063.3, 174,  GPS,   78.5, 116.50, 115.60, 125.050, 121.500, -0.007, -0.345,  12.95, -67.4,   17.4,   78.4,  -14.7,      1,   HDG,    ALT,  16.0,  -0.0, -43.3, 3DDiff, 1852,      ,     12,  12.5,     16
2018-08-27, 17:51:16,  -04:00,   KPSM,   42.9504395,  -71.1769028,  3987.7, 30.00,  4152.4,  17.2, 158.09, 182.60, -103.86,  -0.45,   2.55,  -0.00,   0.01,  78.4,  81.1,  27.7,  28.8,   1.5,  21.42,  21.22,    16.34,  179.75,   54.49,  30.43, 2486.3,    0.76,  318.40,  342.08,  351.99,  329.49,  333.99,  328.19, 1459.74, 1509.26, 1488.60, 1462.91, 1470.52, 1462.94, 1532.62, 1546.77,  4061.5, 173,  GPS,   78.5, 116.50, 115.60, 125.050, 121.500, -0.009, -0.340,  12.91, -67.6,   17.3,   78.4,  -14.7,      1,   HDG,    ALT,  12.1,  -0.1, -82.7, 3DDiff, 1852,      ,     12,  12.5,     16
2018-08-27, 17:51:17,  -04:00,   KPSM,   42.9507713,  -71.1758499,  3986.7, 30.00,  4151.0,  17.2, 157.85, 182.35, -103.30,   0.16,   0.73,  -0.00,   0.10,  78.7,  81.4,  27.7,  28.8,   1.6,  21.41,  21.21,    16.36,  179.76,   54.38,  30.47, 2486.3,    0.76,  318.28,  341.93,  351.87,  329.38,  334.04,  328.06, 1459.35, 1508.58, 1489.16, 1463.12, 1469.96, 1463.51, 1532.66, 1546.63,  4060.1, 173,  GPS,   78.5, 116.50, 115.60, 125.050, 121.500, -0.012, -0.332,  12.87, -67.8,   17.3,   78.4,  -14.7,      1,   HDG,    ALT,   7.0,   0.0, -78.7, 3DDiff, 1852,      ,     12,  12.5,     17
2018-08-27, 17:51:18,  -04:00,   KPSM,   42.9511070,  -71.1747971,  3985.7, 30.00,  4152.2,  17.2, 157.76, 182.06,  -78.91,   0.03,  -0.18,  -0.00,  -0.02,  78.8,  81.4,  27.7,  28.8,   1.5,  21.40,  21.23,    16.38,  179.73,   54.43,  30.45, 2487.1,    0.76,  318.16,  341.83,  351.76,  329.28,  334.11,  327.95, 1459.65, 1508.67, 1489.29, 1464.15, 1470.38, 1463.66, 1533.22, 1546.88,  4061.3, 173,  GPS,   78.5, 116.50, 115.60, 125.050, 121.500, -0.014, -0.324,  12.84, -68.0,   17.2,   78.4,  -14.7,      1,   HDG,    ALT,   2.1,   0.1,  55.1, 3DDiff, 1852,      ,     12,  12.5,     17
2018-08-27, 17:51:19,  -04:00,   KPSM,   42.9514389,  -71.1737442,  3987.7, 30.00,  4153.2,  17.2, 157.70, 181.69,  -27.64,  -0.04,   0.01,  -0.00,  -0.03,  78.8,  81.4,  27.7,  28.8,   1.5,  21.40,  21.24,    16.43,  179.73,   54.38,  30.43, 2487.7,    0.76,  318.06,  341.71,  351.63,  329.18,  334.14,  327.83, 1459.43, 1510.91, 1489.45, 1464.34, 1470.40, 1463.59, 1534.50, 1546.89,  4062.3, 173,  GPS,   78.5, 116.50, 115.60, 125.050, 121.500, -0.017, -0.313,  12.80, -68.2,   17.2,   78.4,  -14.7,      1,   HDG,    ALT,  -0.8,   0.1,  63.0, 3DDiff, 1852,      ,     12,  12.5,     17
2018-08-27, 17:51:20,  -04:00,   KPSM,   42.9517708,  -71.1726990,  3988.7, 30.00,  4155.0,  17.2, 157.52, 181.34,   23.04,   0.24,  -0.16,  -0.00,   0.03,  78.9,  81.6,  27.7,  28.8,   1.5,  21.41,  21.24,    16.36,  179.71,   54.26,  30.41, 2485.1,    0.76,  317.94,  341.59,  351.54,  329.10,  334.17,  327.70, 1459.36, 1510.99, 1488.25, 1464.66, 1469.81, 1463.59, 1534.22, 1545.89,  4064.3, 173,  GPS,   78.5, 116.50, 115.60, 125.050, 121.500, -0.020, -0.303,  12.76, -68.4,   17.1,   78.4,  -14.7,      1,   HDG,    ALT,  -1.8,   0.1,  59.1, 3DDiff, 1852,      ,     12,  12.5,     17
2018-08-27, 17:51:21,  -04:00,   KPSM,   42.9520988,  -71.1716537,  3988.7, 30.00,  4156.7,  17.2, 157.36, 180.97,   39.12,   0.30,  -0.86,  -0.00,  -0.03,  78.9,  81.4,  27.7,  28.8,   1.5,  21.41,  21.25,    16.32,  179.69,   54.28,  30.45, 2487.1,    0.75,  317.82,  341.47,  351.39,  328.97,  334.15,  327.58, 1460.15, 1510.42, 1488.26, 1464.83, 1469.35, 1464.11, 1533.97, 1546.52,  4066.1, 173,  GPS,   78.5, 116.50, 115.60, 125.050, 121.500, -0.022, -0.294,  12.72, -68.6,   17.1,   78.4,  -14.7,      1,   HDG,     VS,  -1.9,   0.2,  94.5, 3DDiff, 1852,      ,     12,  12.5,     16
2018-08-27, 17:51:22,  -04:00,   KPSM,   42.9524345,  -71.1706085,  3988.7, 30.00,  4158.3,  17.2, 157.07, 180.56,   38.66,  -0.30,  -0.75,  -0.01,  -0.08,  78.8,  81.4,  27.7,  28.8,   1.6,  21.41,  21.26,    16.29,  179.69,   54.26,  30.40, 2484.8,    0.75,  317.70,  341.37,  351.30,  328.88,  334.15,  327.47, 1459.97, 1509.79, 1487.97, 1464.71, 1468.78, 1464.80, 1533.72, 1545.90,  4067.6, 172,  GPS,   78.5, 116.50, 115.60, 125.050, 121.500, -0.025, -0.285,  12.68, -68.8,   17.0,   78.4,  -14.7,      1,   HDG,     VS,  -1.9,  -0.0,  78.7, 3DDiff, 1852,      ,     12,  12.5,     16
2018-08-27, 17:51:23,  -04:00,   KPSM,   42.9527626,  -71.1695633,  3990.7, 30.00,  4157.2,  17.2, 157.11, 180.27,   48.88,  -0.48,  -1.15,  -0.00,  -0.04,  78.9,  81.3,  27.7,  28.8,   1.6,  21.40,  21.26,    16.30,  179.67,   54.28,  30.40, 2488.1,    0.75,  317.61,  341.25,  351.18,  328.76,  334.12,  327.34, 1460.42, 1510.25, 1488.35, 1465.38, 1468.88, 1464.91, 1533.66, 1546.50,  4066.6, 172,  GPS,   78.5, 116.50, 115.60, 125.050, 121.500, -0.027, -0.274,  12.64, -69.0,   17.0,   78.4,  -14.7,      1,   HDG,     VS,  -1.8,  -0.4, -51.2, 3DDiff, 1852,      ,     12,  12.5,     17
2018-08-27, 17:51:24,  -04:00,   KPSM,   42.9530983,  -71.1685181,  3988.7, 30.00,  4154.2,  17.2, 156.92, 180.08,   13.89,  -0.94,  -1.57,   0.00,  -0.09,  79.0,  81.2,  27.7,  28.8,   1.6,  21.41,  21.25,    16.28,  179.66,   53.95,  30.39, 2485.5,    0.75,  317.49,  341.13,  351.08,  328.70,  334.09,  327.27, 1460.16, 1509.53, 1488.10, 1465.42, 1468.89, 1464.82, 1533.08, 1545.96,  4063.6, 172,  GPS,   78.5, 116.50, 115.60, 125.050, 121.500, -0.030, -0.267,  12.59, -69.2,   16.9,   78.4,  -14.7,      1,   HDG,     VS,  -1.9,  -0.8, -169.3, 3DDiff, 1852,      ,     12,  12.5,     17
2018-08-27, 17:51:25,  -04:00,   KPSM,   42.9534302,  -71.1674805,  3984.7, 30.00,  4148.7,  17.2, 156.61, 180.00,  -69.25,  -1.18,  -1.69,   0.00,  -0.08,  78.8,  81.1,  27.7,  28.8,   1.6,  21.42,  21.24,    16.22,  179.63,   54.25,  30.40, 2485.6,    0.75,  317.37,  340.99,  350.93,  328.59,  334.03,  327.12, 1459.35, 1508.55, 1487.39, 1464.82, 1468.32, 1465.57, 1533.50, 1545.54,  4058.1, 172,  GPS,   78.5, 116.50, 115.60, 125.050, 121.500, -0.032, -0.261,  12.53, -69.4,   16.9,   78.4,  -14.7,      1,   HDG,     VS,  -1.9,  -1.0, -303.1, 3DDiff, 1852,      ,     12,  13.0,     17
2018-08-27, 17:51:26,  -04:00,   KPSM,   42.9537697,  -71.1664429,  3978.7, 30.00,  4140.0,  17.2, 156.40, 180.00, -177.75,  -1.04,  -1.66,   0.00,   0.03,  78.6,  80.9,  27.7,  28.8,   1.6,  21.40,  21.25,    16.36,  179.65,   54.25,  30.40, 2484.4,    0.76,  317.27,  340.88,  350.84,  328.52,  333.97,  327.04, 1459.41, 1510.16, 1487.33, 1464.67, 1467.78, 1464.91, 1534.21, 1545.17,  4049.4, 171,  GPS,   78.5, 116.50, 115.60, 125.050, 121.500, -0.034, -0.259,  12.46, -69.7,   16.8,   78.4,  -14.7,      1,   HDG,     VS,  -1.8,  -1.1, -429.1, 3DDiff, 1852,      ,     12,  12.5,     17
2018-08-27, 17:51:27,  -04:00,   KPSM,   42.9541016,  -71.1654053,  3972.7, 30.00,  4133.0,  17.2, 156.24, 180.12, -260.73,  -1.60,  -1.67,  -0.00,  -0.09,  78.4,  80.8,  27.7,  28.8,   1.5,  21.38,  21.27,    16.32,  179.64,   54.16,  30.39, 2487.7,    0.75,  317.15,  340.79,  350.72,  328.43,  333.91,  326.96, 1459.68, 1510.76, 1487.32, 1464.94, 1467.41, 1462.92, 1534.35, 1544.99,  4042.4, 171,  GPS,   78.5, 116.50, 115.60, 125.050, 121.500, -0.036, -0.256,  12.39, -69.9,   16.8,   78.4,  -14.7,      1,   HDG,     VS,  -1.4,  -1.2, -437.0, 3DDiff, 1852,      ,     12,  12.5,     16
2018-08-27, 17:51:28,  -04:00,   KPSM,   42.9544449,  -71.1643600,  3965.7, 30.00,  4123.7,  17.2, 156.85, 180.23, -350.58,  -1.78,  -1.29,   0.00,  -0.08,  78.2,  80.7,  27.7,  28.8,   1.5,  21.38,  21.28,    16.33,  179.62,   54.04,  30.41, 2485.1,    0.76,  317.04,  340.69,  350.63,  328.34,  333.85,  326.85, 1460.13, 1510.93, 1487.64, 1464.84, 1468.32, 1461.69, 1533.32, 1545.81,  4033.1, 172,  GPS,   78.5, 116.50, 115.60, 125.050, 121.500, -0.038, -0.253,  12.32, -70.2,   16.7,   78.3,  -14.7,      1,   HDG,     VS,  -1.0,  -1.7, -523.6, 3DDiff, 1852,      ,     12,  12.5,     16
2018-08-27, 17:51:29,  -04:00,   KPSM,   42.9547882,  -71.1633301,  3956.7, 30.00,  4112.4,  17.2, 157.03, 180.41, -431.90,  -2.03,  -0.74,   0.00,  -0.04,  78.1,  80.6,  27.7,  28.8,   1.5,  21.37,  21.27,    16.33,  179.61,   54.05,  30.42, 2487.3,    0.76,  316.95,  340.58,  350.53,  328.25,  333.75,  326.79, 1459.60, 1510.34, 1486.96, 1464.46, 1468.37, 1461.43, 1533.11, 1545.15,  4021.8, 172,  GPS,   78.5, 116.50, 115.60, 125.050, 121.500, -0.040, -0.253,  12.25, -70.4,   16.7,   78.3,  -14.7,      1,   HDG,     VS,  -0.7,  -2.0, -649.6, 3DDiff, 1852,      ,     12,  12.5,     17
2018-08-27, 17:51:30,  -04:00,   KPSM,   42.9551277,  -71.1622849,  3945.7, 30.00,  4099.9,  17.2, 157.20, 180.70, -532.60,  -2.26,  -0.43,  -0.00,  -0.06,  78.1,  80.5,  27.7,  28.8,   1.5,  21.36,  21.27,    16.29,  179.59,   54.22,  30.46, 2485.8,    0.75,  316.86,  340.46,  350.46,  328.15,  333.69,  326.70, 1459.45, 1510.27, 1487.37, 1465.41, 1468.37, 1461.90, 1533.38, 1545.64,  4009.3, 172,  GPS,   78.5, 116.50, 115.60, 125.050, 121.500, -0.042, -0.255,  12.18, -70.7,   16.6,   78.3,  -14.7,      1,   HDG,     VS,  -0.4,  -2.2, -732.3, 3DDiff, 1852,      ,     12,  12.5,     17
2018-08-27, 17:51:31,  -04:00,   KPSM,   42.9554787,  -71.1612473,  3934.7, 30.00,  4086.5,  17.2, 157.33, 181.05, -613.20,  -2.43,  -0.52,   0.00,  -0.02,  78.2,  80.4,  27.7,  28.8,   1.5,  21.36,  21.26,    16.27,  179.56,   54.13,  30.45, 2486.6,    0.75,  316.74,  340.36,  350.34,  328.10,  333.58,  326.63, 1458.67, 1511.06, 1487.85, 1465.81, 1468.32, 1462.48, 1533.67, 1545.67,  3995.8, 172,  GPS,   78.5, 116.50, 115.60, 125.050, 121.500, -0.044, -0.257,  12.11, -71.0,   16.6,   78.3,  -14.7,      1,   HDG,     VS,  -0.3,  -2.3, -791.3, 3DDiff, 1852,      ,     12,  12.5,     17
2018-08-27, 17:51:32,  -04:00,   KPSM,   42.9558220,  -71.1602097,  3921.7, 30.00,  4074.0,  17.2, 157.45, 181.46, -695.64,  -2.18,  -1.21,   0.02,   0.02,  78.1,  80.4,  27.7,  28.8,   1.5,  21.37,  21.26,    16.35,  179.52,   54.33,  30.46, 2488.3,    0.76,  316.64,  340.25,  350.27,  328.00,  333.49,  326.55, 1458.35, 1511.15, 1487.78, 1465.71, 1467.53, 1462.64, 1533.68, 1545.45,  3983.4, 172,  GPS,   78.5, 116.50, 115.60, 125.050, 121.500, -0.045, -0.261,  12.04, -71.2,   16.5,   78.3,  -14.7,      1,   HDG,     VS,  -0.3,  -2.4, -811.0, 3DDiff, 1852,      ,     12,  12.5,     17
2018-08-27, 17:51:33,  -04:00,   KPSM,   42.9561691,  -71.1591644,  3909.7, 30.00,  4062.2,  17.2, 157.98, 181.87, -742.17,  -2.11,  -1.48,   0.01,   0.04,  77.8,  80.3,  27.7,  28.8,   1.5,  21.35,  21.29,    16.36,  179.51,   54.17,  30.47, 2486.3,    0.76,  316.52,  340.14,  350.19,  327.91,  333.39,  326.48, 1458.29, 1510.26, 1487.90, 1464.73, 1467.33, 1462.45, 1533.08, 1545.04,  3971.5, 173,  GPS,   78.5, 116.50, 115.60, 125.050, 121.500, -0.047, -0.264,  11.97, -71.5,   16.5,   78.3,  -14.7,      1,   HDG,     VS,  -0.3,  -2.5, -748.0, 3DDiff, 1852,      ,     12,  12.5,     16
2018-08-27, 17:51:34,  -04:00,   KPSM,   42.9565201,  -71.1581192,  3898.7, 30.00,  4050.3,  17.2, 157.80, 182.22, -734.85,  -2.41,  -0.64,  -0.02,  -0.01,  77.6,  80.2,  27.7,  28.8,   1.5,  21.32,  21.33,    16.38,  179.48,   54.26,  30.45, 2487.7,    0.76,  316.43,  340.05,  350.10,  327.85,  333.27,  326.39, 1458.84, 1511.28, 1488.00, 1464.68, 1467.96, 1463.47, 1533.88, 1545.76,  3959.7, 173,  GPS,   78.5, 116.50, 115.60, 125.050, 121.500, -0.049, -0.266,  11.91, -71.8,   16.4,   78.3,  -14.7,      1,   HDG,     VS,   0.2,  -2.6, -728.3, 3DDiff, 1852,      ,     12,  12.5,     16
2018-08-27, 17:51:35,  -04:00,   KPSM,   42.9568748,  -71.1570663,  3887.7, 30.00,  4037.1,  17.2, 158.14, 182.57, -713.41,  -2.67,   0.01,   0.01,  -0.09,  77.5,  80.1,  27.7,  28.8,   1.5,  21.33,  21.32,    16.36,  179.47,   54.34,  30.51, 2486.3,    0.76,  316.34,  339.94,  350.03,  327.76,  333.16,  326.34, 1460.01, 1510.61, 1488.74, 1465.67, 1469.47, 1463.42, 1533.82, 1546.99,  3946.4, 173,  GPS,   78.5, 116.50, 115.60, 125.050, 121.500, -0.050, -0.268,  11.85, -72.1,   16.4,   78.3,  -14.7,      1,   HDG,     VS,   0.6,  -2.6, -787.4, 3DDiff, 1852,      ,     12,  12.5,     17
2018-08-27, 17:51:36,  -04:00,   KPSM,   42.9572258,  -71.1560211,  3873.7, 30.00,  4022.9,  17.2, 158.32, 182.99, -746.84,  -2.60,   0.45,   0.00,   0.00,  77.4,  80.1,  27.7,  28.8,   1.5,  21.34,  21.32,    16.45,  179.47,   54.53,  30.51, 2485.2,    0.76,  316.24,  339.82,  349.93,  327.68,  333.08,  326.27, 1461.68, 1510.90, 1488.77, 1467.39, 1469.86, 1463.81, 1534.38, 1548.21,  3932.3, 173,  GPS,   78.5, 116.50, 115.60, 125.050, 121.500, -0.052, -0.273,  11.81, -72.4,   16.3,   78.3,  -14.7,      1,   HDG,     VS,   0.8,  -2.6, -850.4, 3DDiff, 1852,      ,     12,  12.5,     17
2018-08-27, 17:51:37,  -04:00,   KPSM,   42.9575729,  -71.1549683,  3861.7, 30.00,  4008.8,  17.2, 158.72, 183.46, -769.79,  -2.55,   0.79,   0.00,   0.03,  77.4,  80.3,  27.7,  28.8,   1.5,  21.33,  21.32,    16.36,  179.46,   54.43,  30.48, 2488.9,    0.76,  316.15,  339.75,  349.86,  327.60,  332.95,  326.18, 1461.16, 1510.73, 1488.81, 1467.18, 1469.61, 1462.70, 1534.44, 1548.00,  3918.2, 174,  GPS,   78.5, 116.50, 115.60, 125.050, 121.500, -0.053, -0.276,  11.78, -72.6,   16.3,   78.3,  -14.7,      1,   HDG,     VS,   1.1,  -2.6, -854.3, 3DDiff, 1852,      ,     12,  12.5,     17
2018-08-27, 17:51:38,  -04:00,   KPSM,   42.9579315,  -71.1539154,  3847.7, 30.00,  3993.8,  17.2, 159.02, 183.93, -814.92,  -2.80,   0.93,  -0.01,  -0.04,  77.6,  80.2,  27.7,  28.8,   1.5,  21.33,  21.30,    16.33,  179.46,   54.29,  30.50, 2486.9,    0.76,  316.06,  339.64,  349.79,  327.52,  332.82,  326.12, 1460.11, 1510.52, 1489.05, 1466.54, 1470.13, 1462.60, 1533.83, 1547.58,  3903.2, 174,  GPS,   78.5, 116.50, 115.60, 125.050, 121.500, -0.055, -0.280,  11.76, -72.9,   16.2,   78.3,  -14.7,      1,   HDG,     VS,   1.1,  -2.6, -826.8, 3DDiff, 1852,      ,     12,  12.5,     17
2018-08-27, 17:51:39,  -04:00,   KPSM,   42.9582825,  -71.1528549,  3836.7, 30.00,  3978.6,  17.2, 159.43, 184.37, -797.16,  -2.96,   0.90,   0.00,  -0.02,  77.8,  80.3,  27.7,  28.8,   1.5,  21.34,  21.28,    16.38,  179.43,   54.20,  30.50, 2486.5,    0.76,  315.97,  339.53,  349.70,  327.43,  332.70,  326.05, 1461.48, 1510.81, 1489.56, 1465.22, 1471.03, 1463.61, 1533.18, 1548.80,  3888.0, 174,  GPS,   78.5, 116.50, 115.60, 125.050, 121.500, -0.057, -0.282,  11.75, -73.1,   16.2,   78.3,  -14.7,      1,   HDG,     VS,   1.0,  -2.6, -881.9, 3DDiff, 1852,      ,     12,  12.5,     16
2018-08-27, 17:51:40,  -04:00,   KPSM,   42.9586334,  -71.1517868,  3822.7, 30.00,  3963.2,  17.2, 159.94, 184.88, -811.87,  -2.80,   0.91,   0.00,   0.00,  77.9,  80.4,  27.7,  28.8,   1.5,  21.35,  21.27,    16.41,  179.42,   54.24,  30.49, 2486.8,    0.76,  315.88,  339.45,  349.64,  327.36,  332.57,  325.99, 1461.92, 1510.59, 1489.96, 1466.08, 1471.40, 1465.42, 1533.57, 1548.81,  3872.6, 175,  GPS,   78.5, 116.50, 115.60, 125.050, 121.500, -0.058, -0.287,  11.76, -73.3,   16.1,   78.3,  -14.7,      1,   HDG,     VS,   0.6,  -2.6, -889.8, 3DDiff, 1852,      ,     12,  12.5,     16
2018-08-27, 17:51:41,  -04:00,   KPSM,   42.9589882,  -71.1507263,  3808.7, 30.00,  3948.7,  17.2, 160.13, 185.38, -847.40,  -2.74,   0.52,  -0.00,   0.02,  78.0,  80.5,  27.7,  28.8,   1.5,  21.36,  21.27,    16.41,  179.38,   54.41,  30.49, 2488.6,    0.76,  315.82,  339.36,  349.56,  327.28,  332.47,  325.91, 1461.14, 1510.63, 1489.12, 1465.54, 1471.34, 1464.56, 1533.30, 1548.34,  3858.1, 175,  GPS,   78.5, 116.50, 115.60, 125.050, 121.500, -0.060, -0.292,  11.77, -73.6,   16.1,   78.3,  -14.7,      1,   HDG,     VS,   0.3,  -2.6, -866.1, 3DDiff, 1852,      ,     12,  12.5,     17
2018-08-27, 17:51:42,  -04:00,   KPSM,   42.9593391,  -71.1496506,  3794.7, 30.00,  3934.9,  17.2, 160.61, 185.85, -860.55,  -2.70,   0.03,   0.00,   0.00,  78.1,  80.5,  27.7,  28.8,   1.5,  21.36,  21.25,    16.34,  179.35,   54.09,  30.54, 2485.5,    0.76,  315.73,  339.27,  349.47,  327.18,  332.33,  325.84, 1461.81, 1512.05, 1488.93, 1465.26, 1470.20, 1464.52, 1534.07, 1547.59,  3844.2, 176,  GPS,   78.5, 116.50, 115.60, 125.050, 121.500, -0.062, -0.296,  11.79, -73.8,   16.0,   78.3,  -14.7,      1,   HDG,     VS,   0.1,  -2.6, -826.8, 3DDiff, 1852,      ,     12,  12.5,     17
2018-08-27, 17:51:43,  -04:00,   KPSM,   42.9596901,  -71.1485825,  3781.7, 30.00,  3921.5,  17.2, 160.93, 186.26, -847.30,  -2.54,  -0.01,   0.00,   0.00,  78.2,  80.6,  27.7,  28.8,   1.5,  21.37,  21.24,    16.42,  179.30,   54.15,  30.52, 2487.6,    0.76,  315.64,  339.18,  349.40,  327.10,  332.20,  325.79, 1461.55, 1511.95, 1489.01, 1465.57, 1470.04, 1464.91, 1534.36, 1547.79,  3830.9, 176,  GPS,   78.5, 116.50, 115.60, 125.050, 121.500, -0.064, -0.300,  11.82, -74.0,   16.0,   78.3,  -14.7,      1,   HDG,     VS,  -0.2,  -2.6, -795.3, 3DDiff, 1852,      ,     12,  12.5,     17
2018-08-27, 17:51:44,  -04:00,   KPSM,   42.9600449,  -71.1475143,  3768.7, 30.00,  3910.2,  17.2, 161.61, 186.61, -817.38,  -2.32,  -0.26,   0.00,   0.02,  78.1,  80.6,  27.7,  28.8,   1.5,  21.37,  21.23,    16.42,  179.26,   54.12,  30.52, 2484.4,    0.76,  315.58,  339.09,  349.36,  327.05,  332.09,  325.76, 1461.48, 1512.07, 1488.90, 1464.85, 1470.36, 1464.07, 1533.83, 1547.69,  3819.5, 177,  GPS,   78.5, 116.50, 115.60, 125.050, 121.500, -0.066, -0.304,  11.85, -74.3,   15.9,   78.3,  -14.7,      1,   HDG,     VS,  -0.3,  -2.5, -752.0, 3DDiff, 1852,      ,     12,  12.5,     17
2018-08-27, 17:51:45,  -04:00,   KPSM,   42.9603996,  -71.1464310,  3756.7, 30.00,  3898.9,  17.2, 161.66, 186.86, -775.53,  -2.25,  -0.37,   0.01,   0.01,  78.2,  80.5,  27.7,  28.8,   1.5,  21.34,  21.25,    16.31,  179.22,   54.37,  30.53, 2487.0,    0.75,  315.49,  339.00,  349.28,  326.97,  331.96,  325.67, 1461.74, 1511.87, 1488.95, 1463.89, 1470.72, 1463.47, 1533.28, 1547.98,  3808.3, 177,  GPS,   78.5, 116.50, 115.60, 125.050, 121.500, -0.001, -0.306,  11.88, -74.5,   15.9,   78.3,  -14.7,      1,   HDG,     VS,  -0.3,  -2.5, -712.6, 3DDiff, 1852,      ,     12,  12.5,     16
2018-08-27, 17:51:46,  -04:00,   KPSM,   42.9607544,  -71.1453629,  3744.7, 30.00,  3887.8,  17.2, 161.92, 187.06, -754.43,  -2.20,  -0.07,   0.01,   0.05,  78.2,  80.5,  27.7,  28.8,   1.5,  21.32,  21.27,    16.40,  179.17,   54.17,  30.51, 2487.5,    0.76,  315.42,  338.91,  349.23,  326.91,  331.87,  325.63, 1461.17, 1511.45, 1488.19, 1465.47, 1470.02, 1464.75, 1534.10, 1546.88,  3797.2, 177,  GPS,   78.5, 116.50, 115.60, 125.050, 121.500, -0.003, -0.309,  11.92, -74.8,   15.8,   78.2,  -14.7,      1,   HDG,     VS,  -0.3,  -2.4, -696.9, 3DDiff, 1852,      ,     12,  12.5,     16
2018-08-27, 17:51:47,  -04:00,   KPSM,   42.9611092,  -71.1442795,  3733.7, 30.00,  3877.0,  17.2, 162.05, 187.27, -729.07,  -2.27,  -0.16,  -0.00,  -0.02,  78.0,  80.5,  27.7,  28.8,   1.5,  21.30,  21.27,    16.46,  179.14,   54.24,  30.51, 2487.3,    0.76,  315.35,  338.83,  349.13,  326.82,  331.72,  325.57, 1460.17, 1510.65, 1488.47, 1465.29, 1471.07, 1465.55, 1534.15, 1546.89,  3786.4, 177,  GPS,   78.5, 116.50, 115.60, 125.050, 121.500, -0.005, -0.310,  11.96, -75.0,   15.8,   78.2,  -14.7,      1,   HDG,     VS,  -0.3,  -2.4, -661.4, 3DDiff, 1852,      ,     12,  12.5,     17
2018-08-27, 17:51:48,  -04:00,   KPSM,   42.9614639,  -71.1432037,  3724.7, 30.00,  3865.7,  17.2, 162.12, 187.44, -659.11,  -2.31,  -0.25,  -0.00,  -0.02,  78.2,  80.5,  27.7,  28.8,   1.5,  21.28,  21.23,    16.43,  179.10,   54.30,  30.49, 2487.6,    0.76,  315.27,  338.73,  349.09,  326.76,  331.61,  325.54, 1461.20, 1511.25, 1489.31, 1466.99, 1470.73, 1465.26, 1535.15, 1547.55,  3775.0, 177,  GPS,   78.5, 116.50, 115.60, 125.050, 121.500, -0.007, -0.310,  12.01, -75.3,   15.7,   78.2,  -14.7,      1,   HDG,     VS,  -0.2,  -2.3, -685.0, 3DDiff, 1852,      ,     12,  12.5,     17
2018-08-27, 17:51:49,  -04:00,   KPSM,   42.9618225,  -71.1421280,  3712.7, 30.00,  3854.0,  17.2, 162.34, 187.62, -657.81,  -2.33,  -0.36,  -0.01,   0.00,  78.0,  80.5,  27.7,  28.8,   1.5,  21.28,  21.22,    16.47,  179.06,   54.32,  30.53, 2485.9,    0.76,  315.19,  338.67,  349.00,  326.70,  331.50,  325.45, 1462.22, 1511.43, 1489.93, 1465.83, 1471.69, 1464.63, 1535.52, 1548.63,  3763.4, 177,  GPS,   78.5, 116.50, 115.60, 125.050, 121.500, -0.009, -0.313,  12.05, -75.5,   15.7,   78.2,  -14.7,      1,   HDG,     VS,  -0.3,  -2.4, -700.8, 3DDiff, 1852,      ,     12,  12.5,     17
2018-08-27, 17:51:50,  -04:00,   KPSM,   42.9621773,  -71.1410370,  3700.7, 30.00,  3841.0,  17.2, 162.60, 187.81, -688.32,  -2.34,  -0.47,   0.00,   0.00,  77.9,  80.5,  27.7,  28.8,   1.5,  21.25,  21.23,    16.51,  179.03,   54.35,  30.50, 2487.9,    0.76,  315.12,  338.56,  348.94,  326.63,  331.35,  325.42, 1461.37, 1511.82, 1489.72, 1465.91, 1472.35, 1464.95, 1536.04, 1548.20,  3750.4, 178,  GPS,   78.5, 116.50, 115.60, 125.050, 121.500, -0.011, -0.315,  12.10, -75.7,   15.6,   78.2,  -14.7,      1,   HDG,     VS,  -0.2,  -2.4, -704.7, 3DDiff, 1852,      ,     12,  12.5,     17
2018-08-27, 17:51:51,  -04:00,   KPSM,   42.9625359,  -71.1399612,  3691.7, 30.00,  3829.1,  17.5, 163.10, 188.01, -665.67,  -2.45,  -0.23,   0.01,  -0.02,  77.9,  80.4,  27.7,  28.8,   1.5,  21.23,  21.22,    16.45,  179.01,   54.13,  30.50, 2483.9,    0.76,  315.03,  338.48,  348.86,  326.57,  331.23,  325.35, 1459.82, 1512.20, 1489.35, 1465.13, 1471.75, 1466.63, 1536.18, 1547.64,  3738.5, 178,  GPS,   78.5, 116.50, 115.60, 125.050, 121.500, -0.013, -0.315,  12.16, -75.9,   15.6,   78.2,  -14.7,      1,   HDG,     VS,  -0.0,  -2.4, -700.8, 3DDiff, 1852,      ,     12,  12.5,     16
2018-08-27, 17:51:52,  -04:00,   KPSM,   42.9628906,  -71.1388779,  3679.7, 30.00,  3817.0,  17.5, 162.92, 188.16, -666.24,  -2.42,   0.00,  -0.01,  -0.01,  78.0,  80.4,  27.7,  28.8,   1.6,  21.22,  21.20,    16.38,  178.96,   54.35,  30.45, 2485.5,    0.76,  314.97,  338.38,  348.81,  326.50,  331.11,  325.30, 1458.95, 1511.33, 1488.96, 1466.26, 1471.71, 1466.09, 1535.06, 1546.97,  3726.4, 178,  GPS,   78.5, 116.50, 115.60, 125.050, 121.500, -0.015, -0.317,  12.21, -76.1,   15.5,   78.2,  -14.7,      1,   HDG,     VS,   0.0,  -2.5, -700.8, 3DDiff, 1852,      ,     12,  12.5,     16
2018-08-27, 17:51:53,  -04:00,   KPSM,   42.9632530,  -71.1377945,  3666.7, 30.00,  3804.8,  17.5, 162.94, 188.34, -692.50,  -2.40,   0.07,   0.00,   0.01,  77.9,  80.4,  27.7,  28.8,   1.5,  21.21,  21.17,    16.37,  178.94,   54.28,  30.50, 2488.1,    0.76,  314.88,  338.32,  348.74,  326.43,  331.01,  325.24, 1458.34, 1511.09, 1488.75, 1466.73, 1471.28, 1465.37, 1534.91, 1546.49,  3714.2, 178,  GPS,   78.5, 116.50, 115.60, 125.050, 121.500, -0.017, -0.321,  12.27, -76.3,   15.5,   78.2,  -14.7,      1,   HDG,     VS,   0.0,  -2.4, -720.5, 3DDiff, 1852,      ,     12,  12.5,     17
2018-08-27, 17:51:54,  -04:00,   KPSM,   42.9636116,  -71.1367111,  3656.7, 30.00,  3792.9,  17.5, 163.37, 188.51, -701.45,  -2.42,   0.03,   0.00,   0.00,  78.0,  80.4,  27.7,  28.8,   1.5,  21.18,  21.18,    16.46,  178.88,   54.32,  30.51, 2487.0,    0.76,  314.82,  338.21,  348.67,  326.34,  330.89,  325.18, 1457.46, 1510.37, 1489.54, 1466.46, 1471.71, 1465.58, 1534.26, 1546.78,  3702.3, 178,  GPS,   78.5, 116.50, 115.60, 125.050, 121.500, -0.019, -0.322,  12.32, -76.5,   15.4,   78.2,  -14.7,      1,   HDG,     VS,   0.1,  -2.4, -708.7, 3DDiff, 1852,      ,     12,  12.5,     17
2018-08-27, 17:51:55,  -04:00,   KPSM,   42.9639664,  -71.1356201,  3645.7, 30.00,  3781.0,  17.5, 163.61, 188.67, -683.99,  -2.47,   0.04,   0.01,  -0.02,  77.8,  80.5,  27.7,  28.8,   1.5,  21.19,  21.18,    16.54,  178.84,   54.52,  30.48, 2488.2,    0.77,  314.74,  338.12,  348.60,  326.27,  330.75,  325.12, 1458.99, 1510.18, 1488.47, 1466.19, 1472.76, 1465.06, 1534.20, 1547.57,  3690.4, 178,  GPS,   78.5, 116.50, 115.60, 125.050, 121.500, -0.022, -0.323,  12.37, -76.6,   15.4,   78.2,  -14.7,      1,   HDG,     VS,   0.2,  -2.5, -700.8, 3DDiff, 1852,      ,     12,  12.5,     17
2018-08-27, 17:51:56,  -04:00,   KPSM,   42.9643288,  -71.1345444,  3633.7, 30.00,  3770.0,  17.5, 163.40, 188.83, -698.42,  -2.37,   0.09,  -0.01,  -0.02,  77.8,  80.5,  27.7,  28.8,   1.5,  21.16,  21.17,    16.39,  178.79,   54.27,  30.51, 2487.8,    0.76,  314.70,  338.02,  348.54,  326.22,  330.66,  325.05, 1460.58, 1509.71, 1488.59, 1465.24, 1473.43, 1465.09, 1533.60, 1549.10,  3679.4, 178,  GPS,   78.5, 116.50, 115.60, 125.050, 121.500, -0.023, -0.326,  12.43, -76.8,   15.3,   78.2,  -14.7,      1,   HDG,     VS,   0.3,  -2.4, -728.3, 3DDiff, 1852,      ,     12,  12.5,     17
2018-08-27, 17:51:57,  -04:00,   KPSM,   42.9646873,  -71.1334534,  3622.7, 30.00,  3758.2,  17.5, 163.20, 188.96, -691.33,  -2.33,   0.19,  -0.01,  -0.02,  77.8,  80.5,  27.7,  28.8,   1.5,  21.17,  21.13,    16.46,  178.76,   54.40,  30.53, 2489.2,    0.76,  314.61,  337.96,  348.46,  326.15,  330.56,  324.98, 1460.72, 1510.05, 1489.36, 1465.18, 1473.71, 1465.78, 1534.46, 1548.96,  3667.6, 178,  GPS,   78.5, 116.50, 115.60, 125.050, 121.500, -0.025, -0.327,  12.48, -76.9,   15.2,   78.2,  -14.7,      1,   HDG,     VS,   0.4,  -2.4, -740.2, 3DDiff, 1852,      ,     12,  12.5,     16
2018-08-27, 17:51:58,  -04:00,   KPSM,   42.9650421,  -71.1323700,  3610.7, 30.00,  3745.9,  17.5, 163.32, 189.12, -691.21,  -2.37,   0.33,   0.01,   0.01,  77.7,  80.5,  27.7,  28.8,   1.6,  21.18,  21.09,    16.45,  178.72,   54.41,  30.49, 2488.3,    0.76,  314.54,  337.87,  348.39,  326.09,  330.43,  324.93, 1460.56, 1510.12, 1490.03, 1465.83, 1473.79, 1466.84, 1534.98, 1549.28,  3655.3, 178,  GPS,   78.5, 116.50, 115.60, 125.050, 121.500, -0.028, -0.330,  12.54, -77.0,   15.2,   78.2,  -14.7,      1,   HDG,     VS,   0.4,  -2.3, -732.3, 3DDiff, 1852,      ,     12,  12.5,     16
2018-08-27, 17:51:59,  -04:00,   KPSM,   42.9654045,  -71.1312790,  3599.7, 30.00,  3734.1,  17.5, 163.90, 189.23, -699.15,  -2.23,   0.64,  -0.00,   0.02,  77.8,  80.6,  27.7,  28.8,   1.5,  21.17,  21.07,    16.45,  178.70,   54.42,  30.49, 2488.4,    0.76,  314.48,  337.80,  348.36,  326.02,  330.32,  324.88, 1460.00, 1510.79, 1490.08, 1466.16, 1472.76, 1465.74, 1535.25, 1548.37,  3643.5, 179,  GPS,   78.5, 116.50, 115.60, 125.050, 121.500, -0.030, -0.331,  12.60, -77.1,   15.1,   78.2,  -14.7,      1,   HDG,     VS,   0.4,  -2.3, -720.5, 3DDiff, 1852,      ,     12,  12.5,     16
2018-08-27, 17:52:00,  -04:00,   KPSM,   42.9657631,  -71.1301956,  3588.7, 30.00,  3722.8,  17.5, 164.09, 189.33, -677.87,  -2.12,   0.29,  -0.00,   0.02,  77.9,  80.6,  27.7,  28.8,   1.5,  21.17,  21.06,    16.44,  178.64,   54.47,  30.48, 2489.1,    0.76,  314.42,  337.71,  348.27,  325.96,  330.22,  324.81, 1459.41, 1511.11, 1491.08, 1465.92, 1473.03, 1464.75, 1534.99, 1548.63,  3632.2, 179,  GPS,   78.5, 116.50, 115.60, 125.050, 121.500, -0.032, -0.333,  12.67, -77.1,   15.1,   78.2,  -14.7,      1,   HDG,     VS,   0.4,  -2.2, -685.0, 3DDiff, 1852,      ,     12,  12.5,     17
2018-08-27, 17:52:01,  -04:00,   KPSM,   42.9661179,  -71.1290970,  3576.7, 30.00,  3711.9,  17.5, 164.03, 189.39, -686.66,  -2.11,   0.30,   0.00,  -0.00,  77.9,  80.7,  27.7,  28.8,   1.5,  21.17,  21.05,    16.42,  178.65,   54.60,  30.50, 2486.2,    0.76,  314.34,  337.62,  348.18,  325.87,  330.11,  324.75, 1459.74, 1510.32, 1491.19, 1465.17, 1474.34, 1464.78, 1534.57, 1549.22,  3621.3, 179,  GPS,   78.5, 116.50, 115.60, 125.050, 121.500, -0.034, -0.335,  12.74, -77.2,   15.0,   78.2,  -14.7,      1,   HDG,     VS,   0.3,  -2.2, -661.4, 3DDiff, 1852,      ,     12,  12.5,     17
2018-08-27, 17:52:02,  -04:00,   KPSM,   42.9664726,  -71.1280060,  3566.7, 30.00,  3700.1,  17.8, 164.08, 189.43, -674.12,  -2.08,   0.16,   0.01,   0.01,  78.0,  80.7,  27.7,  28.8,   1.5,  21.19,  21.02,    16.43,  178.61,   54.65,  30.49, 2488.5,    0.76,  314.27,  337.56,  348.09,  325.81,  330.01,  324.69, 1459.64, 1509.99, 1490.83, 1466.66, 1476.07, 1465.50, 1534.73, 1548.94,  3609.5, 179,  GPS,   78.5, 116.50, 115.60, 125.050, 121.500, -0.037, -0.336,  12.80, -77.2,   15.0,   78.1,  -14.7,      1,   HDG,     VS,   0.2,  -2.1, -637.8, 3DDiff, 1852,      ,     12,  12.5,     17
2018-08-27, 17:52:03,  -04:00,   KPSM,   42.9668274,  -71.1269226,  3555.7, 30.00,  3689.3,  17.8, 164.08, 189.45, -654.26,  -2.13,   0.07,  -0.00,  -0.01,  78.0,  80.7,  27.7,  28.8,   1.6,  21.21,  21.01,    16.43,  178.59,   54.34,  30.45, 2487.2,    0.76,  314.21,  337.47,  348.02,  325.76,  329.86,  324.63, 1460.88, 1510.13, 1489.93, 1466.13, 1475.53, 1465.83, 1534.48, 1548.82,  3598.7, 179,  GPS,   78.5, 116.50, 115.60, 125.050, 121.500, -0.039, -0.337,  12.87, -77.2,   14.9,   78.1,  -14.7,      1,   HDG,     VS,   0.1,  -2.1, -610.2, 3DDiff, 1852,      ,     12,  12.5,     16
2018-08-27, 17:52:04,  -04:00,   KPSM,   42.9671898,  -71.1258240,  3545.7, 30.00,  3679.2,  17.8, 164.19, 189.45, -637.58,  -2.10,   0.10,  -0.01,   0.02,  78.0,  80.7,  27.7,  28.8,   1.5,  21.23,  21.00,    16.41,  178.59,   54.50,  30.51, 2487.5,    0.76,  314.13,  337.41,  347.94,  325.67,  329.77,  324.56, 1461.00, 1511.28, 1489.76, 1466.41, 1474.86, 1466.52, 1535.02, 1548.55,  3588.6, 179,  GPS,   78.5, 116.50, 115.60, 125.050, 121.500, -0.041, -0.338,  12.94, -77.1,   14.9,   78.1,  -14.7,      1,   HDG,     VS,   0.1,  -2.1, -610.2, 3DDiff, 1852,      ,     12,  12.5,     16
2018-08-27, 17:52:05,  -04:00,   KPSM,   42.9675446,  -71.1247330,  3536.7, 30.00,  3669.2,  17.8, 164.29, 189.47, -613.00,  -2.04,   0.10,  -0.00,   0.01,  78.1,  80.7,  27.7,  28.8,   1.5,  21.23,  20.97,    16.42,  178.54,   54.48,  30.52, 2487.3,    0.76,  314.08,  337.30,  347.86,  325.60,  329.65,  324.50, 1460.91, 1511.72, 1490.59, 1466.40, 1474.24, 1467.19, 1535.96, 1548.68,  3578.6, 179,  GPS,   78.5, 116.50, 115.60, 125.050, 121.500, -0.043, -0.337,  13.01, -77.1,   14.8,   78.1,  -14.7,      1,   HDG,     VS,  -0.0,  -2.1, -594.5, 3DDiff, 1852,      ,     12,  12.5,     16
2018-08-27, 17:52:06,  -04:00,   KPSM,   42.9678993,  -71.1236420,  3527.7, 30.00,  3659.1,  17.8, 164.39, 189.45, -581.80,  -2.11,  -0.02,   0.01,  -0.02,  78.2,  80.8,  27.7,  28.8,   1.5,  21.23,  20.96,    16.36,  178.52,   54.34,  30.47, 2488.9,    0.76,  314.00,  337.25,  347.81,  325.53,  329.55,  324.45, 1461.25, 1511.50, 1489.91, 1466.79, 1473.84, 1466.99, 1536.06, 1548.09,  3568.5, 179,  GPS,   78.5, 116.50, 115.60, 125.050, 121.500, -0.046, -0.337,  13.07, -77.1,   14.8,   78.1,  -14.7,      1,   HDG,     VS,  -0.1,  -2.1, -598.4, 3DDiff, 1852,      ,     12,  12.5,     17
2018-08-27, 17:52:07,  -04:00,   KPSM,   42.9682579,  -71.1225510,  3517.7, 30.00,  3648.6,  17.8, 164.14, 189.43, -583.10,  -2.09,  -0.18,  -0.00,   0.02,  78.2,  80.8,  27.7,  28.8,   1.5,  21.24,  20.97,    16.35,  178.49,   54.39,  30.49, 2488.3,    0.76,  313.94,  337.14,  347.69,  325.44,  329.42,  324.40, 1461.06, 1511.17, 1490.04, 1465.97, 1473.54, 1466.91, 1535.61, 1548.45,  3558.0, 179,  GPS,   78.5, 116.50, 115.60, 125.050, 121.500, -0.048, -0.337,  13.13, -77.0,   14.7,   78.1,  -14.7,      1,   HDG,     VS,  -0.3,  -2.1, -614.2, 3DDiff, 1852,      ,     12,  12.5,     17
2018-08-27, 17:52:08,  -04:00,   KPSM,   42.9686127,  -71.1214600,  3507.7, 30.00,  3639.5,  17.8, 164.44, 189.41, -591.72,  -1.96,  -0.26,   0.00,   0.01,  78.1,  80.7,  27.7,  28.8,   1.5,  21.24,  20.95,    16.44,  178.47,   54.20,  30.47, 2487.8,    0.76,  313.86,  337.05,  347.63,  325.36,  329.31,  324.35, 1460.10, 1511.75, 1489.29, 1465.98, 1473.57, 1466.75, 1535.24, 1547.63,  3548.8, 179,  GPS,   78.5, 116.50, 115.60, 125.050, 121.500, -0.050, -0.338,  13.18, -77.0,   14.7,   78.1,  -14.7,      1,   HDG,     VS,  -0.3,  -2.1, -618.1, 3DDiff, 1852,      ,     12,  12.5,     17
2018-08-27, 17:52:09,  -04:00,   KPSM,   42.9689674,  -71.1203690,  3497.7, 30.00,  3630.9,  18.0, 164.56, 189.39, -599.01,  -2.08,  -0.15,  -0.00,  -0.03,  78.1,  80.7,  27.7,  28.8,   1.6,  21.23,  20.95,    16.51,  178.45,   54.37,  30.48, 2488.4,    0.76,  313.81,  336.96,  347.56,  325.30,  329.20,  324.28, 1459.46, 1511.10, 1489.11, 1466.05, 1473.00, 1465.71, 1534.95, 1547.38,  3540.3, 179,  GPS,   78.5, 116.50, 115.60, 125.050, 121.500, -0.053, -0.339,  13.24, -76.9,   14.6,   78.1,  -14.7,      1,   HDG,     VS,  -0.3,  -2.1, -594.5, 3DDiff, 1852,      ,     12,  12.5,     16
2018-08-27, 17:52:10,  -04:00,   KPSM,   42.9693222,  -71.1192780,  3488.7, 30.00,  3620.6,  18.0, 164.70, 189.35, -584.79,  -2.08,  -0.35,  -0.00,  -0.01,  78.1,  80.7,  27.7,  28.8,   1.5,  21.22,  20.94,    16.45,  178.41,   54.48,  30.50, 2487.5,    0.76,  313.75,  336.89,  347.48,  325.24,  329.10,  324.23, 1460.26, 1511.28, 1489.33, 1467.35, 1473.89, 1464.38, 1535.35, 1548.49,  3530.0, 179,  GPS,   78.5, 116.50, 115.60, 125.050, 121.500, -0.055, -0.338,  13.28, -76.9,   14.6,   78.1,  -14.7,      1,   HDG,     VS,  -0.3,  -2.1, -602.4, 3DDiff, 1852,      ,     12,  12.5,     16
2018-08-27, 17:52:11,  -04:00,   KPSM,   42.9696846,  -71.1181946,  3478.7, 30.00,  3610.1,  18.0, 164.63, 189.29, -588.52,  -2.08,  -0.58,  -0.00,   0.02,  78.1,  80.7,  27.7,  28.8,   1.5,  21.21,  20.93,    16.47,  178.39,   54.51,  30.51, 2488.3,    0.76,  313.69,  336.80,  347.42,  325.20,  328.98,  324.17, 1460.74, 1512.51, 1489.32, 1468.31, 1474.26, 1466.05, 1536.37, 1548.81,  3519.5, 179,  GPS,   78.5, 116.50, 115.60, 125.050, 121.500, -0.057, -0.339,  13.32, -76.8,   14.5,   78.1,  -14.7,      1,   HDG,     VS,  -0.3,  -2.1, -626.0, 3DDiff, 1852,      ,     12,  12.5,     17
2018-08-27, 17:52:12,  -04:00,   KPSM,   42.9700394,  -71.1171036,  3469.7, 30.00,  3600.1,  18.0, 164.81, 189.27, -574.08,  -2.22,  -0.18,  -0.00,  -0.01,  78.2,  80.7,  27.7,  28.8,   1.5,  21.22,  20.93,    16.45,  178.38,   54.20,  30.49, 2487.1,    0.76,  313.60,  336.71,  347.36,  325.11,  328.86,  324.11, 1460.28, 1512.05, 1489.54, 1468.18, 1474.09, 1466.10, 1535.72, 1548.37,  3509.5, 179,  GPS,   78.5, 116.50, 115.60, 125.050, 121.500, -0.059, -0.338,  13.36, -76.7,   14.5,   78.1,  -14.7,      1,   HDG,     VS,  -0.3,  -2.1, -610.2, 3DDiff, 1852,      ,     12,  12.5,     18
2018-08-27, 17:52:13,  -04:00,   KPSM,   42.9703941,  -71.1160049,  3460.7, 30.00,  3590.4,  18.0, 164.40, 189.29, -552.79,  -2.35,  -0.36,  -0.01,   0.01,  78.2,  80.7,  27.7,  28.8,   1.5,  21.23,  20.93,    16.43,  178.37,   54.35,  30.51, 2486.6,    0.76,  313.54,  336.62,  347.29,  325.03,  328.76,  324.03, 1460.51, 1511.27, 1489.49, 1467.62, 1474.04, 1467.39, 1535.73, 1548.56,  3499.8, 179,  GPS,   78.5, 116.50, 115.60, 125.050, 121.500, -0.062, -0.338,  13.39, -76.7,   14.4,   78.1,  -14.8,      1,   HDG,     VS,  -0.3,  -2.3, -590.6, 3DDiff, 1852,      ,     12,  12.5,     18
2018-08-27, 17:52:14,  -04:00,   KPSM,   42.9707527,  -71.1149216,  3450.7, 30.00,  3578.6,  18.0, 164.37, 189.31, -572.05,  -2.27,  -0.26,  -0.01,   0.04,  78.0,  80.7,  27.7,  28.8,   1.5,  21.23,  20.93,    16.41,  178.35,   54.26,  30.47, 2488.7,    0.76,  313.49,  336.53,  347.23,  324.97,  328.65,  323.96, 1460.14, 1510.71, 1489.20, 1467.62, 1474.37, 1466.80, 1535.23, 1547.72,  3488.0, 179,  GPS,   78.5, 116.50, 115.60, 125.050, 121.500, -0.064, -0.338,  13.41, -76.6,   14.4,   78.0,  -14.8,      1,   HDG,     VS,  -0.3,  -2.3, -641.7, 3DDiff, 1852,      ,     12,  12.5,     18
2018-08-27, 17:52:15,  -04:00,   KPSM,   42.9711113,  -71.1138306,  3439.7, 30.00,  3566.8,  18.0, 164.56, 189.37, -595.21,  -2.34,  -0.11,  -0.01,   0.02,  78.0,  80.7,  27.7,  28.8,   1.5,  21.23,  20.92,    16.31,  178.32,   54.32,  30.49, 2488.1,    0.75,  313.42,  336.45,  347.17,  324.90,  328.55,  323.88, 1460.68, 1511.25, 1489.91, 1468.09, 1474.51, 1466.99, 1535.70, 1548.35,  3476.2, 179,  GPS,   78.5, 116.50, 115.60, 125.050, 121.500, -0.066, -0.340,  13.42, -76.5,   14.3,   78.0,  -14.8,      1,   HDG,     VS,  -0.2,  -2.3, -629.9, 3DDiff, 1852,      ,     12,  12.5,     17
2018-08-27, 17:52:16,  -04:00,   KPSM,   42.9714699,  -71.1127396,  3429.7, 30.00,  3557.0,  18.0, 164.50, 189.41, -625.72,  -2.36,   0.00,   0.00,  -0.03,  78.0,  80.7,  27.7,  28.8,   1.5,  21.23,  20.92,    16.38,  178.29,   54.39,  30.47, 2488.3,    0.76,  313.36,  336.40,  347.10,  324.84,  328.46,  323.83, 1461.81, 1510.68, 1489.39, 1466.92, 1474.71, 1467.76, 1534.66, 1548.87,  3466.4, 179,  GPS,   78.5, 116.50, 115.60, 125.050, 121.500, -0.068, -0.340,  13.44, -76.5,   14.3,   78.0,  -14.8,      1,   HDG,     VS,  -0.2,  -2.3, -614.2, 3DDiff, 1852,      ,     12,  12.5,     17
2018-08-27, 17:52:17,  -04:00,   KPSM,   42.9718285,  -71.1116486,  3419.7, 30.00,  3546.5,  18.2, 164.73, 189.47, -630.30,  -2.29,   0.32,   0.01,   0.04,  78.0,  80.7,  27.7,  28.8,   1.6,  21.23,  20.92,    16.43,  178.26,   54.38,  30.46, 2488.2,    0.76,  313.30,  336.31,  347.05,  324.78,  328.35,  323.77, 1460.67, 1511.77, 1490.16, 1466.21, 1473.26, 1466.44, 1534.92, 1548.73,  3455.9, 179,  GPS,   78.5, 116.50, 115.60, 125.050, 121.500, -0.070, -0.341,  13.45, -76.5,   14.2,   78.0,  -14.8,      1,   HDG,     VS,  -0.1,  -2.3, -618.1, 3DDiff, 1852,      ,     12,  12.5,     17
2018-08-27, 17:52:18,  -04:00,   KPSM,   42.9721870,  -71.1105652,  3409.7, 30.00,  3536.8,  18.2, 164.68, 189.52, -616.59,  -2.38,  -0.12,   0.01,   0.00,  77.9,  80.7,  27.7,  28.8,   1.6,  21.21,  20.93,    16.49,  178.24,   54.22,  30.48, 2485.4,    0.76,  313.22,  336.25,  347.01,  324.72,  328.25,  323.71, 1460.36, 1511.49, 1490.06, 1466.86, 1472.25, 1465.02, 1534.23, 1548.29,  3446.1, 179,  GPS,   78.5, 116.50, 115.60, 125.050, 121.500, -0.073, -0.341,  13.46, -76.4,   14.1,   78.0,  -14.8,      1,   HDG,     VS,  -0.0,  -2.3, -586.6, 3DDiff, 1852,      ,     12,  12.5,     18
2018-08-27, 17:52:19,  -04:00,   KPSM,   42.9725456,  -71.1094666,  3400.7, 30.00,  3526.6,  18.2, 164.80, 189.56, -590.39,  -2.37,  -0.37,  -0.01,  -0.01,  78.1,  80.8,  27.7,  28.8,   1.5,  21.20,  20.94,    16.41,  178.22,   54.18,  30.47, 2487.3,    0.76,  313.18,  336.18,  346.92,  324.66,  328.13,  323.62, 1460.45, 1510.15, 1490.77, 1466.34, 1472.43, 1465.10, 1533.26, 1548.73,  3436.0, 179,  GPS,   78.5, 116.50, 115.60, 125.050, 121.500, -0.075, -0.341,  13.47, -76.4,   14.1,   78.0,  -14.8,      1,   HDG,     VS,   0.0,  -2.4, -598.4, 3DDiff, 1852,      ,     12,  12.5,     18
2018-08-27, 17:52:20,  -04:00,   KPSM,   42.9729004,  -71.1083679,  3392.7, 30.00,  3517.0,  18.2, 164.88, 189.58, -567.08,  -2.31,  -0.56,   0.01,  -0.01,  78.1,  80.7,  27.7,  28.8,   1.6,  21.20,  20.93,    16.36,  178.22,   54.25,  30.49, 2487.2,    0.76,  313.12,  336.12,  346.89,  324.60,  328.03,  323.59, 1460.58, 1511.24, 1491.03, 1466.72, 1472.17, 1465.53, 1534.25, 1548.74,  3426.7, 179,  GPS,   78.5, 116.50, 115.60, 125.050, 121.500, -0.077, -0.339,  13.48, -76.4,   14.0,   78.0,  -14.8,      1,   HDG,     VS,  -0.0,  -2.4, -602.4, 3DDiff, 1852,      ,     12,  12.0,     17
2018-08-27, 17:52:21,  -04:00,   KPSM,   42.9732590,  -71.1072845,  3382.7, 30.00,  3508.4,  18.2, 165.00, 189.62, -561.43,  -2.32,  -0.77,   0.01,   0.01,  78.2,  80.7,  27.7,  28.8,   1.6,  21.21,  20.92,    16.39,  178.20,   54.47,  30.48, 2488.0,    0.76,  313.04,  336.01,  346.85,  324.56,  327.94,  323.54, 1460.06, 1510.67, 1490.45, 1468.00, 1472.32, 1464.83, 1535.11, 1548.33,  3418.1, 179,  GPS,   78.5, 116.50, 115.60, 125.050, 121.500, -0.079, -0.340,  13.49, -76.3,   14.0,   78.0,  -14.8,      1,   HDG,     VS,  -0.1,  -2.4, -618.1, 3DDiff, 1852,      ,     12,  12.0,     17
2018-08-27, 17:52:22,  -04:00,   KPSM,   42.9736214,  -71.1062012,  3371.7, 30.00,  3497.4,  18.2, 164.84, 189.64, -593.85,  -2.30,  -0.46,   0.01,   0.01,  78.0,  80.6,  27.7,  28.8,   1.5,  21.22,  20.91,    16.40,  178.18,   54.29,  30.48, 2489.3,    0.76,  313.00,  335.95,  346.78,  324.48,  327.83,  323.48, 1460.60, 1509.44, 1489.81, 1467.82, 1472.35, 1464.58, 1534.23, 1548.26,  3407.1, 179,  GPS,   78.5, 116.50, 115.60, 125.050, 121.500, -0.081, -0.341,  13.49, -76.3,   13.9,   78.0,  -14.8,      1,   HDG,     VS,  -0.2,  -2.3, -626.0, 3DDiff, 1852,      ,     12,  12.0,     17
2018-08-27, 17:52:23,  -04:00,   KPSM,   42.9739799,  -71.1051025,  3361.7, 30.00,  3487.4,  18.2, 165.09, 189.66, -594.89,  -2.38,  -0.13,  -0.00,   0.00,  77.9,  80.6,  27.7,  28.8,   1.5,  21.22,  20.90,    16.43,  178.18,   54.39,  30.53, 2485.7,    0.76,  312.94,  335.86,  346.74,  324.42,  327.73,  323.41, 1460.79, 1509.31, 1490.30, 1467.94, 1474.04, 1465.78, 1534.66, 1549.02,  3397.1, 179,  GPS,   78.5, 116.50, 115.60, 125.050, 121.500, -0.083, -0.342,  13.49, -76.3,   13.9,   78.0,  -14.8,      1,   HDG,     VS,  -0.1,  -2.3, -610.2, 3DDiff, 1852,      ,     12,  12.0,     17
2018-08-27, 17:52:24,  -04:00,   KPSM,   42.9743423,  -71.1040115,  3352.7, 30.00,  3477.5,  18.2, 164.75, 189.72, -590.86,  -2.41,   0.20,  -0.00,   0.00,  78.1,  80.6,  27.7,  28.8,   1.5,  21.22,  20.89,    16.40,  178.18,   54.50,  30.50, 2486.5,    0.76,  312.88,  335.79,  346.66,  324.35,  327.62,  323.38, 1460.84, 1508.84, 1490.57, 1468.11, 1473.84, 1466.76, 1534.43, 1549.24,  3387.2, 179,  GPS,   78.5, 116.50, 115.60, 128.400, 121.500, -0.085, -0.341,  13.48, -76.3,   13.8,   78.0,  -14.8,      1,   HDG,     VS,   0.0,  -2.4, -602.4, 3DDiff, 1852,      ,     12,  12.5,     17
2018-08-27, 17:52:25,  -04:00,   KPSM,   42.9747009,  -71.1029205,  3343.7, 30.00,  3467.3,  18.5, 164.85, 189.80, -568.61,  -2.52,   0.67,  -0.01,   0.01,  78.0,  80.6,  27.7,  28.8,   1.6,  21.22,  20.87,    16.44,  178.16,   54.56,  30.48, 2488.8,    0.76,  312.82,  335.70,  346.62,  324.30,  327.52,  323.35, 1459.52, 1508.23, 1490.41, 1467.44, 1473.23, 1465.88, 1533.65, 1548.26,  3377.0, 179,  GPS,   78.5, 116.50, 115.60, 128.400, 121.500, -0.087, -0.341,  13.48, -76.3,   13.8,   78.0,  -14.8,      1,   HDG,     VS,   0.0,  -2.4, -614.2, 3DDiff, 1852,      ,     12,  12.5,     18
2018-08-27, 17:52:26,  -04:00,   KPSM,   42.9750633,  -71.1018295,  3332.7, 30.00,  3455.4,  18.5, 165.06, 189.84, -602.46,  -2.38,   0.99,  -0.01,   0.01,  78.1,  80.6,  27.7,  28.8,   1.5,  21.23,  20.87,    16.40,  178.13,   54.52,  30.49, 2488.9,    0.76,  312.73,  335.64,  346.56,  324.23,  327.40,  323.29, 1460.69, 1508.28, 1491.59, 1467.68, 1473.63, 1466.08, 1534.06, 1549.26,  3365.1, 179,  GPS,   78.5, 116.50, 115.60, 128.400, 121.500, -0.089, -0.342,  13.47, -76.3,   13.7,   77.9,  -14.8,      1,   HDG,     VS,  -0.1,  -2.4, -653.5, 3DDiff, 1852,      ,     12,  12.0,     17
2018-08-27, 17:52:27,  -04:00,   KPSM,   42.9754219,  -71.1007385,  3321.7, 30.00,  3443.9,  18.5, 165.43, 189.87, -622.51,  -2.27,   0.86,   0.00,   0.01,  78.3,  80.7,  27.7,  28.8,   1.5,  21.24,  20.86,    16.49,  178.12,   54.60,  30.52, 2487.6,    0.76,  312.69,  335.55,  346.46,  324.20,  327.33,  323.23, 1460.17, 1507.52, 1490.17, 1467.66, 1472.46, 1466.32, 1533.49, 1547.99,  3353.6, 180,  GPS,   78.5, 116.50, 115.60, 128.400, 121.500, -0.092, -0.344,  13.47, -76.3,   13.7,   77.9,  -14.8,      1,   HDG,     VS,  -0.0,  -2.3, -641.7, 3DDiff, 1852,      ,     12,  12.0,     17
2018-08-27, 17:52:28,  -04:00,   KPSM,   42.9757767,  -71.0996399,  3312.7, 30.00,  3434.2,  18.5, 165.37, 189.91, -603.48,  -2.26,   0.65,   0.01,  -0.01,  78.4,  80.8,  27.7,  28.8,   1.5,  21.24,  20.86,    16.45,  178.10,   54.63,  30.51, 2488.1,    0.76,  312.63,  335.49,  346.43,  324.12,  327.24,  323.20, 1460.30, 1508.61, 1489.76, 1468.05, 1473.33, 1466.28, 1533.70, 1548.57,  3343.9, 180,  GPS,   78.5, 116.50, 115.60, 128.400, 121.500, -0.094, -0.343,  13.46, -76.4,   13.6,   77.9,  -14.8,      1,   HDG,     VS,   1.5,  -2.3, -610.2, 3DDiff, 1852,      ,     12,  12.0,     17
2018-08-27, 17:52:29,  -04:00,   KPSM,   42.9761314,  -71.0985489,  3303.7, 30.00,  3423.9,  18.5, 165.28, 189.89, -597.59,  -2.24,   1.32,  -0.00,   0.00,  78.4,  80.9,  27.7,  28.8,   1.5,  21.24,  20.84,    16.49,  178.06,   54.54,  30.52, 2489.9,    0.76,  312.57,  335.43,  346.35,  324.06,  327.15,  323.17, 1460.91, 1509.99, 1489.93, 1468.03, 1473.79, 1466.96, 1535.28, 1548.95,  3333.6, 179,  GPS,   78.5, 116.50, 115.60, 128.400, 121.500, -0.096, -0.343,  13.45, -76.4,   13.6,   77.9,  -14.8,      1,   HDG,     VS,   2.8,  -2.3, -614.2, 3DDiff, 1852,      ,     12,  12.0,     17
2018-08-27, 17:52:30,  -04:00,   KPSM,   42.9764862,  -71.0974503,  3292.7, 30.00,  3413.5,  18.5, 165.15, 189.89, -605.84,  -2.26,   2.03,  -0.00,   0.01,  78.6,  81.1,  27.7,  28.8,   1.5,  21.25,  20.83,    16.47,  178.02,   54.63,  30.51, 2487.5,    0.76,  312.51,  335.36,  346.31,  324.02,  327.06,  323.11, 1461.07, 1510.19, 1489.86, 1468.32, 1473.45, 1467.24, 1535.51, 1548.98,  3323.2, 179,  GPS,   78.5, 116.50, 115.60, 128.400, 121.500, -0.099, -0.344,  13.43, -76.5,   13.5,   77.9,  -14.8,      1,   HDG,     VS,   3.2,  -2.3, -622.0, 3DDiff, 1852,      ,     12,  12.5,     17
2018-08-27, 17:52:31,  -04:00,   KPSM,   42.9768372,  -71.0963516,  3282.7, 30.00,  3403.5,  18.5, 164.99, 189.93, -617.59,  -2.24,   2.54,   0.01,  -0.01,  78.9,  81.2,  27.7,  28.8,   1.5,  21.25,  20.83,    16.47,  178.00,   54.50,  30.48, 2486.0,    0.76,  312.46,  335.25,  346.28,  323.96,  326.98,  323.05, 1461.01, 1510.14, 1490.12, 1468.16, 1473.02, 1468.84, 1535.56, 1548.83,  3313.2, 179,  GPS,   78.5, 116.50, 115.60, 128.400, 121.500, -0.102, -0.345,  13.42, -76.5,   13.5,   77.9,  -14.8,      1,   HDG,     VS,   3.1,  -2.3, -602.4, 3DDiff, 1852,      ,     12,  12.5,     18
2018-08-27, 17:52:32,  -04:00,   KPSM,   42.9771843,  -71.0952454,  3272.7, 30.00,  3394.4,  18.5, 165.25, 189.93, -610.86,  -2.14,   2.65,  -0.00,  -0.03,  79.2,  81.5,  27.7,  28.8,   1.5,  21.25,  20.82,    16.46,  177.97,   54.27,  30.45, 2488.5,    0.76,  312.37,  335.22,  346.22,  323.90,  326.91,  323.01, 1461.29, 1509.36, 1491.09, 1468.02, 1472.94, 1468.35, 1534.99, 1549.05,  3304.1, 179,  GPS,   78.5, 116.50, 115.60, 128.400, 121.500, -0.105, -0.345,  13.40, -76.6,   13.4,   77.9,  -14.8,      1,   HDG,     VS,   2.6,  -2.3, -598.4, 3DDiff, 1852,      ,     12,  12.5,     17
2018-08-27, 17:52:33,  -04:00,   KPSM,   42.9775314,  -71.0941467,  3262.7, 30.00,  3385.4,  18.5, 165.46, 189.93, -603.39,  -2.12,   2.20,   0.01,  -0.01,  79.5,  81.7,  27.7,  28.8,   1.5,  21.25,  20.82,    16.44,  177.93,   54.37,  30.50, 2488.3,    0.76,  312.36,  335.15,  346.19,  323.86,  326.82,  322.96, 1461.03, 1510.16, 1491.78, 1467.84, 1472.32, 1467.60, 1535.46, 1549.20,  3295.1, 180,  GPS,   78.5, 116.50, 115.60, 128.400, 121.500, -0.108, -0.346,  13.38, -76.7,   13.4,   77.9,  -14.8,      1,   HDG,     VS,   2.1,  -2.2, -586.6, 3DDiff, 1852,      ,     12,  12.0,     17
2018-08-27, 17:52:34,  -04:00,   KPSM,   42.9778748,  -71.0930405,  3253.7, 30.00,  3375.1,  18.8, 165.24, 189.89, -593.47,  -2.19,   1.86,   0.00,   0.02,  79.7,  82.0,  27.7,  28.8,   1.6,  21.26,  20.82,    16.50,  177.91,   54.35,  30.53, 2487.9,    0.76,  312.29,  335.07,  346.13,  323.81,  326.73,  322.92, 1461.80, 1510.08, 1491.92, 1467.75, 1472.46, 1467.23, 1534.88, 1550.49,  3284.8, 179,  GPS,   78.5, 116.50, 115.60, 128.400, 121.500, -0.111, -0.345,  13.36, -76.8,   13.3,   77.8,  -14.8,      1,   HDG,     VS,   1.4,  -2.2, -590.6, 3DDiff, 1852,      ,     12,  12.0,     17
2018-08-27, 17:52:35,  -04:00,   KPSM,   42.9782066,  -71.0919418,  3244.7, 30.00,  3365.3,  18.8, 165.36, 189.89, -566.24,  -2.20,   1.30,  -0.00,  -0.03,  79.9,  82.2,  27.7,  28.8,   1.6,  21.24,  20.81,    16.53,  177.86,   54.38,  30.50, 2487.4,    0.76,  312.22,  335.01,  346.05,  323.74,  326.63,  322.86, 1461.46, 1509.73, 1491.87, 1468.14, 1474.44, 1466.95, 1534.54, 1550.54,  3275.0, 179,  GPS,   78.5, 116.50, 115.60, 128.400, 121.500, -0.115, -0.345,  13.34, -76.9,   13.3,   77.8,  -14.8,      1,   HDG,     VS,   1.0,  -2.2, -590.6, 3DDiff, 1852,      ,     12,  12.0,     17
2018-08-27, 17:52:36,  -04:00,   KPSM,   42.9785423,  -71.0908279,  3235.7, 30.00,  3355.3,  18.8, 165.25, 189.87, -549.74,  -2.26,   1.56,  -0.00,  -0.02,  80.1,  82.3,  27.7,  28.8,   1.6,  21.24,  20.80,    16.50,  177.82,   54.42,  30.48, 2488.3,    0.76,  312.17,  334.97,  346.03,  323.71,  326.57,  322.83, 1460.94, 1510.07, 1491.99, 1468.27, 1474.29, 1466.05, 1534.34, 1550.63,  3265.0, 179,  GPS,   78.5, 116.50, 115.60, 128.400, 121.500, -0.118, -0.344,  13.32, -77.0,   13.2,   77.8,  -14.8,      1,   HDG,     VS,   1.4,  -2.2, -602.4, 3DDiff, 1852,      ,     12,  12.5,     17
2018-08-27, 17:52:37,  -04:00,   KPSM,   42.9788742,  -71.0897217,  3225.7, 30.00,  3345.2,  18.8, 165.10, 189.87, -574.79,  -2.23,   1.53,  -0.00,  -0.00,  80.2,  82.5,  27.7,  28.8,   1.6,  21.24,  20.79,    16.47,  177.80,   54.41,  30.50, 2488.5,    0.76,  312.09,  334.88,  345.98,  323.65,  326.48,  322.80, 1460.18, 1510.57, 1492.11, 1467.09, 1474.42, 1465.73, 1534.89, 1550.20,  3254.9, 179,  GPS,   78.5, 116.50, 115.60, 128.400, 121.500, -0.123, -0.345,  13.29, -77.1,   13.1,   77.8,  -14.8,      1,   HDG,     VS,   1.7,  -2.3, -610.2, 3DDiff, 1852,      ,     12,  12.5,     18
2018-08-27, 17:52:38,  -04:00,   KPSM,   42.9792099,  -71.0886154,  3215.7, 30.00,  3334.1,  18.8, 165.05, 189.91, -581.15,  -2.08,   1.34,   0.01,   0.04,  80.5,  82.6,  27.7,  28.8,   1.5,  21.23,  20.79,    16.41,  177.78,   54.42,  30.50, 2487.9,    0.76,  312.06,  334.82,  345.92,  323.59,  326.39,  322.77, 1460.04, 1510.23, 1492.00, 1466.57, 1472.61, 1465.53, 1534.59, 1549.37,  3243.8, 179,  GPS,   78.5, 116.50, 115.60, 128.400, 121.500, -0.126, -0.345,  13.27, -77.3,   13.1,   77.8,  -14.8,      1,   HDG,     VS,   1.6,  -2.2, -614.2, 3DDiff, 1852,      ,     12,  12.5,     17
2018-08-27, 17:52:39,  -04:00,   KPSM,   42.9795380,  -71.0875092,  3205.7, 30.00,  3324.4,  18.8, 164.87, 189.91, -587.78,  -2.02,   1.23,   0.01,   0.01,  80.7,  82.8,  27.7,  28.8,   1.6,  21.22,  20.80,    16.40,  177.78,   54.22,  30.50, 2486.4,    0.76,  312.02,  334.76,  345.88,  323.55,  326.30,  322.71, 1460.06, 1509.52, 1492.68, 1465.90, 1473.16, 1465.47, 1533.27, 1549.50,  3234.1, 179,  GPS,   78.5, 116.50, 115.60, 128.400, 121.500, -0.130, -0.346,  13.24, -77.4,   13.0,   77.8,  -14.8,      1,   HDG,     VS,   1.3,  -2.1, -570.9, 3DDiff, 1852,      ,     12,  12.0,     17
2018-08-27, 17:52:40,  -04:00,   KPSM,   42.9798622,  -71.0863876,  3197.7, 30.00,  3316.1,  18.8, 164.98, 189.87, -566.23,  -1.91,   1.80,  -0.01,   0.01,  80.9,  82.9,  27.7,  28.8,   1.5,  21.23,  20.81,    16.43,  177.76,   54.06,  30.46, 2487.9,    0.76,  311.94,  334.70,  345.82,  323.48,  326.24,  322.68, 1460.71, 1509.19, 1492.54, 1466.12, 1473.34, 1465.17, 1533.25, 1549.71,  3225.8, 179,  GPS,   78.5, 116.50, 115.60, 128.400, 121.500, -0.135, -0.344,  13.22, -77.5,   13.0,   77.7,  -14.8,      1,   HDG,     VS,   1.0,  -2.1, -535.4, 3DDiff, 1852,      ,     12,  12.0,     17
2018-08-27, 17:52:41,  -04:00,   KPSM,   42.9801903,  -71.0852814,  3189.7, 30.00,  3307.5,  18.8, 164.81, 189.86, -529.01,  -1.99,   1.19,  -0.00,  -0.03,  81.0,  83.1,  27.7,  28.8,   1.5,  21.24,  20.79,    16.43,  177.76,   54.19,  30.51, 2487.6,    0.76,  311.93,  334.66,  345.77,  323.44,  326.15,  322.65, 1460.33, 1510.01, 1492.59, 1466.55, 1474.52, 1465.07, 1533.76, 1549.73,  3217.2, 179,  GPS,   78.5, 116.50, 115.60, 128.400, 121.500, -0.139, -0.343,  13.19, -77.7,   12.9,   77.7,  -14.8,      1,   HDG,     VS,   0.5,  -2.0, -515.7, 3DDiff, 1852,      ,     12,  12.0,     17
2018-08-27, 17:52:42,  -04:00,   KPSM,   42.9805107,  -71.0841675,  3180.7, 30.00,  3298.4,  19.0, 164.67, 189.78, -534.86,  -1.91,  -0.05,   0.01,  -0.00,  81.2,  83.2,  27.7,  28.8,   1.5,  21.25,  20.78,    16.48,  177.76,   54.39,  30.53, 2488.5,    0.76,  311.85,  334.55,  345.70,  323.38,  326.05,  322.62, 1461.17, 1510.40, 1491.61, 1465.02, 1473.96, 1465.16, 1533.41, 1549.95,  3208.1, 179,  GPS,   78.5, 116.50, 115.60, 128.400, 121.500, -0.144, -0.342,  13.17, -77.9,   12.9,   77.7,  -14.8,      1,   HDG,     VS,   0.1,  -1.9, -539.4, 3DDiff, 1852,      ,     12,  12.5,     17
2018-08-27, 17:52:43,  -04:00,   KPSM,   42.9808350,  -71.0830536,  3171.7, 30.00,  3289.7,  19.0, 164.65, 189.72, -527.46,  -1.87,  -0.01,   0.00,   0.00,  81.3,  83.3,  27.7,  28.8,   1.5,  21.24,  20.79,    16.42,  177.76,   54.31,  30.51, 2487.8,    0.76,  311.81,  334.51,  345.64,  323.32,  325.99,  322.57, 1460.96, 1511.23, 1491.41, 1465.96, 1473.36, 1465.61, 1534.21, 1549.31,  3199.4, 178,  GPS,   78.5, 116.50, 115.60, 128.400, 121.500, -0.148, -0.342,  13.14, -78.0,   12.8,   77.7,  -14.8,      1,   HDG,     VS,  -0.3,  -1.9, -527.6, 3DDiff, 1852,      ,     12,  12.5,     18
2018-08-27, 17:52:44,  -04:00,   KPSM,   42.9811592,  -71.0819397,  3163.7, 30.00,  3281.8,  19.0, 164.58, 189.64, -528.70,  -1.82,  -0.10,   0.00,   0.00,  81.2,  83.3,  27.7,  28.8,   1.5,  21.24,  20.80,    16.38,  177.76,   54.33,  30.50, 2487.2,    0.76,  311.75,  334.45,  345.61,  323.29,  325.90,  322.56, 1461.47, 1510.97, 1490.96, 1466.85, 1472.77, 1466.65, 1535.09, 1549.32,  3191.5, 178,  GPS,   78.5, 116.50, 115.60, 128.400, 121.500, -0.153, -0.341,  13.12, -78.2,   12.8,   77.7,  -14.8,      1,   HDG,     VS,  -0.4,  -1.9, -523.6, 3DDiff, 1852,      ,     12,  12.5,     17
2018-08-27, 17:52:45,  -04:00,   KPSM,   42.9814835,  -71.0808334,  3154.7, 30.00,  3273.0,  19.0, 164.36, 189.54, -518.09,  -1.77,   0.20,  -0.00,  -0.02,  81.1,  83.3,  27.7,  28.8,   1.5,  21.23,  20.81,    16.37,  177.78,   54.20,  30.52, 2486.6,    0.76,  311.71,  334.39,  345.55,  323.26,  325.84,  322.53, 1460.76, 1511.64, 1490.71, 1467.07, 1472.58, 1466.52, 1535.93, 1548.37,  3182.6, 178,  GPS,   78.5, 116.50, 115.60, 128.400, 121.500, -0.157, -0.340,  13.10, -78.4,   12.7,   77.6,  -14.8,      1,   HDG,     VS,   0.6,  -1.8, -523.6, 3DDiff, 1852,      ,     12,  12.0,     17
2018-08-27, 17:52:46,  -04:00,   KPSM,   42.9818001,  -71.0797272,  3145.7, 30.00,  3263.6,  19.0, 164.23, 189.45, -527.21,  -1.71,   0.70,   0.00,  -0.01,  81.1,  83.3,  27.7,  28.8,   1.5,  21.21,  20.82,    16.46,  177.76,   54.47,  30.52, 2486.0,    0.76,  311.66,  334.33,  345.49,  323.20,  325.76,  322.47, 1460.90, 1511.21, 1490.82, 1466.67, 1471.91, 1467.54, 1535.77, 1548.46,  3173.3, 178,  GPS,   78.5, 116.50, 115.60, 128.400, 121.500, -0.162, -0.340,  13.08, -78.7,   12.7,   77.6,  -14.8,      1,   HDG,     VS,   1.4,  -1.8, -527.6, 3DDiff, 1852,      ,     12,  12.0,     17
2018-08-27, 17:52:47,  -04:00,   KPSM,   42.9821205,  -71.0786057,  3138.7, 30.00,  3255.2,  19.0, 163.97, 189.37, -507.06,  -1.82,   1.16,   0.01,  -0.02,  81.1,  83.4,  27.7,  28.8,   1.6,  21.19,  20.84,    16.53,  177.74,   54.37,  30.49, 2489.4,    0.76,  311.62,  334.27,  345.46,  323.14,  325.74,  322.41, 1461.32, 1511.59, 1490.89, 1467.10, 1472.60, 1468.76, 1536.28, 1548.76,  3164.9, 178,  GPS,   78.5, 116.50, 115.60, 128.400, 121.500, -0.167, -0.337,  13.07, -78.9,   12.6,   77.6,  -14.8,      1,   HDG,     VS,   1.9,  -1.8, -503.9, 3DDiff, 1852,      ,     12,  12.0,     17
2018-08-27, 17:52:48,  -04:00,   KPSM,   42.9824371,  -71.0774994,  3129.7, 30.00,  3246.5,  19.0, 163.84, 189.29, -497.90,  -1.77,   1.70,  -0.01,   0.00,  81.1,  83.5,  27.7,  28.8,   1.5,  21.20,  20.83,    16.40,  177.73,   54.42,  30.50, 2487.5,    0.76,  311.57,  334.21,  345.40,  323.08,  325.68,  322.38, 1461.09, 1510.49, 1491.22, 1467.22, 1473.91, 1468.02, 1536.14, 1548.68,  3156.2, 178,  GPS,   78.5, 116.50, 115.60, 128.400, 121.500, -0.171, -0.337,  13.06, -79.1,   12.6,   77.6,  -14.8,      1,   HDG,     VS,   2.0,  -1.8, -519.7, 3DDiff, 1852,      ,     12,  12.5,     17
2018-08-27, 17:52:49,  -04:00,   KPSM,   42.9827576,  -71.0763855,  3122.7, 30.00,  3237.7,  19.2, 164.01, 189.21, -486.60,  -1.69,   1.69,  -0.01,   0.00,  81.3,  83.6,  27.7,  28.8,   1.5,  21.20,  20.83,    16.41,  177.72,   54.52,  30.52, 2486.3,    0.76,  311.54,  334.16,  345.34,  323.07,  325.66,  322.34, 1461.29, 1511.15, 1491.85, 1466.77, 1472.67, 1468.18, 1536.35, 1548.59,  3147.4, 178,  GPS,   78.5, 116.50, 115.60, 128.400, 121.500, -0.176, -0.334,  13.06, -79.3,   12.5,   77.5,  -14.8,      1,   HDG,     VS,   1.9,  -1.7, -527.6, 3DDiff, 1852,      ,     12,  12.5,     18
2018-08-27, 17:52:50,  -04:00,   KPSM,   42.9830666,  -71.0752716,  3113.7, 30.00,  3227.7,  19.2, 163.71, 189.14, -495.12,  -1.66,   1.59,  -0.00,   0.01,  81.4,  83.8,  27.7,  28.8,   1.5,  21.21,  20.81,    16.46,  177.72,   54.62,  30.51, 2488.0,    0.76,  311.46,  334.12,  345.30,  323.01,  325.65,  322.29, 1460.93, 1511.55, 1492.43, 1466.56, 1473.22, 1468.68, 1536.39, 1548.90,  3137.4, 177,  GPS,   78.5, 116.50, 115.60, 128.400, 121.500, -0.181, -0.334,  13.06, -79.4,   12.5,   77.5,  -14.8,      1,   HDG,     VS,   1.6,  -1.7, -531.5, 3DDiff, 1852,      ,     12,  12.5,     17
2018-08-27, 17:52:51,  -04:00,   KPSM,   42.9833794,  -71.0741501,  3105.7, 30.00,  3219.1,  19.2, 163.70, 189.06, -491.96,  -1.72,   1.33,   0.00,   0.01,  81.6,  84.0,  27.7,  28.8,   1.5,  21.23,  20.79,    16.48,  177.70,   54.48,  30.53, 2486.8,    0.76,  311.45,  334.04,  345.28,  322.98,  325.63,  322.29, 1461.68, 1512.46, 1492.92, 1467.22, 1473.16, 1468.82, 1536.93, 1549.38,  3128.8, 177,  GPS,   78.5, 116.50, 115.60, 128.400, 121.500, -0.186, -0.332,  13.08, -79.6,   12.4,   77.5,  -14.8,      1,   HDG,     VS,   1.3,  -1.7, -527.6, 3DDiff, 1852,      ,     12,  12.0,     17
2018-08-27, 17:52:52,  -04:00,   KPSM,   42.9836845,  -71.0730362,  3096.7, 30.00,  3210.9,  19.2, 163.32, 189.02, -500.05,  -1.82,   0.98,  -0.00,  -0.01,  81.9,  84.1,  27.7,  28.8,   1.5,  21.26,  20.77,    16.41,  177.71,   54.23,  30.50, 2487.9,    0.76,  311.39,  334.03,  345.24,  322.95,  325.60,  322.26, 1461.73, 1511.76, 1492.21, 1467.28, 1473.62, 1469.07, 1536.62, 1549.52,  3120.6, 177,  GPS,   78.5, 116.50, 115.60, 128.400, 121.500, -0.191, -0.332,  13.10, -79.7,   12.4,   77.5,  -14.8,      1,   HDG,     VS,   0.9,  -1.8, -503.9, 3DDiff, 1852,      ,     12,  12.0,     17
2018-08-27, 17:52:53,  -04:00,   KPSM,   42.9839973,  -71.0719223,  3088.7, 30.00,  3202.0,  19.2, 163.00, 188.98, -510.67,  -1.72,   0.60,  -0.00,  -0.02,  82.0,  84.2,  27.7,  28.8,   1.5,  21.27,  20.76,    16.38,  177.70,   54.16,  30.55, 2483.0,    0.76,  311.36,  333.97,  345.21,  322.92,  325.63,  322.22, 1461.55, 1511.98, 1492.77, 1467.85, 1474.24, 1468.79, 1536.69, 1549.64,  3111.7, 177,  GPS,   78.5, 116.50, 115.60, 128.400, 121.500, -0.197, -0.331,  13.12, -79.8,   12.3,   77.4,  -14.8,      1,   HDG,     VS,   0.4,  -1.8, -531.5, 3DDiff, 1852,      ,     12,  12.0,     17
2018-08-27, 17:52:54,  -04:00,   KPSM,   42.9842987,  -71.0708008,  3080.7, 30.00,  3193.1,  19.2, 162.93, 188.96, -505.04,  -1.69,   0.10,   0.00,   0.01,  82.0,  84.3,  27.7,  28.8,   1.5,  21.27,  20.76,    16.44,  177.69,   54.19,  30.52, 2485.1,    0.76,  311.30,  333.93,  345.16,  322.89,  325.66,  322.20, 1461.23, 1512.78, 1492.83, 1468.63, 1474.62, 1467.77, 1536.96, 1549.95,  3102.8, 176,  GPS,   78.5, 116.50, 115.60, 128.400, 121.500, -0.203, -0.329,  13.15, -79.9,   12.3,   77.4,  -14.8,      1,   HDG,     VS,   0.1,  -1.7, -527.6, 3DDiff, 1852,      ,     12,  12.5,     17
2018-08-27, 17:52:55,  -04:00,   KPSM,   42.9846039,  -71.0696869,  3072.7, 30.00,  3184.5,  19.2, 162.84, 188.92, -507.52,  -1.70,   0.15,   0.00,   0.01,  82.0,  84.3,  27.7,  28.8,   1.5,  21.26,  20.77,    16.45,  177.70,   54.35,  30.51, 2486.0,    0.76,  311.27,  333.90,  345.12,  322.84,  325.70,  322.19, 1461.45, 1513.59, 1492.47, 1468.00, 1474.40, 1467.16, 1536.92, 1549.91,  3094.2, 176,  GPS,   78.5, 116.50, 115.60, 128.400, 121.500, -0.208, -0.328,  13.19, -80.0,   12.2,   77.4,  -14.8,      1,   HDG,     VS,   0.0,  -1.7, -511.8, 3DDiff, 1852,      ,     12,  12.5,     18
2018-08-27, 17:52:56,  -04:00,   KPSM,   42.9849014,  -71.0686035,  3063.7, 30.00,  3177.4,  19.2, 162.67, 188.90, -499.16,  -1.79,   0.56,   0.00,  -0.00,  82.0,  84.4,  27.7,  28.8,   1.5,  21.26,  20.78,    16.40,  177.71,   54.27,  30.51, 2486.2,    0.76,  311.23,  333.84,  345.09,  322.83,  325.75,  322.14, 1460.74, 1514.22, 1492.24, 1468.34, 1474.95, 1467.45, 1537.76, 1549.84,  3087.1, 176,  GPS,   78.5, 116.50, 115.60, 128.400, 121.500, -0.213, -0.328,  13.23, -80.1,   12.2,   77.3,  -14.8,      1,   HDG,     VS,   0.1,  -1.7, -507.9, 3DDiff, 1852,      ,     12,  12.5,     17
2018-08-27, 17:52:57,  -04:00,   KPSM,   42.9852104,  -71.0674820,  3056.7, 30.00,  3169.9,  19.5, 162.75, 188.88, -489.34,  -1.81,   0.64,   0.00,   0.02,  82.1,  84.4,  27.7,  28.8,   1.5,  21.25,  20.78,    16.42,  177.73,   54.39,  30.50, 2486.8,    0.76,  311.20,  333.82,  345.06,  322.78,  325.86,  322.16, 1460.95, 1514.12, 1492.38, 1468.48, 1474.51, 1466.98, 1537.32, 1549.39,  3079.6, 176,  GPS,   78.5, 116.50, 115.60, 128.400, 121.500, -0.219, -0.325,  13.27, -80.3,   12.1,   77.3,  -14.8,      1,   HDG,     VS,   0.1,  -1.8, -503.9, 3DDiff, 1852,      ,     12,  12.0,     17
2018-08-27, 17:52:58,  -04:00,   KPSM,   42.9855118,  -71.0663681,  3048.7, 30.00,  3161.3,  19.5, 162.65, 188.88, -480.61,  -1.88,  -0.04,   0.00,  -0.01,  82.1,  84.5,  27.7,  28.8,   1.5,  21.27,  20.78,    16.45,  177.74,   54.30,  30.52, 2487.2,    0.76,  311.12,  333.78,  345.05,  322.76,  325.95,  322.14, 1462.28, 1513.71, 1492.59, 1468.36, 1475.15, 1467.75, 1536.81, 1550.52,  3071.0, 176,  GPS,   78.5, 116.50, 115.60, 128.400, 121.500, -0.225, -0.324,  13.32, -80.4,   12.0,   77.3,  -14.8,      1,   HDG,     VS,  -0.1,  -1.8, -503.9, 3DDiff, 1852,      ,     12,  12.0,     17
2018-08-27, 17:52:59,  -04:00,   KPSM,   42.9858170,  -71.0652542,  3039.7, 30.00,  3152.9,  19.5, 162.62, 188.90, -493.57,  -2.00,  -0.44,   0.01,  -0.06,  82.1,  84.5,  27.7,  28.8,   1.5,  21.25,  20.78,    16.44,  177.75,   54.44,  30.52, 2488.0,    0.76,  311.11,  333.75,  345.01,  322.73,  326.07,  322.13, 1463.21, 1513.93, 1492.90, 1468.47, 1474.82, 1468.75, 1537.08, 1551.24,  3062.6, 176,  GPS,   78.5, 116.50, 115.60, 128.400, 121.500, -0.230, -0.323,  13.38, -80.5,   12.0,   77.3,  -14.8,      1,   HDG,     VS,  -0.2,  -1.9, -507.9, 3DDiff, 1852,      ,     12,  12.0,     17
2018-08-27, 17:53:00,  -04:00,   KPSM,   42.9861221,  -71.0641403,  3031.7, 30.00,  3144.3,  19.5, 162.69, 188.92, -503.64,  -1.91,  -0.09,   0.01,   0.04,  82.0,  84.5,  27.7,  28.8,   1.5,  21.24,  20.79,    16.47,  177.74,   54.30,  30.51, 2487.8,    0.76,  311.08,  333.69,  344.99,  322.71,  326.20,  322.10, 1462.90, 1514.34, 1493.04, 1469.47, 1475.47, 1467.96, 1537.13, 1551.28,  3054.0, 176,  GPS,   78.5, 116.50, 115.60, 128.400, 121.500, -0.236, -0.322,  13.44, -80.5,   11.9,   77.2,  -14.8,      1,   HDG,     VS,  -0.1,  -1.9, -523.6, 3DDiff, 1852,      ,     12,  12.5,     17
2018-08-27, 17:53:01,  -04:00,   KPSM,   42.9864197,  -71.0630188,  3023.7, 30.00,  3136.1,  19.5, 162.83, 188.96, -507.86,  -1.86,  -0.47,   0.01,  -0.00,  81.9,  84.5,  27.7,  28.8,   1.5,  21.22,  20.82,    16.45,  177.75,   54.09,  30.52, 2486.7,    0.76,  311.03,  333.68,  344.97,  322.68,  326.35,  322.10, 1462.16, 1513.11, 1493.03, 1468.66, 1474.53, 1468.53, 1536.51, 1550.23,  3045.8, 176,  GPS,   78.5, 116.50, 115.60, 128.400, 121.500, -0.241, -0.321,  13.50, -80.6,   11.9,   77.2,  -14.8,      1,   HDG,     VS,   0.0,  -1.9, -500.0, 3DDiff, 1852,      ,     12,  12.5,     18
2018-08-27, 17:53:02,  -04:00,   KPSM,   42.9867287,  -71.0618973,  3016.7, 30.00,  3126.5,  19.5, 163.34, 188.96, -486.36,  -1.86,  -0.32,  -0.00,   0.00,  81.9,  84.5,  27.7,  28.8,   1.5,  21.20,  20.83,    16.38,  177.75,   54.11,  30.52, 2484.6,    0.76,  310.99,  333.65,  344.97,  322.65,  326.52,  322.10, 1461.07, 1513.34, 1491.87, 1468.57, 1474.72, 1468.06, 1536.31, 1549.38,  3036.2, 177,  GPS,   78.5, 116.50, 115.60, 128.400, 121.500, -0.247, -0.318,  13.57, -80.7,   11.8,   77.2,  -14.8,      1,   HDG,     VS,   0.2,  -1.9, -500.0, 3DDiff, 1852,      ,     12,  12.5,     17
2018-08-27, 17:53:03,  -04:00,   KPSM,   42.9870338,  -71.0607834,  3008.7, 30.00,  3117.2,  19.5, 162.98, 188.96, -477.90,  -1.91,   0.10,  -0.01,   0.01,  81.9,  84.4,  27.7,  28.8,   1.5,  21.21,  20.80,    16.40,  177.75,   54.06,  30.55, 2482.7,    0.76,  310.94,  333.61,  344.97,  322.65,  326.71,  322.10, 1462.53, 1513.99, 1492.51, 1469.70, 1475.83, 1468.57, 1537.58, 1551.25,  3026.9, 176,  GPS,   78.5, 116.50, 115.60, 128.400, 121.500, -0.251, -0.317,  13.63, -80.7,   11.8,   77.1,  -14.8,      1,   HDG,     VS,   0.2,  -1.9, -503.9, 3DDiff, 1852,      ,     12,  12.0,     17
2018-08-27, 17:53:04,  -04:00,   KPSM,   42.9873390,  -71.0596619,  3000.7, 30.00,  3108.7,  19.5, 163.08, 188.96, -480.51,  -1.97,   0.00,   0.01,  -0.00,  81.9,  84.4,  27.7,  28.8,   1.5,  21.22,  20.79,    16.41,  177.72,   54.24,  30.53, 2486.1,    0.76,  310.93,  333.57,  344.91,  322.62,  326.90,  322.10, 1462.80, 1513.12, 1492.97, 1470.04, 1476.60, 1468.25, 1536.88, 1551.38,  3018.4, 176,  GPS,   78.5, 116.50, 115.60, 128.400, 121.500, -0.256, -0.315,  13.70, -80.7,   11.7,   77.1,  -14.8,      1,   HDG,     VS,   0.2,  -1.9, -519.7, 3DDiff, 1852,      ,     12,  12.0,     17
2018-08-27, 17:53:05,  -04:00,   KPSM,   42.9876404,  -71.0585480,  2990.7, 30.00,  3100.1,  19.5, 163.10, 189.00, -510.35,  -1.97,   0.15,  -0.00,   0.01,  81.9,  84.4,  27.7,  28.8,   1.5,  21.23,  20.79,    16.39,  177.69,   54.39,  30.53, 2486.2,    0.76,  310.88,  333.54,  344.89,  322.60,  327.11,  322.07, 1462.45, 1513.48, 1493.43, 1468.66, 1477.09, 1467.93, 1536.30, 1551.42,  3009.8, 176,  GPS,   78.5, 116.50, 115.60, 128.400, 121.500, -0.262, -0.316,  13.77, -80.7,   11.7,   77.1,  -14.8,      1,   HDG,     VS,   0.2,  -1.9, -515.7, 3DDiff, 1852,      ,     12,  12.0,     17
2018-08-27, 17:53:06,  -04:00,   KPSM,   42.9879494,  -71.0574265,  2982.7, 30.00,  3091.4,  19.5, 163.73, 189.02, -519.79,  -1.92,   0.21,  -0.00,   0.01,  82.0,  84.4,  27.7,  28.8,   1.5,  21.24,  20.78,    16.46,  177.72,   54.48,  30.56, 2488.5,    0.76,  310.84,  333.51,  344.85,  322.59,  327.35,  322.11, 1462.13, 1514.19, 1494.54, 1468.65, 1476.72, 1468.84, 1536.50, 1552.14,  3001.1, 177,  GPS,   78.5, 116.50, 115.60, 128.400, 121.500, -0.267, -0.314,  13.84, -80.7,   11.6,   77.0,  -14.8,      1,   HDG,     VS,   0.2,  -1.9, -511.8, 3DDiff, 1852,      ,     12,  12.0,     17
2018-08-27, 17:53:07,  -04:00,   KPSM,   42.9882469,  -71.0563126,  2975.7, 30.00,  3083.3,  19.5, 164.09, 189.02, -496.22,  -1.96,  -0.04,   0.01,   0.01,  82.1,  84.4,  27.7,  28.8,   1.5,  21.26,  20.76,    16.40,  177.70,   54.31,  30.59, 2483.9,    0.76,  310.82,  333.50,  344.79,  322.56,  327.52,  322.10, 1462.42, 1513.89, 1493.89, 1467.71, 1476.89, 1468.98, 1535.77, 1551.94,  2993.0, 177,  GPS,   78.5, 116.50, 115.60, 128.400, 121.500, -0.273, -0.312,  13.91, -80.7,   11.6,   77.0,  -14.8,      1,   HDG,     VS,   0.1,  -2.0, -480.3, 3DDiff, 1852,      ,     12,  12.5,     18
2018-08-27, 17:53:08,  -04:00,   KPSM,   42.9885559,  -71.0551910,  2967.7, 30.00,  3076.5,  19.5, 163.99, 189.02, -476.92,  -2.10,   0.12,   0.01,  -0.05,  82.2,  84.4,  27.7,  28.8,   1.5,  21.27,  20.74,    16.42,  177.70,   54.21,  30.58, 2483.7,    0.76,  310.78,  333.48,  344.75,  322.53,  327.74,  322.10, 1462.00, 1514.33, 1493.98, 1468.53, 1477.35, 1470.04, 1537.28, 1551.94,  2986.2, 177,  GPS,   78.5, 116.50, 115.60, 128.400, 121.500, -0.278, -0.311,  13.97, -80.6,   11.5,   77.0,  -14.8,      1,   HDG,     VS,  -0.1,  -2.0, -468.5, 3DDiff, 1852,      ,     12,  12.5,     17
2018-08-27, 17:53:09,  -04:00,   KPSM,   42.9888611,  -71.0540771,  2958.7, 30.00,  3068.5,  19.5, 162.91, 189.04, -500.24,  -1.94,  -0.09,   0.00,  -0.00,  81.9,  84.5,  27.7,  28.8,   1.5,  21.26,  20.76,    16.45,  177.69,   54.39,  30.57, 2486.8,    0.76,  310.77,  333.42,  344.69,  322.53,  327.93,  322.10, 1462.18, 1514.22, 1494.40, 1468.11, 1476.26, 1470.26, 1537.86, 1551.52,  2978.2, 176,  GPS,   78.5, 116.50, 115.60, 128.400, 121.500, -0.284, -0.310,  14.02, -80.6,   11.5,   76.9,  -14.8,      1,   HDG,     VS,  -0.2,  -2.0, -511.8, 3DDiff, 1852,      ,     12,  12.5,     17
2018-08-27, 17:53:10,  -04:00,   KPSM,   42.9891586,  -71.0529556,  2951.7, 30.00,  3059.2,  19.8, 164.03, 189.04, -478.24,  -1.90,  -0.14,  -0.00,   0.03,  82.1,  84.5,  27.7,  28.8,   1.5,  21.23,  20.77,    16.47,  177.70,   54.31,  30.58, 2486.3,    0.76,  310.74,  333.42,  344.63,  322.50,  328.09,  322.10, 1461.91, 1515.31, 1494.03, 1469.55, 1476.67, 1471.43, 1538.70, 1551.43,  2968.9, 177,  GPS,   78.5, 116.50, 115.60, 128.400, 121.500, -0.290, -0.308,  14.07, -80.5,   11.4,   76.9,  -14.8,      1,   HDG,     VS,  -0.0,  -2.0, -515.7, 3DDiff, 1852,      ,     12,  12.5,     17
2018-08-27, 17:53:11,  -04:00,   KPSM,   42.9894676,  -71.0518417,  2944.7, 30.00,  3051.4,  19.8, 164.19, 189.04, -474.84,  -2.08,  -0.54,  -0.00,  -0.02,  81.9,  84.3,  27.7,  28.8,   1.5,  21.24,  20.77,    16.45,  177.70,   54.39,  30.57, 2485.5,    0.76,  310.72,  333.39,  344.57,  322.50,  328.23,  322.07, 1461.08, 1515.00, 1493.28, 1468.48, 1476.31, 1471.48, 1538.02, 1551.06,  2961.1, 178,  GPS,   78.5, 116.50, 115.60, 128.400, 121.500, -0.295, -0.305,  14.12, -80.5,   11.4,   76.9,  -14.8,      1,   HDG,     VS,  -0.1,  -2.0, -476.4, 3DDiff, 1852,      ,     12,  12.5,     17
2018-08-27, 17:53:12,  -04:00,   KPSM,   42.9897728,  -71.0507202,  2936.7, 30.00,  3043.0,  19.8, 163.82, 189.02, -462.84,  -2.12,  -0.23,  -0.01,  -0.02,  81.8,  84.4,  27.7,  28.8,   1.6,  21.22,  20.76,    16.44,  177.66,   54.48,  30.54, 2488.6,    0.76,  310.69,  333.39,  344.51,  322.47,  328.36,  322.07, 1461.37, 1515.36, 1494.33, 1468.18, 1476.12, 1472.13, 1538.24, 1551.38,  2952.7, 177,  GPS,   78.5, 116.50, 115.60, 128.400, 121.500, -0.300, -0.304,  14.16, -80.4,   11.3,   76.8,  -14.8,      1,   HDG,     VS,   0.0,  -2.1, -500.0, 3DDiff, 1852,      ,     12,  12.5,     17
2018-08-27, 17:53:13,  -04:00,   KPSM,   42.9900742,  -71.0495987,  2927.7, 30.00,  3033.9,  19.8, 164.20, 189.04, -483.60,  -1.98,  -0.01,  -0.01,   0.01,  81.9,  84.4,  27.7,  28.8,   1.5,  21.24,  20.74,    16.42,  177.65,   54.45,  30.53, 2486.7,    0.76,  310.66,  333.36,  344.46,  322.47,  328.49,  322.07, 1461.34, 1515.18, 1495.21, 1467.84, 1475.72, 1470.09, 1538.05, 1551.45,  2943.6, 177,  GPS,   78.5, 116.50, 115.60, 128.400, 121.500, -0.306, -0.304,  14.20, -80.3,   11.3,   76.8,  -14.8,      1,   HDG,     VS,   0.2,  -2.1, -539.4, 3DDiff, 1852,      ,     12,  12.5,     18
2018-08-27, 17:53:14,  -04:00,   KPSM,   42.9903831,  -71.0484924,  2918.7, 30.00,  3023.9,  19.8, 164.55, 189.00, -529.82,  -1.90,   0.38,   0.01,   0.02,  81.9,  84.4,  27.7,  28.8,   1.6,  21.24,  20.73,    16.41,  177.64,   54.14,  30.54, 2488.5,    0.76,  310.66,  333.33,  344.39,  322.46,  328.61,  322.04, 1460.40, 1514.81, 1494.36, 1469.54, 1476.12, 1469.62, 1537.98, 1550.78,  2933.6, 178,  GPS,   78.5, 116.50, 115.60, 128.400, 121.500, -0.311, -0.303,  14.23, -80.2,   11.2,   76.8,  -14.8,      1,   HDG,     VS,   0.2,  -2.0, -535.4, 3DDiff, 1852,      ,     12,  12.5,     17
2018-08-27, 17:53:15,  -04:00,   KPSM,   42.9906883,  -71.0473709,  2911.7, 30.00,  3016.1,  19.8, 164.59, 188.98, -512.96,  -2.03,   0.47,  -0.01,  -0.06,  82.0,  84.4,  27.7,  28.8,   1.6,  21.22,  20.74,    16.53,  177.64,   54.33,  30.57, 2486.9,    0.76,  310.63,  333.30,  344.34,  322.44,  328.72,  322.06, 1460.31, 1515.48, 1493.68, 1470.13, 1476.71, 1468.76, 1538.33, 1550.52,  2925.8, 178,  GPS,   78.5, 116.50, 115.60, 128.400, 121.500, -0.317, -0.301,  14.26, -80.1,   11.2,   76.8,  -14.8,      1,   HDG,     VS,   0.2,  -2.0, -476.4, 3DDiff, 1852,      ,     12,  12.5,     17
2018-08-27, 17:53:16,  -04:00,   KPSM,   42.9909897,  -71.0462570,  2902.7, 30.00,  3008.1,  19.8, 163.94, 188.94, -497.67,  -1.96,  -0.03,   0.00,  -0.04,  82.2,  84.5,  27.7,  28.8,   1.6,  21.24,  20.71,    16.57,  177.61,   54.38,  30.54, 2487.7,    0.77,  310.60,  333.29,  344.27,  322.43,  328.81,  322.04, 1460.20, 1515.49, 1494.17, 1470.86, 1476.54, 1470.06, 1539.31, 1551.47,  2917.8, 177,  GPS,   78.5, 116.50, 115.60, 128.400, 121.500, -0.322, -0.300,  14.28, -80.0,   11.1,   76.7,  -14.8,      1,   HDG,     VS,   0.2,  -2.0, -496.1, 3DDiff, 1852,      ,     12,  12.5,     17
2018-08-27, 17:53:17,  -04:00,   KPSM,   42.9912949,  -71.0451355,  2895.7, 30.00,  2999.0,  19.8, 163.86, 188.90, -460.68,  -1.81,   0.24,  -0.01,   0.06,  81.9,  84.5,  27.7,  28.8,   1.6,  21.26,  20.67,    16.59,  177.62,   54.35,  30.56, 2488.0,    0.77,  310.60,  333.29,  344.24,  322.43,  328.88,  322.01, 1460.06, 1515.35, 1495.11, 1470.42, 1475.94, 1470.12, 1539.19, 1551.54,  2908.7, 177,  GPS,   78.5, 116.50, 115.60, 128.400, 121.500, -0.328, -0.298,  14.30, -79.8,   11.1,   76.7,  -14.8,      1,   HDG,     VS,  -0.1,  -2.0, -535.4, 3DDiff, 1852,      ,     12,  12.5,     17
2018-08-27, 17:53:18,  -04:00,   KPSM,   42.9916000,  -71.0440140,  2887.7, 30.00,  2990.7,  19.8, 164.41, 188.90, -465.61,  -2.02,   0.18,  -0.00,  -0.04,  82.1,  84.5,  27.7,  28.8,   1.5,  21.25,  20.64,    16.48,  177.61,   54.27,  30.55, 2489.4,    0.76,  310.60,  333.26,  344.17,  322.41,  328.94,  322.01, 1460.80, 1514.80, 1494.86, 1470.33, 1476.28, 1470.29, 1538.76, 1551.65,  2900.3, 178,  GPS,   78.5, 116.50, 115.60, 128.400, 121.500, -0.333, -0.297,  14.31, -79.7,   11.0,   76.6,  -14.8,      1,   HDG,     VS,  -0.1,  -2.0, -507.9, 3DDiff, 1852,      ,     12,  12.5,     17
2018-08-27, 17:53:19,  -04:00,   KPSM,   42.9919014,  -71.0429001,  2877.7, 30.00,  2981.8,  19.8, 163.89, 188.88, -515.38,  -1.99,  -0.13,   0.00,   0.02,  82.0,  84.5,  27.7,  28.8,   1.5,  21.21,  20.62,    16.46,  177.60,   54.20,  30.54, 2488.5,    0.76,  310.57,  333.26,  344.09,  322.38,  329.00,  322.01, 1461.19, 1514.83, 1494.78, 1470.18, 1475.15, 1471.71, 1538.44, 1551.75,  2891.5, 177,  GPS,   78.5, 116.50, 115.60, 128.400, 121.500, -0.339, -0.297,  14.32, -79.6,   11.0,   76.6,  -14.8,      1,   HDG,     VS,  -0.1,  -2.0, -523.6, 3DDiff, 1852,      ,     12,  12.5,     18
2018-08-27, 17:53:20,  -04:00,   KPSM,   42.9922066,  -71.0417786,  2869.7, 30.00,  2973.8,  20.0, 163.79, 188.88, -520.52,  -1.89,   0.09,  -0.00,   0.00,  81.9,  84.5,  27.7,  28.8,   1.6,  21.17,  20.64,    16.50,  177.60,   54.19,  30.53, 2489.2,    0.76,  310.57,  333.23,  344.05,  322.38,  329.06,  322.01, 1461.39, 1515.65, 1495.40, 1470.97, 1475.83, 1471.47, 1538.83, 1551.20,  2883.8, 177,  GPS,   78.5, 116.50, 115.60, 128.400, 121.500, -0.345, -0.296,  14.32, -79.4,   10.9,   76.6,  -14.8,      1,   HDG,     VS,  -0.0,  -2.0, -523.6, 3DDiff, 1852,      ,     12,  12.5,     17
2018-08-27, 17:53:21,  -04:00,   KPSM,   42.9925079,  -71.0406723,  2860.7, 30.00,  2965.5,  20.0, 164.67, 188.83, -526.18,  -1.75,   0.04,   0.00,   0.00,  81.8,  84.5,  27.7,  28.8,   1.6,  21.15,  20.64,    16.54,  177.59,   54.42,  30.55, 2490.3,    0.76,  310.54,  333.23,  343.99,  322.35,  329.06,  322.02, 1461.27, 1516.49, 1496.47, 1470.33, 1475.47, 1471.79, 1538.87, 1551.32,  2875.5, 178,  GPS,   78.5, 116.50, 115.60, 128.400, 121.500, -0.350, -0.295,  14.33, -79.3,   10.9,   76.5,  -14.8,      1,   HDG,     VS,   0.1,  -1.9, -523.6, 3DDiff, 1852,      ,     12,  12.5,     17
2018-08-27, 17:53:22,  -04:00,   KPSM,   42.9928093,  -71.0395508,  2853.7, 30.00,  2956.7,  20.0, 164.46, 188.75, -512.16,  -1.74,   0.03,  -0.00,  -0.01,  81.9,  84.5,  27.7,  28.8,   1.6,  21.15,  20.61,    16.50,  177.62,   54.61,  30.57, 2487.8,    0.76,  310.54,  333.21,  343.94,  322.35,  329.09,  322.04, 1462.02, 1515.36, 1496.30, 1471.03, 1475.77, 1471.91, 1538.68, 1552.32,  2866.7, 178,  GPS,   78.5, 116.50, 115.60, 128.400, 121.500, -0.356, -0.293,  14.33, -79.1,   10.8,   76.5,  -14.8,      1,   HDG,     VS,   0.2,  -1.8, -507.9, 3DDiff, 1852,      ,     12,  12.0,     17
2018-08-27, 17:53:23,  -04:00,   KPSM,   42.9931107,  -71.0384293,  2845.7, 30.00,  2948.5,  20.0, 164.43, 188.65, -486.40,  -1.74,   0.11,  -0.01,  -0.01,  81.9,  84.6,  27.7,  28.8,   1.6,  21.15,  20.61,    16.55,  177.59,   54.23,  30.57, 2488.0,    0.77,  310.54,  333.20,  343.87,  322.32,  329.10,  322.05, 1462.89, 1515.48, 1496.16, 1470.83, 1477.21, 1471.90, 1538.45, 1553.11,  2858.5, 178,  GPS,   78.5, 116.50, 115.60, 128.400, 121.500, -0.362, -0.292,  14.33, -79.0,   10.7,   76.5,  -14.8,      1,   HDG,     VS,   0.2,  -1.8, -500.0, 3DDiff, 1852,      ,     12,  12.5,     17
2018-08-27, 17:53:24,  -04:00,   KPSM,   42.9934120,  -71.0373154,  2837.7, 30.00,  2940.2,  20.0, 164.51, 188.53, -482.21,  -1.81,   0.13,   0.00,  -0.03,  81.9,  84.6,  27.7,  28.8,   1.6,  21.14,  20.62,    16.52,  177.58,   54.30,  30.53, 2488.3,    0.76,  310.53,  333.20,  343.87,  322.34,  329.10,  322.06, 1462.65, 1516.43, 1495.81, 1470.91, 1477.37, 1471.97, 1539.04, 1552.64,  2850.2, 178,  GPS,   78.5, 116.50, 115.60, 128.400, 121.500, -0.367, -0.290,  14.32, -78.8,   10.7,   76.4,  -14.8,      1,   HDG,     VS,   0.2,  -1.8, -500.0, 3DDiff, 1852,      ,     12,  12.5,     17
2018-08-27, 17:53:25,  -04:00,   KPSM,   42.9937172,  -71.0362015,  2829.7, 30.00,  2931.6,  20.0, 164.38, 188.44, -492.18,  -1.82,   0.43,   0.00,  -0.00,  81.9,  84.6,  27.7,  28.8,   1.6,  21.13,  20.61,    16.50,  177.56,   54.64,  30.58, 2488.0,    0.76,  310.50,  333.19,  343.81,  322.34,  329.12,  322.04, 1462.03, 1515.79, 1495.74, 1470.67, 1478.20, 1472.72, 1539.38, 1552.20,  2841.6, 177,  GPS,   78.5, 116.50, 115.60, 128.400, 121.500, -0.373, -0.289,  14.31, -78.6,   10.6,   76.4,  -14.8,      1,   HDG,     VS,   0.2,  -1.8, -511.8, 3DDiff, 1852,      ,     12,  12.5,     18
2018-08-27, 17:53:26,  -04:00,   KPSM,   42.9940109,  -71.0350876,  2821.7, 30.00,  2922.0,  20.0, 164.22, 188.38, -492.39,  -1.80,   0.22,   0.01,  -0.00,  82.0,  84.6,  27.7,  28.8,   1.6,  21.14,  20.60,    16.52,  177.56,   54.53,  30.56, 2488.5,    0.76,  310.51,  333.20,  343.75,  322.31,  329.10,  322.05, 1463.12, 1515.64, 1494.93, 1470.17, 1477.50, 1472.73, 1539.34, 1552.82,  2832.0, 177,  GPS,   78.5, 116.50, 115.60, 128.400, 121.500, -0.379, -0.287,  14.30, -78.4,   10.6,   76.3,  -14.8,      1,   HDG,     VS,   0.2,  -1.8, -519.7, 3DDiff, 1852,      ,     12,  12.5,     17
2018-08-27, 17:53:27,  -04:00,   KPSM,   42.9943161,  -71.0339661,  2813.7, 30.00,  2913.1,  20.0, 164.36, 188.30, -482.86,  -1.77,  -0.12,   0.00,  -0.03,  82.1,  84.7,  27.7,  28.8,   1.6,  21.15,  20.59,    16.48,  177.57,   54.48,  30.54, 2487.8,    0.76,  310.48,  333.17,  343.70,  322.29,  329.09,  322.07, 1462.67, 1516.61, 1494.12, 1470.45, 1476.90, 1472.93, 1539.91, 1552.27,  2823.1, 177,  GPS,   78.5, 116.50, 115.60, 128.400, 121.500, -0.384, -0.286,  14.29, -78.2,   10.5,   76.3,  -14.8,      1,   HDG,     VS,   0.1,  -1.8, -523.6, 3DDiff, 1852,      ,     12,  12.0,     17
2018-08-27, 17:53:28,  -04:00,   KPSM,   42.9946175,  -71.0328522,  2803.7, 30.00,  2904.2,  20.0, 164.03, 188.18, -510.70,  -1.67,  -0.23,  -0.00,   0.01,  82.1,  84.7,  27.7,  28.8,   1.6,  21.16,  20.58,    16.47,  177.58,   54.68,  30.53, 2486.5,    0.76,  310.48,  333.17,  343.66,  322.28,  329.07,  322.07, 1462.01, 1516.24, 1494.90, 1470.88, 1477.28, 1471.85, 1538.95, 1552.47,  2814.2, 177,  GPS,   78.5, 116.50, 115.60, 128.400, 121.500, -0.390, -0.287,  14.28, -77.9,   10.5,   76.3,  -14.8,      1,   HDG,     VS,  -0.0,  -1.7, -543.3, 3DDiff, 1852,      ,     12,  12.0,     17
2018-08-27, 17:53:29,  -04:00,   KPSM,   42.9949150,  -71.0317383,  2796.7, 30.00,  2895.3,  20.0, 164.11, 188.11, -513.96,  -1.68,  -0.25,  -0.01,   0.03,  82.1,  84.7,  27.7,  28.8,   1.5,  21.18,  20.57,    16.50,  177.57,   54.53,  30.58, 2487.7,    0.76,  310.48,  333.15,  343.60,  322.28,  329.06,  322.07, 1462.85, 1516.56, 1495.46, 1470.49, 1477.92, 1471.91, 1539.48, 1553.04,  2805.3, 177,  GPS,   78.5, 116.50, 115.60, 128.400, 132.050, -0.396, -0.284,  14.26, -77.7,   10.4,   76.2,  -14.8,      1,   HDG,     VS,  -0.1,  -1.7, -531.5, 3DDiff, 1852,      ,     12,  12.0,     17
2018-08-27, 17:53:30,  -04:00,   KPSM,   42.9952202,  -71.0306320,  2787.7, 30.00,  2886.9,  20.2, 164.12, 188.01, -507.52,  -1.82,  -0.22,   0.00,   0.02,  82.2,  84.6,  27.7,  28.8,   1.5,  21.19,  20.55,    16.48,  177.57,   54.59,  30.60, 2487.1,    0.76,  310.48,  333.16,  343.57,  322.28,  329.04,  322.09, 1463.30, 1516.95, 1495.05, 1470.92, 1478.42, 1472.43, 1540.00, 1553.13,  2796.9, 177,  GPS,   78.5, 116.50, 115.60, 128.400, 132.050, -0.401, -0.284,  14.24, -77.5,   10.4,   76.2,  -14.8,      1,   HDG,     VS,  -0.2,  -1.7, -503.9, 3DDiff, 1852,      ,     12,  12.5,     17
2018-08-27, 17:53:31,  -04:00,   KPSM,   42.9955139,  -71.0295181,  2779.7, 30.00,  2878.1,  20.2, 163.36, 187.95, -514.41,  -1.70,  -0.15,   0.01,  -0.03,  82.0,  84.6,  27.7,  28.8,   1.5,  21.20,  20.55,    16.50,  177.58,   54.42,  30.55, 2486.2,    0.76,  310.47,  333.15,  343.51,  322.28,  329.01,  322.10, 1463.76, 1517.42, 1495.32, 1471.13, 1478.12, 1471.51, 1540.23, 1552.99,  2788.1, 176,  GPS,   78.5, 116.50, 115.60, 128.400, 132.050, -0.407, -0.283,  14.22, -77.3,   10.3,   76.1,  -14.8,      1,   HDG,     VS,  -0.3,  -1.7, -523.6, 3DDiff, 1852,      ,     12,  12.5,     18
2018-08-27, 17:53:32,  -04:00,   KPSM,   42.9958191,  -71.0284119,  2770.7, 30.00,  2870.3,  20.2, 163.31, 187.87, -517.87,  -1.66,  -0.02,  -0.01,   0.01,  82.0,  84.6,  27.7,  28.8,   1.5,  21.19,  20.56,    16.54,  177.59,   54.37,  30.54, 2488.2,    0.76,  310.48,  333.15,  343.47,  322.28,  328.95,  322.12, 1463.62, 1518.98, 1495.18, 1471.94, 1477.89, 1470.93, 1541.08, 1552.22,  2780.3, 176,  GPS,   78.5, 116.50, 115.60, 128.400, 132.050, -0.413, -0.282,  14.20, -77.1,   10.3,   76.1,  -14.8,      1,   HDG,     VS,  -0.2,  -1.7, -531.5, 3DDiff, 1852,      ,     12,  12.5,     17
2018-08-27, 17:53:33,  -04:00,   KPSM,   42.9961166,  -71.0272980,  2763.7, 30.00,  2862.4,  20.2, 163.30, 187.81, -489.75,  -1.72,   0.30,  -0.02,   0.01,  82.1,  84.6,  27.7,  28.8,   1.5,  21.17,  20.56,    16.46,  177.60,   54.59,  30.58, 2488.0,    0.76,  310.48,  333.14,  343.39,  322.26,  328.92,  322.13, 1462.56, 1518.73, 1494.75, 1471.61, 1477.09, 1470.80, 1541.37, 1551.50,  2772.4, 176,  GPS,   78.5, 116.50, 115.60, 128.400, 132.050, -0.418, -0.280,  14.18, -76.9,   10.2,   76.1,  -14.8,      1,   HDG,     VS,  -0.1,  -1.7, -500.0, 3DDiff, 1852,      ,     12,  12.0,     17
2018-08-27, 17:53:34,  -04:00,   KPSM,   42.9964142,  -71.0261841,  2754.7, 30.00,  2853.5,  20.2, 163.07, 187.78, -502.35,  -1.71,   0.04,  -0.01,  -0.01,  81.9,  84.6,  27.7,  28.8,   1.5,  21.17,  20.55,    16.46,  177.62,   54.55,  30.56, 2487.1,    0.76,  310.47,  333.15,  343.35,  322.25,  328.86,  322.16, 1462.40, 1517.62, 1494.72, 1471.84, 1476.55, 1472.32, 1541.15, 1551.72,  2763.5, 176,  GPS,   78.5, 116.50, 115.60, 128.400, 132.050, -0.424, -0.280,  14.17, -76.7,   10.2,   76.0,  -14.8,      1,   HDG,     VS,  -0.1,  -1.7, -519.7, 3DDiff, 1852,      ,     12,  12.0,     17
2018-08-27, 17:53:35,  -04:00,   KPSM,   42.9967155,  -71.0250702,  2746.7, 30.00,  2845.0,  20.2, 163.26, 187.74, -504.47,  -1.71,  -0.30,   0.01,  -0.01,  81.8,  84.6,  27.7,  28.8,   1.5,  21.14,  20.57,    16.54,  177.64,   54.58,  30.57, 2487.4,    0.77,  310.48,  333.14,  343.29,  322.25,  328.82,  322.16, 1462.81, 1517.60, 1494.63, 1471.45, 1476.88, 1471.75, 1540.74, 1552.21,  2755.0, 176,  GPS,   78.5, 116.50, 115.60, 128.400, 120.950, -0.430, -0.278,  14.16, -76.6,   10.1,   76.0,  -14.8,      1,   HDG,     VS,  -0.0,  -1.7, -519.7, 3DDiff, 1852,      ,     12,  12.0,     17
2018-08-27, 17:53:36,  -04:00,   KPSM,   42.9970131,  -71.0239563,  2738.7, 30.00,  2836.3,  20.2, 163.21, 187.68, -492.39,  -1.70,  -0.14,   0.00,   0.00,  81.8,  84.7,  27.7,  28.8,   1.5,  21.12,  20.58,    16.50,  177.64,   54.58,  30.57, 2485.6,    0.76,  310.47,  333.16,  343.25,  322.25,  328.78,  322.20, 1462.45, 1518.61, 1494.91, 1472.59, 1476.76, 1471.73, 1541.52, 1551.53,  2746.3, 176,  GPS,   78.5, 116.50, 115.60, 128.400, 120.950, -0.435, -0.277,  14.15, -76.5,   10.1,   75.9,  -14.8,      1,   HDG,     VS,   0.2,  -1.7, -523.6, 3DDiff, 1852,      ,     12,  12.0,     17
2018-08-27, 17:53:37,  -04:00,   KPSM,   42.9973106,  -71.0228500,  2731.7, 30.00,  2827.6,  20.2, 163.19, 187.64, -474.78,  -1.74,  -0.05,  -0.00,   0.01,  81.9,  84.6,  27.7,  28.8,   1.5,  21.14,  20.58,    16.50,  177.64,   54.66,  30.60, 2485.8,    0.76,  310.48,  333.12,  343.15,  322.23,  328.73,  322.19, 1462.95, 1517.88, 1495.77, 1471.97, 1476.98, 1471.09, 1540.93, 1552.07,  2737.6, 176,  GPS,   78.5, 116.50, 115.60, 128.400, 120.950, -0.441, -0.274,  14.14, -76.3,   10.0,   75.9,  -14.8,      1,   HDG,     VS,   0.3,  -1.7, -527.6, 3DDiff, 1852,      ,     12,  12.5,     18
2018-08-27, 17:53:38,  -04:00,   KPSM,   42.9976120,  -71.0217361,  2722.7, 30.00,  2817.3,  20.2, 163.20, 187.60, -491.79,  -1.76,   0.23,  -0.00,  -0.03,  81.8,  84.8,  27.7,  28.8,   1.5,  21.16,  20.57,    16.50,  177.67,   54.67,  30.60, 2487.3,    0.76,  310.48,  333.14,  343.08,  322.22,  328.67,  322.25, 1463.54, 1518.07, 1495.82, 1472.19, 1476.95, 1470.67, 1540.76, 1552.60,  2727.3, 176,  GPS,   78.5, 116.50, 115.60, 128.400, 120.950, -0.447, -0.274,  14.14, -76.2,   10.0,   75.8,  -14.8,      1,   HDG,     VS,   0.3,  -1.7, -539.4, 3DDiff, 1852,      ,     12,  12.5,     17
2018-08-27, 17:53:39,  -04:00,   KPSM,   42.9979095,  -71.0206299,  2712.7, 30.00,  2807.9,  20.2, 163.15, 187.56, -533.08,  -1.66,   0.11,   0.00,  -0.01,  81.9,  84.7,  27.7,  28.8,   1.5,  21.17,  20.56,    16.45,  177.67,   54.89,  30.55, 2488.0,    0.76,  310.47,  333.14,  343.00,  322.23,  328.61,  322.26, 1463.34, 1518.35, 1496.20, 1471.08, 1478.16, 1470.76, 1540.82, 1553.20,  2717.9, 176,  GPS,   78.5, 116.50, 115.60, 128.400, 120.950, -0.452, -0.275,  14.14, -76.1,    9.9,   75.8,  -14.8,      1,   HDG,     VS,   0.4,  -1.7, -555.1, 3DDiff, 1852,      ,     12,  12.0,     17
2018-08-27, 17:53:40,  -04:00,   KPSM,   42.9982147,  -71.0195160,  2703.7, 30.00,  2798.6,  20.2, 163.19, 187.50, -537.05,  -1.56,   0.26,   0.00,   0.02,  82.1,  84.7,  27.7,  28.8,   1.5,  21.19,  20.53,    16.43,  177.67,   54.76,  30.61, 2486.7,    0.76,  310.48,  333.14,  342.93,  322.22,  328.55,  322.28, 1463.26, 1518.39, 1496.78, 1471.09, 1478.63, 1471.42, 1541.61, 1553.33,  2708.6, 176,  GPS,   78.5, 116.50, 115.60, 128.400, 120.950, -0.458, -0.274,  14.15, -75.9,    9.9,   75.8,  -14.8,      1,   HDG,     VS,   0.2,  -1.6, -551.2, 3DDiff, 1852,      ,     12,  12.0,     17
2018-08-27, 17:53:41,  -04:00,   KPSM,   42.9985123,  -71.0184021,  2694.7, 30.00,  2789.7,  20.5, 162.95, 187.43, -549.56,  -1.53,   0.05,  -0.00,   0.01,  82.2,  84.7,  27.7,  28.8,   1.5,  21.22,  20.52,    16.49,  177.67,   54.60,  30.59, 2485.4,    0.76,  310.48,  333.15,  342.84,  322.22,  328.52,  322.31, 1463.75, 1517.99, 1496.61, 1469.96, 1477.97, 1471.62, 1541.55, 1553.18,  2699.7, 176,  GPS,   78.5, 116.50, 115.60, 128.400, 120.950, -0.464, -0.274,  14.16, -75.8,    9.8,   75.7,  -14.8,      1,   HDG,     VS,  -0.0,  -1.6, -527.6, 3DDiff, 1852,      ,     12,  12.0,     17
2018-08-27, 17:53:42,  -04:00,   KPSM,   42.9988060,  -71.0172958,  2687.7, 30.00,  2781.2,  20.5, 163.61, 187.33, -524.06,  -1.46,  -0.24,  -0.01,   0.01,  82.3,  84.7,  27.7,  28.8,   1.5,  21.23,  20.51,    16.43,  177.67,   54.56,  30.56, 2486.4,    0.76,  310.47,  333.15,  342.74,  322.22,  328.43,  322.35, 1462.57, 1518.03, 1496.02, 1470.22, 1477.70, 1472.05, 1540.71, 1552.19,  2691.2, 176,  GPS,   78.5, 116.50, 115.60, 128.400, 120.950, -0.469, -0.272,  14.17, -75.7,    9.8,   75.7,  -14.8,      1,   HDG,     VS,  -0.2,  -1.5, -511.8, 3DDiff, 1852,      ,     12,  12.0,     17
2018-08-27, 17:53:43,  -04:00,   KPSM,   42.9991074,  -71.0161896,  2679.7, 30.00,  2772.9,  20.5, 163.69, 187.21, -498.59,  -1.56,  -0.27,   0.00,  -0.02,  82.3,  84.7,  27.7,  28.8,   1.6,  21.25,  20.50,    16.42,  177.65,   54.40,  30.57, 2487.5,    0.76,  310.49,  333.14,  342.62,  322.22,  328.40,  322.40, 1462.83, 1518.60, 1495.77, 1470.85, 1476.97, 1473.22, 1540.84, 1551.67,  2682.9, 176,  GPS,   78.5, 116.50, 115.60, 128.400, 120.950, -0.475, -0.271,  14.18, -75.6,    9.7,   75.6,  -14.8,      1,   HDG,     VS,  -0.5,  -1.6, -492.1, 3DDiff, 1852,      ,     12,  12.5,     18
2018-08-27, 17:53:44,  -04:00,   KPSM,   42.9994049,  -71.0150833,  2670.7, 30.00,  2765.4,  20.5, 163.30, 187.08, -506.42,  -1.52,  -0.52,  -0.00,  -0.00,  82.3,  84.7,  27.7,  28.8,   1.6,  21.25,  20.50,    16.48,  177.67,   54.58,  30.58, 2485.5,    0.76,  310.48,  333.17,  342.56,  322.20,  328.37,  322.41, 1463.08, 1519.38, 1496.15, 1471.26, 1476.69, 1473.23, 1541.27, 1551.92,  2675.4, 176,  GPS,   78.5, 116.50, 115.60, 128.400, 120.950, -0.481, -0.270,  14.18, -75.6,    9.7,   75.6,  -14.8,      1,   HDG,     VS,  -0.7,  -1.6, -515.7, 3DDiff, 1852,      ,     12,  12.5,     17
2018-08-27, 17:53:45,  -04:00,   KPSM,   42.9997025,  -71.0139694,  2662.7, 30.00,  2757.3,  20.5, 163.00, 186.98, -491.77,  -1.49,  -0.56,  -0.00,  -0.01,  82.2,  84.6,  27.7,  28.8,   1.6,  21.23,  20.51,    16.51,  177.66,   54.50,  30.62, 2487.0,    0.76,  310.50,  333.17,  342.47,  322.23,  328.31,  322.44, 1464.34, 1518.56, 1496.70, 1471.64, 1477.23, 1474.00, 1541.52, 1552.68,  2667.3, 176,  GPS,   78.5, 116.50, 115.60, 128.400, 120.950, -0.486, -0.269,  14.17, -75.5,    9.6,   75.5,  -14.8,      1,   HDG,     VS,  -0.7,  -1.5, -519.7, 3DDiff, 1852,      ,     12,  12.0,     16
2018-08-27, 17:53:46,  -04:00,   KPSM,   43.0000000,  -71.0128632,  2654.7, 30.00,  2748.6,  20.5, 162.83, 186.88, -501.91,  -1.52,  -0.53,  -0.00,   0.02,  82.1,  84.6,  27.7,  28.8,   1.6,  21.20,  20.53,    16.49,  177.72,   54.53,  30.58, 2486.2,    0.76,  310.50,  333.17,  342.35,  322.23,  328.27,  322.47, 1465.78, 1518.66, 1496.94, 1471.07, 1476.85, 1473.89, 1541.46, 1553.34,  2658.6, 175,  GPS,   78.5, 116.50, 115.60, 128.400, 120.950, -0.492, -0.268,  14.17, -75.5,    9.6,   75.5,  -14.8,      1,   HDG,     VS,  -0.5,  -1.5, -523.6, 3DDiff, 1852,      ,     12,  12.0,     16
2018-08-27, 17:53:47,  -04:00,   KPSM,   43.0003052,  -71.0117645,  2647.7, 30.00,  2740.4,  20.5, 162.51, 186.80, -467.56,  -1.67,  -0.11,   0.01,  -0.04,  81.9,  84.6,  27.7,  28.8,   1.6,  21.20,  20.54,    16.53,  177.73,   54.63,  30.63, 2484.6,    0.76,  310.51,  333.15,  342.23,  322.22,  328.24,  322.49, 1465.96, 1518.83, 1497.00, 1472.74, 1477.65, 1473.59, 1542.00, 1553.50,  2650.4, 175,  GPS,   78.5, 116.50, 115.60, 128.400, 120.950, -0.497, -0.265,  14.16, -75.5,    9.5,   75.4,  -14.8,      1,   HDG,     VS,  -0.3,  -1.6, -500.0, 3DDiff, 1852,      ,     12,  12.0,     17
2018-08-27, 17:53:48,  -04:00,   KPSM,   43.0005989,  -71.0106583,  2638.7, 30.00,  2732.0,  20.5, 162.09, 186.78, -476.84,  -1.81,   0.05,  -0.00,  -0.03,  81.8,  84.6,  27.7,  28.8,   1.5,  21.18,  20.56,    16.51,  177.73,   54.82,  30.60, 2487.1,    0.76,  310.51,  333.16,  342.16,  322.23,  328.20,  322.52, 1466.32, 1519.22, 1497.81, 1471.94, 1478.73, 1474.45, 1542.36, 1554.34,  2642.0, 175,  GPS,   78.5, 116.50, 115.60, 128.400, 120.950, -0.503, -0.265,  14.15, -75.5,    9.5,   75.4,  -14.8,      1,   HDG,     VS,  -0.0,  -1.7, -507.9, 3DDiff, 1852,      ,     12,  12.0,     17
2018-08-27, 17:53:49,  -04:00,   KPSM,   43.0008965,  -71.0095520,  2630.7, 30.00,  2722.8,  20.5, 162.38, 186.80, -495.65,  -1.71,   0.04,   0.00,  -0.01,  81.7,  84.6,  27.7,  28.8,   1.6,  21.17,  20.54,    16.52,  177.73,   54.63,  30.56, 2487.8,    0.76,  310.53,  333.15,  342.05,  322.25,  328.13,  322.53, 1465.17, 1519.05, 1497.71, 1472.28, 1477.95, 1474.47, 1542.87, 1553.35,  2632.8, 175,  GPS,   78.5, 116.50, 115.60, 128.400, 120.950, -0.509, -0.264,  14.15, -75.5,    9.4,   75.3,  -14.8,      1,   HDG,     VS,   0.2,  -1.7, -551.2, 3DDiff, 1852,      ,     12,  12.5,     17
2018-08-27, 17:53:50,  -04:00,   KPSM,   43.0011940,  -71.0084457,  2622.7, 30.00,  2712.8,  20.5, 162.79, 186.80, -498.06,  -1.69,   0.05,  -0.00,   0.01,  81.7,  84.6,  27.7,  28.8,   1.6,  21.15,  20.54,    16.45,  177.70,   54.65,  30.57, 2487.7,    0.76,  310.55,  333.17,  341.95,  322.25,  328.07,  322.56, 1465.09, 1518.88, 1497.24, 1471.18, 1478.50, 1474.14, 1542.13, 1553.80,  2622.8, 175,  GPS,   78.5, 116.50, 115.60, 128.400, 120.950, -0.514, -0.262,  14.15, -75.5,    9.4,   75.3,  -14.8,      1,   HDG,     VS,   0.4,  -1.7, -531.5, 3DDiff, 1852,      ,     12,  12.5,     17
2018-08-27, 17:53:51,  -04:00,   KPSM,   43.0014992,  -71.0073395,  2614.7, 30.00,  2703.4,  20.5, 162.25, 186.82, -508.52,  -1.77,   0.29,  -0.00,   0.02,  81.6,  84.6,  27.7,  28.8,   1.5,  21.13,  20.54,    16.48,  177.70,   54.53,  30.58, 2485.9,    0.76,  310.57,  333.15,  341.84,  322.25,  328.01,  322.59, 1465.45, 1518.15, 1497.33, 1471.86, 1478.71, 1473.32, 1541.32, 1553.53,  2613.4, 175,  GPS,   78.5, 116.50, 115.60, 128.400, 120.950, -0.520, -0.261,  14.16, -75.5,    9.3,   75.2,  -14.8,      1,   HDG,     VS,   0.5,  -1.7, -527.6, 3DDiff, 1852,      ,     12,  12.0,     16
2018-08-27, 17:53:52,  -04:00,   KPSM,   43.0017967,  -71.0062332,  2603.7, 30.00,  2694.7,  20.8, 162.34, 186.84, -530.32,  -1.80,   0.46,  -0.01,  -0.00,  81.7,  84.6,  27.7,  28.8,   1.6,  21.13,  20.54,    16.45,  177.71,   54.60,  30.54, 2489.4,    0.76,  310.57,  333.19,  341.74,  322.25,  327.97,  322.62, 1465.81, 1517.45, 1497.11, 1472.52, 1479.52, 1472.14, 1541.07, 1554.09,  2604.7, 175,  GPS,   78.5, 116.50, 115.60, 128.400, 120.950, -0.525, -0.263,  14.18, -75.5,    9.3,   75.2,  -14.8,      1,   HDG,     VS,   0.6,  -1.8, -515.7, 3DDiff, 1852,      ,     12,  12.0,     16
2018-08-27, 17:53:53,  -04:00,   KPSM,   43.0020943,  -71.0051270,  2596.7, 30.00,  2686.0,  20.8, 163.08, 186.84, -519.66,  -1.79,   0.40,  -0.00,   0.03,  81.8,  84.8,  27.7,  28.8,   1.5,  21.14,  20.53,    16.56,  177.70,   54.51,  30.59, 2486.7,    0.77,  310.59,  333.20,  341.61,  322.28,  327.88,  322.65, 1465.44, 1518.34, 1497.68, 1472.45, 1479.95, 1471.95, 1541.57, 1554.28,  2596.0, 176,  GPS,   78.5, 116.50, 115.60, 128.400, 120.950, -0.531, -0.260,  14.20, -75.4,    9.2,   75.1,  -14.8,      1,   HDG,     VS,   0.7,  -1.8, -515.7, 3DDiff, 1852,      ,     12,  12.0,     17
2018-08-27, 17:53:54,  -04:00,   KPSM,   43.0023918,  -71.0040207,  2589.7, 30.00,  2678.0,  20.8, 162.56, 186.90, -478.45,  -2.05,   0.58,   0.01,  -0.02,  81.9,  84.7,  27.7,  28.8,   1.5,  21.16,  20.51,    16.53,  177.69,   54.49,  30.58, 2487.1,    0.76,  310.60,  333.23,  341.52,  322.28,  327.85,  322.68, 1464.55, 1517.91, 1497.87, 1472.54, 1479.93, 1472.83, 1540.69, 1553.82,  2588.0, 175,  GPS,   78.5, 116.50, 115.60, 128.400, 120.950, -0.537, -0.258,  14.23, -75.4,    9.2,   75.1,  -14.8,      1,   HDG,     VS,   0.5,  -1.9, -476.4, 3DDiff, 1852,      ,     12,  12.0,     17
2018-08-27, 17:53:55,  -04:00,   KPSM,   43.0026855,  -71.0029068,  2581.7, 30.00,  2669.4,  20.8, 163.16, 186.94, -475.53,  -2.03,   0.49,  -0.01,   0.00,  81.9,  84.9,  27.7,  28.8,   1.5,  21.15,  20.52,    16.55,  177.72,   54.23,  30.59, 2486.4,    0.77,  310.60,  333.23,  341.43,  322.29,  327.79,  322.71, 1464.63, 1517.08, 1497.72, 1473.63, 1479.38, 1472.36, 1541.04, 1553.08,  2579.4, 176,  GPS,   78.5, 116.50, 115.60, 128.400, 120.950, -0.542, -0.257,  14.25, -75.3,    9.1,   75.0,  -14.8,      1,   HDG,     VS,   0.3,  -2.0, -503.9, 3DDiff, 1852,      ,     12,  12.5,     17
2018-08-27, 17:53:56,  -04:00,   KPSM,   43.0029869,  -71.0018005,  2573.7, 30.00,  2661.9,  20.8, 163.21, 187.00, -470.92,  -1.98,  -0.07,  -0.01,   0.01,  82.1,  84.8,  27.7,  28.8,   1.5,  21.17,  20.49,    16.48,  177.73,   54.45,  30.55, 2486.9,    0.76,  310.63,  333.26,  341.32,  322.31,  327.73,  322.76, 1463.80, 1517.10, 1497.31, 1473.41, 1479.24, 1472.21, 1540.82, 1553.02,  2571.9, 176,  GPS,   78.5, 116.50, 115.60, 128.400, 120.950, -0.548, -0.256,  14.28, -75.3,    9.1,   75.0,  -14.8,      1,   HDG,     VS,  -0.6,  -2.0, -523.6, 3DDiff, 1852,      ,     12,  12.5,     17
2018-08-27, 17:53:57,  -04:00,   KPSM,   43.0032768,  -71.0006943,  2564.7, 30.00,  2653.6,  20.8, 163.18, 187.04, -511.06,  -1.92,  -1.23,  -0.00,   0.09,  82.1,  84.8,  27.7,  28.8,   1.6,  21.16,  20.48,    16.43,  177.74,   54.60,  30.57, 2487.5,    0.76,  310.64,  333.27,  341.22,  322.34,  327.68,  322.79, 1463.20, 1517.34, 1497.51, 1473.00, 1479.66, 1472.59, 1541.20, 1552.79,  2563.6, 176,  GPS,   78.5, 116.50, 115.60, 128.400, 120.950, -0.554, -0.255,  14.30, -75.2,    9.0,   74.9,  -14.8,      1,   HDG,     VS,  -1.7,  -2.0, -535.4, 3DDiff, 1852,      ,     12,  12.0,     16
2018-08-27, 17:53:58,  -04:00,   KPSM,   43.0035782,  -70.9995880,  2556.7, 30.00,  2645.5,  20.8, 163.87, 187.08, -515.78,  -2.00,  -1.71,   0.00,  -0.03,  82.0,  84.7,  27.7,  28.8,   1.6,  21.16,  20.49,    16.51,  177.74,   54.61,  30.64, 2487.2,    0.76,  310.66,  333.27,  341.13,  322.35,  327.64,  322.83, 1464.24, 1517.25, 1497.84, 1473.27, 1480.02, 1472.42, 1541.01, 1553.88,  2555.5, 176,  GPS,   78.5, 116.50, 115.60, 128.400, 120.950, -0.559, -0.254,  14.32, -75.1,    8.9,   74.8,  -14.8,      1,   HDG,     VS,  -2.2,  -2.0, -496.1, 3DDiff, 1852,      ,     12,  12.0,     16
2018-08-27, 17:53:59,  -04:00,   KPSM,   43.0038795,  -70.9984818,  2547.7, 30.00,  2637.2,  20.8, 164.05, 187.08, -533.66,  -1.91,  -2.15,  -0.00,   0.00,  81.8,  84.4,  27.7,  28.8,   1.6,  21.15,  20.51,    16.57,  177.78,   54.64,  30.65, 2487.4,    0.77,  310.68,  333.32,  341.03,  322.35,  327.60,  322.87, 1464.79, 1518.77, 1496.59, 1474.00, 1480.34, 1472.81, 1541.55, 1553.70,  2547.2, 176,  GPS,   78.5, 116.50, 115.60, 128.400, 120.950, -0.565, -0.254,  14.34, -75.1,    8.9,   74.8,  -14.8,      1,   HDG,     VS,  -2.1,  -2.0, -503.9, 3DDiff, 1852,      ,     12,  12.0,     17
2018-08-27, 17:54:00,  -04:00,   KPSM,   43.0041847,  -70.9973755,  2541.7, 30.00,  2628.9,  20.8, 164.35, 187.02, -492.84,  -1.81,  -2.04,   0.01,   0.04,  81.5,  84.2,  27.7,  28.8,   1.6,  21.15,  20.52,    16.50,  177.78,   54.61,  30.61, 2486.7,    0.76,  310.69,  333.35,  340.92,  322.38,  327.54,  322.90, 1464.87, 1518.13, 1496.69, 1474.40, 1479.57, 1475.13, 1541.62, 1553.99,  2538.9, 177,  GPS,   78.5, 116.50, 115.60, 128.400, 120.950, -0.570, -0.250,  14.35, -75.0,    8.8,   74.7,  -14.8,      1,   HDG,     VS,  -1.8,  -1.9, -500.0, 3DDiff, 1852,      ,     12,  12.0,     17
2018-08-27, 17:54:01,  -04:00,   KPSM,   43.0044861,  -70.9962692,  2533.7, 30.00,  2620.4,  20.8, 164.23, 186.96, -466.47,  -1.90,  -1.40,   0.01,   0.00,  81.4,  84.2,  27.7,  28.8,   1.6,  21.15,  20.52,    16.48,  177.78,   54.55,  30.64, 2486.9,    0.76,  310.72,  333.36,  340.83,  322.43,  327.49,  322.92, 1464.71, 1518.35, 1497.63, 1473.84, 1479.48, 1475.94, 1541.84, 1554.10,  2530.4, 177,  GPS,   78.5, 116.50, 115.60, 128.400, 120.950, -0.576, -0.249,  14.35, -74.9,    8.8,   74.7,  -14.8,      1,   HDG,     VS,  -1.3,  -1.9, -511.8, 3DDiff, 1852,      ,     12,  12.5,     17
2018-08-27, 17:54:02,  -04:00,   KPSM,   43.0047913,  -70.9951553,  2524.7, 30.00,  2610.4,  20.8, 163.94, 186.90, -475.74,  -1.89,  -0.97,   0.01,   0.01,  81.3,  84.0,  27.7,  28.8,   1.6,  21.15,  20.51,    16.50,  177.80,   54.46,  30.60, 2486.8,    0.76,  310.77,  333.39,  340.73,  322.44,  327.46,  322.98, 1464.96, 1518.98, 1498.25, 1472.69, 1479.89, 1476.20, 1541.75, 1554.39,  2520.4, 176,  GPS,   78.5, 116.50, 115.60, 128.400, 120.950, -0.581, -0.249,  14.34, -74.8,    8.7,   74.6,  -14.8,      1,   HDG,     VS,  -0.9,  -1.9, -523.6, 3DDiff, 1852,      ,     12,  12.5,     17
2018-08-27, 17:54:03,  -04:00,   KPSM,   43.0051041,  -70.9940643,  2515.7, 30.00,  2601.6,  21.0, 163.56, 186.88, -510.45,  -1.91,  -0.68,  -0.00,   0.02,  81.1,  83.9,  27.7,  28.8,   1.6,  21.16,  20.50,    16.44,  177.79,   54.47,  30.57, 2488.7,    0.76,  310.77,  333.41,  340.64,  322.46,  327.42,  323.01, 1466.06, 1518.14, 1497.80, 1473.54, 1479.56, 1475.82, 1541.80, 1554.47,  2511.6, 176,  GPS,   78.5, 116.50, 115.60, 128.400, 120.950, -0.586, -0.248,  14.33, -74.7,    8.7,   74.6,  -14.8,      1,   HDG,     VS,  -0.6,  -1.9, -523.6, 3DDiff, 1852,      ,     12,  12.0,     16
2018-08-27, 17:54:04,  -04:00,   KPSM,   43.0054092,  -70.9929581,  2507.7, 30.00,  2593.2,  21.0, 164.14, 186.88, -517.71,  -1.96,  -0.40,  -0.00,  -0.01,  81.0,  83.9,  27.7,  28.8,   1.6,  21.16,  20.49,    16.57,  177.82,   54.38,  30.58, 2486.1,    0.77,  310.78,  333.45,  340.57,  322.49,  327.39,  323.03, 1466.20, 1519.07, 1498.09, 1473.91, 1479.27, 1475.23, 1542.52, 1554.90,  2503.2, 176,  GPS,   78.5, 116.50, 115.60, 128.400, 120.950, -0.591, -0.247,  14.32, -74.5,    8.6,   74.5,  -14.8,      1,   HDG,     VS,  -0.3,  -1.9, -500.0, 3DDiff, 1852,      ,     12,  12.0,     16
2018-08-27, 17:54:05,  -04:00,   KPSM,   43.0057220,  -70.9918671,  2500.7, 30.00,  2585.1,  21.0, 163.94, 186.86, -500.93,  -1.94,  -0.12,   0.00,   0.01,  80.9,  83.8,  27.7,  28.8,   1.5,  21.16,  20.49,    16.60,  177.81,   54.40,  30.59, 2488.1,    0.77,  310.79,  333.47,  340.48,  322.53,  327.33,  323.04, 1466.44, 1518.23, 1498.80, 1472.88, 1479.81, 1475.69, 1542.21, 1555.02,  2495.1, 176,  GPS,   78.5, 116.50, 115.60, 128.400, 120.950, -0.595, -0.245,  14.31, -74.4,    8.6,   74.5,  -14.8,      1,   HDG,     VS,  -0.1,  -2.0, -484.3, 3DDiff, 1852,      ,     12,  12.0,     17
2018-08-27, 17:54:06,  -04:00,   KPSM,   43.0060349,  -70.9907608,  2492.7, 30.00,  2577.1,  21.0, 164.42, 186.88, -480.17,  -2.05,   0.01,   0.00,  -0.02,  80.9,  83.8,  27.7,  28.8,   1.6,  21.18,  20.48,    16.56,  177.81,   54.41,  30.60, 2487.6,    0.77,  310.82,  333.48,  340.37,  322.56,  327.28,  323.07, 1467.04, 1518.51, 1499.31, 1472.98, 1479.98, 1475.16, 1542.14, 1556.39,  2487.1, 177,  GPS,   78.5, 116.50, 115.60, 128.400, 120.950, -0.600, -0.243,  14.29, -74.3,    8.5,   74.4,  -14.8,      1,   HDG,     VS,   0.0,  -2.0, -480.3, 3DDiff, 1852,      ,     12,  12.0,     17
2018-08-27, 17:54:07,  -04:00,   KPSM,   43.0063438,  -70.9896622,  2483.7, 30.00,  2568.7,  21.0, 164.40, 186.86, -493.15,  -2.01,   0.12,   0.00,   0.02,  80.9,  83.8,  27.7,  28.8,   1.6,  21.18,  20.48,    16.43,  177.80,   54.66,  30.59, 2487.4,    0.76,  310.86,  333.53,  340.30,  322.56,  327.27,  323.10, 1467.20, 1518.34, 1499.11, 1473.66, 1480.39, 1473.90, 1542.03, 1556.06,  2478.7, 177,  GPS,   78.5, 116.50, 115.60, 128.400, 120.950, -0.605, -0.243,  14.28, -74.1,    8.5,   74.4,  -14.8,      1,   HDG,     VS,   0.1,  -2.0, -496.1, 3DDiff, 1852,      ,     12,  12.0,     17
2018-08-27, 17:54:08,  -04:00,   KPSM,   43.0066490,  -70.9885635,  2476.7, 30.00,  2561.8,  21.0, 164.12, 186.88, -474.59,  -2.08,   0.20,   0.00,  -0.01,  80.9,  83.9,  27.7,  28.8,   1.6,  21.19,  20.47,    16.40,  177.82,   54.59,  30.57, 2488.0,    0.76,  310.87,  333.57,  340.21,  322.61,  327.22,  323.13, 1467.40, 1518.40, 1498.63, 1473.44, 1479.89, 1474.49, 1541.65, 1556.36,  2471.8, 176,  GPS,   78.5, 116.50, 115.60, 128.400, 120.950, -0.610, -0.241,  14.26, -74.0,    8.4,   74.3,  -14.8,      1,   HDG,     VS,   0.1,  -2.0, -488.2, 3DDiff, 1852,      ,     12,  12.5,     17
2018-08-27, 17:54:09,  -04:00,   KPSM,   43.0069618,  -70.9874573,  2469.7, 30.00,  2553.5,  21.0, 164.33, 186.90, -466.03,  -2.18,   0.24,   0.00,   0.00,  80.9,  83.9,  27.7,  28.8,   1.6,  21.21,  20.46,    16.43,  177.81,   54.69,  30.63, 2488.2,    0.76,  310.90,  333.58,  340.13,  322.60,  327.19,  323.16, 1466.63, 1518.19, 1499.37, 1473.81, 1480.43, 1472.85, 1541.27, 1555.77,  2463.5, 177,  GPS,   78.5, 116.50, 115.60, 128.400, 120.950, -0.615, -0.238,  14.24, -73.8,    8.4,   74.2,  -14.8,      1,   HDG,     VS,   0.2,  -2.1, -492.1, 3DDiff, 1852,      ,     12,  12.0,     16
2018-08-27, 17:54:10,  -04:00,   KPSM,   43.0072670,  -70.9863586,  2460.7, 30.00,  2544.8,  21.0, 164.34, 186.94, -476.51,  -2.19,   0.26,  -0.01,   0.02,  81.0,  83.9,  27.7,  28.8,   1.6,  21.22,  20.45,    16.42,  177.80,   54.60,  30.60, 2488.2,    0.76,  310.93,  333.60,  340.03,  322.62,  327.15,  323.19, 1466.65, 1519.45, 1498.75, 1474.11, 1479.72, 1473.19, 1542.21, 1555.57,  2454.8, 177,  GPS,   78.5, 116.50, 115.60, 128.400, 120.950, -0.620, -0.238,  14.22, -73.7,    8.3,   74.2,  -14.8,      1,   HDG,     VS,   0.2,  -2.1, -511.8, 3DDiff, 1852,      ,     12,  12.0,     16
2018-08-27, 17:54:11,  -04:00,   KPSM,   43.0075760,  -70.9852448,  2453.7, 30.00,  2536.4,  21.0, 164.36, 187.00, -481.13,  -2.19,   0.12,   0.00,  -0.04,  81.0,  84.0,  27.7,  28.8,   1.6,  21.24,  20.44,    16.43,  177.83,   54.55,  30.58, 2487.7,    0.76,  310.93,  333.63,  339.92,  322.65,  327.12,  323.22, 1467.33, 1519.88, 1498.83, 1474.10, 1479.94, 1473.30, 1542.30, 1556.07,  2446.4, 177,  GPS,   78.5, 116.50, 115.60, 128.400, 120.950, -0.625, -0.236,  14.20, -73.5,    8.3,   74.1,  -14.8,      1,   HDG,     VS,   0.1,  -2.2, -503.9, 3DDiff, 1852,      ,     12,  12.5,     16
2018-08-27, 17:54:12,  -04:00,   KPSM,   43.0078812,  -70.9841461,  2444.7, 30.00,  2527.9,  21.0, 164.39, 187.04, -489.55,  -2.15,   0.31,   0.00,   0.01,  81.0,  84.0,  27.7,  28.8,   1.6,  21.24,  20.44,    16.50,  177.83,   54.59,  30.59, 2488.1,    0.76,  310.98,  333.68,  339.88,  322.70,  327.09,  323.26, 1467.55, 1519.65, 1498.81, 1472.66, 1479.42, 1472.81, 1542.25, 1555.96,  2437.9, 177,  GPS,   78.5, 116.50, 115.60, 128.400, 120.950, -0.630, -0.235,  14.19, -73.3,    8.2,   74.1,  -14.8,      1,   HDG,     VS,   0.1,  -2.2, -515.7, 3DDiff, 1852,      ,     12,  13.0,     17
2018-08-27, 17:54:13,  -04:00,   KPSM,   43.0081940,  -70.9830475,  2436.7, 30.00,  2519.3,  21.0, 165.02, 187.08, -494.57,  -2.11,   0.19,  -0.00,  -0.02,  80.9,  84.0,  27.7,  28.8,   1.6,  21.24,  20.42,    16.49,  177.84,   54.40,  30.62, 2486.5,    0.76,  310.99,  333.66,  339.76,  322.70,  327.06,  323.31, 1467.75, 1520.03, 1498.28, 1471.23, 1479.84, 1472.38, 1542.47, 1555.79,  2429.3, 177,  GPS,   78.5, 116.50, 115.60, 128.400, 120.950, -0.635, -0.234,  14.17, -73.1,    8.2,   74.0,  -14.8,      1,   HDG,     VS,   0.1,  -2.2, -515.7, 3DDiff, 1852,      ,     12,  13.0,     17
2018-08-27, 17:54:14,  -04:00,   KPSM,   43.0084953,  -70.9819336,  2429.7, 30.00,  2509.4,  21.0, 164.89, 187.08, -496.60,  -1.99,  -0.03,  -0.00,   0.04,  81.0,  84.0,  27.7,  28.8,   1.6,  21.23,  20.42,    16.54,  177.82,   54.19,  30.60, 2486.5,    0.76,  311.02,  333.72,  339.72,  322.71,  327.00,  323.35, 1466.39, 1519.98, 1497.78, 1472.51, 1480.00, 1472.07, 1542.06, 1555.44,  2419.4, 177,  GPS,   78.5, 116.50, 115.60, 128.400, 120.950, -0.640, -0.232,  14.16, -72.9,    8.1,   73.9,  -14.8,      1,   HDG,     VS,   0.1,  -2.1, -519.7, 3DDiff, 1852,      ,     12,  13.0,     17
2018-08-27, 17:54:15,  -04:00,   KPSM,   43.0088005,  -70.9808426,  2420.7, 30.00,  2501.5,  21.0, 164.99, 187.02, -497.51,  -1.98,   0.02,   0.01,  -0.01,  81.0,  84.1,  27.7,  28.8,   1.6,  21.24,  20.40,    16.47,  177.81,   54.44,  30.53, 2487.4,    0.76,  311.05,  333.72,  339.63,  322.71,  326.97,  323.36, 1466.65, 1519.90, 1497.43, 1472.73, 1480.51, 1471.86, 1542.09, 1556.04,  2411.5, 177,  GPS,   78.5, 116.50, 115.60, 128.400, 120.950, -0.645, -0.231,  14.14, -72.7,    8.1,   73.9,  -14.8,      1,   HDG,     VS,   0.0,  -2.1, -496.1, 3DDiff, 1852,      ,     12,  12.5,     16
2018-08-27, 17:54:16,  -04:00,   KPSM,   43.0091095,  -70.9797363,  2412.7, 30.00,  2493.4,  21.2, 164.70, 186.86, -486.37,  -1.96,   0.00,   0.01,   0.01,  81.1,  84.1,  27.7,  28.8,   1.6,  21.23,  20.40,    16.49,  177.82,   54.43,  30.54, 2486.7,    0.76,  311.08,  333.75,  339.56,  322.75,  326.94,  323.40, 1465.53, 1519.49, 1498.45, 1473.50, 1481.09, 1473.46, 1542.17, 1555.69,  2403.4, 177,  GPS,   78.5, 116.50, 115.60, 128.400, 120.950, -0.650, -0.230,  14.13, -72.5,    8.0,   73.8,  -14.8,      1,   HDG,     VS,  -0.1,  -2.1, -496.1, 3DDiff, 1852,      ,     12,  12.5,     16
2018-08-27, 17:54:17,  -04:00,   KPSM,   43.0094147,  -70.9786301,  2405.7, 30.00,  2484.6,  21.2, 164.55, 186.75, -470.98,  -2.07,  -0.40,   0.00,  -0.03,  81.1,  84.1,  27.7,  28.8,   1.6,  21.22,  20.41,    16.49,  177.82,   54.46,  30.54, 2487.3,    0.76,  311.11,  333.78,  339.51,  322.74,  326.91,  323.41, 1466.47, 1519.45, 1498.64, 1473.62, 1482.29, 1474.78, 1542.20, 1556.22,  2394.6, 177,  GPS,   78.5, 116.50, 115.60, 128.400, 120.950, -0.655, -0.228,  14.12, -72.2,    8.0,   73.7,  -14.8,      1,   HDG,     VS,  -0.1,  -2.0, -515.7, 3DDiff, 1852,      ,     12,  12.5,     16
2018-08-27, 17:54:18,  -04:00,   KPSM,   43.0097237,  -70.9775314,  2397.7, 30.00,  2475.5,  21.2, 164.41, 186.63, -478.00,  -2.08,  -0.53,   0.00,  -0.01,  81.2,  84.1,  27.7,  28.8,   1.6,  21.21,  20.40,    16.55,  177.84,   54.33,  30.54, 2484.2,    0.76,  311.11,  333.81,  339.45,  322.80,  326.88,  323.44, 1466.71, 1519.87, 1499.12, 1473.70, 1482.59, 1475.44, 1542.59, 1556.52,  2385.5, 176,  GPS,   78.5, 116.50, 115.60, 128.400, 120.950, -0.660, -0.226,  14.11, -72.0,    7.9,   73.7,  -14.8,      1,   HDG,     VS,  -0.2,  -2.0, -539.4, 3DDiff, 1852,      ,     12,  13.0,     17
2018-08-27, 17:54:19,  -04:00,   KPSM,   43.0100250,  -70.9764328,  2388.7, 30.00,  2466.2,  21.2, 164.57, 186.53, -495.95,  -2.19,  -0.60,   0.00,  -0.05,  81.2,  84.1,  27.7,  28.8,   1.6,  21.22,  20.39,    16.45,  177.84,   54.24,  30.56, 2484.2,    0.76,  311.15,  333.82,  339.39,  322.78,  326.84,  323.49, 1466.60, 1519.11, 1499.28, 1474.89, 1482.44, 1475.93, 1542.66, 1556.25,  2376.2, 177,  GPS,   78.5, 116.50, 115.60, 128.400, 120.950, -0.666, -0.226,  14.09, -71.7,    7.9,   73.6,  -14.8,      1,   HDG,     VS,  -0.3,  -2.0, -555.1, 3DDiff, 1852,      ,     12,  13.0,     17
2018-08-27, 17:54:20,  -04:00,   KPSM,   43.0103340,  -70.9753342,  2379.7, 30.00,  2456.9,  21.2, 164.27, 186.45, -509.53,  -2.30,  -0.62,   0.00,  -0.02,  81.2,  84.0,  27.7,  28.8,   1.6,  21.23,  20.37,    16.47,  177.86,   54.22,  30.54, 2487.6,    0.76,  311.17,  333.83,  339.33,  322.83,  326.78,  323.50, 1466.26, 1518.61, 1499.52, 1474.83, 1482.94, 1476.09, 1542.96, 1556.50,  2367.1, 176,  GPS,   78.5, 116.50, 115.60, 128.400, 120.950, -0.671, -0.226,  14.08, -71.5,    7.8,   73.5,  -14.8,      1,   HDG,     VS,  -0.4,  -2.0, -606.3, 3DDiff, 1852,      ,     12,  13.0,     17
2018-08-27, 17:54:21,  -04:00,   KPSM,   43.0106392,  -70.9742279,  2369.7, 30.00,  2445.9,  21.2, 164.50, 186.43, -540.17,  -2.23,  -0.43,   0.00,   0.01,  81.2,  84.0,  27.7,  28.8,   1.6,  21.23,  20.36,    16.57,  177.88,   54.13,  30.59, 2486.2,    0.77,  311.21,  333.90,  339.27,  322.83,  326.73,  323.54, 1466.76, 1519.57, 1499.51, 1475.67, 1483.11, 1477.00, 1544.21, 1556.19,  2356.1, 176,  GPS,   78.5, 116.50, 115.60, 128.400, 120.950, -0.676, -0.227,  14.07, -71.3,    7.8,   73.5,  -14.8,      1,   HDG,     VS,  -0.4,  -2.0, -649.6, 3DDiff, 1852,      ,     12,  13.0,     16
2018-08-27, 17:54:22,  -04:00,   KPSM,   43.0109482,  -70.9731369,  2358.7, 30.00,  2435.1,  21.2, 164.41, 186.41, -586.11,  -2.04,  -0.32,   0.00,   0.03,  81.2,  83.9,  27.7,  28.8,   1.6,  21.22,  20.35,    16.59,  177.87,   54.21,  30.56, 2486.2,    0.77,  311.21,  333.93,  339.20,  322.86,  326.69,  323.56, 1467.21, 1520.12, 1500.33, 1476.58, 1483.89, 1478.07, 1544.72, 1557.44,  2345.3, 176,  GPS,   78.5, 116.50, 115.60, 128.400, 120.950, -0.680, -0.228,  14.05, -71.1,    7.7,   73.4,  -14.8,      1,   HDG,     VS,  -0.4,  -1.9, -649.6, 3DDiff, 1852,      ,     12,  12.5,     16
2018-08-27, 17:54:23,  -04:00,   KPSM,   43.0112572,  -70.9720306,  2349.7, 30.00,  2425.4,  21.2, 164.95, 186.36, -588.92,  -2.02,  -0.31,   0.01,  -0.04,  81.3,  83.9,  27.7,  28.8,   1.6,  21.23,  20.34,    16.57,  177.89,   54.39,  30.56, 2486.1,    0.77,  311.21,  333.96,  339.14,  322.89,  326.66,  323.59, 1467.27, 1518.77, 1500.17, 1475.26, 1483.73, 1477.67, 1543.31, 1557.14,  2335.6, 177,  GPS,   78.5, 116.50, 115.60, 128.400, 120.950, -0.686, -0.228,  14.03, -70.9,    7.7,   73.3,  -14.8,      1,   HDG,     VS,  -0.4,  -2.0, -590.6, 3DDiff, 1852,      ,     12,  12.5,     16
2018-08-27, 17:54:24,  -04:00,   KPSM,   43.0115585,  -70.9709396,  2338.7, 30.00,  2415.4,  21.2, 164.42, 186.24, -616.35,  -1.81,  -0.54,  -0.01,   0.03,  81.2,  83.9,  27.7,  28.8,   1.6,  21.23,  20.35,    16.60,  177.92,   54.66,  30.55, 2486.2,    0.77,  311.24,  334.00,  339.08,  322.89,  326.60,  323.60, 1467.31, 1518.90, 1499.79, 1476.97, 1483.83, 1478.41, 1544.12, 1556.76,  2325.6, 176,  GPS,   78.5, 116.50, 115.60, 128.400, 120.950, -0.691, -0.230,  14.00, -70.8,    7.6,   73.3,  -14.8,      1,   HDG,     VS,  -0.5,  -1.9, -602.4, 3DDiff, 1852,      ,     12,  13.0,     17
2018-08-27, 17:54:25,  -04:00,   KPSM,   43.0118675,  -70.9698410,  2329.7, 30.00,  2406.0,  21.5, 164.38, 186.12, -606.50,  -1.78,  -0.64,   0.00,   0.02,  81.4,  83.9,  27.7,  28.8,   1.6,  21.24,  20.33,    16.52,  177.92,   54.32,  30.58, 2484.3,    0.76,  311.27,  334.02,  339.02,  322.89,  326.57,  323.62, 1468.03, 1519.06, 1499.85, 1476.61, 1483.71, 1477.64, 1544.15, 1556.69,  2316.3, 176,  GPS,   78.5, 116.50, 115.60, 128.400, 120.950, -0.695, -0.230,  13.97, -70.6,    7.6,   73.2,  -14.8,      1,   HDG,     VS,  -0.5,  -1.8, -566.9, 3DDiff, 1852,      ,     12,  13.0,     17
2018-08-27, 17:54:26,  -04:00,   KPSM,   43.0121727,  -70.9687500,  2321.7, 30.00,  2396.0,  21.5, 164.26, 185.97, -574.45,  -1.80,  -0.64,   0.01,   0.00,  81.7,  83.8,  27.7,  28.8,   1.6,  21.28,  20.30,    16.59,  177.92,   54.53,  30.57, 2485.0,    0.77,  311.29,  334.06,  338.97,  322.92,  326.52,  323.65, 1468.34, 1519.06, 1500.07, 1476.54, 1484.04, 1477.41, 1543.75, 1557.02,  2306.2, 176,  GPS,   78.5, 116.50, 115.60, 128.400, 120.950, -0.700, -0.228,  13.93, -70.5,    7.5,   73.1,  -14.8,      1,   HDG,     VS,  -0.6,  -1.8, -531.5, 3DDiff, 1852,      ,     12,  13.0,     17
2018-08-27, 17:54:27,  -04:00,   KPSM,   43.0124855,  -70.9676514,  2312.7, 30.00,  2388.1,  21.5, 163.58, 185.87, -547.90,  -1.87,  -0.57,   0.01,  -0.01,  81.6,  83.8,  27.7,  28.8,   1.6,  21.30,  20.27,    16.59,  177.94,   54.67,  30.57, 2486.5,    0.77,  311.30,  334.08,  338.91,  322.92,  326.49,  323.65, 1468.16, 1519.86, 1500.66, 1475.99, 1484.39, 1477.77, 1544.10, 1557.10,  2298.3, 175,  GPS,   78.5, 116.50, 115.60, 128.400, 120.950, -0.705, -0.228,  13.89, -70.5,    7.5,   73.0,  -14.8,      1,   HDG,     VS,  -1.0,  -1.8, -511.8, 3DDiff, 1852,      ,     12,  12.5,     16
2018-08-27, 17:54:28,  -04:00,   KPSM,   43.0127945,  -70.9665527,  2304.7, 30.00,  2378.8,  21.5, 163.45, 185.75, -524.08,  -1.81,  -0.91,   0.00,   0.01,  81.5,  83.8,  27.7,  28.8,   1.6,  21.27,  20.24,    16.62,  177.94,   54.66,  30.57, 2487.8,    0.77,  311.33,  334.12,  338.85,  322.94,  326.45,  323.65, 1468.04, 1520.11, 1500.88, 1476.84, 1484.96, 1476.74, 1544.58, 1557.41,  2289.0, 175,  GPS,   78.5, 116.50, 115.60, 128.400, 120.950, -0.710, -0.227,  13.84, -70.5,    7.4,   73.0,  -14.8,      1,   HDG,     VS,  -1.1,  -1.8, -527.6, 3DDiff, 1852,      ,     12,  12.5,     16
2018-08-27, 17:54:29,  -04:00,   KPSM,   43.0131035,  -70.9654694,  2296.7, 30.00,  2369.8,  21.5, 163.31, 185.68, -491.08,  -1.85,  -0.87,   0.00,  -0.02,  81.2,  83.7,  27.7,  28.8,   1.6,  21.22,  20.25,    16.60,  177.94,   54.73,  30.56, 2487.8,    0.77,  311.36,  334.14,  338.84,  322.95,  326.42,  323.65, 1467.80, 1520.52, 1499.73, 1475.99, 1483.75, 1476.68, 1544.58, 1556.50,  2280.1, 175,  GPS,   78.5, 116.50, 115.60, 128.400, 120.950, -0.714, -0.225,  13.78, -70.5,    7.4,   72.9,  -14.8,      1,   HDG,     VS,  -0.9,  -1.8, -527.6, 3DDiff, 1852,      ,     12,  12.5,     16
2018-08-27, 17:54:30,  -04:00,   KPSM,   43.0134125,  -70.9643784,  2287.7, 30.00,  2360.6,  21.5, 163.06, 185.58, -510.33,  -1.79,  -0.68,  -0.00,  -0.00,  81.1,  83.6,  27.7,  28.8,   1.6,  21.18,  20.26,    16.59,  177.95,   54.38,  30.59, 2486.1,    0.77,  311.36,  334.17,  338.80,  322.97,  326.41,  323.67, 1468.80, 1521.10, 1499.88, 1477.01, 1484.12, 1477.14, 1544.94, 1557.28,  2270.8, 175,  GPS,   78.5, 116.50, 115.60, 128.400, 120.950, -0.719, -0.225,  13.73, -70.6,    7.3,   72.8,  -14.8,      1,   HDG,     VS,  -0.5,  -1.8, -547.2, 3DDiff, 1852,      ,     12,  13.0,     17
2018-08-27, 17:54:31,  -04:00,   KPSM,   43.0137253,  -70.9632721,  2278.7, 30.00,  2351.3,  21.5, 163.13, 185.48, -518.97,  -1.72,  -0.47,  -0.00,  -0.02,  81.1,  83.6,  27.7,  28.8,   1.6,  21.16,  20.26,    16.55,  177.97,   54.57,  30.60, 2487.5,    0.77,  311.39,  334.20,  338.72,  322.98,  326.36,  323.68, 1470.09, 1521.61, 1500.92, 1477.94, 1485.08, 1477.61, 1545.75, 1558.67,  2261.5, 175,  GPS,   78.5, 116.50, 115.60, 128.400, 120.950, -0.724, -0.225,  13.68, -70.7,    7.3,   72.8,  -14.8,      1,   HDG,     VS,  -0.2,  -1.7, -555.1, 3DDiff, 1852,      ,     12,  13.0,     17
2018-08-27, 17:54:32,  -04:00,   KPSM,   43.0140381,  -70.9621887,  2270.7, 30.00,  2343.1,  21.5, 163.07, 185.38, -528.42,  -1.68,  -0.12,  -0.00,   0.03,  81.0,  83.5,  27.7,  28.8,   1.6,  21.17,  20.24,    16.57,  177.97,   54.53,  30.59, 2487.4,    0.77,  311.42,  334.21,  338.71,  323.00,  326.33,  323.69, 1469.74, 1521.58, 1501.48, 1478.24, 1484.94, 1478.30, 1545.68, 1558.99,  2253.3, 175,  GPS,   78.5, 116.50, 115.60, 128.400, 120.950, -0.728, -0.224,  13.63, -70.9,    7.2,   72.7,  -14.8,      1,   HDG,     VS,  -0.1,  -1.7, -555.1, 3DDiff, 1852,      ,     12,  13.0,     17
2018-08-27, 17:54:33,  -04:00,   KPSM,   43.0143509,  -70.9611053,  2262.7, 30.00,  2333.5,  21.8, 163.20, 185.29, -521.56,  -1.68,  -0.19,  -0.00,  -0.03,  80.9,  83.5,  27.7,  28.8,   1.6,  21.17,  20.22,    16.52,  177.99,   54.31,  30.59, 2486.4,    0.76,  311.42,  334.24,  338.63,  323.01,  326.30,  323.70, 1468.97, 1521.49, 1501.88, 1478.39, 1484.17, 1477.43, 1545.98, 1558.72,  2243.7, 175,  GPS,   78.5, 116.50, 115.60, 128.400, 120.950, -0.733, -0.222,  13.59, -71.1,    7.2,   72.6,  -14.8,      1,   HDG,     VS,  -0.0,  -1.7, -539.4, 3DDiff, 1852,      ,     12,  12.5,     16
2018-08-27, 17:54:34,  -04:00,   KPSM,   43.0146599,  -70.9600143,  2253.7, 30.00,  2324.7,  21.8, 163.30, 185.15, -509.34,  -1.75,  -0.05,   0.01,  -0.03,  81.0,  83.5,  27.7,  28.8,   1.6,  21.18,  20.21,    16.53,  178.03,   54.62,  30.57, 2489.8,    0.76,  311.45,  334.28,  338.60,  323.02,  326.27,  323.71, 1469.20, 1520.65, 1501.86, 1478.16, 1484.50, 1477.42, 1545.68, 1559.06,  2234.9, 175,  GPS,   78.5, 116.50, 115.60, 128.400, 120.950, -0.737, -0.222,  13.55, -71.2,    7.1,   72.5,  -14.8,      1,   HDG,     VS,  -0.0,  -1.7, -535.4, 3DDiff, 1852,      ,     12,  12.5,     16
2018-08-27, 17:54:35,  -04:00,   KPSM,   43.0149727,  -70.9589233,  2244.7, 30.00,  2315.6,  21.8, 163.20, 185.05, -520.07,  -1.69,  -0.04,   0.01,   0.01,  80.9,  83.5,  27.7,  28.8,   1.6,  21.19,  20.21,    16.55,  178.06,   54.44,  30.60, 2485.9,    0.77,  311.48,  334.30,  338.54,  323.04,  326.24,  323.74, 1468.98, 1521.30, 1501.72, 1477.37, 1484.03, 1477.15, 1545.64, 1558.54,  2225.8, 175,  GPS,   78.5, 116.50, 115.60, 128.400, 120.950, -0.742, -0.222,  13.51, -71.4,    7.1,   72.5,  -14.8,      1,   HDG,     VS,   0.0,  -1.7, -543.3, 3DDiff, 1852,      ,     12,  12.5,     16
2018-08-27, 17:54:36,  -04:00,   KPSM,   43.0152817,  -70.9578400,  2235.7, 30.00,  2306.6,  21.8, 163.33, 184.92, -525.17,  -1.63,  -0.02,   0.01,   0.02,  81.0,  83.5,  27.7,  28.8,   1.6,  21.18,  20.22,    16.53,  178.07,   54.54,  30.56, 2487.9,    0.76,  311.48,  334.32,  338.51,  323.07,  326.23,  323.74, 1469.72, 1521.81, 1501.50, 1477.64, 1484.91, 1476.81, 1545.94, 1559.17,  2216.8, 175,  GPS,   78.5, 116.50, 115.60, 128.400, 120.950, -0.746, -0.222,  13.47, -71.6,    7.0,   72.4,  -14.8,      1,   HDG,     VS,   0.1,  -1.7, -539.4, 3DDiff, 1852,      ,     12,  12.5,     17
2018-08-27, 17:54:37,  -04:00,   KPSM,   43.0155945,  -70.9567566,  2227.7, 30.00,  2297.8,  21.8, 163.37, 184.80, -523.19,  -1.66,   0.03,  -0.00,  -0.01,  81.0,  83.5,  27.7,  28.8,   1.6,  21.18,  20.22,    16.59,  178.09,   54.57,  30.61, 2488.5,    0.77,  311.51,  334.35,  338.50,  323.07,  326.21,  323.77, 1470.56, 1522.09, 1502.34, 1477.02, 1484.91, 1477.45, 1546.46, 1559.45,  2208.0, 175,  GPS,   78.5, 116.50, 115.60, 128.400, 120.950, -0.751, -0.221,  13.43, -71.8,    7.0,   72.3,  -14.8,      1,   HDG,     VS,   0.1,  -1.6, -527.6, 3DDiff, 1852,      ,     12,  13.0,     17
2018-08-27, 17:54:38,  -04:00,   KPSM,   43.0158997,  -70.9556656,  2219.7, 30.00,  2288.3,  21.8, 163.28, 184.67, -524.25,  -1.76,   0.05,   0.00,  -0.02,  81.0,  83.5,  27.7,  28.8,   1.6,  21.20,  20.21,    16.55,  178.11,   54.40,  30.61, 2486.5,    0.76,  311.54,  334.36,  338.46,  323.08,  326.18,  323.80, 1470.82, 1521.74, 1502.32, 1476.60, 1485.31, 1478.32, 1545.93, 1559.94,  2198.5, 175,  GPS,   78.5, 116.50, 115.60, 128.400, 120.950, -0.756, -0.219,  13.39, -71.9,    6.9,   72.2,  -14.8,      1,   HDG,     VS,   0.1,  -1.7, -503.9, 3DDiff, 1852,      ,     12,  13.0,     17
2018-08-27, 17:54:39,  -04:00,   KPSM,   43.0162125,  -70.9545822,  2211.7, 30.00,  2280.5,  21.8, 163.36, 184.53, -493.50,  -1.72,   0.00,  -0.00,   0.03,  81.0,  83.6,  27.7,  28.8,   1.6,  21.21,  20.21,    16.59,  178.12,   54.37,  30.63, 2486.4,    0.77,  311.56,  334.39,  338.41,  323.13,  326.18,  323.83, 1470.13, 1522.82, 1502.88, 1477.37, 1483.05, 1478.39, 1546.08, 1559.33,  2190.7, 175,  GPS,   78.5, 116.50, 115.60, 128.400, 120.950, -0.760, -0.218,  13.35, -72.1,    6.9,   72.1,  -14.8,      1,   HDG,     VS,  -0.0,  -1.7, -515.7, 3DDiff, 1852,      ,     12,  12.5,     16
2018-08-27, 17:54:40,  -04:00,   KPSM,   43.0165215,  -70.9534912,  2203.7, 30.00,  2272.5,  21.8, 163.80, 184.43, -496.11,  -1.81,  -0.04,  -0.00,  -0.02,  81.1,  83.6,  27.7,  28.8,   1.6,  21.19,  20.22,    16.63,  178.14,   54.49,  30.61, 2487.8,    0.77,  311.59,  334.42,  338.38,  323.14,  326.21,  323.86, 1469.64, 1522.58, 1503.97, 1477.42, 1483.21, 1479.32, 1546.14, 1559.34,  2182.8, 175,  GPS,   78.5, 116.50, 115.60, 128.400, 120.950, -0.765, -0.217,  13.31, -72.3,    6.8,   72.0,  -14.8,      1,   HDG,     VS,  -0.1,  -1.7, -500.0, 3DDiff, 1852,      ,     12,  12.5,     16
2018-08-27, 17:54:41,  -04:00,   KPSM,   43.0168343,  -70.9524078,  2194.7, 30.00,  2264.2,  21.8, 163.77, 184.32, -500.63,  -1.89,  -0.30,   0.00,   0.00,  81.1,  83.6,  27.7,  28.8,   1.6,  21.20,  20.21,    16.59,  178.14,   54.37,  30.60, 2487.3,    0.77,  311.57,  334.42,  338.32,  323.17,  326.24,  323.87, 1468.11, 1522.43, 1504.14, 1477.45, 1483.58, 1476.00, 1545.53, 1558.36,  2174.4, 175,  GPS,   78.5, 116.50, 115.60, 128.400, 120.950, -0.769, -0.217,  13.26, -72.4,    6.8,   72.0,  -14.8,      1,   HDG,     VS,  -0.2,  -1.8, -503.9, 3DDiff, 1852,      ,     12,  12.5,     16
2018-08-27, 17:54:42,  -04:00,   KPSM,   43.0171394,  -70.9513321,  2186.7, 30.00,  2255.8,  21.8, 163.60, 184.24, -506.28,  -1.88,  -0.31,   0.00,  -0.01,  81.1,  83.5,  27.7,  28.8,   1.6,  21.20,  20.21,    16.62,  178.14,   54.33,  30.65, 2487.3,    0.77,  311.59,  334.45,  338.32,  323.19,  326.21,  323.90, 1469.09, 1523.14, 1504.21, 1477.33, 1483.89, 1476.15, 1546.11, 1559.28,  2166.0, 175,  GPS,   78.5, 116.50, 115.60, 128.400, 120.950, -0.774, -0.216,  13.22, -72.5,    6.7,   71.9,  -14.8,      1,   HDG,     VS,  -0.3,  -1.8, -503.9, 3DDiff, 1852,      ,     12,  12.5,     17
2018-08-27, 17:54:43,  -04:00,   KPSM,   43.0174522,  -70.9502411,  2178.7, 30.00,  2247.6,  21.8, 163.65, 184.18, -503.15,  -1.92,  -0.21,  -0.01,  -0.06,  81.0,  83.5,  27.7,  28.8,   1.6,  21.19,  20.21,    16.61,  178.16,   54.34,  30.63, 2486.3,    0.77,  311.62,  334.48,  338.27,  323.20,  326.27,  323.93, 1469.07, 1522.94, 1504.40, 1478.85, 1483.13, 1476.25, 1546.76, 1559.12,  2157.8, 175,  GPS,   78.5, 116.50, 115.60, 128.400, 120.950, -0.778, -0.214,  13.17, -72.6,    6.7,   71.8,  -14.8,      1,   HDG,     VS,  -0.2,  -1.9, -496.1, 3DDiff, 1852,      ,     12,  13.0,     17
2018-08-27, 17:54:44,  -04:00,   KPSM,   43.0177574,  -70.9491577,  2170.7, 30.00,  2240.0,  21.8, 163.50, 184.08, -485.50,  -1.93,  -0.33,  -0.01,   0.02,  80.9,  83.5,  27.7,  28.8,   1.6,  21.18,  20.21,    16.55,  178.17,   54.33,  30.62, 2488.3,    0.77,  311.65,  334.49,  338.26,  323.23,  326.30,  323.95, 1469.47, 1523.43, 1503.86, 1479.41, 1484.09, 1477.28, 1547.15, 1559.98,  2150.2, 175,  GPS,   78.5, 116.50, 115.60, 128.400, 120.950, -0.783, -0.213,  13.11, -72.7,    6.6,   71.7,  -14.8,      1,   HDG,     VS,  -0.1,  -1.9, -507.9, 3DDiff, 1852,      ,     12,  13.0,     17
2018-08-27, 17:54:45,  -04:00,   KPSM,   43.0180702,  -70.9480820,  2162.7, 30.00,  2231.1,  21.8, 163.65, 184.02, -482.60,  -1.97,   0.04,   0.00,  -0.01,  80.9,  83.5,  27.7,  28.8,   1.6,  21.18,  20.19,    16.60,  178.18,   54.26,  30.69, 2486.8,    0.77,  311.68,  334.54,  338.23,  323.26,  326.38,  323.98, 1469.50, 1524.21, 1504.63, 1481.45, 1484.45, 1476.84, 1548.18, 1560.29,  2141.3, 175,  GPS,   78.5, 116.50, 115.60, 128.400, 120.950, -0.787, -0.212,  13.06, -72.7,    6.6,   71.6,  -14.8,      1,   HDG,     VS,  -0.0,  -1.9, -503.9, 3DDiff, 1852,      ,     12,  12.5,     16
2018-08-27, 17:54:46,  -04:00,   KPSM,   43.0183754,  -70.9469986,  2154.7, 30.00,  2222.0,  22.0, 163.41, 183.98, -492.48,  -1.99,   0.02,   0.00,  -0.04,  80.8,  83.5,  27.7,  28.8,   1.6,  21.18,  20.20,    16.55,  178.18,   54.37,  30.64, 2486.9,    0.77,  311.69,  334.57,  338.18,  323.26,  326.45,  324.01, 1468.34, 1524.30, 1504.20, 1481.52, 1484.15, 1478.60, 1548.43, 1559.86,  2132.3, 175,  GPS,   78.5, 116.50, 115.60, 128.400, 120.950, -0.792, -0.211,  13.00, -72.7,    6.5,   71.5,  -14.8,      1,   HDG,     VS,   0.1,  -1.9, -503.9, 3DDiff, 1852,      ,     12,  12.5,     16
2018-08-27, 17:54:47,  -04:00,   KPSM,   43.0186882,  -70.9459152,  2146.7, 30.00,  2212.9,  22.0, 163.34, 183.93, -491.43,  -1.90,   0.12,  -0.01,   0.02,  80.9,  83.5,  27.7,  28.8,   1.6,  21.18,  20.19,    16.54,  178.22,   54.24,  30.63, 2488.1,    0.76,  311.71,  334.60,  338.17,  323.29,  326.52,  324.05, 1467.62, 1523.95, 1503.93, 1480.19, 1484.30, 1479.27, 1547.38, 1559.41,  2123.1, 175,  GPS,   78.5, 116.50, 115.60, 128.400, 120.950, -0.796, -0.210,  12.95, -72.8,    6.5,   71.4,  -14.8,      1,   HDG,     VS,   0.2,  -1.9, -539.4, 3DDiff, 1852,      ,     12,  12.5,     16
2018-08-27, 17:54:48,  -04:00,   KPSM,   43.0189972,  -70.9448318,  2139.7, 30.00,  2204.1,  22.0, 163.43, 183.89, -481.45,  -1.89,   0.18,   0.01,  -0.03,  81.0,  83.5,  27.7,  28.8,   1.6,  21.17,  20.20,    16.52,  178.24,   54.33,  30.61, 2487.9,    0.76,  311.73,  334.59,  338.14,  323.32,  326.64,  324.07, 1468.75, 1523.22, 1504.01, 1479.56, 1484.77, 1478.94, 1546.54, 1560.51,  2114.3, 175,  GPS,   78.5, 116.50, 115.60, 128.400, 120.950, -0.801, -0.207,  12.89, -72.7,    6.4,   71.3,  -14.8,      1,   HDG,     VS,   0.2,  -1.9, -531.5, 3DDiff, 1852,      ,     12,  12.5,     17
2018-08-27, 17:54:49,  -04:00,   KPSM,   43.0193062,  -70.9437561,  2131.7, 30.00,  2195.4,  22.0, 164.35, 183.83, -480.22,  -1.91,   0.12,   0.02,   0.03,  81.1,  83.5,  27.7,  28.8,   1.6,  21.17,  20.20,    16.58,  178.24,   54.40,  30.64, 2489.0,    0.77,  311.77,  334.66,  338.11,  323.35,  326.75,  324.09, 1467.93, 1522.84, 1503.88, 1478.34, 1484.46, 1478.70, 1546.23, 1560.19,  2105.6, 176,  GPS,   78.5, 116.50, 115.60, 128.400, 120.950, -0.805, -0.206,  12.84, -72.7,    6.4,   71.2,  -14.8,      1,   HDG,     VS,   0.2,  -1.9, -519.7, 3DDiff, 1852,      ,     12,  13.0,     17
2018-08-27, 17:54:50,  -04:00,   KPSM,   43.0196114,  -70.9426727,  2121.7, 30.00,  2186.0,  22.0, 164.09, 183.75, -503.81,  -1.99,   1.33,  -0.00,  -0.03,  81.2,  83.6,  27.7,  28.8,   1.5,  21.18,  20.19,    16.58,  178.26,   54.19,  30.66, 2485.4,    0.77,  311.78,  334.67,  338.11,  323.38,  326.90,  324.11, 1468.47, 1522.72, 1503.63, 1479.40, 1484.43, 1480.63, 1546.99, 1559.87,  2096.2, 175,  GPS,   78.5, 116.50, 115.60, 128.400, 120.950, -0.810, -0.207,  12.78, -72.6,    6.3,   71.1,  -14.8,      1,   HDG,     VS,   1.0,  -2.0, -515.7, 3DDiff, 1852,      ,     12,  13.0,     17
2018-08-27, 17:54:51,  -04:00,   KPSM,   43.0199165,  -70.9415894,  2113.7, 30.00,  2176.8,  22.0, 163.46, 183.69, -512.05,  -1.85,   1.57,   0.01,   0.04,  81.3,  83.8,  27.7,  28.8,   1.6,  21.21,  20.15,    16.57,  178.27,   54.37,  30.61, 2488.3,    0.77,  311.84,  334.70,  338.08,  323.41,  327.05,  324.14, 1468.61, 1522.46, 1503.49, 1478.69, 1484.61, 1480.85, 1547.13, 1560.13,  2087.0, 175,  GPS,   78.5, 116.50, 115.60, 128.400, 120.950, -0.815, -0.206,  12.72, -72.6,    6.3,   71.0,  -14.8,      1,   HDG,     VS,   1.6,  -1.9, -570.9, 3DDiff, 1852,      ,     12,  12.5,     16
2018-08-27, 17:54:52,  -04:00,   KPSM,   43.0202217,  -70.9405136,  2104.7, 30.00,  2168.4,  22.0, 163.29, 183.67, -513.17,  -1.87,   1.41,   0.02,  -0.02,  81.5,  83.8,  27.7,  28.8,   1.6,  21.24,  20.10,    16.58,  178.27,   54.56,  30.62, 2486.8,    0.77,  311.84,  334.73,  338.05,  323.41,  327.20,  324.17, 1469.75, 1521.90, 1503.94, 1479.35, 1485.39, 1480.89, 1547.13, 1561.38,  2078.6, 175,  GPS,   78.5, 116.50, 115.60, 128.400, 120.950, -0.819, -0.206,  12.65, -72.5,    6.2,   70.9,  -14.8,      1,   HDG,     VS,   1.7,  -1.9, -531.5, 3DDiff, 1852,      ,     12,  12.5,     16
2018-08-27, 17:54:53,  -04:00,   KPSM,   43.0205231,  -70.9394226,  2095.7, 30.00,  2159.3,  22.0, 163.19, 183.65, -537.82,  -1.77,   1.53,  -0.01,   0.02,  81.4,  84.0,  27.7,  28.8,   1.5,  21.22,  20.07,    16.55,  178.27,   54.62,  30.68, 2487.0,    0.77,  311.86,  334.75,  338.05,  323.44,  327.41,  324.21, 1470.13, 1522.60, 1504.35, 1479.41, 1485.59, 1480.34, 1547.57, 1561.07,  2069.5, 174,  GPS,   78.5, 116.50, 115.60, 128.400, 120.950, -0.824, -0.206,  12.59, -72.4,    6.2,   70.8,  -14.8,      1,   HDG,     VS,   2.4,  -1.8, -543.3, 3DDiff, 1852,      ,     12,  12.5,     16
2018-08-27, 17:54:54,  -04:00,   KPSM,   43.0208206,  -70.9383392,  2087.7, 30.00,  2150.5,  22.0, 163.72, 183.60, -521.25,  -1.76,   2.13,  -0.01,   0.00,  81.7,  84.3,  27.7,  28.8,   1.5,  21.20,  20.05,    16.57,  178.29,   54.57,  30.64, 2488.3,    0.77,  311.88,  334.78,  338.02,  323.47,  327.65,  324.24, 1471.09, 1523.05, 1504.69, 1478.88, 1485.52, 1479.50, 1547.82, 1561.99,  2060.7, 175,  GPS,   78.5, 116.50, 115.60, 128.400, 120.950, -0.829, -0.204,  12.53, -72.4,    6.1,   70.7,  -14.8,      1,   HDG,     VS,   2.9,  -1.8, -531.5, 3DDiff, 1852,      ,     12,  12.5,     17
2018-08-27, 17:54:55,  -04:00,   KPSM,   43.0211182,  -70.9372559,  2078.7, 30.00,  2141.9,  22.2, 164.06, 183.48, -534.46,  -1.68,   2.56,  -0.00,   0.04,  82.1,  84.5,  27.7,  28.8,   1.5,  21.19,  20.03,    16.65,  178.29,   54.56,  30.65, 2490.1,    0.77,  311.92,  334.85,  337.99,  323.48,  327.87,  324.27, 1471.79, 1523.53, 1505.60, 1478.16, 1486.75, 1479.26, 1547.63, 1563.21,  2052.1, 175,  GPS,   78.5, 116.50, 115.60, 128.400, 120.950, -0.835, -0.204,  12.47, -72.3,    6.1,   70.6,  -14.8,      1,   HDG,     VS,   2.8,  -1.8, -515.7, 3DDiff, 1852,      ,     12,  13.0,     17
2018-08-27, 17:54:56,  -04:00,   KPSM,   43.0214119,  -70.9361649,  2071.7, 30.00,  2134.4,  22.2, 164.16, 183.40, -501.53,  -1.71,   2.52,   0.01,   0.01,  82.4,  84.6,  27.7,  28.8,   1.5,  21.20,  20.02,    16.58,  178.33,   54.50,  30.66, 2487.6,    0.77,  311.94,  334.85,  338.01,  323.53,  328.11,  324.32, 1472.19, 1524.34, 1505.66, 1478.36, 1487.41, 1479.09, 1547.52, 1563.47,  2044.6, 175,  GPS,   78.5, 116.50, 115.60, 128.400, 120.950, -0.840, -0.202,  12.41, -72.2,    6.0,   70.5,  -14.8,      1,   HDG,     VS,   2.3,  -1.8, -500.0, 3DDiff, 1852,      ,     12,  13.0,     17
2018-08-27, 17:54:57,  -04:00,   KPSM,   43.0217018,  -70.9350815,  2062.7, 30.00,  2125.3,  22.2, 163.60, 183.32, -499.20,  -1.77,   2.04,  -0.00,  -0.00,  82.6,  84.8,  27.7,  28.8,   1.5,  21.21,  19.98,    16.50,  178.34,   54.38,  30.64, 2487.0,    0.76,  311.99,  334.90,  337.96,  323.56,  328.35,  324.35, 1470.89, 1523.00, 1505.50, 1479.88, 1486.59, 1479.05, 1547.71, 1561.74,  2035.5, 175,  GPS,   78.5, 116.50, 115.60, 128.400, 120.950, -0.846, -0.202,  12.35, -72.1,    6.0,   70.4,  -14.8,      1,   HDG,     VS,   1.6,  -1.8, -503.9, 3DDiff, 1852,      ,     12,  12.5,     16
2018-08-27, 17:54:58,  -04:00,   KPSM,   43.0219879,  -70.9339981,  2055.7, 30.00,  2116.3,  22.2, 163.35, 183.27, -497.41,  -1.83,   1.38,  -0.01,  -0.01,  82.8,  85.2,  27.7,  28.8,   1.5,  21.20,  19.98,    16.53,  178.35,   54.49,  30.64, 2487.4,    0.76,  312.02,  334.94,  337.96,  323.59,  328.60,  324.38, 1471.00, 1522.68, 1504.54, 1481.65, 1487.02, 1479.22, 1548.59, 1561.43,  2026.5, 175,  GPS,   78.5, 116.50, 115.60, 128.400, 120.950, -0.851, -0.200,  12.28, -72.0,    5.9,   70.2,  -14.8,      1,   HDG,     VS,   1.1,  -1.8, -507.9, 3DDiff, 1852,      ,     12,  12.5,     16
2018-08-27, 17:54:59,  -04:00,   KPSM,   43.0222740,  -70.9328995,  2047.7, 30.00,  2107.9,  22.2, 163.38, 183.23, -470.62,  -1.92,   0.41,   0.01,  -0.04,  82.8,  85.2,  27.7,  28.8,   1.5,  21.19,  19.98,    16.53,  178.38,   54.56,  30.64, 2488.5,    0.76,  312.08,  334.97,  337.92,  323.62,  328.80,  324.41, 1471.13, 1522.16, 1503.95, 1481.96, 1487.52, 1480.08, 1549.24, 1561.39,  2018.1, 175,  GPS,   78.5, 116.50, 115.60, 128.400, 120.950, -0.857, -0.199,  12.21, -71.9,    5.9,   70.1,  -14.8,      1,   HDG,     VS,   0.7,  -1.8, -500.0, 3DDiff, 1852,      ,     12,  12.5,     16
2018-08-27, 17:55:00,  -04:00,   KPSM,   43.0225525,  -70.9318085,  2039.7, 30.00,  2099.3,  22.2, 163.08, 183.23, -469.58,  -2.01,   0.32,   0.01,  -0.03,  83.0,  85.3,  27.7,  28.8,   1.5,  21.18,  19.98,    16.59,  178.41,   54.49,  30.61, 2488.0,    0.77,  312.06,  335.00,  337.90,  323.65,  329.02,  324.41, 1470.85, 1522.85, 1504.03, 1481.07, 1487.46, 1478.89, 1548.99, 1560.64,  2009.5, 174,  GPS,   78.5, 116.50, 115.60, 128.400, 120.950, -0.864, -0.198,  12.15, -71.8,    5.8,   70.0,  -14.8,      1,   HDG,     VS,   0.4,  -1.9, -511.8, 3DDiff, 1852,      ,     12,  12.5,     17
2018-08-27, 17:55:01,  -04:00,   KPSM,   43.0228386,  -70.9307251,  2031.7, 30.00,  2090.2,  22.2, 163.32, 183.25, -481.39,  -1.98,   0.32,   0.01,   0.00,  82.9,  85.5,  27.7,  28.8,   1.5,  21.18,  19.98,    16.55,  178.41,   54.33,  30.64, 2486.3,    0.77,  312.08,  335.03,  337.89,  323.69,  329.21,  324.45, 1470.70, 1522.55, 1503.92, 1480.17, 1486.50, 1479.17, 1548.87, 1559.95,  2000.4, 174,  GPS,   78.5, 116.50, 115.60, 128.400, 120.950, -0.870, -0.197,  12.08, -71.7,    5.8,   69.8,  -14.8,      1,   HDG,     VS,   0.2,  -1.9, -535.4, 3DDiff, 1852,      ,     12,  13.0,     17
2018-08-27, 17:55:02,  -04:00,   KPSM,   43.0231209,  -70.9296265,  2022.7, 30.00,  2081.6,  22.2, 163.38, 183.30, -510.21,  -2.01,   0.64,  -0.00,  -0.01,  82.9,  85.4,  27.7,  28.8,   1.6,  21.17,  20.00,    16.54,  178.43,   54.43,  30.66, 2485.8,    0.76,  312.12,  335.07,  337.86,  323.71,  329.40,  324.47, 1471.56, 1523.40, 1504.14, 1480.00, 1486.03, 1480.16, 1548.68, 1560.67,  1991.8, 175,  GPS,   78.5, 116.50, 115.60, 128.400, 120.950, -0.876, -0.197,  12.03, -71.6,    5.7,   69.7,  -14.8,      1,   HDG,     VS,   0.1,  -2.0, -523.6, 3DDiff, 1852,      ,     12,  13.0,     17
2018-08-27, 17:55:03,  -04:00,   KPSM,   43.0233955,  -70.9285355,  2014.7, 30.00,  2074.4,  22.2, 162.81, 183.34, -511.00,  -2.04,   0.12,   0.00,  -0.00,  82.7,  85.5,  27.7,  28.8,   1.5,  21.16,  20.02,    16.58,  178.48,   54.60,  30.64, 2486.9,    0.77,  312.15,  335.12,  337.86,  323.77,  329.57,  324.50, 1472.81, 1523.59, 1504.12, 1480.89, 1486.76, 1478.63, 1548.45, 1561.58,  1984.6, 174,  GPS,   78.5, 116.50, 115.60, 128.400, 120.950, -0.882, -0.195,  11.97, -71.5,    5.7,   69.6,  -14.8,      1,   HDG,     VS,   0.2,  -2.0, -515.7, 3DDiff, 1852,      ,     12,  12.5,     16
2018-08-27, 17:55:04,  -04:00,   KPSM,   43.0236816,  -70.9274445,  2004.7, 30.00,  2065.6,  22.2, 161.92, 183.42, -521.72,  -1.88,   0.45,  -0.00,   0.01,  82.3,  85.5,  27.7,  28.8,   1.5,  21.12,  20.06,    16.59,  178.51,   54.49,  30.64, 2485.2,    0.77,  312.18,  335.15,  337.86,  323.80,  329.72,  324.53, 1471.92, 1524.25, 1503.52, 1481.81, 1487.18, 1479.05, 1548.39, 1561.26,  1975.8, 173,  GPS,   78.5, 116.50, 115.60, 128.400, 120.950, -0.888, -0.196,  11.93, -71.4,    5.6,   69.4,  -14.8,      1,   HDG,     VS,   0.5,  -2.0, -563.0, 3DDiff, 1852,      ,     12,  12.5,     16
2018-08-27, 17:55:05,  -04:00,   KPSM,   43.0239563,  -70.9263535,  1997.7, 30.00,  2056.1,  22.5, 162.88, 183.44, -516.86,  -1.72,   0.46,  -0.01,   0.01,  82.4,  85.6,  27.7,  28.8,   1.5,  21.06,  20.09,    16.52,  178.52,   54.61,  30.65, 2488.3,    0.76,  312.18,  335.20,  337.83,  323.83,  329.85,  324.56, 1470.16, 1523.54, 1503.61, 1481.28, 1486.53, 1479.91, 1548.22, 1560.67,  1966.4, 174,  GPS,   78.5, 116.50, 115.60, 128.400, 120.950, -0.895, -0.194,  11.90, -71.2,    5.6,   69.3,  -14.8,      1,   HDG,     VS,   1.0,  -1.8, -578.7, 3DDiff, 1852,      ,     12,  12.5,     16
2018-08-27, 17:55:06,  -04:00,   KPSM,   43.0242348,  -70.9252625,  1988.7, 30.00,  2047.1,  22.5, 162.47, 183.46, -516.23,  -1.81,   0.88,   0.00,  -0.03,  82.4,  85.6,  27.7,  28.8,   1.6,  21.07,  20.09,    16.62,  178.54,   54.32,  30.63, 2486.5,    0.77,  312.24,  335.24,  337.86,  323.84,  329.97,  324.62, 1470.25, 1524.02, 1503.47, 1481.16, 1486.60, 1479.68, 1548.25, 1560.86,  1957.3, 173,  GPS,   78.5, 116.50, 115.60, 128.400, 120.950, -0.901, -0.194,  11.89, -71.1,    5.5,   69.1,  -14.8,      1,   HDG,     VS,   1.3,  -1.8, -559.1, 3DDiff, 1852,      ,     12,  12.5,     17
2018-08-27, 17:55:07,  -04:00,   KPSM,   43.0245171,  -70.9241638,  1979.7, 30.00,  2037.5,  22.5, 162.01, 183.48, -524.70,  -1.83,   1.43,   0.01,   0.02,  82.7,  85.7,  27.7,  28.8,   1.5,  21.11,  20.07,    16.59,  178.55,   54.38,  30.64, 2488.6,    0.77,  312.27,  335.27,  337.83,  323.90,  330.09,  324.65, 1470.77, 1524.82, 1503.22, 1481.48, 1486.52, 1479.62, 1548.68, 1560.92,  1947.7, 173,  GPS,   78.5, 116.50, 115.60, 128.400, 120.950, -0.907, -0.194,  11.91, -70.8,    5.5,   69.0,  -14.8,      1,   HDG,     VS,   1.3,  -1.7, -582.7, 3DDiff, 1852,      ,     12,  13.0,     17
2018-08-27, 17:55:08,  -04:00,   KPSM,   43.0247917,  -70.9230652,  1970.7, 30.00,  2027.7,  22.5, 161.63, 183.52, -531.35,  -1.78,   1.09,  -0.00,   0.02,  82.9,  85.8,  27.7,  28.8,   1.5,  21.17,  20.04,    16.58,  178.57,   54.43,  30.63, 2486.7,    0.77,  312.27,  335.30,  337.83,  323.90,  330.18,  324.68, 1470.68, 1524.54, 1503.49, 1481.52, 1485.72, 1479.92, 1548.24, 1560.98,  1937.9, 173,  GPS,   78.5, 116.50, 115.60, 128.400, 120.950, -0.914, -0.194,  11.94, -70.6,    5.4,   68.8,  -14.8,      1,   HDG,     VS,   0.9,  -1.7, -547.2, 3DDiff, 1852,      ,     12,  13.0,     17
2018-08-27, 17:55:09,  -04:00,   KPSM,   43.0250702,  -70.9219742,  1962.7, 30.00,  2017.0,  22.5, 162.45, 183.54, -515.12,  -1.72,   0.56,  -0.00,  -0.00,  83.1,  85.9,  27.7,  28.8,   1.5,  21.20,  20.00,    16.77,  178.62,   54.36,  30.69, 2491.2,    0.78,  312.33,  335.31,  337.84,  323.93,  330.27,  324.69, 1472.21, 1525.25, 1504.30, 1480.86, 1486.39, 1479.14, 1548.40, 1561.96,  1927.2, 173,  GPS,   78.5, 116.50, 115.60, 128.400, 120.950, -0.920, -0.193,  11.98, -70.4,    5.4,   68.7,  -14.8,      1,   HDG,     VS,   0.4,  -1.8, -555.1, 3DDiff, 1852,      ,     12,  12.5,     16
2018-08-27, 17:55:10,  -04:00,   KPSM,   43.0253410,  -70.9208755,  1953.7, 30.00,  2007.2,  22.5, 163.55, 183.56, -529.25,  -1.66,   0.29,  -0.00,  -0.01,  83.3,  85.9,  27.7,  28.8,   1.5,  21.22,  19.97,    17.19,  178.65,   54.38,  30.85, 2488.2,    0.80,  312.36,  335.34,  337.83,  323.96,  330.37,  324.74, 1479.18, 1532.04, 1510.29, 1487.79, 1492.58, 1484.01, 1554.66, 1569.81,  1917.4, 175,  GPS,   78.5, 116.50, 115.60, 128.400, 120.950, -0.927, -0.193,  12.04, -70.2,    5.3,   68.5,  -14.8,      1,   HDG,     VS,   0.0,  -1.7, -547.2, 3DDiff, 1852,      ,     12,  12.5,     16
2018-08-27, 17:55:11,  -04:00,   KPSM,   43.0256195,  -70.9197845,  1943.7, 30.00,  1998.1,  22.5, 163.06, 183.58, -550.83,  -1.65,   0.08,   0.00,  -0.00,  83.3,  86.0,  27.7,  28.8,   1.5,  21.23,  19.95,    17.19,  178.70,   54.45,  30.75, 2487.7,    0.79,  312.41,  335.39,  337.83,  324.01,  330.43,  324.78, 1481.13, 1534.36, 1514.76, 1490.85, 1495.47, 1487.77, 1558.15, 1573.44,  1908.3, 174,  GPS,   78.5, 116.50, 115.60, 128.400, 120.950, -0.934, -0.193,  12.09, -70.0,    5.3,   68.3,  -14.8,      1,   HDG,     VS,  -0.3,  -1.7, -535.4, 3DDiff, 1852,      ,     12,  12.5,     16
2018-08-27, 17:55:12,  -04:00,   KPSM,   43.0258904,  -70.9186859,  1936.7, 30.00,  1989.0,  22.5, 162.96, 183.56, -539.20,  -1.54,  -0.14,   0.00,   0.01,  83.4,  86.0,  27.7,  28.8,   1.6,  21.25,  19.96,    16.98,  178.74,   54.61,  30.63, 2488.4,    0.78,  312.39,  335.42,  337.84,  324.05,  330.52,  324.86, 1481.18, 1534.66, 1515.70, 1491.22, 1496.71, 1488.28, 1558.88, 1574.12,  1899.2, 174,  GPS,   78.5, 116.50, 115.60, 128.400, 120.950, -0.940, -0.191,  12.15, -69.8,    5.2,   68.2,  -14.8,      1,   HDG,     VS,  -0.5,  -1.6, -539.4, 3DDiff, 1852,      ,     12,  12.5,     17
2018-08-27, 17:55:13,  -04:00,   KPSM,   43.0261650,  -70.9175873,  1926.7, 30.00,  1979.9,  22.5, 163.05, 183.48, -532.03,  -1.55,  -0.34,   0.00,   0.01,  83.4,  86.0,  27.7,  28.8,   1.6,  21.25,  19.96,    16.64,  178.75,   54.28,  30.54, 2487.5,    0.77,  312.44,  335.45,  337.86,  324.08,  330.59,  324.90, 1479.64, 1533.30, 1515.53, 1488.22, 1496.15, 1486.39, 1557.54, 1571.91,  1890.1, 174,  GPS,   78.5, 116.50, 115.60, 128.400, 120.950, -0.947, -0.192,  12.20, -69.6,    5.2,   68.0,  -14.8,      1,   HDG,     VS,  -0.6,  -1.5, -539.4, 3DDiff, 1852,      ,     12,  13.0,     17
2018-08-27, 17:55:14,  -04:00,   KPSM,   43.0264435,  -70.9164963,  1918.7, 30.00,  1971.7,  22.5, 163.09, 183.34, -530.13,  -1.51,  -0.54,   0.00,   0.02,  83.4,  86.0,  27.7,  28.8,   1.6,  21.24,  19.97,    16.43,  178.75,   54.34,  30.50, 2486.6,    0.76,  312.48,  335.52,  337.87,  324.14,  330.65,  325.01, 1476.06, 1530.31, 1511.39, 1485.30, 1492.99, 1484.58, 1554.16, 1567.19,  1881.9, 174,  GPS,   78.5, 116.50, 115.60, 128.400, 120.950, -0.954, -0.191,  12.26, -69.4,    5.1,   67.8,  -14.8,      1,   HDG,     VS,  -0.7,  -1.5, -535.4, 3DDiff, 1852,      ,     12,  13.0,     17
2018-08-27, 17:55:15,  -04:00,   KPSM,   43.0267105,  -70.9154053,  1909.7, 30.00,  1964.7,  22.5, 162.64, 183.21, -522.69,  -1.64,  -0.70,   0.01,  -0.01,  83.3,  85.9,  27.7,  28.8,   1.6,  21.23,  19.98,    16.41,  178.74,   54.28,  30.54, 2484.8,    0.76,  312.53,  335.57,  337.90,  324.18,  330.71,  325.05, 1474.01, 1527.92, 1507.50, 1483.54, 1489.51, 1483.80, 1551.82, 1563.64,  1874.9, 173,  GPS,   78.5, 116.50, 115.60, 128.400, 120.950, -0.960, -0.191,  12.31, -69.3,    5.1,   67.6,  -14.8,      1,   HDG,     VS,  -0.8,  -1.5, -507.9, 3DDiff, 1852,      ,     12,  12.5,     16
2018-08-27, 17:55:16,  -04:00,   KPSM,   43.0269890,  -70.9143066,  1901.7, 30.00,  1956.5,  22.5, 162.27, 183.11, -523.25,  -1.66,  -0.09,   0.00,   0.01,  83.2,  85.9,  27.7,  28.8,   1.6,  21.21,  19.99,    16.34,  178.75,   54.44,  30.53, 2485.2,    0.75,  312.56,  335.58,  337.92,  324.26,  330.76,  325.10, 1472.27, 1526.03, 1505.82, 1482.24, 1486.48, 1482.42, 1549.45, 1561.12,  1866.7, 173,  GPS,   78.5, 116.50, 115.60, 128.400, 120.950, -0.967, -0.190,  12.35, -69.2,    5.0,   67.5,  -14.8,      1,   HDG,     VS,  -0.7,  -1.6, -519.7, 3DDiff, 1852,      ,     12,  12.5,     16
2018-08-27, 17:55:17,  -04:00,   KPSM,   43.0272636,  -70.9132156,  1893.7, 30.00,  1948.0,  22.8, 162.23, 183.03, -509.63,  -1.65,  -0.79,   0.00,  -0.02,  83.2,  85.9,  27.7,  28.8,   1.6,  21.18,  20.01,    16.38,  178.75,   54.50,  30.56, 2488.2,    0.76,  312.60,  335.64,  337.95,  324.29,  330.78,  325.17, 1469.95, 1523.10, 1504.08, 1481.52, 1483.38, 1480.99, 1547.47, 1558.26,  1858.3, 173,  GPS,   78.5, 116.50, 115.60, 128.400, 120.950, -0.973, -0.189,  12.40, -69.0,    5.0,   67.3,  -14.8,      1,   HDG,     VS,  -0.6,  -1.6, -519.7, 3DDiff, 1852,      ,     12,  12.5,     16
2018-08-27, 17:55:18,  -04:00,   KPSM,   43.0275383,  -70.9121246,  1885.7, 30.00,  1939.5,  22.8, 162.32, 182.95, -496.16,  -1.74,  -0.38,   0.00,  -0.01,  83.2,  85.9,  27.7,  28.8,   1.6,  21.16,  20.03,    16.40,  178.79,   54.55,  30.61, 2486.6,    0.76,  312.63,  335.68,  337.96,  324.32,  330.83,  325.20, 1468.94, 1522.60, 1502.92, 1480.90, 1482.02, 1481.23, 1546.63, 1557.69,  1849.8, 173,  GPS,   78.5, 116.50, 115.60, 128.400, 120.950, -0.980, -0.188,  12.44, -69.0,    4.9,   67.1,  -14.8,      1,   HDG,     VS,  -0.5,  -1.6, -519.7, 3DDiff, 1852,      ,     12,  13.0,     17
2018-08-27, 17:55:19,  -04:00,   KPSM,   43.0278168,  -70.9110336,  1877.7, 30.00,  1930.9,  22.8, 162.00, 182.92, -483.46,  -1.78,  -0.40,  -0.00,  -0.00,  83.0,  85.8,  27.7,  28.8,   1.6,  21.16,  20.05,    16.46,  178.82,   54.63,  30.61, 2485.8,    0.76,  312.69,  335.71,  337.96,  324.38,  330.83,  325.23, 1468.05, 1520.94, 1502.20, 1480.93, 1480.73, 1479.55, 1545.94, 1556.54,  1841.1, 173,  GPS,   78.5, 116.50, 115.60, 128.400, 120.950, -0.986, -0.187,  12.49, -68.9,    4.9,   66.9,  -14.8,      1,   HDG,     VS,  -0.4,  -1.7, -523.6, 3DDiff, 1852,      ,     12,  13.0,     17
2018-08-27, 17:55:20,  -04:00,   KPSM,   43.0280876,  -70.9099350,  1868.7, 30.00,  1921.3,  22.8, 162.25, 182.90, -506.28,  -1.80,  -0.03,  -0.01,  -0.05,  83.0,  85.8,  27.7,  28.8,   1.6,  21.16,  20.05,    16.38,  178.84,   54.29,  30.62, 2485.7,    0.76,  312.72,  335.77,  337.99,  324.41,  330.84,  325.28, 1466.69, 1520.08, 1500.73, 1479.93, 1481.14, 1479.35, 1545.01, 1555.81,  1831.7, 173,  GPS,   78.5, 116.50, 115.60, 128.400, 120.950, -0.993, -0.187,  12.53, -68.9,    4.8,   66.7,  -14.8,      1,   HDG,     VS,  -0.2,  -1.7, -527.6, 3DDiff, 1852,      ,     12,  13.0,     17
2018-08-27, 17:55:21,  -04:00,   KPSM,   43.0283661,  -70.9088440,  1860.7, 30.00,  1910.8,  22.8, 162.19, 182.88, -505.04,  -1.72,  -0.07,   0.00,   0.00,  82.9,  85.8,  27.7,  28.8,   1.6,  21.15,  20.04,    16.43,  178.87,   54.32,  30.61, 2486.8,    0.76,  312.78,  335.82,  337.99,  324.46,  330.86,  325.29, 1465.89, 1518.74, 1500.83, 1479.13, 1480.70, 1477.54, 1544.39, 1555.36,  1821.2, 173,  GPS,   78.5, 116.50, 115.60, 128.400, 120.950, -0.999, -0.185,  12.58, -68.8,    4.8,   66.5,  -14.8,      1,   HDG,     VS,  -0.0,  -1.7, -539.4, 3DDiff, 1852,      ,     12,  12.5,     16
2018-08-27, 17:55:22,  -04:00,   KPSM,   43.0286407,  -70.9077606,  1852.7, 30.00,  1901.6,  22.8, 162.26, 182.88, -495.67,  -1.78,  -0.15,  -0.00,  -0.01,  82.9,  85.8,  27.7,  28.8,   1.6,  21.17,  20.03,    16.38,  178.92,   54.23,  30.63, 2486.5,    0.76,  312.82,  335.85,  338.02,  324.50,  330.87,  325.32, 1465.52, 1518.32, 1500.86, 1478.89, 1480.80, 1476.90, 1544.27, 1555.53,  1811.9, 173,  GPS,   78.5, 116.50, 115.60, 128.400, 120.950, -1.006, -0.184,  12.62, -68.8,    4.7,   66.3,  -14.8,      1,   HDG,     VS,   0.0,  -1.7, -523.6, 3DDiff, 1852,      ,     12,  12.5,     16
2018-08-27, 17:55:23,  -04:00,   KPSM,   43.0289192,  -70.9066696,  1843.7, 30.00,  1892.4,  22.8, 162.09, 182.86, -509.11,  -1.81,  -0.09,  -0.01,   0.01,  82.8,  85.8,  27.7,  28.8,   1.6,  21.18,  20.01,    16.35,  178.96,   54.20,  30.61, 2486.1,    0.76,  312.84,  335.91,  338.02,  324.50,  330.86,  325.35, 1465.12, 1519.13, 1499.58, 1477.70, 1480.00, 1475.84, 1543.81, 1554.60,  1802.8, 173,  GPS,   78.5, 116.50, 115.60, 128.400, 120.950, -1.012, -0.184,  12.67, -68.7,    4.7,   66.1,  -14.8,      1,   HDG,     VS,   0.1,  -1.8, -531.5, 3DDiff, 1852,      ,     12,  12.5,     16
2018-08-27, 17:55:24,  -04:00,   KPSM,   43.0291901,  -70.9055710,  1835.7, 30.00,  1883.3,  22.8, 161.95, 182.88, -501.04,  -1.83,   0.12,  -0.01,  -0.01,  82.8,  85.8,  27.7,  28.8,   1.5,  21.19,  20.00,    16.25,  178.98,   54.28,  30.61, 2487.6,    0.75,  312.89,  335.94,  338.02,  324.53,  330.83,  325.38, 1464.48, 1518.92, 1499.51, 1477.25, 1478.49, 1476.86, 1543.50, 1554.18,  1793.6, 173,  GPS,   78.5, 116.50, 115.60, 128.400, 120.950, -1.019, -0.183,  12.72, -68.7,    4.7,   65.9,  -14.8,      1,   HDG,     VS,   0.2,  -1.8, -535.4, 3DDiff, 1852,      ,     12,  13.0,     17
2018-08-27, 17:55:25,  -04:00,   KPSM,   43.0294685,  -70.9044800,  1826.7, 30.00,  1874.4,  23.0, 161.91, 182.92, -510.09,  -1.86,   0.41,   0.01,   0.01,  82.9,  85.8,  27.7,  28.8,   1.6,  21.21,  19.99,    16.27,  179.00,   54.34,  30.61, 2487.4,    0.75,  312.93,  335.98,  338.02,  324.57,  330.81,  325.42, 1463.99, 1518.53, 1499.13, 1476.17, 1477.53, 1476.78, 1543.48, 1553.54,  1784.7, 173,  GPS,   78.5, 116.50, 115.60, 128.400, 120.950, -1.025, -0.183,  12.78, -68.7,    4.6,   65.7,  -14.8,      1,   HDG,     VS,   0.3,  -1.8, -523.6, 3DDiff, 1852,      ,     12,  13.0,     17
2018-08-27, 17:55:26,  -04:00,   KPSM,   43.0297432,  -70.9033890,  1819.7, 30.00,  1866.4,  23.0, 162.14, 182.95, -510.33,  -1.83,   0.29,  -0.00,   0.03,  82.9,  85.8,  27.7,  28.8,   1.5,  21.23,  19.98,    16.37,  179.03,   54.23,  30.65, 2484.7,    0.76,  312.99,  336.01,  338.02,  324.62,  330.77,  325.45, 1465.40, 1518.95, 1499.08, 1475.53, 1478.78, 1476.27, 1543.18, 1555.05,  1776.7, 173,  GPS,   78.5, 116.50, 115.60, 128.400, 120.950, -1.032, -0.181,  12.83, -68.6,    4.6,   65.5,  -14.8,      1,   HDG,     VS,   0.3,  -1.8, -519.7, 3DDiff, 1852,      ,     12,  13.0,     17
2018-08-27, 17:55:27,  -04:00,   KPSM,   43.0300179,  -70.9023056,  1811.7, 30.00,  1859.6,  23.0, 162.08, 182.99, -493.94,  -1.89,  -0.25,   0.01,  -0.01,  83.1,  85.8,  27.7,  28.8,   1.5,  21.26,  19.96,    16.38,  179.05,   54.47,  30.62, 2488.8,    0.76,  313.00,  336.04,  338.05,  324.62,  330.77,  325.47, 1464.91, 1519.21, 1498.72, 1474.48, 1478.65, 1476.18, 1543.31, 1554.42,  1770.0, 173,  GPS,   78.5, 116.50, 115.60, 128.400, 120.950, -1.038, -0.180,  12.89, -68.6,    4.5,   65.3,  -14.8,      1,   HDG,     VS,   0.1,  -1.9, -503.9, 3DDiff, 1852,      ,     12,  12.5,     16
2018-08-27, 17:55:28,  -04:00,   KPSM,   43.0302963,  -70.9012070,  1803.7, 30.00,  1851.5,  23.0, 162.06, 183.03, -489.59,  -1.91,  -0.33,   0.00,  -0.00,  83.0,  85.9,  27.7,  28.8,   1.5,  21.28,  19.95,    16.36,  179.06,   54.29,  30.63, 2486.4,    0.76,  313.03,  336.09,  338.05,  324.65,  330.72,  325.50, 1466.32, 1519.38, 1498.13, 1474.26, 1478.68, 1475.15, 1542.83, 1554.88,  1761.8, 173,  GPS,   78.5, 116.50, 115.60, 128.400, 120.950, -1.045, -0.179,  12.94, -68.5,    4.5,   65.0,  -14.8,      1,   HDG,     VS,  -0.1,  -1.9, -527.6, 3DDiff, 1852,      ,     12,  12.5,     16
2018-08-27, 17:55:29,  -04:00,   KPSM,   43.0305710,  -70.9001083,  1794.7, 30.00,  1842.7,  23.0, 162.01, 183.09, -503.22,  -1.96,   0.12,   0.00,   0.01,  83.0,  85.9,  27.7,  28.8,   1.5,  21.27,  19.95,    16.37,  179.08,   54.21,  30.66, 2484.9,    0.76,  313.09,  336.12,  338.05,  324.68,  330.69,  325.50, 1465.66, 1519.20, 1498.78, 1474.84, 1479.61, 1475.32, 1543.22, 1554.69,  1753.1, 173,  GPS,   78.5, 116.50, 115.60, 128.400, 120.950, -1.051, -0.179,  13.00, -68.5,    4.4,   64.8,  -14.8,      1,   HDG,     VS,  -0.1,  -1.9, -539.4, 3DDiff, 1852,      ,     12,  12.5,     16
2018-08-27, 17:55:30,  -04:00,   KPSM,   43.0308456,  -70.8990250,  1786.7, 30.00,  1834.2,  23.0, 162.04, 183.17, -514.04,  -2.00,  -0.05,   0.00,  -0.01,  83.0,  85.9,  27.7,  28.8,   1.5,  21.26,  19.96,    16.30,  179.11,   54.21,  30.69, 2485.6,    0.75,  313.14,  336.13,  338.07,  324.69,  330.65,  325.51, 1466.64, 1519.53, 1498.57, 1475.40, 1480.12, 1474.91, 1543.66, 1555.65,  1744.5, 173,  GPS,   78.5, 116.50, 115.60, 128.400, 120.950, -1.058, -0.178,  13.06, -68.5,    4.4,   64.6,  -14.8,      1,   HDG,     VS,   0.0,  -1.9, -523.6, 3DDiff, 1852,      ,     12,  13.0,     17
2018-08-27, 17:55:31,  -04:00,   KPSM,   43.0311203,  -70.8979263,  1777.7, 30.00,  1825.6,  23.0, 162.02, 183.25, -513.39,  -2.00,  -0.12,   0.01,   0.00,  83.0,  86.0,  27.7,  28.8,   1.5,  21.26,  19.98,    16.33,  179.12,   54.35,  30.64, 2488.4,    0.75,  313.18,  336.19,  338.05,  324.72,  330.62,  325.51, 1466.30, 1519.91, 1499.62, 1475.75, 1480.14, 1474.59, 1543.75, 1556.11,  1736.0, 173,  GPS,   78.5, 116.50, 115.60, 128.400, 120.950, -1.064, -0.178,  13.11, -68.5,    4.3,   64.3,  -14.9,      1,   HDG,     VS,   0.1,  -1.9, -523.6, 3DDiff, 1852,      ,     12,  13.0,     17
2018-08-27, 17:55:32,  -04:00,   KPSM,   43.0313988,  -70.8968353,  1768.7, 30.00,  1816.5,  23.0, 162.34, 183.30, -520.26,  -2.03,   0.16,   0.00,  -0.02,  83.0,  86.0,  27.7,  28.8,   1.5,  21.27,  19.96,    16.36,  179.16,   54.43,  30.63, 2489.9,    0.76,  313.22,  336.22,  338.07,  324.75,  330.59,  325.50, 1466.49, 1520.05, 1498.39, 1475.48, 1480.48, 1473.48, 1542.38, 1555.30,  1726.8, 173,  GPS,   78.5, 116.50, 115.60, 128.400, 120.950, -1.071, -0.177,  13.17, -68.5,    4.3,   64.1,  -14.9,      1,   HDG,     VS,   0.1,  -2.0, -507.9, 3DDiff, 1852,      ,     12,  13.0,     17
2018-08-27, 17:55:33,  -04:00,   KPSM,   43.0316658,  -70.8957291,  1761.7, 30.00,  1806.9,  23.0, 162.93, 183.36, -513.19,  -1.79,   0.21,  -0.00,  -0.03,  83.1,  86.0,  27.7,  28.8,   1.5,  21.27,  19.96,    16.43,  179.17,   54.43,  30.68, 2487.4,    0.76,  313.27,  336.22,  338.05,  324.78,  330.56,  325.51, 1466.53, 1519.33, 1498.44, 1476.06, 1480.02, 1473.27, 1542.58, 1555.39,  1717.3, 173,  GPS,   78.5, 116.50, 115.60, 128.400, 120.950, -1.077, -0.175,  13.22, -68.5,    4.2,   63.8,  -14.9,      1,   HDG,     VS,   0.0,  -2.0, -492.1, 3DDiff, 1852,      ,     12,  12.5,     16
2018-08-27, 17:55:34,  -04:00,   KPSM,   43.0319443,  -70.8946381,  1753.7, 30.00,  1798.4,  23.0, 162.72, 183.34, -499.33,  -1.60,   0.03,  -0.01,   0.05,  83.2,  86.1,  27.7,  28.8,   1.5,  21.28,  19.95,    16.47,  179.19,   54.24,  30.65, 2486.7,    0.76,  313.30,  336.25,  338.08,  324.79,  330.50,  325.51, 1466.53, 1519.10, 1498.65, 1475.60, 1481.27, 1473.60, 1542.41, 1556.13,  1708.7, 173,  GPS,   78.5, 116.50, 115.60, 128.400, 120.950, -1.084, -0.174,  13.28, -68.5,    4.2,   63.5,  -14.9,      1,   HDG,     VS,  -0.1,  -2.0, -464.6, 3DDiff, 1852,      ,     12,  12.5,     16
2018-08-27, 17:55:35,  -04:00,   KPSM,   43.0322189,  -70.8935471,  1747.7, 30.00,  1791.6,  23.0, 163.25, 183.29, -452.07,  -1.61,   0.12,  -0.00,  -0.03,  83.3,  86.1,  27.7,  28.8,   1.6,  21.29,  19.94,    16.40,  179.22,   53.88,  30.58, 2487.5,    0.76,  313.33,  336.31,  338.05,  324.81,  330.46,  325.54, 1466.71, 1519.19, 1499.80, 1475.30, 1480.65, 1474.59, 1542.62, 1556.35,  1701.9, 174,  GPS,   78.5, 116.50, 115.60, 128.400, 120.950, -1.091, -0.171,  13.32, -68.6,    4.1,   63.3,  -14.9,      1,   HDG,     VS,  -0.3,  -1.9, -401.6, 3DDiff, 1852,      ,     12,  12.5,     16
2018-08-27, 17:55:36,  -04:00,   KPSM,   43.0324898,  -70.8924561,  1739.7, 30.00,  1784.0,  23.0, 163.22, 183.17, -445.87,  -1.66,  -0.15,   0.01,  -0.00,  83.2,  86.1,  27.7,  28.8,   1.6,  21.28,  19.94,    16.38,  179.24,   54.26,  30.53, 2487.8,    0.76,  313.36,  336.33,  338.07,  324.84,  330.43,  325.56, 1467.61, 1520.07, 1499.69, 1475.43, 1482.04, 1475.17, 1542.70, 1557.03,  1694.4, 174,  GPS,   78.5, 116.50, 115.60, 128.400, 120.950, -1.097, -0.170,  13.36, -68.6,    4.1,   63.0,  -14.9,      1,   HDG,     VS,  -0.5,  -1.8, -437.0, 3DDiff, 1852,      ,     12,  13.0,     16
2018-08-27, 17:55:37,  -04:00,   KPSM,   43.0327606,  -70.8913574,  1732.7, 30.00,  1776.1,  23.0, 163.10, 183.07, -437.11,  -1.69,  -0.19,   0.00,   0.01,  83.1,  86.1,  27.7,  28.8,   1.6,  21.25,  19.97,    16.36,  179.27,   54.46,  30.53, 2488.2,    0.76,  313.41,  336.34,  338.05,  324.89,  330.37,  325.56, 1467.77, 1522.03, 1499.79, 1475.73, 1482.19, 1477.33, 1544.45, 1556.41,  1686.5, 174,  GPS,   78.5, 116.50, 115.60, 128.400, 120.950, -1.104, -0.168,  13.40, -68.6,    4.0,   62.7,  -14.9,      1,   HDG,     VS,  -0.4,  -1.8, -456.7, 3DDiff, 1852,      ,     12,  13.0,     17
2018-08-27, 17:55:38,  -04:00,   KPSM,   43.0330353,  -70.8902588,  1725.7, 30.00,  1769.3,  23.2, 162.79, 182.99, -431.68,  -1.77,  -0.44,  -0.00,  -0.03,  83.1,  86.1,  27.7,  28.8,   1.5,  21.24,  19.98,    16.38,  179.31,   54.24,  30.48, 2485.2,    0.76,  313.43,  336.37,  338.05,  324.90,  330.34,  325.56, 1467.19, 1523.16, 1500.43, 1475.62, 1481.94, 1477.11, 1544.91, 1556.49,  1679.7, 173,  GPS,   78.5, 116.50, 115.60, 128.400, 120.950, -1.110, -0.166,  13.42, -68.5,    4.0,   62.4,  -14.9,      1,   HDG,     VS,  -0.3,  -1.8, -452.8, 3DDiff, 1852,      ,     12,  13.0,     17
2018-08-27, 17:55:39,  -04:00,   KPSM,   43.0333061,  -70.8891678,  1717.7, 30.00,  1762.9,  23.2, 162.45, 182.90, -451.85,  -1.37,  -0.87,   0.01,   0.02,  83.4,  86.1,  27.7,  28.8,   1.6,  21.23,  19.99,    16.31,  179.33,   54.20,  30.45, 2487.8,    0.75,  313.48,  336.38,  338.03,  324.93,  330.26,  325.57, 1466.66, 1522.97, 1501.24, 1475.89, 1482.48, 1477.49, 1544.40, 1556.89,  1673.3, 173,  GPS,   78.5, 116.50, 115.60, 128.400, 120.950, -1.117, -0.165,  13.44, -68.5,    3.9,   62.1,  -14.9,      0,  NONE,   NONE,      ,      , -452.8, 3DDiff, 1852,      ,     12,  12.5,     16
2018-08-27, 17:55:40,  -04:00,   KPSM,   43.0335846,  -70.8880844,  1709.7, 30.00,  1757.1,  23.2, 162.52, 182.80, -466.67,  -1.27,  -0.05,   0.03,   0.03,  84.1,  86.1,  27.7,  28.8,   1.6,  21.21,  20.02,    16.30,  179.34,   54.27,  30.44, 2486.2,    0.75,  313.51,  336.40,  338.02,  324.95,  330.23,  325.60, 1466.39, 1522.79, 1500.85, 1476.38, 1482.91, 1479.04, 1544.39, 1556.84,  1667.4, 173,  GPS,   78.5, 116.50, 115.60, 128.400, 120.950, -1.124, -0.164,  13.46, -68.5,    3.9,   61.8,  -14.9,      0,  NONE,   NONE,      ,      , -401.6, 3DDiff, 1852,      ,     12,  12.5,     16
2018-08-27, 17:55:41,  -04:00,   KPSM,   43.0338516,  -70.8869858,  1704.7, 30.00,  1751.8,  23.2, 162.16, 182.66, -429.95,  -1.35,  -0.54,  -0.00,  -0.04,  83.3,  86.2,  27.7,  28.8,   1.6,  21.09,  20.14,    16.34,  179.33,   54.30,  30.41, 2487.4,    0.75,  313.54,  336.43,  337.99,  324.98,  330.19,  325.60, 1466.49, 1522.87, 1501.23, 1476.36, 1483.66, 1478.48, 1544.57, 1556.83,  1662.1, 173,  GPS,   78.5, 116.50, 115.60, 128.400, 120.950, -1.131, -0.160,  13.47, -68.5,    3.9,   61.5,  -14.9,      0,  NONE,   NONE,      ,      , -334.6, 3DDiff, 1852,      ,     12,  12.5,     17
2018-08-27, 17:55:42,  -04:00,   KPSM,   43.0341263,  -70.8858948,  1699.7, 30.00,  1746.2,  23.2, 162.78, 182.45, -366.72,  -1.64,  -0.99,   0.01,  -0.09,  83.9,  86.2,  27.7,  28.8,   1.6,  21.00,  20.15,    16.38,  179.32,   54.15,  30.39, 2486.8,    0.76,  313.55,  336.46,  337.98,  325.02,  330.13,  325.65, 1466.81, 1523.59, 1500.79, 1478.23, 1482.60, 1478.45, 1545.38, 1557.10,  1656.5, 173,  GPS,   78.5, 116.50, 115.60, 128.400, 120.950, -1.137, -0.156,  13.47, -68.5,    3.8,   61.2,  -14.9,      0,  NONE,   NONE,      ,      , -342.5, 3DDiff, 1852,      ,     12,  13.0,     17
2018-08-27, 17:55:43,  -04:00,   KPSM,   43.0343933,  -70.8848114,  1692.7, 30.00,  1738.6,  23.2, 161.97, 182.29, -371.39,  -1.90,  -0.71,   0.02,  -0.05,  83.8,  86.2,  27.7,  28.8,   1.6,  20.87,  20.25,    16.33,  179.33,   54.10,  30.35, 2486.6,    0.75,  313.60,  336.49,  337.96,  325.03,  330.07,  325.66, 1466.39, 1523.59, 1500.68, 1478.49, 1482.65, 1479.03, 1545.99, 1556.78,  1648.9, 172,  GPS,   78.5, 116.50, 115.60, 128.400, 120.950, -1.144, -0.154,  13.46, -68.6,    3.8,   60.9,  -14.9,      0,  NONE,   NONE,      ,      , -456.7, 3DDiff, 1852,      ,     12,  13.0,     18
2018-08-27, 17:55:44,  -04:00,   KPSM,   43.0346642,  -70.8837204,  1685.7, 30.00,  1728.3,  23.2, 162.54, 182.24, -399.03,  -1.94,   0.35,   0.01,   0.06,  83.7,  86.3,  27.7,  28.8,   1.6,  20.72,  20.35,    16.39,  179.31,   54.17,  30.32, 2486.3,    0.76,  313.63,  336.52,  337.96,  325.07,  330.05,  325.69, 1466.99, 1523.74, 1500.48, 1478.90, 1482.43, 1480.57, 1546.10, 1556.54,  1638.6, 173,  GPS,   78.5, 116.50, 115.60, 128.400, 120.950, -1.151, -0.151,  13.44, -68.6,    3.7,   60.5,  -14.9,      0,  NONE,   NONE,      ,      , -563.0, 3DDiff, 1852,      ,     12,  13.0,     18
2018-08-27, 17:55:45,  -04:00,   KPSM,   43.0349274,  -70.8826218,  1676.7, 30.00,  1718.2,  23.2, 162.37, 182.29, -433.53,  -2.19,   1.59,   0.02,  -0.03,  84.0,  86.4,  27.7,  28.8,   1.6,  20.65,  20.41,    16.28,  179.32,   54.15,  30.30, 2483.1,    0.75,  313.68,  336.53,  337.96,  325.11,  330.01,  325.69, 1467.49, 1523.33, 1499.67, 1478.90, 1481.83, 1481.16, 1546.45, 1555.70,  1628.5, 173,  GPS,   78.5, 116.50, 115.60, 128.400, 120.950, -1.158, -0.151,  13.42, -68.7,    3.7,   60.2,  -14.9,      0,  NONE,   NONE,      ,      , -559.1, 3DDiff, 1852,      ,     12,  12.5,     17
2018-08-27, 17:55:46,  -04:00,   KPSM,   43.0351944,  -70.8815308,  1668.7, 30.00,  1707.3,  23.5, 162.21, 182.37, -469.38,  -2.42,   1.93,   0.02,  -0.01,  84.0,  86.6,  27.7,  28.8,   1.6,  20.54,  20.47,    16.28,  179.32,   54.13,  29.92, 2486.5,    0.75,  313.69,  336.58,  337.95,  325.13,  329.98,  325.69, 1468.01, 1523.45, 1499.85, 1479.63, 1482.28, 1480.75, 1547.21, 1557.02,  1617.6, 172,  GPS,   78.5, 116.50, 115.60, 128.400, 120.950, -1.165, -0.150,  13.39, -68.8,    3.6,   59.9,  -14.9,      0,  NONE,   NONE,      ,      , -614.2, 3DDiff, 1852,      ,     12,  12.5,     17
2018-08-27, 17:55:47,  -04:00,   KPSM,   43.0354576,  -70.8804398,  1658.7, 30.00,  1695.6,  23.5, 162.37, 182.51, -525.33,  -2.68,   2.56,   0.01,  -0.02,  84.4,  86.8,  27.7,  28.8,   1.6,  20.48,  20.49,    16.08,  179.33,   54.16,  28.65, 2485.1,    0.73,  313.73,  336.59,  337.96,  325.17,  329.93,  325.71, 1469.59, 1525.65, 1503.35, 1482.06, 1486.04, 1483.43, 1548.56, 1561.51,  1606.0, 173,  GPS,   78.5, 116.50, 115.60, 128.400, 120.950, -1.172, -0.151,  13.35, -68.9,    3.6,   59.5,  -14.9,      0,  NONE,   NONE,      ,      , -677.2, 3DDiff, 1852,      ,     12,  12.5,     17
2018-08-27, 17:55:48,  -04:00,   KPSM,   43.0357132,  -70.8793411,  1647.7, 30.00,  1683.2,  23.5, 162.18, 182.68, -583.06,  -2.83,   2.13,   0.01,  -0.03,  84.6,  87.1,  27.7,  28.8,   1.6,  20.42,  20.54,    15.82,  179.34,   53.81,  27.84, 2485.2,    0.72,  313.76,  336.64,  337.95,  325.20,  329.89,  325.72, 1472.21, 1529.32, 1507.79, 1486.22, 1491.99, 1487.84, 1550.72, 1565.29,  1593.6, 172,  GPS,   78.5, 116.50, 115.60, 128.400, 120.950, -1.180, -0.153,  13.31, -69.1,    3.5,   59.1,  -14.9,      0,  NONE,   NONE,      ,      , -732.3, 3DDiff, 1852,      ,     12,  13.0,     17
2018-08-27, 17:55:49,  -04:00,   KPSM,   43.0359688,  -70.8782425,  1634.7, 30.00,  1670.1,  23.5, 162.17, 182.84, -654.19,  -2.81,   1.72,   0.00,  -0.01,  84.8,  87.4,  27.7,  28.8,   1.6,  20.41,  20.56,    15.51,  179.36,   53.87,  27.06, 2484.2,    0.70,  313.78,  336.67,  337.95,  325.23,  329.83,  325.72, 1475.16, 1535.37, 1515.10, 1491.70, 1497.24, 1495.42, 1554.80, 1570.13,  1580.4, 172,  GPS,   78.5, 116.50, 115.60, 128.400, 120.950, -1.187, -0.157,  13.28, -69.2,    3.5,   58.7,  -14.9,      0,  NONE,   NONE,      ,      , -775.6, 3DDiff, 1852,      ,     12,  13.0,     18
2018-08-27, 17:55:50,  -04:00,   KPSM,   43.0362206,  -70.8771362,  1621.7, 30.00,  1656.9,  23.5, 162.25, 182.97, -700.81,  -2.81,   0.74,   0.01,  -0.01,  84.9,  87.6,  27.7,  28.8,   1.6,  20.36,  20.58,    15.23,  179.39,   53.62,  25.97, 2481.5,    0.68,  313.81,  336.68,  337.95,  325.28,  329.83,  325.77, 1479.15, 1542.29, 1521.58, 1497.58, 1503.82, 1502.97, 1559.30, 1575.37,  1567.3, 172,  GPS,   78.5, 116.50, 115.60, 128.400, 120.950, -1.195, -0.161,  13.24, -69.3,    3.4,   58.3,  -14.9,      0,  NONE,   NONE,      ,      , -811.0, 3DDiff, 1852,      ,     12,  13.0,     17
2018-08-27, 17:55:51,  -04:00,   KPSM,   43.0364685,  -70.8760300,  1609.7, 30.00,  1643.6,  23.5, 162.47, 182.97, -737.82,  -2.76,   0.30,   0.01,   0.02,  85.0,  87.8,  27.7,  28.8,   1.6,  20.31,  20.59,    14.62,  179.41,   53.62,  23.67, 2480.7,    0.64,  313.84,  336.76,  337.95,  325.35,  329.80,  325.83, 1489.45, 1551.37, 1530.91, 1509.37, 1515.70, 1513.44, 1564.59, 1582.99,  1553.9, 173,  GPS,   78.5, 116.50, 115.60, 128.400, 120.950, -1.204, -0.164,  13.21, -69.4,    3.4,   57.9,  -14.9,      0,  NONE,   NONE,      ,      , -846.5, 3DDiff, 1852,      ,     12,  12.5,     17
2018-08-27, 17:55:52,  -04:00,   KPSM,   43.0367203,  -70.8749237,  1595.7, 30.00,  1630.1,  23.5, 162.19, 182.80, -772.24,  -2.77,  -0.14,   0.01,   0.01,  85.2,  87.9,  27.7,  28.8,   1.6,  20.27,  20.61,    13.87,  179.42,   53.61,  21.58, 2482.1,    0.57,  313.87,  336.80,  337.96,  325.41,  329.76,  325.87, 1500.16, 1553.02, 1535.17, 1516.75, 1519.40, 1516.08, 1562.72, 1585.82,  1540.5, 172,  GPS,   78.5, 116.50, 115.60, 128.400, 120.950, -1.211, -0.169,  13.18, -69.5,    3.4,   57.4,  -14.9,      0,  NONE,   NONE,      ,      , -842.5, 3DDiff, 1852,      ,     12,  12.5,     17
2018-08-27, 17:55:53,  -04:00,   KPSM,   43.0369606,  -70.8738251,  1583.7, 30.00,  1616.5,  23.5, 161.87, 182.37, -765.69,  -2.70,  -0.36,   0.02,  -0.01,  85.3,  88.0,  27.7,  28.8,   1.6,  20.22,  20.63,    12.93,  179.44,   53.58,  18.86, 2478.8,    0.48,  313.90,  336.83,  337.99,  325.44,  329.71,  325.93, 1501.59, 1546.07, 1531.10, 1514.04, 1515.04, 1510.00, 1552.61, 1577.43,  1526.9, 172,  GPS,   78.5, 116.50, 115.60, 128.400, 120.950, -1.220, -0.172,  13.16, -69.6,    3.3,   57.0,  -14.9,      0,  NONE,   NONE,      ,      , -826.8, 3DDiff, 1852,      ,     12,  12.5,     17
2018-08-27, 17:55:54,  -04:00,   KPSM,   43.0372086,  -70.8727264,  1571.7, 30.00,  1603.0,  23.5, 161.22, 181.57, -742.69,  -2.72,  -0.55,   0.02,  -0.01,  85.4,  88.1,  27.7,  28.8,   1.6,  20.15,  20.67,    11.50,  179.47,   53.73,  15.00, 2479.7,    0.35,  313.91,  336.88,  337.98,  325.51,  329.67,  325.93, 1489.16, 1528.61, 1514.10, 1499.00, 1500.26, 1492.23, 1533.23, 1555.01,  1513.4, 171,  GPS,   78.5, 116.50, 115.60, 128.400, 120.950, -1.228, -0.175,  13.14, -69.7,    3.3,   56.5,  -14.9,      0,  NONE,   NONE,      ,      , -818.9, 3DDiff, 1852,      ,     12,  13.0,     17
2018-08-27, 17:55:55,  -04:00,   KPSM,   43.0374451,  -70.8716431,  1559.7, 30.00,  1589.0,  23.5, 160.47, 180.41, -727.37,  -3.05,  -0.35,   0.02,  -0.05,  85.4,  88.2,  27.7,  28.8,   1.6,  20.05,  20.73,    11.72,  179.47,   53.45,  13.80, 2484.1,    0.30,  313.96,  336.92,  337.93,  325.54,  329.59,  325.90, 1457.59, 1499.05, 1483.34, 1465.67, 1470.27, 1462.68, 1503.40, 1520.02,  1499.3, 170,  GPS,   78.5, 116.50, 115.60, 128.400, 120.950, -1.236, -0.178,  13.13, -69.8,    3.2,   56.1,  -14.9,      0,  NONE,   NONE,      ,      , -846.5, 3DDiff, 1852,      ,     12,  13.0,     18
2018-08-27, 17:55:56,  -04:00,   KPSM,   43.0376816,  -70.8705597,  1545.7, 30.00,  1573.0,  23.8, 159.15, 179.18, -740.14,  -3.18,  -0.34,   0.01,  -0.08,  85.4,  88.3,  27.7,  28.8,   1.6,  19.94,  20.77,    12.17,  179.50,   53.48,  13.58, 2487.5,    0.30,  313.97,  336.92,  337.84,  325.57,  329.46,  325.75, 1423.49, 1464.45, 1444.45, 1433.93, 1438.49, 1428.41, 1468.74, 1478.83,  1483.3, 169,  GPS,   78.5, 116.50, 115.60, 128.400, 120.950, -1.245, -0.183,  13.12, -69.9,    3.2,   55.6,  -14.9,      0,  NONE,   NONE,      ,      , -929.1, 3DDiff, 1852,      ,     12,  13.0,     17
2018-08-27, 17:55:57,  -04:00,   KPSM,   43.0379181,  -70.8694839,  1527.7, 30.00,  1555.0,  23.8, 158.30, 178.06, -805.72,  -3.55,  -0.77,   0.02,  -0.04,  85.4,  88.3,  27.7,  28.8,   1.6,  19.83,  20.79,    12.27,  179.50,   53.66,  13.54, 2487.0,    0.30,  314.00,  336.84,  337.65,  325.54,  329.25,  325.46, 1388.85, 1436.10, 1412.06, 1401.38, 1406.74, 1399.90, 1440.69, 1445.79,  1465.4, 168,  GPS,   78.5, 116.50, 115.60, 128.400, 120.950, -1.253, -0.193,  13.12, -70.0,    3.1,   55.1,  -14.9,      0,  NONE,   NONE,      ,      , -1015.7, 3DDiff, 1852,      ,     12,  12.5,     17
2018-08-27, 17:55:58,  -04:00,   KPSM,   43.0381470,  -70.8684082,  1509.7, 30.00,  1535.4,  23.8, 157.33, 177.06, -886.20,  -3.56,  -0.90,   0.01,  -0.01,  85.3,  88.4,  27.7,  28.8,   1.6,  19.73,  20.81,    12.32,  179.55,   53.65,  13.57, 2484.8,    0.30,  314.03,  336.75,  337.48,  325.45,  328.99,  325.13, 1365.61, 1412.25, 1385.35, 1379.73, 1385.21, 1376.58, 1416.74, 1419.29,  1445.7, 167,  GPS,   78.5, 116.50, 115.60, 128.400, 120.950, -1.262, -0.202,  13.12, -70.0,    3.1,   54.6,  -14.9,      0,  NONE,   NONE,      ,      , -1118.1, 3DDiff, 1852,      ,     12,  12.5,     17
2018-08-27, 17:55:59,  -04:00,   KPSM,   43.0383835,  -70.8673477,  1490.7, 30.00,  1515.7,  23.8, 157.07, 176.17, -983.07,  -3.92,  -0.76,   0.01,   0.02,  84.9,  88.4,  27.7,  28.8,   1.6,  19.66,  20.80,    12.38,  179.59,   53.46,  13.56, 2487.4,    0.30,  314.05,  336.59,  337.18,  325.33,  328.68,  324.68, 1341.76, 1392.05, 1363.02, 1358.05, 1364.37, 1358.71, 1396.97, 1397.96,  1426.0, 166,  GPS,   78.5, 116.50, 115.60, 128.400, 120.950, -1.270, -0.212,  13.12, -70.0,    3.1,   54.1,  -14.9,      0,  NONE,   NONE,      ,      , -1161.4, 3DDiff, 1852,      ,     12,  12.5,     17
2018-08-27, 17:56:00,  -04:00,   KPSM,   43.0386086,  -70.8662872,  1471.7, 30.00,  1495.6,  23.8, 156.54, 175.35, -1046.89,  -3.80,   0.71,   0.02,  -0.03,  85.3,  88.4,  27.7,  28.8,   1.6,  19.63,  20.73,    12.35,  179.65,   53.56,  13.51, 2488.5,    0.30,  314.06,  336.40,  336.87,  325.16,  328.32,  324.25, 1325.52, 1374.66, 1344.34, 1343.70, 1350.96, 1342.87, 1379.99, 1380.49,  1405.9, 166,  GPS,   78.5, 116.50, 115.60, 128.400, 120.950, -1.278, -0.223,  13.13, -70.0,    3.0,   53.6,  -14.9,      0,  NONE,   NONE,      ,      , -1192.9, 3DDiff, 1852,      ,     12,  13.0,     17
2018-08-27, 17:56:01,  -04:00,   KPSM,   43.0388374,  -70.8652267,  1450.7, 30.00,  1475.6,  24.0, 156.01, 174.60, -1108.70,  -4.02,   0.36,  -0.01,  -0.03,  85.2,  88.5,  27.7,  28.8,   1.6,  19.62,  20.68,    12.30,  179.72,   53.53,  13.55, 2486.0,    0.30,  314.06,  336.17,  336.51,  324.94,  327.89,  323.71, 1309.79, 1359.22, 1329.78, 1329.51, 1338.07, 1328.93, 1364.85, 1365.87,  1385.9, 165,  GPS,   78.5, 116.50, 115.60, 128.400, 120.950, -1.286, -0.235,  13.15, -69.9,    3.0,   53.1,  -14.9,      0,  NONE,   NONE,      ,      , -1192.9, 3DDiff, 1852,      ,     12,  13.0,     18
2018-08-27, 17:56:02,  -04:00,   KPSM,   43.0390663,  -70.8641663,  1431.7, 30.00,  1456.0,  24.0, 155.20, 173.92, -1105.70,  -4.01,  -0.83,  -0.00,  -0.01,  85.2,  88.6,  27.7,  28.8,   1.6,  19.65,  20.61,    12.23,  179.82,   53.57,  13.57, 2487.6,    0.30,  314.03,  335.87,  336.05,  324.70,  327.44,  323.07, 1295.81, 1346.90, 1317.14, 1317.04, 1325.65, 1318.40, 1352.17, 1353.45,  1366.4, 164,  GPS,   78.5, 116.50, 115.60, 128.400, 120.950, -1.295, -0.245,  13.16, -69.7,    2.9,   52.5,  -14.9,      0,  NONE,   NONE,      ,      , -1192.9, 3DDiff, 1852,      ,     12,  13.0,     17
2018-08-27, 17:56:03,  -04:00,   KPSM,   43.0392952,  -70.8631210,  1411.7, 30.00,  1436.8,  24.0, 154.44, 173.27, -1103.75,  -3.79,   0.12,  -0.01,   0.01,  85.0,  88.5,  27.7,  28.8,   1.6,  19.68,  20.50,    12.28,  179.90,   53.37,  13.54, 2487.8,    0.30,  314.00,  335.53,  335.60,  324.40,  326.93,  322.49, 1285.14, 1336.41, 1306.48, 1306.70, 1317.15, 1308.27, 1340.54, 1343.15,  1347.1, 163,  GPS,   78.5, 116.50, 115.60, 128.400, 120.950, -1.303, -0.257,  13.18, -69.5,    2.9,   52.0,  -14.9,      0,  NONE,   NONE,      ,      , -1200.8, 3DDiff, 1852,      ,     12,  12.5,     16
2018-08-27, 17:56:04,  -04:00,   KPSM,   43.0395203,  -70.8620758,  1392.7, 30.00,  1418.4,  24.0, 154.77, 172.63, -1130.96,  -3.71,  -0.99,  -0.00,  -0.00,  85.2,  88.5,  27.7,  28.8,   1.6,  19.74,  20.39,    12.30,  179.99,   53.72,  13.50, 2489.7,    0.30,  313.97,  335.22,  335.18,  324.09,  326.40,  321.92, 1277.19, 1328.16, 1296.72, 1298.32, 1310.22, 1299.32, 1330.93, 1334.03,  1328.8, 164,  GPS,   78.5, 116.50, 115.60, 128.400, 120.950, -1.311, -0.267,  13.20, -69.3,    2.9,   51.4,  -14.9,      0,  NONE,   NONE,      ,      , -1149.6, 3DDiff, 1852,      ,     12,  12.5,     16
2018-08-27, 17:56:05,  -04:00,   KPSM,   43.0397491,  -70.8610382,  1374.7, 30.00,  1399.6,  24.0, 154.20, 171.93, -1122.04,  -3.70,  -1.07,  -0.00,  -0.07,  85.2,  88.4,  27.7,  28.8,   1.6,  19.85,  20.25,    12.31,  180.09,   53.68,  13.53, 2489.7,    0.30,  313.88,  334.80,  334.66,  323.76,  325.81,  321.22, 1268.08, 1321.47, 1289.56, 1290.14, 1303.43, 1291.28, 1323.18, 1325.86,  1310.0, 163,  GPS,   78.5, 116.50, 115.60, 128.400, 120.950, -1.319, -0.277,  13.22, -69.1,    2.8,   50.8,  -14.9,      0,  NONE,   NONE,      ,      , -1137.8, 3DDiff, 1852,      ,     12,  12.5,     17
2018-08-27, 17:56:06,  -04:00,   KPSM,   43.0399742,  -70.8600006,  1354.7, 30.00,  1380.6,  24.2, 153.48, 171.21, -1115.77,  -3.70,  -1.20,  -0.01,  -0.03,  85.1,  88.3,  27.7,  28.8,   1.6,  19.93,  20.14,    12.32,  180.18,   53.69,  13.57, 2485.6,    0.30,  313.81,  334.38,  334.19,  323.34,  325.23,  320.55, 1260.93, 1315.45, 1282.08, 1285.20, 1297.35, 1285.19, 1316.30, 1318.59,  1291.0, 162,  GPS,   78.5, 116.50, 115.60, 128.400, 120.950, -1.327, -0.288,  13.25, -68.8,    2.8,   50.2,  -14.9,      0,  NONE,   NONE,      ,      , -1149.6, 3DDiff, 1852,      ,     12,  13.0,     18
2018-08-27, 17:56:07,  -04:00,   KPSM,   43.0401993,  -70.8589706,  1335.7, 30.00,  1362.2,  24.2, 152.76, 170.55, -1088.76,  -3.41,  -0.46,   0.00,   0.02,  84.9,  88.2,  27.7,  28.8,   1.6,  19.98,  20.07,    12.34,  180.26,   53.46,  13.68, 2489.3,    0.31,  313.70,  334.04,  333.71,  322.95,  324.62,  319.92, 1255.92, 1309.98, 1276.22, 1280.31, 1292.74, 1279.43, 1309.80, 1312.99,  1272.5, 161,  GPS,   78.5, 116.50, 115.60, 128.400, 120.950, -1.335, -0.299,  13.27, -68.6,    2.8,   49.6,  -14.9,      0,  NONE,   NONE,      ,      , -1114.2, 3DDiff, 1852,      ,     12,  13.0,     18
2018-08-27, 17:56:08,  -04:00,   KPSM,   43.0404282,  -70.8579483,  1317.7, 30.00,  1344.5,  24.2, 152.28, 169.95, -1078.93,  -3.72,  -0.41,  -0.02,  -0.10,  84.8,  88.1,  27.7,  28.8,   1.6,  20.03,  20.00,    12.51,  180.36,   53.73,  13.98, 2488.2,    0.31,  313.60,  333.55,  333.16,  322.54,  323.99,  319.21, 1251.67, 1305.63, 1271.67, 1275.60, 1288.33, 1274.42, 1303.93, 1308.66,  1254.8, 161,  GPS,   78.5, 116.50, 115.60, 128.400, 120.950, -1.343, -0.309,  13.29, -68.3,    2.7,   49.0,  -14.9,      0,  NONE,   NONE,      ,      , -1055.1, 3DDiff, 1852,      ,     12,  13.0,     18
2018-08-27, 17:56:09,  -04:00,   KPSM,   43.0406532,  -70.8569260,  1299.7, 30.00,  1325.1,  24.2, 151.89, 169.33, -1056.84,  -3.94,  -1.77,   0.00,  -0.00,  85.1,  88.0,  27.7,  28.8,   1.6,  20.07,  19.90,    12.57,  180.43,   53.60,  14.04, 2487.1,    0.32,  313.46,  333.07,  332.59,  322.12,  323.34,  318.50, 1247.97, 1301.58, 1267.85, 1271.66, 1283.30, 1271.05, 1299.11, 1304.83,  1235.4, 160,  GPS,   78.5, 116.50, 115.60, 128.400, 120.950, -1.351, -0.318,  13.31, -68.0,    2.7,   48.4,  -14.9,      0,  NONE,   NONE,      ,      , -1106.3, 3DDiff, 1852,      ,     12,  12.5,     17
2018-08-27, 17:56:10,  -04:00,   KPSM,   43.0408859,  -70.8559036,  1281.7, 30.00,  1305.4,  24.2, 151.86, 168.82, -1056.20,  -3.75,  -3.26,   0.00,  -0.02,  84.9,  87.7,  27.7,  28.8,   1.6,  20.12,  19.81,    12.59,  180.48,   53.49,  14.04, 2491.0,    0.32,  313.31,  332.56,  332.01,  321.63,  322.65,  317.80, 1244.67, 1297.48, 1264.14, 1268.16, 1279.60, 1267.58, 1294.24, 1301.66,  1215.7, 160,  GPS,   78.5, 116.50, 115.60, 128.400, 120.950, -1.358, -0.328,  13.32, -67.7,    2.6,   47.7,  -14.9,      0,  NONE,   NONE,      ,      , -1137.8, 3DDiff, 1852,      ,     12,  12.5,     17
2018-08-27, 17:56:11,  -04:00,   KPSM,   43.0411186,  -70.8548965,  1261.7, 30.00,  1287.6,  24.2, 150.73, 168.34, -1076.04,  -3.39,  -3.36,  -0.01,  -0.03,  84.3,  87.4,  27.7,  28.8,   1.6,  20.13,  19.76,    12.65,  180.55,   53.65,  14.03, 2488.5,    0.32,  313.15,  332.03,  331.40,  321.18,  322.00,  317.06, 1241.86, 1292.93, 1261.20, 1265.67, 1276.45, 1264.19, 1289.75, 1298.63,  1198.0, 159,  GPS,   78.5, 116.50, 115.60, 128.400, 120.950, -1.365, -0.339,  13.33, -67.5,    2.6,   47.1,  -14.9,      0,  NONE,   NONE,      ,      , -1063.0, 3DDiff, 1852,      ,     12,  13.0,     17
2018-08-27, 17:56:12,  -04:00,   KPSM,   43.0413513,  -70.8538818,  1244.7, 30.00,  1270.7,  24.5, 150.04, 167.75, -1035.65,  -3.28,  -2.52,  -0.00,  -0.04,  84.0,  87.0,  27.7,  28.8,   1.6,  20.16,  19.68,    12.56,  180.57,   53.51,  13.99, 2489.1,    0.32,  312.97,  331.49,  330.76,  320.69,  321.31,  316.33, 1238.72, 1289.46, 1258.79, 1263.56, 1274.07, 1262.50, 1285.89, 1295.82,  1181.0, 158,  GPS,   78.5, 116.50, 115.60, 128.400, 120.950, -1.372, -0.348,  13.34, -67.2,    2.6,   46.4,  -14.9,      0,  NONE,   NONE,      ,      , -1011.8, 3DDiff, 1852,      ,     12,  13.0,     17
2018-08-27, 17:56:13,  -04:00,   KPSM,   43.0415916,  -70.8528824,  1229.7, 30.00,  1253.4,  24.5, 148.71, 167.17, -1005.53,  -3.43,  -2.57,   0.01,  -0.07,  83.6,  86.7,  27.7,  28.8,   1.6,  20.20,  19.61,    12.60,  180.60,   53.59,  14.02, 2487.8,    0.32,  312.76,  330.95,  330.10,  320.21,  320.62,  315.58, 1235.50, 1284.90, 1256.25, 1261.26, 1271.15, 1259.55, 1281.79, 1292.55,  1163.8, 156,  GPS,   78.5, 116.50, 115.60, 128.400, 120.950, -1.379, -0.355,  13.34, -67.0,    2.5,   45.7,  -14.9,      0,  NONE,   NONE,      ,      , -1027.6, 3DDiff, 1852,      ,     12,  13.0,     18
2018-08-27, 17:56:14,  -04:00,   KPSM,   43.0418396,  -70.8518829,  1211.7, 30.00,  1236.0,  24.5, 147.95, 166.61, -988.26,  -3.44,  -1.97,  -0.00,  -0.07,  83.0,  86.6,  27.7,  28.8,   1.6,  20.24,  19.56,    12.65,  180.64,   53.46,  14.03, 2487.6,    0.32,  312.52,  330.40,  329.43,  319.72,  319.92,  314.82, 1233.35, 1282.89, 1253.29, 1259.30, 1268.59, 1256.45, 1278.45, 1290.52,  1146.3, 156,  GPS,   78.5, 116.50, 115.60, 128.400, 120.950, -1.385, -0.365,  13.35, -66.9,    2.5,   45.0,  -14.9,      0,  NONE,   NONE,      ,      , -1059.1, 3DDiff, 1852,      ,     12,  13.0,     18
2018-08-27, 17:56:15,  -04:00,   KPSM,   43.0420799,  -70.8508835,  1195.7, 30.00,  1218.9,  24.5, 147.90, 166.06, -990.17,  -3.20,  -1.93,   0.00,   0.00,  82.9,  86.4,  27.7,  28.8,   1.6,  20.28,  19.49,    12.66,  180.66,   53.53,  14.02, 2487.2,    0.32,  312.30,  329.80,  328.77,  319.20,  319.18,  314.06, 1231.20, 1279.69, 1251.05, 1256.41, 1267.65, 1254.26, 1274.74, 1288.24,  1129.2, 156,  GPS,   78.5, 116.50, 115.60, 128.400, 120.950, -1.392, -0.372,  13.37, -66.8,    2.5,   44.3,  -14.9,      0,  NONE,   NONE,      ,      , -1082.7, 3DDiff, 1852,      ,     12,  12.5,     17
2018-08-27, 17:56:16,  -04:00,   KPSM,   43.0423279,  -70.8498993,  1178.7, 30.00,  1202.0,  24.5, 147.45, 165.58, -1007.14,  -3.28,  -2.04,  -0.00,  -0.02,  82.7,  86.2,  27.7,  28.8,   1.6,  20.33,  19.44,    12.66,  180.68,   53.64,  14.01, 2487.6,    0.32,  312.06,  329.18,  328.00,  318.69,  318.49,  313.25, 1228.99, 1276.82, 1248.69, 1253.87, 1267.32, 1253.18, 1271.72, 1286.38,  1112.4, 155,  GPS,   78.5, 116.50, 115.60, 128.400, 120.950, -1.397, -0.381,  13.39, -66.7,    2.4,   43.6,  -14.9,      0,  NONE,   NONE,      ,      , -1047.2, 3DDiff, 1852,      ,     12,  12.5,     17
2018-08-27, 17:56:17,  -04:00,   KPSM,   43.0425758,  -70.8489075,  1163.7, 30.00,  1184.2,  24.8, 147.00, 165.07, -979.73,  -3.55,  -1.96,  -0.00,  -0.02,  82.6,  85.8,  27.7,  28.8,   1.6,  20.35,  19.41,    12.68,  180.71,   53.56,  14.03, 2489.5,    0.32,  311.79,  328.63,  327.36,  318.17,  317.76,  312.58, 1227.48, 1274.97, 1246.59, 1252.81, 1267.29, 1250.49, 1269.31, 1284.65,  1094.6, 155,  GPS,   78.5, 116.50, 115.60, 128.400, 120.950, -1.403, -0.388,  13.42, -66.6,    2.4,   42.9,  -14.9,      0,  NONE,   NONE,      ,      , -1070.9, 3DDiff, 1852,      ,     12,  13.0,     17
2018-08-27, 17:56:18,  -04:00,   KPSM,   43.0428238,  -70.8479309,  1145.7, 30.00,  1166.4,  24.8, 146.72, 164.62, -1005.31,  -3.24,  -1.90,   0.00,   0.05,  82.3,  85.6,  27.7,  28.8,   1.6,  20.38,  19.37,    12.69,  180.74,   53.64,  14.06, 2488.3,    0.32,  311.52,  328.00,  326.58,  317.65,  317.04,  311.73, 1225.28, 1272.79, 1244.59, 1251.25, 1266.05, 1249.24, 1266.91, 1282.70,  1076.8, 154,  GPS,   78.5, 116.50, 115.60, 128.400, 120.950, -1.409, -0.398,  13.45, -66.6,    2.4,   42.1,  -14.9,      0,  NONE,   NONE,      ,      , -1078.7, 3DDiff, 1852,      ,     12,  13.0,     18
2018-08-27, 17:56:19,  -04:00,   KPSM,   43.0430756,  -70.8469543,  1129.7, 30.00,  1149.3,  24.8, 146.25, 164.24, -1019.18,  -3.64,  -1.67,  -0.00,  -0.03,  82.1,  85.4,  27.7,  28.8,   1.6,  20.43,  19.36,    12.63,  180.78,   53.40,  14.05, 2485.6,    0.32,  311.24,  327.45,  325.93,  317.12,  316.31,  311.05, 1223.84, 1271.26, 1242.23, 1250.45, 1264.68, 1248.84, 1265.12, 1280.80,  1059.6, 154,  GPS,   78.5, 116.50, 115.60, 128.400, 120.950, -1.414, -0.406,  13.48, -66.6,    2.3,   41.4,  -14.9,      0,  NONE,   NONE,      ,      , -1035.4, 3DDiff, 1852,      ,     12,  13.0,     18
2018-08-27, 17:56:20,  -04:00,   KPSM,   43.0433311,  -70.8459778,  1111.7, 30.00,  1130.1,  24.8, 146.24, 163.79, -1005.71,  -3.74,  -1.52,  -0.02,   0.02,  81.9,  85.4,  27.7,  28.8,   1.6,  20.46,  19.33,    12.59,  180.79,   53.57,  13.78, 2487.4,    0.31,  310.92,  326.75,  325.15,  316.57,  315.57,  310.23, 1221.61, 1269.58, 1240.38, 1248.38, 1262.19, 1247.89, 1262.92, 1278.49,  1040.6, 154,  GPS,   78.5, 116.50, 115.60, 128.400, 120.950, -1.420, -0.415,  13.52, -66.7,    2.3,   40.6,  -14.9,      0,  NONE,   NONE,      ,      , -1114.2, 3DDiff, 1852,      ,     12,  13.0,     18
2018-08-27, 17:56:21,  -04:00,   KPSM,   43.0435867,  -70.8450165,  1093.7, 30.00,  1110.2,  24.8, 146.61, 163.30, -1027.54,  -3.69,  -2.35,   0.01,   0.02,  81.8,  85.2,  27.7,  28.8,   1.6,  20.52,  19.31,    11.94,  180.79,   53.81,  12.57, 2486.3,    0.27,  310.61,  326.18,  324.47,  316.02,  314.82,  309.54, 1219.13, 1269.33, 1240.14, 1246.85, 1263.29, 1250.16, 1261.39, 1275.85,  1020.7, 154,  GPS,   78.5, 116.50, 115.60, 128.400, 120.950, -1.425, -0.425,  13.56, -66.7,    2.3,   39.8,  -14.9,      0,  NONE,   NONE,      ,      , -1133.9, 3DDiff, 1852,      ,     12,  12.5,     17
2018-08-27, 17:56:22,  -04:00,   KPSM,   43.0438423,  -70.8440475,  1075.7, 30.00,  1090.8,  24.8, 145.44, 162.70, -1059.59,  -3.87,  -3.11,   0.01,  -0.04,  81.6,  85.0,  27.7,  28.8,   1.6,  20.51,  19.32,    11.28,  180.82,   53.78,  11.75, 2484.1,    0.24,  310.28,  325.59,  323.72,  315.47,  314.12,  308.78, 1217.36, 1270.17, 1239.48, 1247.02, 1265.57, 1257.55, 1260.26, 1272.03,  1001.3, 153,  GPS,   78.5, 116.50, 115.60, 128.400, 120.950, -1.430, -0.435,  13.59, -66.7,    2.2,   39.0,  -14.9,      0,  NONE,   NONE,      ,      , -1129.9, 3DDiff, 1852,      ,     12,  12.5,     17
2018-08-27, 17:56:23,  -04:00,   KPSM,   43.0441055,  -70.8430939,  1059.7, 30.00,  1070.9,  24.8, 145.25, 161.88, -1061.90,  -3.74,  -3.63,   0.00,   0.01,  81.2,  84.6,  27.7,  28.8,   1.6,  20.48,  19.33,    10.56,  180.82,   53.87,  10.84, 2485.7,    0.22,  309.95,  324.93,  322.98,  314.90,  313.36,  307.92, 1218.42, 1278.10, 1245.39, 1252.22, 1275.12, 1276.38, 1264.58, 1272.48,   981.4, 152,  GPS,   78.5, 116.50, 115.60, 128.400, 120.950, -1.434, -0.443,  13.62, -66.8,    2.2,   38.1,  -14.9,      0,  NONE,   NONE,      ,      , -1173.2, 3DDiff, 1852,      ,     12,  12.5,     18
2018-08-27, 17:56:24,  -04:00,   KPSM,   43.0443687,  -70.8421402,  1039.7, 30.00,  1052.0,  24.8, 143.75, 160.79, -1101.18,  -3.31,  -3.55,   0.03,   0.03,  81.0,  84.2,  27.7,  28.8,   1.6,  20.44,  19.33,     9.94,  180.82,   53.88,  10.13, 2487.2,    0.20,  309.59,  324.29,  322.19,  314.32,  312.58,  307.07, 1225.82, 1285.32, 1254.15, 1266.46, 1273.62, 1273.14, 1269.03, 1273.30,   962.5, 151,  GPS,   78.5, 116.50, 115.60, 128.400, 120.950, -1.439, -0.455,  13.65, -66.8,    2.2,   37.3,  -14.9,      0,  NONE,   NONE,      ,      , -1129.9, 3DDiff, 1852,      ,     12,  12.5,     18
2018-08-27, 17:56:25,  -04:00,   KPSM,   43.0446320,  -70.8412018,  1023.7, 30.00,  1033.6,  25.0, 142.64, 159.53, -1051.79,  -3.82,  -3.59,   0.01,  -0.02,  80.3,  83.9,  27.7,  28.8,   1.6,  20.40,  19.37,     9.77,  180.83,   53.67,  10.12, 2488.3,    0.20,  309.25,  323.62,  321.38,  313.70,  311.77,  306.18, 1227.96, 1295.23, 1254.78, 1275.80, 1252.92, 1241.48, 1270.77, 1265.10,   944.1, 150,  GPS,   78.5, 116.50, 115.60, 128.400, 120.950, -1.443, -0.463,  13.67, -66.9,    2.1,   36.4,  -14.9,      0,  NONE,   NONE,      ,      , -1098.4, 3DDiff, 1852,      ,     12,  13.0,     18
2018-08-27, 17:56:26,  -04:00,   KPSM,   43.0448952,  -70.8402710,  1005.7, 30.00,  1014.1,  25.0, 141.43, 158.31, -1038.36,  -3.82,  -4.86,   0.01,   0.01,  79.9,  83.6,  27.7,  28.8,   1.6,  20.32,  19.40,     9.65,  180.83,   53.77,  10.12, 2487.5,    0.20,  308.86,  322.90,  320.53,  313.05,  310.97,  305.21, 1229.96, 1303.36, 1258.69, 1278.01, 1229.94, 1206.92, 1270.20, 1261.62,   924.6, 148,  GPS,   78.5, 116.50, 115.60, 128.400, 120.950, -1.447, -0.473,  13.69, -67.0,    2.1,   35.5,  -14.9,      0,  NONE,   NONE,      ,      , -1177.2, 3DDiff, 1852,      ,     12,  13.0,     18
2018-08-27, 17:56:27,  -04:00,   KPSM,   43.0451622,  -70.8393402,   987.7, 30.00,   995.1,  25.2, 140.46, 157.22, -1060.30,  -4.15,  -4.28,   0.01,   0.05,  79.2,  83.2,  27.7,  28.8,   1.6,  20.25,  19.41,     9.59,  180.85,   53.62,  10.11, 2488.7,    0.20,  308.49,  322.14,  319.56,  312.41,  310.08,  304.10, 1232.64, 1301.02, 1270.00, 1286.26, 1205.25, 1186.91, 1267.18, 1258.67,   905.5, 147,  GPS,   78.5, 116.50, 115.60, 128.400, 120.950, -1.450, -0.484,  13.71, -67.1,    2.1,   34.7,  -14.9,      0,  NONE,   NONE,      ,      , -1200.8, 3DDiff, 1852,      ,     12,  12.5,     17
2018-08-27, 17:56:28,  -04:00,   KPSM,   43.0454369,  -70.8384323,   970.7, 30.00,   975.0,  25.2, 139.73, 156.21, -1054.61,  -5.81,  -3.69,   0.00,  -0.10,  78.8,  82.7,  27.7,  28.8,   1.6,  20.21,  19.42,     9.60,  180.86,   53.57,  10.12, 2488.4,    0.20,  308.09,  321.37,  318.64,  311.72,  309.16,  303.07, 1234.69, 1299.60, 1271.12, 1291.83, 1197.58, 1166.12, 1263.95, 1257.75,   885.5, 147,  GPS,   78.5, 116.50, 115.60, 128.400, 120.950, -1.453, -0.493,  13.73, -67.2,    2.1,   33.8,  -14.9,      0,  NONE,   NONE,      ,      , -1216.5, 3DDiff, 1852,      ,     12,  12.5,     17
2018-08-27, 17:56:29,  -04:00,   KPSM,   43.0457077,  -70.8375320,   952.7, 30.00,   952.8,  25.2, 139.18, 155.04, -1051.10,  -6.42,  -3.11,   0.02,   0.06,  78.5,  82.5,  27.7,  28.8,   1.6,  20.17,  19.38,     9.62,  180.89,   53.67,  10.12, 2490.6,    0.20,  307.67,  320.70,  317.80,  311.01,  308.24,  302.11, 1235.26, 1304.10, 1274.08, 1291.08, 1174.73, 1144.78, 1262.15, 1253.15,   863.2, 146,  GPS,   78.5, 116.50, 115.60, 128.400, 120.950, -1.456, -0.503,  13.76, -67.2,    2.0,   32.9,  -14.9,      0,  NONE,   NONE,      ,      , -1326.8, 3DDiff, 1852,      ,     12,  12.5,     17
2018-08-27, 17:56:30,  -04:00,   KPSM,   43.0459862,  -70.8366394,   927.7, 30.00,   932.4,  25.2, 137.51, 153.82, -1166.43,  -5.97,  -2.15,  -0.00,   0.08,  78.0,  82.0,  27.7,  28.8,   1.6,  20.17,  19.32,     9.58,  180.91,   53.61,  10.12, 2485.6,    0.20,  307.25,  319.83,  316.71,  310.29,  307.26,  300.90, 1235.14, 1303.97, 1254.80, 1293.85, 1158.35, 1131.88, 1260.25, 1243.23,   842.9, 144,  GPS,   78.5, 116.50, 115.60, 128.400, 120.950, -1.459, -0.520,  13.79, -67.3,    2.0,   31.9,  -14.9,      0,  NONE,   NONE,      ,      , -1236.2, 3DDiff, 1852,      ,     12,  12.5,     18
2018-08-27, 17:56:31,  -04:00,   KPSM,   43.0462646,  -70.8357544,   908.7, 30.00,   915.2,  25.5, 136.35, 152.44, -1220.01,  -6.22,  -1.37,   0.00,   0.06,  77.8,  81.8,  27.7,  28.8,   1.6,  20.20,  19.24,     9.59,  180.96,   53.51,  10.15, 2487.9,    0.20,  306.80,  319.03,  315.74,  309.54,  306.30,  299.81, 1234.03, 1305.76, 1255.94, 1293.53, 1142.53, 1108.57, 1256.66, 1240.54,   825.6, 143,  GPS,   78.5, 116.50, 115.60, 128.400, 120.950, -1.461, -0.532,  13.82, -67.3,    2.0,   31.0,  -14.9,      0,  NONE,   NONE,      ,      , -1059.1, 3DDiff, 1852,      ,     12,  13.0,     18
2018-08-27, 17:56:32,  -04:00,   KPSM,   43.0465393,  -70.8348846,   891.7, 30.00,   897.6,  25.5, 135.13, 150.92, -1166.90,  -6.62,  -0.38,  -0.00,  -0.04,  77.7,  81.6,  27.7,  28.8,   1.6,  20.27,  19.12,     9.60,  180.98,   53.58,  10.08, 2487.6,    0.19,  306.34,  318.28,  314.85,  308.78,  305.30,  298.81, 1232.75, 1308.70, 1259.29, 1297.10, 1109.67, 1091.76, 1255.00, 1233.54,   808.1, 142,  GPS,   78.5, 116.50, 115.60, 128.400, 120.950, -1.463, -0.541,  13.85, -67.4,    2.0,   30.1,  -14.9,      0,  NONE,   NONE,      ,      , -1039.4, 3DDiff, 1852,      ,     12,  13.0,     18
2018-08-27, 17:56:33,  -04:00,   KPSM,   43.0468140,  -70.8340149,   877.7, 30.00,   878.6,  25.5, 134.40, 149.25, -1040.52,  -6.92,  -0.55,  -0.00,  -0.05,  77.6,  81.5,  27.7,  28.8,   1.6,  20.30,  18.98,     9.60,  181.02,   53.71,   9.89, 2489.7,    0.19,  305.89,  317.37,  313.76,  308.03,  304.28,  297.59, 1225.21, 1298.84, 1193.52, 1248.73, 1035.69, 1029.55, 1233.47, 1193.12,   789.1, 141,  GPS,   78.5, 116.50, 115.60, 128.400, 120.950, -1.465, -0.548,  13.87, -67.5,    1.9,   29.1,  -14.9,      0,  NONE,   NONE,      ,      , -1074.8, 3DDiff, 1852,      ,     12,  12.5,     17
2018-08-27, 17:56:34,  -04:00,   KPSM,   43.0470886,  -70.8331604,   860.7, 30.00,   859.3,  25.5, 132.32, 147.44, -994.15,  -6.56,  -2.24,  -0.00,   0.01,  77.2,  81.3,  27.7,  28.8,   1.6,  20.32,  18.88,     9.60,  181.06,   53.84,   9.90, 2489.7,    0.19,  305.40,  316.52,  312.70,  307.24,  303.23,  296.43, 1224.90, 1297.46, 1107.52, 1173.64,  962.44,  962.00, 1204.90, 1153.16,   769.8, 139,  GPS,   78.5, 116.50, 115.60, 128.400, 120.950, -1.467, -0.557,  13.89, -67.5,    1.9,   28.1,  -14.9,      0,  NONE,   NONE,      ,      , -1122.0, 3DDiff, 1852,      ,     12,  12.5,     17
2018-08-27, 17:56:35,  -04:00,   KPSM,   43.0473557,  -70.8323288,   843.7, 30.00,   840.6,  25.8, 130.95, 145.71, -996.39,  -5.42,  -3.14,  -0.00,   0.12,  77.0,  81.1,  27.7,  28.8,   1.6,  20.27,  18.79,     9.62,  181.08,   53.83,   9.91, 2490.6,    0.19,  304.92,  315.76,  311.79,  306.43,  302.16,  295.39, 1225.91, 1291.21, 1037.04, 1126.46,  907.23,  907.40, 1181.21, 1119.53,   751.1, 137,  GPS,   78.5, 116.50, 115.60, 128.400, 120.950, -1.469, -0.567,  13.91, -67.6,    1.9,   27.1,  -14.9,      0,  NONE,   NONE,      ,      , -1102.4, 3DDiff, 1852,      ,     12,  12.5,     17
2018-08-27, 17:56:36,  -04:00,   KPSM,   43.0476265,  -70.8314972,   826.7, 30.00,   825.3,  25.8, 129.18, 143.94, -978.74,  -5.52,  -3.32,   0.00,  -0.03,  76.9,  80.7,  27.7,  28.8,   1.6,  20.25,  18.72,     9.62,  181.09,   54.11,   9.90, 2491.2,    0.19,  304.38,  314.91,  310.71,  305.61,  301.08,  294.21, 1225.43, 1286.22,  978.62, 1082.62,  854.92,  864.10, 1162.48, 1092.86,   735.8, 135,  GPS,   78.5, 116.50, 115.60, 128.400, 120.950, -1.471, -0.577,  13.92, -67.6,    1.9,   26.1,  -14.9,      0,  NONE,   NONE,      ,      , -933.1, 3DDiff, 1852,      ,     12,  12.5,     18
2018-08-27, 17:56:37,  -04:00,   KPSM,   43.0479012,  -70.8306808,   809.7, 30.00,   810.3,  25.8, 126.77, 142.02, -944.04,  -5.69,  -2.77,  -0.00,  -0.05,  76.6,  80.5,  27.7,  28.8,   1.6,  20.25,  18.65,     9.65,  181.12,   54.36,   9.91, 2490.4,    0.19,  303.86,  313.97,  309.49,  304.74,  299.99,  292.88, 1222.25, 1275.10,  929.17, 1041.84,  806.55,  826.40, 1143.14, 1068.97,   720.7, 133,  GPS,   78.5, 116.50, 115.60, 128.400, 120.950, -1.472, -0.587,  13.92, -67.6,    1.8,   25.1,  -14.9,      0,  NONE,   NONE,      ,      , -897.6, 3DDiff, 1852,      ,     12,  13.0,     18
2018-08-27, 17:56:38,  -04:00,   KPSM,   43.0481682,  -70.8298721,   793.7, 30.00,   794.8,  25.8, 125.15, 140.13, -895.81,  -6.11,  -2.69,   0.01,  -0.06,  76.5,  80.0,  27.7,  28.8,   1.6,  20.24,  18.55,     9.59,  181.14,   53.68,   9.95, 2484.6,    0.19,  303.31,  313.18,  308.49,  303.87,  298.87,  291.76, 1223.05, 1273.64,  888.21, 1000.18,  773.60,  790.17, 1126.45, 1051.32,   705.3, 131,  GPS,   78.5, 116.50, 115.60, 128.400, 120.950, -1.473, -0.596,  13.92, -67.6,    1.8,   24.1,  -14.9,      0,  NONE,   NONE,      ,      , -937.0, 3DDiff, 1852,      ,     12,  13.0,     18
2018-08-27, 17:56:39,  -04:00,   KPSM,   43.0484467,  -70.8290863,   776.7, 30.00,   778.2,  26.0, 123.68, 138.34, -895.80,  -5.81,  -2.14,   0.00,  -0.02,  76.1,  79.9,  27.7,  28.8,   1.6,  20.22,  18.48,     9.60,  181.20,   53.82,   9.93, 2487.8,    0.19,  302.75,  312.21,  307.23,  302.97,  297.75,  290.44, 1226.45, 1273.10,  854.77,  975.48,  738.96,  762.45, 1115.42, 1037.57,   688.7, 129,  GPS,   78.5, 116.50, 115.60, 128.400, 120.950, -1.473, -0.606,  13.91, -67.7,    1.8,   23.1,  -14.9,      0,  NONE,   NONE,      ,      , -1031.5, 3DDiff, 1852,      ,     12,  12.5,     17
2018-08-27, 17:56:40,  -04:00,   KPSM,   43.0487137,  -70.8283081,   759.7, 30.00,   761.8,  26.0, 122.29, 136.67, -904.00,  -5.71,  -2.77,  -0.01,   0.05,  75.9,  79.5,  27.7,  28.8,   1.6,  20.21,  18.39,     9.64,  181.25,   53.95,   9.93, 2491.4,    0.19,  302.18,  311.35,  306.07,  302.07,  296.60,  289.20, 1225.15, 1257.00,  825.42,  955.70,  712.11,  739.01, 1100.11, 1022.29,   672.3, 128,  GPS,   78.5, 116.50, 115.60, 128.400, 120.950, -1.474, -0.616,  13.90, -67.8,    1.8,   22.1,  -14.9,      0,  NONE,   NONE,      ,      , -1019.7, 3DDiff, 1852,      ,     12,  12.5,     17
2018-08-27, 17:56:41,  -04:00,   KPSM,   43.0489807,  -70.8275375,   742.7, 30.00,   745.6,  26.0, 121.07, 135.06, -909.08,  -6.44,  -3.66,   0.00,  -0.03,  75.7,  79.2,  27.7,  28.8,   1.6,  20.15,  18.34,     9.63,  181.30,   54.29,   9.92, 2493.6,    0.19,  301.62,  310.55,  305.02,  301.13,  295.48,  288.08, 1225.10, 1257.12,  801.27,  918.54,  691.09,  713.40, 1085.26, 1012.03,   656.1, 126,  GPS,   78.5, 116.50, 115.60, 128.400, 120.950, -1.475, -0.626,  13.88, -68.0,    1.7,   21.1,  -14.9,      0,  NONE,   NONE,      ,      , -984.3, 3DDiff, 1852,      ,     12,  12.5,     17
2018-08-27, 17:56:42,  -04:00,   KPSM,   43.0492554,  -70.8267899,   723.7, 30.00,   729.1,  26.0, 119.71, 133.37, -949.62,  -7.97,  -3.14,   0.00,  -0.00,  74.9,  79.0,  27.7,  28.8,   1.6,  20.09,  18.30,     9.65,  181.39,   54.04,   9.94, 2486.4,    0.19,  301.02,  309.66,  303.84,  300.17,  294.33,  286.84, 1226.92, 1257.95,  780.60,  894.13,  670.91,  693.57, 1075.92, 1003.41,   639.5, 125,  GPS,   78.5, 116.50, 115.60, 128.400, 120.950, -1.475, -0.639,  13.85, -68.2,    1.7,   20.0,  -14.9,      0,  NONE,   NONE,      ,      , -1015.7, 3DDiff, 1852,      ,     12,  12.5,     18
2018-08-27, 17:56:43,  -04:00,   KPSM,   43.0495224,  -70.8260422,   705.7, 30.00,   712.5,  26.2, 117.03, 131.38, -1006.75,  -9.25,  -2.41,  -0.00,  -0.01,  74.4,  78.6,  27.7,  28.8,   1.6,  20.08,  18.25,     9.70,  181.48,   53.68,   9.91, 2489.4,    0.19,  300.42,  308.76,  302.65,  299.20,  293.18,  285.61, 1220.07, 1258.94,  760.99,  867.38,  652.93,  674.74, 1065.67,  989.82,   623.0, 122,  GPS,   78.5, 116.50, 115.60, 128.400, 120.950, -1.475, -0.650,  13.82, -68.4,    1.7,   19.0,  -14.9,      0,  NONE,   NONE,      ,      , -996.1, 3DDiff, 1852,      ,     12,  13.0,     18
2018-08-27, 17:56:44,  -04:00,   KPSM,   43.0497932,  -70.8253174,   687.7, 30.00,   695.9,  26.2, 114.43, 128.95, -1038.24, -10.24,  -1.79,  -0.00,  -0.04,  74.0,  78.3,  27.7,  28.8,   1.6,  20.08,  18.13,     8.56,  181.58,   51.13,   8.76, 2455.2,    0.15,  299.81,  307.86,  301.44,  298.25,  292.01,  284.38, 1203.97, 1240.66,  745.53,  840.57,  639.50,  659.91, 1046.10,  972.30,   606.4, 119,  GPS,   78.5, 116.50, 115.60, 128.400, 120.950, -1.474, -0.662,  13.78, -68.6,    1.7,   17.9,  -14.9,      0,  NONE,   NONE,      ,      , -964.6, 3DDiff, 1852,      ,     12,  13.0,     18
2018-08-27, 17:56:45,  -04:00,   KPSM,   43.0500526,  -70.8246078,   671.7, 30.00,   678.8,  26.2, 112.33, 126.21, -1014.81, -10.05,  -2.42,  -0.00,  -0.07,  74.0,  77.9,  27.7,  28.8,   1.6,  20.08,  17.99,     8.02,  181.65,   45.13,   8.73, 2409.5,    0.15,  299.18,  306.90,  300.12,  297.26,  290.86,  283.02, 1181.66, 1232.86,  733.52,  816.43,  627.85,  648.30, 1030.69,  954.08,   589.3, 117,  GPS,   78.5, 116.50, 115.60, 128.400, 120.950, -1.474, -0.671,  13.75, -68.9,    1.7,   16.9,  -14.9,      0,  NONE,   NONE,      ,      , -984.3, 3DDiff, 1852,      ,     12,  12.5,     18
2018-08-27, 17:56:46,  -04:00,   KPSM,   43.0503159,  -70.8239212,   655.7, 30.00,   661.5,  26.5, 110.15, 123.61, -985.34,  -9.59,  -2.94,   0.00,  -0.02,  73.5,  77.6,  27.7,  28.8,   1.6,  20.05,  17.88,     7.72,  181.68,   45.84,   8.80, 2369.3,    0.15,  298.57,  306.01,  298.92,  296.26,  289.68,  281.77, 1175.83, 1229.09,  723.71,  799.26,  618.66,  638.02, 1018.50,  942.23,   572.0, 115,  GPS,   78.5, 116.50, 115.60, 128.400, 120.950, -1.474, -0.681,  13.71, -69.3,    1.7,   15.9,  -14.9,      0,  NONE,   NONE,      ,      , -988.2, 3DDiff, 1852,      ,     12,  12.5,     17
2018-08-27, 17:56:47,  -04:00,   KPSM,   43.0505753,  -70.8232346,   637.7, 30.00,   645.6,  26.5, 107.24, 121.14, -964.51,  -9.17,  -3.52,  -0.01,  -0.02,  72.8,  77.3,  27.7,  28.8,   1.6,  19.98,  17.79,     7.57,  181.59,   48.75,   8.89, 2317.2,    0.14,  297.93,  305.15,  297.72,  295.26,  288.51,  280.54, 1160.71, 1223.02,  714.59,  807.77,  609.75,  632.40, 1010.68,  928.20,   556.1, 111,  GPS,   78.5, 116.50, 115.60, 128.400, 120.950, -1.473, -0.693,  13.68, -69.6,    1.6,   14.8,  -14.9,      0,  NONE,   NONE,      ,      , -948.8, 3DDiff, 1852,      ,     12,  12.5,     17
2018-08-27, 17:56:48,  -04:00,   KPSM,   43.0508308,  -70.8225784,   621.7, 30.00,   630.0,  26.5, 105.51, 118.79, -927.79,  -8.78,  -5.12,   0.01,   0.01,  72.4,  76.8,  27.7,  28.8,   1.6,  19.91,  17.69,     7.47,  181.49,   49.72,   8.93, 2279.9,    0.14,  297.27,  304.37,  296.63,  294.27,  287.35,  279.45, 1155.86, 1221.27,  707.24,  834.96,  602.94,  633.37, 1013.60,  917.74,   540.5, 109,  GPS,   78.5, 116.50, 115.60, 128.400, 120.950, -1.472, -0.703,  13.65, -70.0,    1.6,   13.8,  -14.9,      0,  NONE,   NONE,      ,      , -933.1, 3DDiff, 1852,      ,     12,  12.5,     18
2018-08-27, 17:56:49,  -04:00,   KPSM,   43.0510902,  -70.8219376,   605.7, 30.00,   615.4,  26.8, 103.97, 116.44, -899.72,  -8.68,  -3.55,  -0.00,  -0.02,  71.6,  76.2,  27.7,  28.8,   1.6,  19.82,  17.61,     7.35,  181.41,   50.38,   9.05, 2248.4,    0.14,  296.61,  303.51,  295.40,  293.23,  286.21,  278.22, 1150.98, 1216.25,  702.03,  860.33,  595.72,  635.17, 1016.59,  909.69,   525.9, 108,  GPS,   78.5, 116.50, 115.60, 128.400, 120.950, -1.470, -0.713,  13.62, -70.4,    1.6,   12.8,  -14.9,      0,  NONE,   NONE,      ,      , -874.0, 3DDiff, 1852,      ,     12,  13.0,     18
2018-08-27, 17:56:50,  -04:00,   KPSM,   43.0513458,  -70.8213120,   590.7, 30.00,   602.8,  26.8, 101.78, 114.22, -863.14,  -8.77,  -1.26,  -0.01,  -0.05,  71.1,  75.9,  27.7,  28.8,   1.6,  19.76,  17.52,     7.23,  181.38,   50.47,   9.15, 2216.7,    0.14,  295.98,  302.64,  294.22,  292.26,  285.03,  277.01, 1139.19, 1212.89,  710.64,  884.74,  594.25,  649.69, 1019.68,  906.50,   513.3, 105,  GPS,   78.5, 116.50, 115.60, 128.400, 120.950, -1.469, -0.723,  13.59, -70.9,    1.6,   11.8,  -14.9,      0,  NONE,   NONE,      ,      , -807.1, 3DDiff, 1852,      ,     12,  13.0,     18
2018-08-27, 17:56:51,  -04:00,   KPSM,   43.0515976,  -70.8206940,   576.7, 30.00,   589.7,  26.8, 100.39, 112.18, -824.62,  -8.78,  -2.68,  -0.00,  -0.00,  71.2,  75.5,  27.7,  28.8,   1.6,  19.69,  17.44,     7.43,  181.37,   50.70,   9.50, 2220.6,    0.15,  295.31,  301.79,  293.01,  291.24,  283.88,  275.81, 1137.52, 1217.53,  748.26,  924.66,  623.21,  685.41, 1031.75,  921.01,   500.2, 104,  GPS,   78.5, 116.50, 115.60, 128.400, 120.950, -1.467, -0.731,  13.56, -71.3,    1.6,   10.8,  -14.9,      0,  NONE,   NONE,      ,      , -830.7, 3DDiff, 1852,      ,     12,  12.5,     17
2018-08-27, 17:56:52,  -04:00,   KPSM,   43.0518494,  -70.8200912,   562.7, 30.00,   576.2,  26.8,  98.60, 110.39, -796.09,  -8.64,  -3.24,  -0.01,  -0.06,  71.1,  75.2,  27.7,  28.8,   1.6,  19.61,  17.40,     7.52,  181.42,   51.11,   9.56, 2207.9,    0.15,  294.67,  300.96,  291.83,  290.25,  282.72,  274.63, 1132.06, 1226.13,  787.93,  982.90,  656.34,  737.97, 1052.71,  935.00,   486.7, 101,  GPS,   78.5, 116.50, 115.60, 128.400, 120.950, -1.465, -0.740,  13.52, -71.7,    1.6,    9.8,  -14.9,      0,  NONE,   NONE,      ,      , -850.4, 3DDiff, 1852,      ,     12,  12.5,     17
2018-08-27, 17:56:53,  -04:00,   KPSM,   43.0521049,  -70.8194962,   546.7, 30.00,   561.2,  26.8,  96.92, 108.68, -800.98,  -8.81,  -2.71,  -0.00,  -0.08,  70.5,  74.8,  27.7,  28.8,   1.6,  19.57,  17.36,     7.52,  181.50,   51.19,   9.71, 2193.9,    0.15,  294.00,  300.04,  290.55,  289.28,  281.59,  273.39, 1134.61, 1230.35,  816.99, 1029.46,  682.54,  783.77, 1068.52,  946.01,   471.7,  99,  GPS,   78.5, 116.50, 115.60, 128.400, 120.950, -1.463, -0.750,  13.49, -72.2,    1.6,    8.8,  -14.9,      0,  NONE,   NONE,      ,      , -901.6, 3DDiff, 1852,      ,     12,  12.5,     17
2018-08-27, 17:56:54,  -04:00,   KPSM,   43.0523529,  -70.8189163,   531.7, 30.00,   545.9,  27.0,  96.57, 107.16, -826.30,  -8.38,  -2.68,   0.00,   0.05,  70.2,  74.5,  27.7,  28.8,   1.6,  19.56,  17.29,     7.61,  181.58,   51.44,   9.73, 2204.8,    0.15,  293.34,  299.30,  289.50,  288.32,  280.45,  272.36, 1138.35, 1238.64,  849.77, 1060.83,  716.35,  846.28, 1085.84,  963.35,   456.4,  99,  GPS,   78.5, 116.50, 115.60, 128.400, 120.950, -1.461, -0.760,  13.45, -72.7,    1.5,    7.8,  -14.9,      0,  NONE,   NONE,      ,      , -925.2, 3DDiff, 1852,      ,     12,  12.5,     18
2018-08-27, 17:56:55,  -04:00,   KPSM,   43.0526047,  -70.8183441,   517.7, 30.00,   531.1,  27.0,  95.95, 105.82, -833.38,  -8.25,  -4.81,   0.03,  -0.02,  70.0,  73.9,  27.7,  28.8,   1.6,  19.54,  17.23,     7.64,  181.69,   51.51,   9.82, 2185.4,    0.15,  292.65,  298.49,  288.35,  287.38,  279.33,  271.26, 1143.76, 1245.17,  899.99, 1093.97,  764.69,  883.09, 1100.62,  989.49,   441.6,  98,  GPS,   78.5, 116.50, 115.60, 128.400, 120.950, -1.459, -0.768,  13.40, -73.2,    1.5,    6.8,  -14.9,      0,  NONE,   NONE,      ,      , -893.7, 3DDiff, 1852,      ,     12,  13.0,     18
2018-08-27, 17:56:56,  -04:00,   KPSM,   43.0528603,  -70.8177872,   503.7, 30.00,   515.7,  27.0,  95.39, 104.40, -841.28,  -8.23,  -8.47,  -0.00,   0.09,  69.5,  73.1,  27.7,  28.8,   1.6,  19.49,  17.20,     7.64,  181.80,   51.41,   9.83, 2181.7,    0.15,  291.99,  297.68,  287.23,  286.45,  278.24,  270.19, 1149.35, 1247.50,  932.77, 1120.76,  803.50,  922.62, 1112.37, 1006.63,   426.2,  98,  GPS,   78.5, 116.50, 115.60, 128.400, 120.950, -1.456, -0.777,  13.34, -73.6,    1.5,    5.8,  -14.9,      0,  NONE,   NONE,      ,      , -885.8, 3DDiff, 1852,      ,     12,  13.0,     18
2018-08-27, 17:56:57,  -04:00,   KPSM,   43.0531235,  -70.8172379,   489.7, 30.00,   502.3,  27.0,  94.61, 103.10, -817.81,  -7.58, -11.79,   0.01,  -0.00,  68.2,  71.3,  27.7,  28.8,   1.6,  19.44,  17.18,     7.64,  181.95,   51.43,   9.86, 2175.2,    0.15,  291.32,  296.79,  286.02,  285.58,  277.14,  269.03, 1150.84, 1252.97,  956.80, 1146.30,  829.00,  955.25, 1124.06, 1015.83,   412.8,  97,  GPS,   78.5, 116.50, 115.60, 128.400, 120.950, -1.452, -0.786,  13.26, -74.1,    1.5,    4.8,  -14.9,      0,  NONE,   NONE,      ,      , -783.5, 3DDiff, 1852,      ,     12,  12.5,     17
2018-08-27, 17:56:58,  -04:00,   KPSM,   43.0533981,  -70.8167191,   475.7, 30.00,   488.9,  27.0,  91.78, 101.72, -809.09,  -7.21, -12.45,  -0.01,   0.02,  65.4,  69.4,  27.7,  28.8,   1.6,  19.36,  17.20,     7.70,  182.10,   51.39,  10.01, 2162.5,    0.16,  290.66,  296.03,  284.94,  284.71,  276.07,  268.06, 1153.62, 1257.54,  986.42, 1163.51,  903.07,  999.26, 1135.67, 1039.50,   399.4,  94,  GPS,   78.5, 116.50, 115.60, 128.400, 120.950, -1.448, -0.795,  13.15, -74.6,    1.5,    3.8,  -14.9,      0,  NONE,   NONE,      ,      , -771.7, 3DDiff, 1852,      ,     12,  12.5,     17
2018-08-27, 17:56:59,  -04:00,   KPSM,   43.0536804,  -70.8162231,   462.7, 30.00,   475.9,  27.0,  89.68, 100.44, -766.73,  -7.34, -13.66,   0.00,  -0.00,  63.1,  67.1,  27.7,  28.8,   1.6,  19.32,  17.23,     7.70,  182.24,   51.30,  10.12, 2145.1,    0.16,  289.97,  295.33,  283.99,  283.85,  275.03,  267.18, 1157.12, 1259.62, 1014.55, 1179.13,  953.46, 1034.76, 1146.42, 1061.01,   386.4,  91,  GPS,   78.5, 116.50, 115.60, 128.400, 120.950, -1.442, -0.803,  13.03, -75.1,    1.5,    2.9,  -14.9,      0,  NONE,   NONE,      ,      , -767.7, 3DDiff, 1852,      ,     12,  12.5,     17
2018-08-27, 17:57:00,  -04:00,   KPSM,   43.0539780,  -70.8157425,   449.7, 30.00,   462.2,  27.0,  88.69,  99.21, -752.71,  -7.14, -12.22,   0.01,   0.00,  60.0,  64.7,  27.7,  28.8,   1.6,  19.29,  17.27,     7.64,  182.40,   51.16,  10.21, 2128.0,    0.16,  289.32,  294.56,  282.94,  283.03,  273.99,  266.23, 1159.23, 1265.22, 1049.48, 1190.13, 1006.85, 1056.30, 1154.84, 1084.47,   372.7,  90,  GPS,   78.5, 116.50, 115.60, 128.400, 120.950, -1.435, -0.811,  12.91, -75.7,    1.5,    1.9,  -14.9,      0,  NONE,   NONE,      ,      , -807.1, 3DDiff, 1852,      ,     12,  12.5,     18
2018-08-27, 17:57:01,  -04:00,   KPSM,   43.0542831,  -70.8152771,   437.7, 30.00,   448.4,  27.0,  88.24,  98.07, -746.09,  -6.58, -11.98,   0.00,   0.06,  56.5,  62.5,  27.7,  28.8,   1.6,  19.22,  17.33,     8.34,  182.56,   51.28,  11.16, 2166.7,    0.19,  288.66,  293.80,  281.94,  282.20,  272.97,  265.32, 1161.26, 1270.34, 1082.27, 1199.90, 1046.46, 1095.68, 1166.48, 1105.02,   358.9,  90,  GPS,   78.5, 116.50, 115.60, 128.400, 120.950, -1.428, -0.819,  12.78, -76.3,    1.5,    1.0,  -14.9,      0,  NONE,   NONE,      ,      , -826.8, 3DDiff, 1852,      ,     12,  13.0,     18
2018-08-27, 17:57:02,  -04:00,   KPSM,   43.0546036,  -70.8148499,   426.7, 30.00,   436.8,  27.2,  88.11,  97.06, -722.40,  -6.33, -14.72,  -0.01,   0.02,  53.9,  59.8,  27.7,  28.8,   1.6,  19.20,  17.40,     8.74,  182.72,   51.73,  11.11, 2256.4,    0.20,  288.00,  293.01,  280.86,  281.40,  271.98,  264.36, 1161.32, 1270.21, 1102.79, 1202.01, 1083.96, 1120.72, 1173.23, 1119.07,   347.2,  89,  GPS,   78.5, 116.50, 115.60, 128.400, 120.950, -1.419, -0.825,  12.66, -77.0,    1.4,    0.1,  -14.9,      0,  NONE,   NONE,      ,      , -752.0, 3DDiff, 1852,      ,     12,  13.0,     18
2018-08-27, 17:57:03,  -04:00,   KPSM,   43.0549355,  -70.8144455,   415.7, 30.00,   425.5,  27.2,  87.34,  96.12, -693.16,  -6.64, -15.28,  -0.01,  -0.03,  51.0,  56.9,  27.7,  28.8,   1.6,  19.23,  17.45,     8.86,  182.88,   51.85,  11.11, 2258.2,    0.20,  287.37,  292.28,  279.89,  280.64,  271.04,  263.57, 1160.51, 1269.34, 1118.17, 1200.94, 1108.01, 1139.85, 1176.34, 1129.25,   336.0,  89,  GPS,   78.5, 116.50, 115.60, 128.400, 120.950, -1.409, -0.832,  12.56, -77.6,    1.4,   -0.8,  -14.9,      0,  NONE,   NONE,      ,      , -708.7, 3DDiff, 1852,      ,     12,  12.5,     17
2018-08-27, 17:57:04,  -04:00,   KPSM,   43.0552711,  -70.8140640,   403.7, 30.00,   414.0,  27.2,  86.66,  95.25, -692.06,  -6.69, -14.78,   0.00,   0.02,  47.8,  53.9,  27.7,  28.8,   1.6,  19.26,  17.50,     8.94,  183.02,   51.95,  11.15, 2254.8,    0.20,  286.73,  291.59,  278.99,  279.89,  270.13,  262.82, 1160.95, 1267.85, 1130.52, 1201.02, 1125.85, 1155.97, 1179.65, 1137.34,   324.5,  88,  GPS,   78.5, 116.50, 115.60, 128.400, 120.950, -1.399, -0.839,  12.47, -78.3,    1.4,   -1.7,  -14.9,      0,  NONE,   NONE,      ,      , -720.5, 3DDiff, 1852,      ,     12,  12.5,     17
2018-08-27, 17:57:05,  -04:00,   KPSM,   43.0556297,  -70.8137131,   392.7, 30.00,   401.9,  27.2,  86.06,  94.41, -703.24,  -6.17, -13.72,  -0.00,   0.10,  44.3,  51.1,  27.7,  28.8,   1.6,  19.29,  17.55,     8.98,  183.18,   51.91,  11.20, 2247.1,    0.20,  286.07,  290.87,  278.13,  279.19,  269.26,  262.12, 1161.45, 1267.08, 1141.50, 1201.00, 1140.22, 1170.06, 1183.15, 1144.51,   312.4,  87,  GPS,   78.5, 116.50, 115.60, 128.400, 120.950, -1.386, -0.846,  12.39, -79.0,    1.4,   -2.5,  -14.9,      0,  NONE,   NONE,      ,      , -728.3, 3DDiff, 1852,      ,     12,  12.5,     17
2018-08-27, 17:57:06,  -04:00,   KPSM,   43.0559883,  -70.8133926,   382.7, 30.00,   390.6,  27.2,  85.75,  93.63, -668.63,  -6.08, -13.51,  -0.01,   0.03,  41.6,  48.0,  27.7,  28.8,   1.6,  19.36,  17.58,     9.10,  183.30,   51.92,  11.74, 2259.1,    0.22,  285.43,  290.28,  277.38,  278.49,  268.41,  261.54, 1161.60, 1266.24, 1149.29, 1199.72, 1150.08, 1177.71, 1184.83, 1150.02,   301.1,  87,  GPS,   78.5, 116.50, 115.60, 128.400, 120.950, -1.373, -0.852,  12.32, -79.8,    1.4,   -3.4,  -14.9,      0,  NONE,   NONE,      ,      , -689.0, 3DDiff, 1852,      ,     12,  12.5,     18
2018-08-27, 17:57:07,  -04:00,   KPSM,   43.0563622,  -70.8131027,   371.7, 30.00,   379.3,  27.2,  85.70,  92.94, -655.52,  -6.86, -13.40,  -0.01,   0.02,  38.6,  45.2,  27.7,  28.8,   1.6,  19.42,  17.63,     9.62,  183.46,   52.28,  12.09, 2318.2,    0.23,  284.82,  289.54,  276.48,  277.86,  267.60,  260.88, 1162.53, 1261.65, 1152.80, 1197.64, 1160.44, 1182.40, 1185.16, 1155.68,   289.7,  87,  GPS,   78.5, 116.50, 115.60, 128.400, 120.950, -1.359, -0.859,  12.25, -80.5,    1.4,   -4.2,  -14.9,      0,  NONE,   NONE,      ,      , -685.0, 3DDiff, 1852,      ,     12,  13.0,     18
2018-08-27, 17:57:08,  -04:00,   KPSM,   43.0567398,  -70.8128281,   362.7, 30.00,   366.0,  27.2,  84.81,  92.47, -633.05,  -7.04, -12.73,   0.01,  -0.01,  36.0,  42.6,  27.7,  28.8,   1.6,  19.51,  17.66,     9.77,  183.58,   52.33,  12.06, 2300.8,    0.23,  284.17,  288.93,  275.73,  277.22,  266.84,  260.34, 1163.26, 1258.99, 1156.62, 1196.80, 1167.03, 1186.02, 1186.04, 1160.25,   276.5,  86,  GPS,   78.5, 116.50, 115.60, 128.400, 120.950, -1.344, -0.864,  12.20, -81.3,    1.4,   -5.0,  -14.9,      0,  NONE,   NONE,      ,      , -744.1, 3DDiff, 1852,      ,     12,  13.0,     18
2018-08-27, 17:57:09,  -04:00,   KPSM,   43.0571289,  -70.8125839,   349.7, 30.00,   351.3,  27.2,  84.21,  92.12, -664.60,  -6.88, -10.27,   0.01,  -0.02,  33.4,  40.0,  27.7,  28.8,   1.6,  19.60,  17.71,     9.79,  183.67,   52.26,  12.05, 2302.0,    0.23,  283.57,  288.36,  275.09,  276.62,  266.09,  259.89, 1164.27, 1255.14, 1159.43, 1195.17, 1171.69, 1189.18, 1185.97, 1163.92,   261.8,  85,  GPS,   78.5, 116.50, 115.60, 128.400, 120.950, -1.328, -0.874,  12.15, -82.1,    1.3,   -5.7,  -14.9,      0,  NONE,   NONE,      ,      , -807.1, 3DDiff, 1852,      ,     12,  12.5,     17
2018-08-27, 17:57:10,  -04:00,   KPSM,   43.0575180,  -70.8123550,   336.7, 30.00,   336.8,  27.2,  83.94,  91.69, -729.14,  -6.24, -11.34,  -0.00,   0.08,  30.3,  37.8,  27.7,  28.8,   1.6,  19.65,  17.79,     9.85,  183.77,   52.28,  12.10, 2306.2,    0.23,  282.98,  287.76,  274.40,  276.06,  265.41,  259.46, 1164.51, 1252.11, 1161.74, 1194.64, 1177.25, 1192.45, 1186.04, 1166.88,   247.3,  85,  GPS,   78.5, 116.50, 115.60, 128.400, 120.950, -1.311, -0.883,  12.11, -82.9,    1.3,   -6.5,  -14.9,      0,  NONE,   NONE,      ,      , -826.8, 3DDiff, 1852,      ,     12,  12.5,     17
2018-08-27, 17:57:11,  -04:00,   KPSM,   43.0579147,  -70.8121567,   324.7, 30.00,   324.5,  27.2,  85.87,  91.28, -727.98,  -6.46, -12.00,  -0.01,   0.02,  27.8,  35.2,  27.7,  28.8,   1.6,  19.72,  17.83,     9.81,  183.83,   52.41,  12.07, 2314.9,    0.23,  282.38,  287.21,  273.75,  275.51,  264.74,  259.02, 1165.56, 1250.11, 1164.46, 1195.40, 1183.67, 1195.26, 1187.11, 1170.37,   235.0,  87,  GPS,   78.5, 116.50, 115.60, 128.400, 120.950, -1.293, -0.892,  12.07, -83.8,    1.3,   -7.2,  -14.9,      0,  NONE,   NONE,      ,      , -732.3, 3DDiff, 1852,      ,     12,  12.5,     17
2018-08-27, 17:57:12,  -04:00,   KPSM,   43.0583000,  -70.8119888,   313.7, 30.00,   313.3,  27.2,  86.03,  90.72, -723.16,  -6.62, -12.57,   0.01,   0.05,  25.1,  32.5,  27.7,  28.8,   1.6,  19.76,  17.87,     9.87,  183.86,   52.48,  12.03, 2321.5,    0.23,  281.81,  286.66,  273.13,  275.00,  264.13,  258.65, 1167.03, 1249.40, 1166.89, 1195.87, 1187.53, 1199.21, 1188.14, 1173.09,   223.8,  87,  GPS,   78.5, 116.50, 115.60, 128.400, 120.950, -1.276, -0.900,  12.04, -84.6,    1.3,   -7.9,  -14.9,      0,  NONE,   NONE,      ,      , -685.0, 3DDiff, 1852,      ,     12,  12.5,     18
2018-08-27, 17:57:13,  -04:00,   KPSM,   43.0587044,  -70.8118362,   302.7, 30.00,   301.7,  27.2,  84.77,  90.17, -686.54,  -6.76, -10.88,   0.01,   0.02,  22.4,  29.9,  27.7,  28.8,   1.6,  19.83,  17.85,     9.81,  183.87,   52.48,  12.08, 2310.7,    0.23,  281.24,  286.12,  272.53,  274.51,  263.50,  258.30, 1168.05, 1248.49, 1169.93, 1196.91, 1190.74, 1202.24, 1189.09, 1175.51,   212.2,  86,  GPS,   78.5, 116.50, 115.60, 128.400, 120.950, -1.257, -0.908,  12.01, -85.5,    1.3,   -8.7,  -14.9,      0,  NONE,   NONE,      ,      , -681.1, 3DDiff, 1852,      ,     12,  13.0,     18
2018-08-27, 17:57:14,  -04:00,   KPSM,   43.0591125,  -70.8117142,   290.7, 30.00,   289.4,  27.2,  84.63,  89.69, -701.53,  -6.39,  -9.73,  -0.00,  -0.01,  19.9,  27.8,  27.7,  28.8,   1.6,  19.86,  17.79,     9.86,  183.87,   52.47,  12.13, 2304.9,    0.23,  280.69,  285.58,  271.92,  274.05,  262.96,  257.96, 1169.74, 1247.72, 1171.50, 1197.07, 1193.54, 1205.28, 1190.04, 1177.95,   199.8,  86,  GPS,   78.5, 116.50, 115.60, 128.400, 120.950, -1.238,       ,  12.00, -86.2,    1.2,   -9.3,  -14.9,      0,  NONE,   NONE,      ,      , -775.6, 3DDiff, 1852,      ,     12,  13.0,     18
2018-08-27, 17:57:15,  -04:00,   KPSM,   43.0595131,  -70.8116150,   279.7, 30.00,   277.5,  27.2,  85.32,  89.18, -700.76,  -6.48, -11.87,  -0.01,   0.08,  18.0,  25.6,  27.7,  28.8,   1.6,  19.90,  17.75,     9.81,  183.87,   52.50,  12.11, 2307.6,    0.23,  280.15,  285.12,  271.45,  273.61,  262.42,  257.69, 1170.46, 1246.35, 1173.26, 1198.29, 1196.06, 1208.30, 1190.80, 1180.03,   188.0,  86,  GPS,   78.5, 116.50, 115.60, 128.400, 120.950, -1.218,       ,  11.99, -87.0,    1.2,  -10.0,  -14.9,      0,  NONE,   NONE,      ,      , -795.3, 3DDiff, 1852,      ,     12,  12.5,     17
2018-08-27, 17:57:16,  -04:00,   KPSM,   43.0599251,  -70.8115387,   268.7, 30.00,   266.2,  27.2,  83.85,  88.95, -668.38,  -7.12, -12.56,   0.01,  -0.07,  16.4,  22.7,  27.7,  28.8,   1.6,  19.95,  17.75,     9.82,  183.85,   52.45,  12.16, 2295.8,    0.23,  279.62,  284.65,  270.92,  273.16,  261.88,  257.39, 1171.81, 1243.95, 1174.19, 1199.31, 1198.10, 1209.04, 1190.75, 1181.92,   176.7,  85,  GPS,   78.5, 116.50, 115.60, 128.400, 120.950, -1.197,       ,  11.98, -87.8,    1.2,  -10.6,  -14.9,      0,  NONE,   NONE,      ,      , -728.3, 3DDiff, 1852,      ,     12,  12.5,     17
2018-08-27, 17:57:17,  -04:00,   KPSM,   43.0603333,  -70.8114853,   253.7, 30.00,   252.7,  27.5,  84.38,  88.52, -741.72,  -6.08, -13.67,  -0.01,   0.15,  13.0,  20.1,  27.7,  28.8,   1.6,  19.97,  17.80,    10.03,  183.83,   52.52,  12.37, 2310.8,    0.24,  279.09,  284.16,  270.39,  272.74,  261.39,  257.09, 1173.09, 1242.34, 1175.59, 1200.01, 1200.30, 1211.43, 1191.53, 1183.90,   163.2,  85,  GPS,   78.5, 116.50, 115.60, 128.400, 120.950, -1.176,       ,  11.97, -88.6,    1.2,  -11.3,  -14.9,      0,  NONE,   NONE,      ,      , -811.0, 3DDiff, 1852,      ,     12,  12.5,     17
2018-08-27, 17:57:18,  -04:00,  FINAL,   43.0607452,  -70.8114624,   242.7, 30.00,   241.2,  27.5,  85.22,  88.13, -748.32,  -6.39, -14.07,  -0.01,  -0.00,  10.4,  17.1,  27.7,  28.8,   1.7,  20.00,  17.77,    10.19,  183.82,   52.71,  12.41, 2329.6,    0.24,  278.59,  283.76,  269.99,  272.37,  260.93,  256.87, 1174.09, 1245.18, 1176.99, 1201.48, 1202.18, 1214.77, 1194.55, 1187.25,   151.7,  86,  GPS,  344.0, 116.50, 115.60, 128.400, 120.950,  1.308,       ,  11.95, -89.4,    0.8,  157.7,  -14.9,      0,  NONE,   NONE,      ,      , -712.6, 3DDiff, 1852,      ,     12,  12.5,     18
2018-08-27, 17:57:19,  -04:00,  FINAL,   43.0611458,  -70.8114777,   230.7, 30.00,   229.7,  27.5,  83.97,  87.73, -723.64,  -5.88, -13.54,   0.01,   0.05,   7.6,  14.0,  27.7,  28.8,   1.7,  20.01,  17.76,    10.15,  183.81,   52.71,  12.38, 2316.4,    0.24,  278.10,  283.34,  269.54,  271.98,  260.47,  256.61, 1176.32, 1244.37, 1179.60, 1203.09, 1205.89, 1215.80, 1195.68, 1190.74,   140.2,  85,  GPS,  344.0, 116.50, 115.60, 128.400, 120.950,  1.137,       ,  11.92, -90.2,    0.8,  158.7,  -14.9,      0,  NONE,   NONE,      ,      , -704.7, 3DDiff,  556,      ,     12,   9.5,     18
2018-08-27, 17:57:20,  -04:00,  FINAL,   43.0615501,  -70.8115082,   219.7, 30.00,   217.2,  27.5,  83.85,  87.22, -719.86,  -5.50, -11.00,  -0.02,  -0.02,   3.9,  11.2,  27.7,  28.8,   1.7,  19.98,  17.83,    10.23,  183.80,   52.70,  12.42, 2303.0,    0.24,  277.64,  282.88,  269.08,  271.64,  260.03,  256.37, 1177.20, 1244.38, 1180.87, 1204.08, 1208.10, 1217.83, 1196.77, 1192.06,   127.7,  85,  GPS,  344.0, 116.50, 115.60, 128.400, 120.950,  0.976,       ,  11.88, -91.1,    0.8,  159.6,  -14.9,      0,  NONE,   NONE,      ,      , -708.7, 3DDiff,  556,      ,     12,   9.5,     18
2018-08-27, 17:57:21,  -04:00,  FINAL,   43.0619507,  -70.8115692,   210.7, 30.00,   205.2,  27.5,  83.54,  86.81, -668.01,  -5.27, -10.65,   0.01,   0.04,   2.0,   8.4,  27.7,  28.8,   1.7,  19.97,  17.88,    10.08,  183.78,   52.58,  12.47, 2304.0,    0.24,  277.16,  282.49,  268.69,  271.25,  259.62,  256.17, 1176.74, 1243.73, 1181.36, 1204.85, 1209.08, 1218.83, 1197.57, 1192.20,   115.8,  85,  GPS,  344.0, 116.50, 115.60, 128.400, 120.950,  0.829,       ,  11.83, -92.0,    0.8,  160.4,  -14.9,      0,  NONE,   NONE,      ,      , -657.5, 3DDiff,  556,      ,     12,   9.0,     17
2018-08-27, 17:57:22,  -04:00,  FINAL,   43.0623436,  -70.8116531,   198.7, 30.00,   194.0,  27.5,  83.84,  86.23, -662.34,  -4.77, -12.10,  -0.01,   0.10, 359.8,   5.9,  27.7,  28.8,   1.7,  20.04,  17.94,    10.16,  183.76,   52.60,  12.46, 2313.6,    0.24,  276.73,  282.11,  268.33,  270.95,  259.25,  255.97, 1177.40, 1243.40, 1181.94, 1205.61, 1210.84, 1218.91, 1197.84, 1193.34,   104.6,  85,  GPS,  344.0, 116.50, 115.60, 128.400, 120.950,  0.694,       ,  11.78, -92.9,    0.9,  161.1,  -14.9,      0,  NONE,   NONE,      ,      , -637.8, 3DDiff,  556,      ,     12,   9.0,     17
2018-08-27, 17:57:23,  -04:00,  FINAL,   43.0627327,  -70.8117599,   189.7, 30.00,   184.0,  27.5,  84.28,  85.67, -633.67,  -5.15, -12.54,   0.02,  -0.09, 357.6,   3.3,  27.7,  28.8,   1.7,  20.05,  17.95,    10.15,  183.74,   52.74,  12.44, 2314.1,    0.24,  276.29,  281.77,  267.97,  270.64,  258.87,  255.85, 1178.86, 1242.60, 1183.92, 1205.53, 1211.99, 1219.70, 1197.72, 1195.54,    94.6,  85,  GPS,  344.0, 116.50, 115.60, 128.400, 120.950,  0.574,       ,  11.72, -93.9,    0.9,  161.7,  -14.9,      0,  NONE,   NONE,      ,      , -590.6, 3DDiff,  556,      ,     12,   9.0,     17
2018-08-27, 17:57:24,  -04:00,  FINAL,   43.0631142,  -70.8118973,   180.7, 30.00,   173.2,  27.5,  82.26,  85.04, -609.43,  -4.60, -12.10,  -0.01,   0.09, 354.9,   0.6,  27.7,  28.8,   1.7,  20.02,  18.01,    10.11,  183.74,   52.59,  12.50, 2303.3,    0.24,  275.86,  281.43,  267.64,  270.32,  258.51,  255.67, 1180.09, 1241.49, 1184.29, 1205.03, 1213.88, 1220.71, 1197.35, 1196.53,    83.7,  83,  GPS,  344.0, 116.50, 115.60, 128.400, 120.950,  0.468,       ,  11.64, -94.9,    0.9,  162.2,  -14.9,      0,  NONE,   NONE,      ,      , -637.8, 3DDiff,  556,      ,     12,   9.5,     18
2018-08-27, 17:57:25,  -04:00,  FINAL,   43.0634842,  -70.8120575,   170.7, 30.00,   164.0,  27.5,  83.39,  84.63, -579.16,  -5.34, -10.00,   0.03,  -0.04, 354.6, 357.7,  27.7,  28.8,   1.7,  20.04,  18.05,    10.10,  183.73,   52.57,  12.55, 2298.7,    0.24,  275.44,  281.08,  267.31,  270.04,  258.20,  255.52, 1179.45, 1242.16, 1185.36, 1206.16, 1214.31, 1223.04, 1198.88, 1196.67,    74.6,  84,  GPS,  344.0, 116.50, 115.60, 128.400, 120.950,  0.386,       ,  11.55, -95.9,    0.9,  162.6,  -14.9,      0,  NONE,   NONE,      ,      , -551.2, 3DDiff,  556,      ,     12,   9.5,     18
2018-08-27, 17:57:26,  -04:00,  FINAL,   43.0638542,  -70.8122253,   160.7, 30.00,   154.6,  27.5,  83.49,  84.11, -591.03,  -4.95,  -8.22,   0.02,   0.06, 351.6, 355.7,  27.7,  28.8,   1.7,  20.06,  18.15,    10.10,  183.74,   52.61,  12.51, 2309.7,    0.24,  275.06,  280.77,  267.03,  269.75,  257.87,  255.37, 1180.71, 1242.59, 1186.55, 1206.45, 1215.78, 1224.14, 1199.86, 1198.77,    65.2,  84,  GPS,  344.0, 116.50, 115.60, 128.400, 120.950,  0.307,       ,  11.43, -96.9,    1.0,  162.9,  -14.9,      0,  NONE,   NONE,      ,      , -598.4, 3DDiff,  556,      ,     12,   9.5,     18
2018-08-27, 17:57:27,  -04:00,  FINAL,   43.0642166,  -70.8124161,   151.7, 30.00,   146.3,  27.5,  83.08,  83.59, -586.02,  -4.41,  -5.43,   0.00,   0.08, 349.2, 354.0,  27.7,  28.8,   1.7,  19.97,  18.15,    10.12,  183.70,   52.72,  12.50, 2308.0,    0.24,  274.66,  280.41,  266.68,  269.50,  257.55,  255.22, 1181.74, 1241.27, 1188.05, 1206.56, 1217.47, 1225.02, 1200.17, 1199.62,    56.8,  84,  GPS,  344.0, 116.50, 115.60, 128.400, 120.950,  0.244,       ,  11.28, -97.8,    1.0,  163.1,  -14.9,      0,  NONE,   NONE,      ,      , -570.9, 3DDiff,  556,      ,     12,   9.0,     17
2018-08-27, 17:57:28,  -04:00,  FINAL,   43.0645714,  -70.8126144,   142.7, 30.00,   139.5,  27.5,  84.06,  83.10, -562.70,  -4.84,  -4.21,   0.00,  -0.06, 347.4, 352.8,  27.7,  28.8,   1.7,  19.95,  18.21,     9.80,  183.68,   52.59,  11.85, 2285.5,    0.22,  274.31,  280.14,  266.46,  269.26,  257.27,  255.11, 1181.47, 1242.20, 1187.71, 1206.94, 1217.89, 1227.52, 1200.69, 1198.66,    50.1,  85,  GPS,  344.0, 116.50, 115.60, 128.400, 120.950,  0.186,       ,  11.11, -98.7,    1.0,  163.4,  -14.9,      0,  NONE,   NONE,      ,      , -460.6, 3DDiff,  556,      ,     12,   9.0,     17
2018-08-27, 17:57:29,  -04:00,  FINAL,   43.0649223,  -70.8128204,   135.7, 30.00,   131.3,  27.5,  82.25,  82.38, -529.91,  -5.25,  -5.66,  -0.01,  -0.08, 345.7, 351.6,  27.7,  28.8,   1.7,  19.87,  18.29,     9.23,  183.66,   52.14,  11.59, 2212.6,    0.20,  273.92,  279.86,  266.19,  269.04,  257.00,  255.01, 1180.41, 1246.04, 1188.05, 1208.45, 1219.76, 1229.81, 1202.75, 1196.75,    41.8,  83,  GPS,  344.0, 116.50, 115.60, 128.400, 120.950,  0.132,       ,  10.93, -99.5,    1.0,  163.5,  -14.9,      0,  NONE,   NONE,      ,      , -503.9, 3DDiff,  556,      ,     12,   9.0,     17
2018-08-27, 17:57:30,  -04:00,  FINAL,   43.0652695,  -70.8130341,   127.7, 30.00,   121.8,  27.5,  80.91,  81.78, -497.16,  -4.91,  -7.73,  -0.01,   0.08, 345.5, 350.3,  27.7,  28.8,   1.7,  19.93,  18.30,     8.95,  183.62,   51.96,  11.76, 2185.1,    0.20,  273.60,  279.58,  265.92,  268.80,  256.73,  254.87, 1178.37, 1246.79, 1187.61, 1209.03, 1221.15, 1228.42, 1202.48, 1194.52,    32.3,  82,  GPS,  344.0, 116.50, 115.60, 128.400, 120.950,  0.086,       ,  10.75, -100.4,    1.0,  163.7,  -14.9,      0,  NONE,   NONE,      ,      , -574.8, 3DDiff,  556,      ,     12,   9.5,     18
2018-08-27, 17:57:31,  -04:00,  FINAL,   43.0656052,  -70.8132553,   117.7, 30.00,   112.9,  27.8,  81.85,  81.29, -518.25,  -4.04,  -6.13,   0.01,   0.00, 344.7, 348.7,  27.7,  28.8,   1.7,  19.92,  18.33,     8.86,  183.57,   51.91,  11.75, 2190.6,    0.21,  273.24,  279.29,  265.64,  268.59,  256.48,  254.75, 1176.56, 1245.41, 1188.41, 1208.96, 1221.58, 1229.07, 1201.45, 1193.56,    23.5,  83,  GPS,  344.0, 116.50, 115.60, 128.400, 120.950,  0.052,       ,  10.58, -101.2,    1.1,  163.8,  -14.9,      0,  NONE,   NONE,      ,      , -543.3, 3DDiff,  556,      ,     12,   9.5,     18
2018-08-27, 17:57:32,  -04:00,  FINAL,   43.0659332,  -70.8134995,   108.7, 30.00,   104.4,  27.8,  81.09,  80.57, -543.99,  -3.22,  -7.05,   0.01,   0.03, 343.4, 347.1,  27.7,  28.8,   1.8,  19.84,  18.42,     9.07,  183.54,   51.92,  12.26, 2217.2,    0.22,  272.91,  279.05,  265.40,  268.36,  256.22,  254.65, 1176.41, 1246.57, 1188.65, 1207.77, 1222.85, 1229.42, 1201.26, 1193.61,    14.9,  82,  GPS,  344.0, 116.50, 115.60, 128.400, 120.950,  0.029,       ,  10.39, -102.1,    1.1,  163.9,  -14.9,      0,  NONE,   NONE,      ,      , -472.4, 3DDiff,  556,      ,     12,   9.5,     18
2018-08-27, 17:57:33,  -04:00,  FINAL,   43.0662575,  -70.8137436,   101.7, 30.00,    96.6,  27.8,  79.72,  79.91, -507.97,  -2.44,  -4.16,   0.00,   0.06, 342.5, 345.8,  27.7,  28.8,   1.8,  19.75,  18.49,     9.32,  183.54,   52.09,  12.38, 2227.5,    0.23,  272.60,  278.78,  265.11,  268.13,  255.95,  254.54, 1176.21, 1246.04, 1189.11, 1206.67, 1222.02, 1228.82, 1201.25, 1193.83,     7.1,  80,  GPS,  344.0, 116.50, 115.60, 128.400, 120.950,  0.016,       ,  10.19, -102.9,    1.1,  163.9,  -14.9,      0,  NONE,   NONE,      ,      , -385.8, 3DDiff,  556,      ,     12,   9.0,     17
2018-08-27, 17:57:34,  -04:00,  FINAL,   43.0665779,  -70.8139877,    94.7, 30.00,    91.2,  27.8,  77.82,  79.21, -469.07,  -1.68,  -1.55,   0.01,   0.04, 342.2, 344.9,  27.7,  28.8,   1.8,  19.70,  18.59,     9.32,  183.52,   52.09,  12.47, 2212.3,    0.23,  272.27,  278.59,  264.90,  267.91,  255.73,  254.49, 1176.43, 1245.34, 1189.18, 1206.30, 1220.07, 1226.54, 1200.63, 1194.02,     1.8,  78,  GPS,  344.0, 116.50, 115.60, 128.400, 120.950,  0.012,       ,   9.98, -103.6,    1.1,  163.9,  -14.9,      0,  NONE,   NONE,      ,      , -287.4, 3DDiff,  556,      ,     12,   9.0,     17
2018-08-27, 17:57:35,  -04:00,  FINAL,   43.0668869,  -70.8142319,    87.7, 30.00,    87.7,  27.8,  77.10,  78.43, -436.12,  -0.87,  -2.48,   0.04,   0.07, 342.4, 344.5,  27.7,  28.8,   1.7,  19.68,  18.67,     8.84,  183.50,   51.86,  11.69, 2147.9,    0.20,  271.99,  278.35,  264.66,  267.73,  255.52,  254.42, 1175.59, 1245.27, 1188.09, 1205.82, 1219.13, 1226.80, 1200.35, 1192.54,    -1.7,  78,  GPS,  344.0, 116.50, 115.60, 128.400, 120.950,  0.006,       ,   9.75, -104.4,    1.2,  163.9,  -14.9,      0,  NONE,   NONE,      ,      , -200.8, 3DDiff,  556,      ,     12,   9.0,     17
2018-08-27, 17:57:36,  -04:00,  FINAL,   43.0671997,  -70.8144836,    80.7, 30.00,    85.6,  27.8,  74.57,  77.46, -408.45,  -0.51,  -1.49,   0.01,   0.01, 342.8, 344.1,  27.7,  28.8,   1.7,  19.65,  18.73,     8.30,  183.49,   51.36,  11.66, 2066.1,    0.19,  271.67,  278.09,  264.45,  267.52,  255.29,  254.35, 1173.63, 1246.61, 1188.58, 1207.76, 1220.24, 1227.77, 1200.29, 1190.81,    -3.9,  75,  GPS,  344.0, 116.50, 115.60, 128.400, 120.950,  0.006,       ,   9.50, -105.2,    1.2,  163.9,  -14.9,      0,  NONE,   NONE,      ,      , -126.0, 3DDiff,  556,      ,     12,   9.0,     17
2018-08-27, 17:57:37,  -04:00,  FINAL,   43.0674973,  -70.8147354,    75.7, 30.00,    84.3,  27.8,  73.46,  76.20, -349.27,  -0.18,  -0.68,   0.01,   0.02, 342.0, 343.9,  27.7,  28.8,   1.7,  19.60,  18.86,     7.67,  183.47,   50.35,  11.01, 1908.8,    0.15,  271.43,  277.90,  264.26,  267.33,  255.08,  254.29, 1171.17, 1253.41, 1185.15, 1211.67, 1220.17, 1233.11, 1204.29, 1186.17,    -5.2,  73,  GPS,  344.0, 116.50, 115.60, 128.400, 120.950,  0.006,       ,   9.22, -106.1,    1.2,  163.9,  -14.9,      0,  NONE,   NONE,      ,      , -70.9, 3DDiff,  556,      ,     12,   9.5,     18
2018-08-27, 17:57:38,  -04:00,  FINAL,   43.0677910,  -70.8149796,    71.7, 30.00,    84.0,  27.8,  72.03,  74.68, -273.21,   0.22,  -0.89,   0.02,  -0.02, 342.4, 344.0,  27.7,  28.8,   1.7,  19.55,  18.93,     6.43,  183.50,   49.08,  10.22, 1760.4,    0.12,  271.13,  277.66,  264.00,  267.12,  254.89,  254.18, 1168.52, 1255.39, 1184.76, 1216.84, 1231.80, 1234.36, 1206.24, 1184.30,    -5.4,  72,  GPS,  344.0, 116.50, 115.60, 128.400, 120.950,  0.009,       ,   8.92, -107.2,    1.2,  163.9,  -14.9,      0,  NONE,   NONE,      ,      , -55.1, 3DDiff,  556,      ,     12,   9.5,     18
2018-08-27, 17:57:39,  -04:00,  FINAL,   43.0680847,  -70.8152084,    71.7, 30.00,    84.5,  28.0,  70.17,  72.93, -183.87,   0.27,  -2.42,   0.04,  -0.00, 343.0, 344.0,  27.7,  28.8,   1.8,  19.45,  19.02,     5.25,  183.49,   47.38,   9.86, 1597.7,    0.09,  270.89,  277.45,  263.79,  266.92,  254.68,  254.05, 1157.52, 1235.40, 1154.50, 1187.89, 1212.08, 1185.96, 1184.75, 1159.03,    -5.0,  70,  GPS,  344.0, 116.50, 115.60, 128.400, 120.950,  0.004,       ,   8.59, -108.3,    1.2,  163.9,  -14.9,      0,  NONE,   NONE,      ,      , -35.4, 3DDiff,  556,      ,     12,   9.0,     17
2018-08-27, 17:57:40,  -04:00,  FINAL,   43.0683670,  -70.8154373,    69.7, 30.00,    83.9,  28.0,  70.11,  70.85, -120.29,   2.07,  -0.23,   0.02,   0.03, 342.3, 344.0,  27.7,  28.8,   1.8,  19.35,  19.17,     4.19,  183.51,   45.09,   9.88, 1412.7,    0.07,  270.64,  277.18,  263.54,  266.71,  254.42,  253.88, 1128.51, 1180.51, 1090.58, 1118.64, 1131.96, 1110.41, 1135.45, 1109.74,    -5.5,  70,  GPS,  344.0, 116.50, 115.60, 128.400, 120.950,  0.004,       ,   8.25, -109.6,    1.3,  163.9,  -14.9,      0,  NONE,   NONE,      ,      , -66.9, 3DDiff,  556,      ,     12,   9.0,     17
2018-08-27, 17:57:41,  -04:00,  FINAL,   43.0686378,  -70.8156586,    64.7, 30.00,    83.2,  28.0,  65.39,  68.89, -139.52,   2.76,  -2.04,   0.03,   0.02, 342.2, 344.2,  27.7,  28.8,   1.8,  19.26,  19.32,     3.61,  183.55,   41.34,  10.77, 1274.9,    0.07,  270.38,  276.89,  263.22,  266.46,  254.16,  253.58, 1081.56, 1134.84, 1035.25, 1057.84, 1052.58, 1042.38, 1093.39, 1062.89,    -6.2,  64,  GPS,  344.0, 116.50, 115.60, 128.400, 120.950,  0.003,       ,   7.89, -111.0,    1.3,  164.0,  -14.9,      0,  NONE,   NONE,      ,      , -51.2, 3DDiff,  556,      ,     12,   9.5,     17
2018-08-27, 17:57:42,  -04:00,  FINAL,   43.0689049,  -70.8158798,    62.7, 30.00,    82.6,  28.0,  63.32,  66.93, -123.06,   2.50,  -0.30,   0.01,   0.08, 342.5, 344.2,  27.7,  28.8,   1.9,  19.19,  19.45,     3.33,  183.56,   38.07,  11.18, 1214.8,    0.07,  270.14,  276.64,  262.93,  266.17,  253.88,  253.31, 1056.09, 1094.19, 1000.00, 1029.89, 1006.66,  988.24, 1058.29, 1029.76,    -6.9,  62,  GPS,  344.0, 116.50, 115.60, 128.400, 120.950,  0.004,       ,   7.53, -112.5,    1.3,  163.9,  -14.9,      0,  NONE,   NONE,      ,      , -43.3, 3DDiff,  556,      ,     12,   9.5,     17
2018-08-27, 17:57:43,  -04:00,  FINAL,   43.0691605,  -70.8160858,    63.7, 30.00,    82.7,  28.0,  61.07,  64.71,  -50.68,   3.60,  -0.71,   0.02,   0.03, 343.2, 344.1,  27.7,  28.8,   1.9,  19.09,  19.44,     3.17,  183.57,   35.64,  11.35, 1171.1,    0.07,  269.89,  276.35,  262.59,  265.89,  253.56,  252.98, 1038.59, 1070.16,  970.74, 1005.55,  961.71,  943.27, 1033.02, 1004.17,    -6.8,  60,  GPS,  344.0, 116.50, 115.60, 128.400, 120.950,  0.001,       ,   7.17, -114.3,    1.3,  164.0,  -14.9,      0,  NONE,   NONE,      ,      ,  -3.9, 3DDiff,  556,      ,     12,  10.0,     18
2018-08-27, 17:57:44,  -04:00,  FINAL,   43.0694122,  -70.8162918,    64.7, 30.00,    81.5,  28.2,  59.71,  62.84,   -2.04,   2.23,  -0.09,  -0.02,  -0.03, 342.3, 344.2,  27.7,  28.8,   1.9,  19.06,  19.53,     3.08,  183.60,   34.17,  11.45, 1147.9,    0.07,  269.68,  276.04,  262.26,  265.59,  253.25,  252.64, 1020.19, 1048.28,  942.88,  978.85,  928.49,  913.85, 1010.15,  980.72,    -7.9,  58,  GPS,  344.0, 116.50, 115.60, 128.400, 120.950,  0.002,       ,   6.81, -116.5,    1.3,  164.0,  -14.9,      0,  NONE,   NONE,      ,      , -19.7, 3DDiff,  556,      ,     12,  10.0,     17
2018-08-27, 17:57:45,  -04:00,  FINAL,   43.0696487,  -70.8164902,    66.7, 30.00,    81.4,  28.2,  57.21,  61.10,   27.05,   1.79,  -0.12,   0.03,  -0.15, 342.0, 343.7,  27.7,  28.8,   1.9,  19.07,  19.47,     3.01,  183.60,   32.53,  11.73, 1109.5,    0.07,  269.41,  275.71,  261.88,  265.27,  252.92,  252.26, 1006.05, 1032.09,  919.77,  962.25,  897.18,  893.50,  994.11,  960.24,    -8.0,  56,  GPS,  344.0, 116.50, 115.60, 128.400, 120.950, -0.001,       ,   6.46, -119.1,    1.4,  164.0,  -14.9,      0,  NONE,   NONE,      ,      , -11.8, 3DDiff,  556,      ,     12,   9.5,     17
2018-08-27, 17:57:46,  -04:00,  FINAL,   43.0698814,  -70.8166809,    66.7, 30.00,    80.6,  28.2,  56.89,  59.42,   13.20,   1.43,  -0.25,   0.04,  -0.01, 343.6, 343.6,  27.7,  28.8,   1.9,  19.21,  19.44,     2.98,  183.61,   31.69,  11.82, 1094.0,    0.06,  269.20,  275.38,  261.51,  264.96,  252.56,  251.88,  997.03, 1016.79,  902.28,  945.66,  880.08,  872.37,  976.80,  945.63,    -8.8,  55,  GPS,  344.0, 116.50, 115.60, 128.400, 120.950,  0.004,       ,   6.13, -122.1,    1.4,  163.9,  -14.9,      0,  NONE,   NONE,      ,      , -15.7, 3DDiff,  556,      ,     12,   9.5,     17
2018-08-27, 17:57:47,  -04:00,  FINAL,   43.0701141,  -70.8168640,    66.7, 30.00,    80.4,  28.2,  55.44,  57.83,    5.76,   1.97,  -0.46,   0.01,  -0.06, 343.6, 344.4,  27.7,  28.8,   1.9,  19.12,  19.59,     2.95,  183.59,   30.90,  11.96, 1074.7,    0.06,  268.96,  275.04,  261.12,  264.60,  252.20,  251.48,  994.42,  998.40,  892.64,  925.65,  867.64,  858.72,  959.76,  936.06,    -9.1,  54,  GPS,  344.0, 116.50, 115.60, 128.400, 120.950,  0.001,       ,   5.81, -125.4,    1.4,  164.0,  -14.9,      0,  NONE,   NONE,      ,      ,  -7.9, 3DDiff,  556,      ,     12,   9.5,     17
2018-08-27, 17:57:48,  -04:00,  FINAL,   43.0703392,  -70.8170471,    67.7, 30.00,    80.2,  28.2,  54.78,  56.31,   -0.77,   1.93,  -0.18,  -0.04,  -0.04, 341.9, 344.5,  27.7,  28.8,   2.0,  19.03,  19.64,     2.93,  183.56,   30.23,  12.11, 1059.8,    0.06,  268.72,  274.68,  260.73,  264.27,  251.84,  251.12,  989.93,  979.40,  890.34,  908.05,  856.42,  845.25,  942.53,  928.13,    -9.2,  53,  GPS,  344.0, 116.50, 115.60, 128.400, 120.950,  0.001,       ,   5.52, -129.0,    1.4,  164.0,  -14.9,      0,  NONE,   NONE,      ,      ,  -7.9, 3DDiff,  556,      ,     12,   9.5,     17
2018-08-27, 17:57:49,  -04:00,  FINAL,   43.0705605,  -70.8172226,    68.7, 30.00,    80.0,  28.2,  53.06,  54.87,   -0.04,   1.54,  -0.21,   0.01,   0.06, 342.1, 343.5,  27.7,  28.8,   2.0,  19.10,  19.42,     2.88,  183.51,   29.35,  12.27, 1037.1,    0.06,  268.49,  274.34,  260.34,  263.92,  251.49,  250.74,  992.54,  970.15,  881.03,  910.18,  845.21,  834.99,  934.40,  920.70,    -9.5,  52,  GPS,  344.0, 116.50, 115.60, 128.400, 120.950, -0.000,       ,   5.25, -132.9,    1.4,  164.0,  -14.9,      0,  NONE,   NONE,      ,      , -11.8, 3DDiff,  556,      ,     12,  10.0,     18
2018-08-27, 17:57:50,  -04:00,  FINAL,   43.0707664,  -70.8174057,    69.7, 30.00,    80.4,  28.2,  51.14,  53.48,   13.83,   1.59,  -0.46,   0.05,  -0.01, 343.1, 343.5,  27.7,  28.8,   2.0,  19.24,  19.38,     2.87,  183.45,   28.31,  12.58, 1008.6,    0.06,  268.24,  273.96,  259.98,  263.56,  251.15,  250.37,  989.50,  969.16,  870.27,  897.89,  834.92,  826.68,  926.34,  912.95,    -9.1,  50,  GPS,  344.0, 116.50, 115.60, 128.400, 120.950,  0.005,       ,   5.01, -136.9,    1.4,  163.9,  -14.9,      0,  NONE,   NONE,      ,      , -11.8, 3DDiff,  556,      ,     12,  10.0,     18
2018-08-27, 17:57:51,  -04:00,  FINAL,   43.0709763,  -70.8175659,    70.7, 30.00,    79.8,  28.5,  50.01,  52.13,    1.78,   1.43,  -0.69,   0.06,   0.02, 343.9, 344.1,  27.7,  28.8,   2.0,  19.20,  19.45,     2.88,  183.36,   27.86,  12.62, 1004.4,    0.06,  268.02,  273.61,  259.59,  263.22,  250.80,  249.98,  986.51,  963.27,  867.49,  885.52,  838.67,  817.59,  916.80,  910.16,    -9.6,  49,  GPS,  344.0, 116.50, 115.60, 128.400, 120.950,  0.001,       ,   4.80, -141.1,    1.4,  164.0,  -14.9,      0,  NONE,   NONE,      ,      , -11.8, 3DDiff,  556,      ,     12,   9.5,     17
2018-08-27, 17:57:52,  -04:00,  FINAL,   43.0711784,  -70.8177338,    72.7, 30.00,    80.1,  28.5,  48.81,  50.89,   16.71,   1.56,  -0.33,  -0.03,  -0.05, 342.5, 344.7,  27.7,  28.8,   2.0,  19.04,  19.57,     2.90,  183.25,   27.26,  12.76,  984.2,    0.06,  267.78,  273.20,  259.20,  262.86,  250.46,  249.57,  984.48,  955.51,  859.70,  882.03,  858.61,  814.65,  909.29,  907.53,    -9.3,  47,  GPS,  344.0, 116.50, 115.60, 128.400, 120.950, -0.000,       ,   4.62, -145.3,    1.5,  164.0,  -14.9,      0,  NONE,   NONE,      ,      , -11.8, 3DDiff,  556,      ,     12,   9.5,     17
2018-08-27, 17:57:53,  -04:00,  FINAL,   43.0713730,  -70.8178864,    73.7, 30.00,    80.0,  28.5,  47.67,  49.86,   43.94,   1.64,  -0.21,   0.04,   0.02, 343.0, 343.9,  27.7,  28.8,   2.0,  19.12,  19.47,     2.86,  183.17,   26.87,  12.81,  980.7,    0.06,  267.55,  272.88,  258.86,  262.55,  250.11,  249.23,  981.85,  951.34,  855.07,  875.51,  854.33,  813.64,  904.24,  902.65,    -9.5,  46,  GPS,  344.0, 116.50, 115.60, 128.400, 120.950, -0.001,       ,   4.47, -149.7,    1.5,  164.0,  -14.9,      0,  NONE,   NONE,      ,      , -11.8, 3DDiff,  556,      ,     12,   9.5,     17
2018-08-27, 17:57:54,  -04:00,  FINAL,   43.0715714,  -70.8180542,    75.7, 30.00,    79.8,  28.5,  46.84,  48.93,   51.43,   1.59,  -0.13,  -0.04,   0.02, 342.3, 344.2,  27.7,  28.8,   2.0,  19.10,  19.54,     2.86,  183.09,   26.74,  12.81,  984.7,    0.06,  267.31,  272.49,  258.47,  262.17,  249.79,  248.87,  978.47,  946.23,  857.13,  868.02,  853.40,  807.12,  897.38,  900.30,    -9.6,  46,  GPS,  344.0, 116.50, 115.60, 128.400, 120.950, -0.000,       ,   4.34, -154.0,    1.5,  164.0,  -14.9,      0,  NONE,   NONE,      ,      , -11.8, 3DDiff,  556,      ,     12,   9.5,     17
2018-08-27, 17:57:55,  -04:00,  FINAL,   43.0717583,  -70.8181992,    75.7, 30.00,    79.6,  28.5,  47.43,  48.01,   46.77,   1.64,  -0.27,   0.02,   0.00, 342.2, 343.6,  27.7,  28.8,   2.0,  19.19,  19.39,     2.85,  182.99,   26.61,  12.87,  976.4,    0.06,  267.07,  272.14,  258.14,  261.82,  249.47,  248.54,  975.33,  941.48,  858.21,  864.70,  842.12,  803.45,  891.85,  896.52,    -9.8,  46,  GPS,  344.0, 116.50, 115.60, 128.400, 120.950, -0.002,       ,   4.25, -158.3,    1.5,  164.0,  -14.9,      0,  NONE,   NONE,      ,      ,  -7.9, 3DDiff,  556,      ,     12,  10.0,     18
2018-08-27, 17:57:56,  -04:00,  FINAL,   43.0719452,  -70.8183594,    76.7, 30.00,    79.0,  28.5,  46.61,  46.77,   32.98,   1.26,  -0.44,  -0.00,  -0.01, 342.3, 343.7,  27.7,  28.8,   2.0,  19.28,  19.38,     2.86,  182.92,   26.35,  12.96,  965.4,    0.06,  266.82,  271.80,  257.75,  261.48,  249.12,  248.18,  970.00,  937.73,  850.92,  852.57,  842.11,  792.97,  884.96,  891.54,   -10.4,  45,  GPS,  344.0, 116.50, 115.60, 128.400, 120.950,  0.000,       ,   4.17, -162.3,    1.5,  164.0,  -14.9,      0,  NONE,   NONE,      ,      , -11.8, 3DDiff,  556,      ,     12,  10.0,     18
2018-08-27, 17:57:57,  -04:00,  FINAL,   43.0721245,  -70.8185043,    77.7, 30.00,    78.9,  28.5,  44.52,  45.29,   32.07,   1.01,  -0.41,   0.05,  -0.03, 342.6, 343.6,  27.7,  28.8,   1.9,  19.23,  19.31,     2.83,  182.81,   25.92,  13.03,  949.3,    0.06,  266.61,  271.39,  257.38,  261.15,  248.81,  247.83,  965.83,  933.60,  843.87,  847.30,  857.90,  790.21,  881.01,  889.21,   -10.5,  43,  GPS,  344.0, 116.50, 115.60, 128.400, 120.950, -0.001,       ,   4.11, -166.1,    1.5,  164.0,  -14.9,      0,  NONE,   NONE,      ,      ,  -7.9, 3DDiff,  556,      ,     12,   9.5,     17
2018-08-27, 17:57:58,  -04:00,  FINAL,   43.0722923,  -70.8186493,    78.7, 30.00,    78.1,  28.5,  43.06,  43.66,   17.05,   1.08,  -0.26,   0.04,  -0.00, 343.0, 344.2,  27.7,  28.8,   1.9,  19.18,  19.33,     2.82,  182.68,   25.40,  13.22,  937.9,    0.06,  266.35,  271.09,  257.09,  260.81,  248.51,  247.52,  961.82,  928.44,  844.91,  840.51,  855.15,  785.99,  874.68,  886.40,   -11.4,  42,  GPS,  344.0, 116.50, 115.60, 128.400, 120.950,  0.001,       ,   4.06, -169.6,    1.5,  164.0,  -14.9,      0,  NONE,   NONE,      ,      , -11.8, 3DDiff,  556,      ,     12,   9.5,     17
2018-08-27, 17:57:59,  -04:00,  FINAL,   43.0724640,  -70.8187866,    78.7, 30.00,    77.8,  28.5,  41.09,  42.06,    6.99,   1.07,  -0.29,   0.03,   0.01, 342.8, 344.4,  27.7,  28.8,   1.9,  19.11,  19.28,     2.80,  182.54,   24.72,  13.46,  914.9,    0.06,  266.13,  270.74,  256.75,  260.48,  248.18,  247.21,  957.23,  925.85,  843.77,  836.56,  852.76,  780.96,  870.83,  881.88,   -11.6,  40,  GPS,  344.0, 116.50, 115.60, 128.400, 120.950, -0.001,       ,   4.02, -172.9,    1.5,  164.0,  -14.9,      0,  NONE,   NONE,      ,      ,  -7.9, 3DDiff,  556,      ,     12,   9.5,     17
2018-08-27, 17:58:00,  -04:00,  FINAL,   43.0726204,  -70.8189163,    79.7, 30.00,    77.6,  28.5,  39.75,  40.49,    0.30,   0.96,  -0.22,  -0.01,   0.02, 342.3, 344.5,  27.7,  28.8,   1.9,  19.07,  19.24,     2.80,  182.40,   24.18,  13.58,  900.9,    0.06,  265.92,  270.41,  256.43,  260.15,  247.90,  246.87,  953.35,  915.56,  854.54,  837.26,  846.46,  784.79,  864.70,  881.36,   -11.8,  39,  GPS,  344.0, 116.50, 115.60, 128.400, 120.950,  0.000,       ,   3.97, -175.9,    1.6,  164.0,  -14.9,      0,  NONE,   NONE,      ,      ,  -7.9, 3DDiff,  556,      ,     12,   9.5,     17
2018-08-27, 17:58:01,  -04:00,  FINAL,   43.0727768,  -70.8190384,    79.7, 30.00,    77.4,  28.5,  38.67,  38.97,   -3.61,   0.44,  -0.23,  -0.02,   0.02, 341.9, 343.9,  27.7,  28.8,   1.9,  19.00,  19.03,     2.79,  182.23,   23.52,  13.83,  883.1,    0.06,  265.70,  270.08,  256.08,  259.83,  247.59,  246.55,  949.53,  918.94,  852.26,  841.68,  845.43,  787.72,  866.97,  878.56,   -12.1,  38,  GPS,  344.0, 116.50, 115.60, 128.400, 120.950, -0.003,       ,   3.94, -178.6,    1.6,  164.0,  -14.9,      0,  NONE,   NONE,      ,      ,  -7.9, 3DDiff,  556,      ,     12,  10.0,     18
2018-08-27, 17:58:02,  -04:00,  FINAL,   43.0729218,  -70.8191605,    80.7, 30.00,    77.7,  28.8,  36.17,  37.21,  -15.30,   0.74,  -0.20,   0.04,  -0.00, 341.8, 343.6,  27.7,  28.8,   1.9,  19.00,  18.90,     2.77,  182.06,   23.01,  14.08,  865.8,    0.06,  265.46,  269.68,  255.74,  259.52,  247.29,  246.23,  944.40,  926.56,  847.48,  842.49,  846.22,  798.23,  869.32,  875.66,   -11.7,  35,  GPS,  344.0, 116.50, 115.60, 128.400, 120.950,  0.000,       ,   3.90, 179.0,    1.6,  164.0,  -14.9,      0,  NONE,   NONE,      ,      ,  -7.9, 3DDiff,  556,      ,     12,  10.0,     18
2018-08-27, 17:58:03,  -04:00,  FINAL,   43.0730667,  -70.8192673,    80.7, 30.00,    78.4,  28.8,  34.97,  35.63,   -8.65,   0.94,   0.10,  -0.02,  -0.05, 341.7, 343.9,  27.7,  28.8,   1.9,  19.03,  18.80,     2.77,  181.93,   22.69,  14.18,  864.6,    0.06,  265.23,  269.41,  255.47,  259.19,  247.01,  245.96,  941.50,  918.06,  851.89,  835.68,  854.70,  801.50,  862.87,  876.40,   -11.1,  34,  GPS,  344.0, 116.50, 115.60, 128.400, 120.950, -0.005,       ,   3.86, 176.8,    1.6,  164.0,  -14.9,      0,  NONE,   NONE,      ,      ,  -7.9, 3DDiff,  556,      ,     12,   9.5,     17
2018-08-27, 17:58:04,  -04:00,  FINAL,   43.0732002,  -70.8193817,    81.7, 30.00,    78.8,  28.8,  33.37,  34.35,   -6.27,   0.86,   0.02,  -0.02,   0.01, 341.4, 343.6,  27.7,  28.8,   1.9,  19.04,  18.70,     2.76,  181.79,   22.26,  14.37,  851.7,    0.06,  265.05,  269.08,  255.17,  258.89,  246.71,  245.67,  938.85,  907.17,  859.51,  835.27,  858.44,  808.93,  858.09,  877.25,   -10.6,  32,  GPS,  344.0, 116.50, 115.60, 128.400, 120.950, -0.000,       ,   3.82, 174.9,    1.6,  164.0,  -14.9,      0,  NONE,   NONE,      ,      , -11.8, 3DDiff,  556,      ,     12,   9.5,     17
2018-08-27, 17:58:05,  -04:00,  FINAL,   43.0733299,  -70.8194962,    81.7, 30.00,    78.9,  28.8,  31.55,  33.10,  -12.74,   0.78,  -0.16,   0.03,   0.02, 341.4, 343.6,  27.7,  28.8,   1.8,  19.04,  18.55,     2.74,  181.64,   21.71,  14.63,  833.2,    0.06,  264.83,  268.76,  254.87,  258.59,  246.44,  245.41,  936.04,  893.52,  852.89,  829.30,  857.17,  805.86,  850.40,  872.78,   -10.6,  31,  GPS,  344.0, 116.50, 115.60, 128.400, 120.950,  0.000,       ,   3.77, 173.3,    1.6,  164.0,  -14.9,      0,  NONE,   NONE,      ,      ,  -7.9, 3DDiff,  556,      ,     12,   9.5,     17
2018-08-27, 17:58:06,  -04:00,  FINAL,   43.0734558,  -70.8195953,    82.7, 30.00,    78.9,  28.8,  30.05,  31.84,   -9.68,   0.86,  -0.35,   0.01,   0.04, 341.8, 343.6,  27.7,  28.8,   1.8,  19.09,  18.48,     2.70,  181.54,   21.10,  14.97,  817.3,    0.06,  264.63,  268.45,  254.57,  258.29,  246.19,  245.12,  932.58,  882.53,  846.25,  824.23,  860.26,  802.76,  843.20,  869.66,   -10.5,  29,  GPS,  344.0, 116.50, 115.60, 128.400, 120.950,  0.001,       ,   3.72, 171.8,    1.6,  164.0,  -14.9,      0,  NONE,   NONE,      ,      ,  -7.9, 3DDiff,  556,      ,     12,   9.5,     17
2018-08-27, 17:58:07,  -04:00,  FINAL,   43.0735741,  -70.8196945,    82.7, 30.00,    79.0,  28.8,  28.79,  30.15,   -9.76,   1.38,  -0.33,   0.02,   0.00, 342.4, 344.2,  27.7,  28.8,   1.8,  19.00,  18.48,     2.70,  181.44,   20.70,  15.07,  809.3,    0.06,  264.42,  268.15,  254.30,  258.02,  245.91,  244.86,  928.61,  886.88,  842.18,  816.84,  863.53,  799.57,  840.88,  867.65,   -10.5,  28,  GPS,  344.0, 116.50, 115.60, 128.400, 120.950, -0.000,       ,   3.67, 170.5,    1.6,  164.0,  -14.9,      0,  NONE,   NONE,      ,      ,  -3.9, 3DDiff,  556,      ,     12,   9.5,     18
2018-08-27, 17:58:08,  -04:00,  FINAL,   43.0736885,  -70.8197861,    82.7, 30.00,    78.2,  28.8,  28.59,  28.28,   -0.49,   1.20,  -0.38,  -0.02,   0.03, 342.8, 344.7,  27.7,  28.8,   1.9,  18.96,  18.51,     2.69,  181.34,   20.19,  15.32,  796.1,    0.06,  264.24,  267.82,  254.00,  257.74,  245.66,  244.58,  926.40,  890.55,  847.50,  811.76,  874.88,  803.16,  840.54,  870.07,   -11.3,  28,  GPS,  344.0, 116.50, 115.60, 128.400, 120.950,  0.002,       ,       ,      ,    1.6,  164.0,  -14.9,      0,  NONE,   NONE,      ,      ,  -7.9, 3DDiff,  556,      ,     12,   9.5,     18
2018-08-27, 17:58:09,  -04:00,  FINAL,   43.0737915,  -70.8198700,    83.7, 30.00,    76.7,  28.8,  26.68,  26.53,   -0.01,   1.01,   0.01,   0.02,  -0.00, 344.7, 345.2,  27.7,  28.8,   2.0,  18.88,  18.50,     2.69,  181.28,   20.16,  15.30,  798.6,    0.06,  264.03,  267.58,  253.76,  257.45,  245.39,  244.35,  925.03,  890.79,  850.88,  807.67,  876.42,  802.33,  840.21,  870.56,   -12.8,  26,  GPS,  344.0, 116.50, 115.60, 128.400, 120.950, -0.001,       ,       ,      ,    1.6,  164.0,  -14.9,      0,  NONE,   NONE,      ,      ,  -3.9, 3DDiff,  556,      ,     12,   9.5,     17
2018-08-27, 17:58:10,  -04:00,  FINAL,   43.0738945,  -70.8199387,    84.7, 30.00,    75.9,  28.8,  25.56,  25.13,    3.65,   0.92,   0.44,   0.01,  -0.00, 346.2, 347.1,  27.7,  28.8,   1.9,  18.77,  18.65,     2.69,  181.22,   19.98,  15.47,  788.6,    0.06,  263.85,  267.28,  253.52,  257.20,  245.18,  244.08,  923.44,  882.62,  861.77,  798.95,  870.30,  795.92,  833.65,  872.23,   -13.5,  25,  GPS,  344.0, 116.50, 115.60, 128.400, 120.950, -0.011,       ,       ,      ,    1.6,  164.0,  -14.9,      0,  NONE,   NONE,      ,      ,  -3.9, 3DDiff,  556,      ,     12,   9.5,     17
2018-08-27, 17:58:11,  -04:00,  FINAL,   43.0739937,  -70.8200073,    84.7, 30.00,    75.7,  28.8,  24.69,  23.73,    5.37,   0.49,   0.59,   0.12,  -0.02, 350.0, 348.8,  27.7,  28.8,   1.9,  18.63,  18.75,     2.66,  181.19,   19.66,  15.58,  783.1,    0.06,  263.66,  267.01,  253.26,  256.94,  244.91,  243.86,  922.02,  873.52,  861.37,  791.53,  863.93,  798.41,  827.93,  871.47,   -13.8,  24,  GPS,  344.0, 116.50, 115.60, 128.400, 120.950, -0.019,       ,       ,      ,    1.7,  164.0,  -14.9,      0,  NONE,   NONE,      ,      ,  -3.9, 3DDiff,  556,      ,     12,   9.5,     17
2018-08-27, 17:58:12,  -04:00,  FINAL,   43.0740852,  -70.8200531,    84.7, 30.00,    75.3,  28.8,  22.13,  22.10,    0.23,   0.44,   0.64,   0.18,   0.01, 356.8, 353.4,  27.7,  28.7,   2.0,  18.38,  19.12,     2.66,  181.18,   19.25,  15.91,  767.1,    0.06,  263.49,  266.71,  253.00,  256.70,  244.70,  243.59,  922.71,  866.86,  871.28,  788.38,  869.76,  797.95,  825.57,  876.43,   -14.2,  22,  GPS,  344.0, 116.50, 115.60, 128.400, 120.950, -0.037,       ,       ,      ,    1.7,  164.0,  -14.9,      0,  NONE,   NONE,      ,      , -11.8, 3DDiff,  556,      ,     12,   9.5,     17
2018-08-27, 17:58:13,  -04:00,  FINAL,   43.0741768,  -70.8200912,    85.7, 30.00,    74.9,  28.8,   1.89,  20.53,    0.01,   0.23,   0.49,   0.19,   0.01,   5.4,   0.5,  27.7,  28.7,   2.0,  18.00,  19.75,     2.61,  181.20,   19.00,  15.99,  759.7,    0.06,  263.31,  266.47,  252.79,  256.44,  244.47,  243.38,  921.72,  858.83,  877.26,  784.49,  879.43,  798.91,  821.44,  880.14,   -14.5,   2,  GPS,  344.0, 116.50, 115.60, 128.400, 120.950, -0.064,       ,       ,      ,    1.7,  164.1,  -14.9,      0,  NONE,   NONE,      ,      ,  -7.9, 3DDiff,  556,      ,     12,   9.5,     18
2018-08-27, 17:58:14,  -04:00,  FINAL,   43.0742683,  -70.8200912,    85.7, 30.00,    75.2,  28.8,   0.05,  19.11,   -3.02,   0.13,   0.35,   0.19,  -0.00,  15.2,   9.5,  27.6,  28.7,   1.9,  17.73,  20.60,     2.59,  181.22,   18.67,  16.13,  754.4,    0.06,  263.15,  266.22,  252.56,  256.22,  244.28,  243.15,  922.18,  853.32,  882.18,  781.70,  892.57,  803.42,  818.05,  884.09,   -14.2,   0,  GPS,  344.0, 116.50, 115.60, 128.400, 120.950, -0.112,       ,       ,      ,    1.7,  164.2,  -14.9,      0,  NONE,   NONE,      ,      , -11.8, 3DDiff,  556,      ,     12,   9.5,     18
2018-08-27, 17:58:15,  -04:00,  FINAL,   43.0743523,  -70.8200836,    85.7, 30.00,    76.4,  28.8,  -0.00,  17.79,  -14.15,   0.10,   0.63,   0.15,   0.04,  25.7,  19.7,  27.5,  28.6,   1.8,  17.50,  21.50,     2.54,  181.30,   18.44,  16.26,  747.5,    0.06,  263.00,  265.93,  252.34,  256.01,  244.10,  242.91,  921.99,  850.85,  887.17,  789.65,  902.94,  809.17,  818.55,  887.61,   -13.1,  -0,  GPS,  344.0, 116.50, 115.60, 128.400, 120.950, -0.162,       ,       ,      ,    1.7,  164.3,  -14.9,      0,  NONE,   NONE,      ,      , -19.7, 3DDiff,  556,      ,     12,   9.5,     17
2018-08-27, 17:58:16,  -04:00,  FINAL,   43.0744209,  -70.8200531,    85.7, 30.00,    76.8,  28.8,  -0.00,  16.52,  -15.94,  -0.22,   0.18,   0.18,   0.04,  36.9,  30.3,  27.5,  28.5,   1.7,  17.26,  22.44,     2.55,  181.34,   18.43,  16.21,  750.6,    0.06,  262.84,  265.74,  252.17,  255.74,  243.89,  242.73,  921.98,  844.33,  891.67,  785.55,  911.87,  799.87,  814.76,  891.05,   -12.6,  -0,  GPS,  344.0, 116.50, 115.60, 128.400, 120.950, -0.217,       ,       ,      ,    1.7,  164.4,  -14.9,      0,  NONE,   NONE,      ,      , -19.7, 3DDiff,  556,      ,     12,   9.5,     17
2018-08-27, 17:58:17,  -04:00,  FINAL,   43.0744820,  -70.8200073,    85.7, 30.00,    76.7,  28.8,   0.00,  15.18,  -17.44,  -0.31,  -0.07,   0.16,   0.02,  48.7,  41.9,  27.5,  28.5,   1.7,  17.06,  23.29,     2.55,  181.42,   18.41,  16.20,  749.8,    0.06,  262.70,  265.50,  251.98,  255.52,  243.72,  242.51,  923.39,  835.19,  895.33,  781.62,  917.18,  790.06,  810.37,  892.75,   -12.8,   0,  GPS,  344.0, 116.50, 115.60, 128.400, 120.950, -0.281,       ,       ,      ,    1.7,  164.5,  -14.9,      0,  NONE,   NONE,      ,      , -19.7, 3DDiff,  556,      ,     12,   9.5,     17
2018-08-27, 17:58:18,  -04:00,  FINAL,   43.0745354,  -70.8199463,    85.7, 30.00,    76.5,  28.8,  -0.00,  14.13,  -29.41,  -0.14,   0.05,   0.12,  -0.03,  58.5,  53.4,  27.5,  28.6,   2.1,  16.84,  24.11,     2.62,  181.51,   19.33,  16.63,  776.9,    0.06,  262.55,  265.27,  251.81,  255.30,  243.56,  242.31,  924.19,  833.75,  897.29,  780.84,  922.54,  783.86,  808.36,  894.49,   -13.0,  -0,  GPS,  344.0, 116.50, 115.60, 128.400, 120.950, -0.348,       ,       ,      ,    1.7,  164.6,  -14.9,      0,  NONE,   NONE,      ,      , -19.7, 3DDiff,  556,      ,     12,   9.5,     17
2018-08-27, 17:58:19,  -04:00,  FINAL,   43.0745735,  -70.8198853,    86.7, 30.00,    76.4,  28.8,  -0.00,  13.72,    2.86,   0.01,   0.22,   0.03,  -0.02,  64.0,  62.4,  27.7,  28.8,   2.1,  16.61,  24.78,     3.04,  181.64,   25.41,  14.73, 1012.2,    0.09,  262.40,  265.02,  251.62,  255.11,  243.41,  242.11,  933.39,  851.57,  903.86,  799.86,  929.24,  805.02,  821.51,  903.54,   -13.1,  -0,  GPS,  344.0, 116.50, 115.60, 128.400, 120.950, -0.411,       ,       ,      ,    1.7,  164.8,  -14.9,      0,  NONE,   NONE,      ,      , -19.7, 3DDiff,  556,      ,     12,   9.5,     18
2018-08-27, 17:58:20,  -04:00,  FINAL,   43.0746117,  -70.8198166,    87.7, 30.00,    75.7,  28.8,   0.00,  13.96,   25.20,   0.25,  -0.11,   0.08,   0.06,  67.4,  66.6,  27.7,  28.8,   2.1,  16.42,  25.00,     3.21,  181.81,   28.90,  14.16, 1072.2,    0.09,  262.25,  264.78,  251.45,  254.90,  243.29,  241.93,  943.15,  874.77,  916.23,  826.34,  939.34,  833.93,  838.56,  912.21,   -13.8,   0,  GPS,  344.0, 116.50, 115.60, 128.400, 120.950, -0.475,       ,       ,      ,    1.7,  164.9,  -14.9,      0,  NONE,   NONE,      ,      , -19.7, 3DDiff,  556,      ,     12,   9.5,     18
2018-08-27, 17:58:21,  -04:00,  FINAL,   43.0746536,  -70.8197403,    87.7, 30.00,    74.0,  28.8,  -0.00,  14.07,   16.53,   0.08,  -0.22,   0.04,  -0.02,  71.3,  69.9,  27.7,  28.8,   2.1,  16.17,  25.09,     3.26,  182.09,   29.93,  14.20, 1069.1,    0.09,  262.15,  264.56,  251.32,  254.73,  243.19,  241.80,  948.24,  894.04,  926.36,  848.01,  946.67,  859.36,  853.47,  917.63,   -15.5,  -0,  GPS,  344.0, 116.50, 115.60, 128.400, 120.950, -0.547,       ,       ,      ,    1.7,  165.0,  -14.9,      0,  NONE,   NONE,      ,      , -23.6, 3DDiff,  556,      ,     12,   9.5,     17
2018-08-27, 17:58:22,  -04:00,  FINAL,   43.0746880,  -70.8196640,    86.7, 30.00,    73.0,  28.8,  -0.00,  14.29,    1.00,   0.18,  -0.29,  -0.02,  -0.01,  72.5,  73.4,  27.7,  28.8,   2.1,  16.06,  25.18,     3.28,  182.39,   30.16,  14.26, 1063.2,    0.09,  262.01,  264.36,  251.22,  254.56,  243.10,  241.70,  954.75,  914.45,  934.36,  868.73,  954.32,  882.50,  867.15,  922.94,   -16.5,  -0,  GPS,  344.0, 116.50, 115.60, 128.400, 120.950, -0.614,       ,       ,      ,    1.7,  165.2,  -14.9,      0,  NONE,   NONE,      ,      , -23.6, 3DDiff,  556,      ,     12,   9.5,     17
2018-08-27, 17:58:23,  -04:00,  FINAL,   43.0747261,  -70.8195801,    86.7, 30.00,    72.6,  28.8,   0.00,  14.64,  -15.12,   0.29,  -0.32,  -0.01,   0.00,  71.5,  73.4,  27.7,  28.8,   2.1,  15.88,  24.97,     3.30,  182.73,   30.37,  14.24, 1066.9,    0.09,  261.91,  264.17,  251.11,  254.41,  243.00,  241.61,  958.78,  928.89,  942.60,  884.91,  961.01,  901.59,  877.95,  927.21,   -16.9,   0,  GPS,  344.0, 116.50, 115.60, 128.400, 120.950, -0.688,       ,       ,      ,    1.7,  165.3,  -14.9,      0,  NONE,   NONE,      ,      , -23.6, 3DDiff,  556,      ,     12,   9.5,     17
2018-08-27, 17:58:24,  -04:00,  FINAL,   43.0747604,  -70.8195038,    86.7, 30.00,    72.1,  28.8,   0.00,  14.99,  -12.86,   0.11,  -0.26,   0.00,   0.00,  72.5,  72.7,  27.7,  28.8,   2.1,  15.67,  24.67,     3.30,  183.03,   30.38,  14.28, 1064.6,    0.09,  261.80,  263.99,  251.02,  254.26,  242.96,  241.55,  961.81,  942.83,  951.34,  901.13,  966.24,  918.12,  888.11,  931.75,   -17.4,   0,  GPS,  344.0, 116.50, 115.60, 128.400, 120.950, -0.760,       ,       ,      ,    1.7,  165.5,  -14.9,      0,  NONE,   NONE,      ,      , -19.7, 3DDiff,  556,      ,     12,   9.5,     17
2018-08-27, 17:58:25,  -04:00,  FINAL,   43.0747986,  -70.8194275,    86.7, 30.00,    71.5,  28.8,  -0.00,  15.26,  -10.11,   0.33,  -0.44,   0.02,   0.01,  74.1,  73.9,  27.7,  28.8,   2.1,  15.55,  24.40,     3.33,  183.33,   30.46,  14.21, 1068.8,    0.09,  261.71,  263.82,  250.93,  254.15,  242.90,  241.50,  964.51,  954.07,  958.06,  915.22,  972.01,  934.42,  898.19,  934.78,   -17.9,  -0,  GPS,  344.0, 116.50, 115.60, 128.400, 120.950, -0.829,       ,       ,      ,    1.7,  165.6,  -14.9,      0,  NONE,   NONE,      ,      , -23.6, 3DDiff,  556,      ,     12,   9.5,     18
2018-08-27, 17:58:26,  -04:00,  FINAL,   43.0748291,  -70.8193359,    85.7, 30.00,    71.5,  28.8,   0.00,  15.69,  -31.04,   0.37,  -0.47,   0.00,  -0.01,  74.5,  75.1,  27.7,  28.8,   2.1,  15.44,  24.17,     3.32,  183.58,   30.40,  14.26, 1064.7,    0.09,  261.62,  263.66,  250.87,  254.05,  242.87,  241.49,  967.46,  965.56,  963.35,  926.20,  976.53,  948.67,  906.17,  937.92,   -18.0,   0,  GPS,  344.0, 116.50, 115.60, 128.400, 120.950, -0.906,       ,       ,      ,    1.7,  165.7,  -14.9,      0,  NONE,   NONE,      ,      , -23.6, 3DDiff,  556,      ,     12,   9.5,     18
2018-08-27, 17:58:27,  -04:00,  FINAL,   43.0748711,  -70.8192444,    84.7, 30.00,    71.8,  28.8,   0.00,  16.15,  -37.68,   0.70,  -0.37,  -0.00,  -0.01,  73.7,  75.2,  27.7,  28.8,   2.1,  15.39,  23.92,     3.28,  183.77,   30.38,  14.26, 1062.9,    0.09,  261.55,  263.51,  250.81,  253.96,  242.86,  241.48,  969.15,  974.73,  969.66,  935.66,  981.56,  960.97,  913.38,  941.33,   -17.6,   0,  GPS,  344.0, 116.50, 115.60, 128.400, 120.950, -0.986,       ,       ,      ,    1.7,  165.9,  -14.9,      0,  NONE,   NONE,      ,      , -23.6, 3DDiff,  556,      ,     12,   9.5,     17
2018-08-27, 17:58:28,  -04:00,  FINAL,   43.0749054,  -70.8191605,    84.7, 30.00,    71.8,  28.8,  -0.00,  16.56,  -34.42,   0.67,  -0.33,  -0.01,  -0.01,  72.6,  74.1,  27.7,  28.8,   2.1,  15.39,  23.59,     3.30,  183.91,   30.42,  14.24, 1064.3,    0.09,  261.47,  263.37,  250.75,  253.87,  242.84,  241.51,  970.69,  983.03,  975.00,  942.84,  985.28,  971.86,  919.33,  944.35,   -17.6,  -0,  GPS,  344.0, 116.50, 115.60, 128.400, 120.950, -1.062,       ,       ,      ,    1.7,  166.0,  -14.9,      0,  NONE,   NONE,      ,      , -27.6, 3DDiff,  556,      ,     12,   9.5,     17
2018-08-27, 17:58:29,  -04:00,  FINAL,   43.0749474,  -70.8190613,    84.7, 30.00,    71.6,  28.8,  -0.00,  17.01,  -32.15,   0.67,  -0.20,   0.01,  -0.02,  73.1,  73.4,  27.7,  28.8,   2.1,  15.49,  23.22,     3.27,  184.03,   30.51,  14.19, 1068.9,    0.09,  261.41,  263.24,  250.72,  253.79,  242.83,  241.50,  973.50,  991.44,  978.32,  950.21,  987.23,  980.33,  925.91,  946.39,   -17.9,  -0,  GPS,  344.0, 116.50, 115.60, 128.400, 120.950, -1.147,       ,       ,      ,    1.7,  166.2,  -14.9,      0,  NONE,   NONE,      ,      , -23.6, 3DDiff,  556,      ,     12,   9.5,     17
2018-08-27, 17:58:30,  -04:00,  FINAL,   43.0749931,  -70.8189697,    83.7, 30.00,    71.2,  28.8,   0.00,  17.48,  -29.52,   0.92,  -0.30,   0.01,  -0.00,  73.6,  73.9,  27.7,  28.8,   2.1,  15.55,  22.95,     3.29,  184.10,   30.45,  14.27, 1065.4,    0.09,  261.35,  263.13,  250.68,  253.72,  242.83,  241.54,  974.52,  998.96,  980.72,  957.70,  989.58,  988.89,  931.02,  947.88,   -18.3,   0,  GPS,  344.0, 116.50, 115.60, 128.400, 120.950, -1.233,       ,       ,      ,    1.7,  166.4,  -14.9,      0,  NONE,   NONE,      ,      , -27.6, 3DDiff,  556,      ,     12,   9.5,     17
2018-08-27, 17:58:31,  -04:00,  FINAL,   43.0750313,  -70.8188705,    83.7, 30.00,    70.9,  28.8,  -0.00,  17.96,  -32.46,   0.69,  -0.16,  -0.02,   0.02,  73.8,  74.2,  27.7,  28.8,   2.1,  15.65,  22.73,     3.29,  184.21,   30.54,  14.24, 1068.7,    0.09,  261.29,  263.00,  250.64,  253.66,  242.84,  241.57,  975.72, 1003.79,  983.77,  962.99,  994.77,  994.67,  935.01,  949.58,   -18.6,  -0,  GPS,  344.0, 116.50, 115.60, 128.400, 120.950, -1.318,       ,       ,      ,    1.7,  166.5,  -14.9,      0,  NONE,   NONE,      ,      , -23.6, 3DDiff,  556,      ,     12,   9.5,     18
2018-08-27, 17:58:32,  -04:00,  FINAL,   43.0750771,  -70.8187714,    82.7, 30.00,    69.9,  28.8,  -0.00,  18.45,  -32.02,   0.90,  -0.19,  -0.01,   0.01,  73.9,  74.3,  27.7,  28.8,   2.1,  15.77,  22.53,     3.28,  184.28,   30.60,  14.22, 1070.6,    0.09,  261.26,  262.91,  250.63,  253.63,  242.86,  241.63,  976.34, 1009.18,  985.70,  967.12,  998.63,  999.83,  939.41,  950.96,   -19.5,  -0,  GPS,  344.0, 116.50, 115.60, 128.400, 120.950, -1.408,       ,       ,      ,    1.7,  166.7,  -14.9,      0,  NONE,   NONE,      ,      , -27.6, 3DDiff,  556,      ,     12,   9.5,     18
2018-08-27, 17:58:33,  -04:00,  FINAL,   43.0751228,  -70.8186646,    82.7, 30.00,    69.3,  28.8,   0.00,  18.80,  -19.43,   1.14,  -0.13,  -0.02,  -0.01,  73.4,  74.1,  27.7,  28.8,   2.1,  15.93,  22.27,     3.28,  184.30,   30.64,  14.21, 1069.8,    0.09,  261.25,  262.82,  250.60,  253.57,  242.87,  241.66,  977.40, 1013.09,  988.95,  971.12, 1001.28, 1005.30,  943.55,  952.56,   -20.1,   0,  GPS,  344.0, 116.50, 115.60, 128.400, 120.950, -1.499,       ,       ,      ,    1.7,  166.9,  -14.9,      0,  NONE,   NONE,      ,      , -19.7, 3DDiff,  556,      ,     12,   9.5,     17
2018-08-27, 17:58:34,  -04:00,  FINAL,   43.0751686,  -70.8185654,    81.7, 30.00,    68.8,  28.8,  -0.00,  19.17,  -31.47,   1.29,  -0.15,   0.01,   0.01,  73.3,  73.7,  27.7,  28.8,   2.1,  16.14,  22.01,     3.30,  184.34,   30.85,  14.18, 1076.9,    0.09,  261.22,  262.70,  250.59,  253.54,  242.87,  241.73,  977.12, 1017.10,  991.26,  974.33, 1003.68, 1009.24,  946.32,  953.41,   -20.7,  -0,  GPS,  344.0, 116.50, 115.60, 128.400, 120.950, -1.592,       ,       ,      ,    1.7,  167.1,  -14.9,      0,  NONE,   NONE,      ,      , -15.7, 3DDiff,  556,      ,     12,   9.5,     17
2018-08-27, 17:58:35,  -04:00,  FINAL,   43.0752144,  -70.8184586,    81.7, 30.00,    68.6,  28.8,  -0.00,  19.46,  -30.24,   1.36,  -0.15,   0.00,   0.04,  73.7,  73.8,  27.7,  28.8,   2.1,  16.34,  21.77,     3.29,  184.37,   30.72,  14.21, 1070.6,    0.09,  261.22,  262.61,  250.60,  253.51,  242.93,  241.79,  978.49, 1019.82,  995.34,  977.87, 1005.36, 1012.78,  949.17,  955.26,   -20.9,  -0,  GPS,  344.0, 116.50, 115.60, 128.400, 120.950, -1.683,       ,       ,      ,    1.7,  167.3,  -14.9,      0,  NONE,   NONE,      ,      ,  -7.9, 3DDiff,  556,      ,     12,   9.5,     17
2018-08-27, 17:58:36,  -04:00,  FINAL,   43.0752640,  -70.8183517,    81.7, 30.00,    68.4,  28.8,   0.00,  19.69,  -24.76,   1.41,  -0.14,   0.01,   0.02,  74.0,  74.0,  27.7,  28.8,   2.1,  16.52,  21.60,     3.27,  184.39,   30.45,  14.28, 1061.5,    0.09,  261.20,  262.49,  250.58,  253.48,  242.98,  241.84,  979.30, 1022.62,  997.35,  981.09, 1008.70, 1017.35,  951.29,  956.67,   -21.1,   0,  GPS,  344.0, 116.50, 115.60, 128.400, 120.950, -1.782,       ,       ,      ,    1.7,  167.5,  -14.9,      0,  NONE,   NONE,      ,      ,  -3.9, 3DDiff,  556,      ,     12,   9.5,     17
2018-08-27, 17:58:37,  -04:00,  FINAL,   43.0753098,  -70.8182449,    81.7, 30.00,    68.3,  28.8,   0.00,  19.90,  -30.88,   1.58,  -0.11,  -0.01,  -0.01,  73.7,  74.1,  27.7,  28.8,   2.1,  16.68,  21.42,     3.28,  184.42,   30.63,  14.20, 1069.4,    0.09,  261.21,  262.43,  250.60,  253.48,  243.02,  241.91,  980.28, 1023.53,  999.18,  983.30, 1011.00, 1019.93,  953.78,  957.20,   -21.2,   0,  GPS,  344.0, 116.50, 115.60, 128.400, 120.950, -1.877,       ,       ,      ,    1.7,  167.6,  -14.9,      0,  NONE,   NONE,      ,      ,  -3.9, 3DDiff,  556,      ,     12,  10.0,     18
2018-08-27, 17:58:38,  -04:00,  FINAL,   43.0753555,  -70.8181305,    81.7, 30.00,    68.6,  28.8,  -0.00,  20.12,  -17.31,   1.66,  -0.16,   0.01,   0.01,  73.1,  73.7,  27.7,  28.8,   2.1,  16.88,  21.23,     3.29,  184.47,   30.66,  14.21, 1069.5,    0.09,  261.20,  262.34,  250.60,  253.45,  243.07,  241.99,  981.22, 1026.32, 1001.58,  983.99, 1013.02, 1023.08,  955.93,  958.46,   -20.9,  -0,  GPS,  344.0, 116.50, 115.60, 128.400, 120.950, -1.974,       ,       ,      ,    1.7,  167.8,  -14.9,      0,  NONE,   NONE,      ,      ,   0.0, 3DDiff,  556,      ,     12,   9.5,     17
2018-08-27, 17:58:39,  -04:00,  FINAL,   43.0754051,  -70.8180237,    80.7, 30.00,    68.9,  28.8,   0.00,  20.27,  -16.04,   1.40,  -0.29,   0.02,  -0.00,  73.4,  73.3,  27.7,  28.8,   2.1,  17.11,  21.01,     3.28,  184.50,   30.37,  13.96, 1062.2,    0.08,  261.19,  262.25,  250.61,  253.45,  243.11,  242.06,  981.72, 1026.94, 1004.26,  986.06, 1014.89, 1026.24,  957.51,  959.53,   -20.6,   0,  GPS,  344.0, 116.50, 115.60, 128.400, 120.950, -2.071,       ,       ,      ,    1.7,  168.0,  -14.9,      0,  NONE,   NONE,      ,      ,  -3.9, 3DDiff,  556,      ,     12,   9.5,     17
2018-08-27, 17:58:40,  -04:00,  FINAL,   43.0754547,  -70.8179169,    80.7, 30.00,    69.1,  28.8,   0.00,  20.31,  -20.80,   1.49,  -0.30,   0.00,  -0.02,  73.6,  73.5,  27.7,  28.8,   2.1,  17.30,  20.90,     3.15,  184.52,   28.46,  14.30,  994.1,    0.08,  261.22,  262.18,  250.63,  253.47,  243.17,  242.14,  980.67, 1027.74, 1007.47,  990.45, 1019.53, 1030.90,  959.54,  960.69,   -20.3,   0,  GPS,  344.0, 116.50, 115.60, 128.400, 120.950, -2.170,       ,       ,      ,    1.7,  168.2,  -14.9,      0,  NONE,   NONE,      ,      ,   0.0, 3DDiff,  556,      ,     12,   9.5,     17
2018-08-27, 17:58:41,  -04:00,  FINAL,   43.0755043,  -70.8178101,    80.7, 30.00,    69.2,  28.8,   0.00,  20.35,  -30.86,   1.46,  -0.34,   0.02,  -0.00,  73.6,  73.7,  27.7,  28.8,   2.1,  17.44,  20.77,     3.06,  184.53,   27.14,  14.32,  967.8,    0.07,  261.25,  262.10,  250.64,  253.46,  243.25,  242.23,  977.75, 1026.15, 1006.30,  994.17, 1019.07, 1031.92,  961.45,  959.02,   -20.3,  -0,  GPS,  344.0, 116.50, 115.60, 128.400, 120.950, -2.268,       ,       ,      ,    1.7,  168.4,  -14.9,      0,  NONE,   NONE,      ,      ,  -3.9, 3DDiff,  556,      ,     12,   9.5,     17
2018-08-27, 17:58:42,  -04:00,  FINAL,   43.0755501,  -70.8176956,    79.7, 30.00,    69.2,  28.8,   0.00,  20.00,  -30.92,   1.13,  -0.22,   0.02,  -0.01,  73.8,  73.7,  27.7,  28.8,   1.9,  17.56,  20.66,     2.89,  184.56,   24.29,  14.74,  878.9,    0.06,  261.26,  262.03,  250.68,  253.48,  243.31,  242.30,  973.16, 1017.63, 1001.25,  988.16, 1015.47, 1019.97,  956.44,  954.13,   -20.3,  -0,  GPS,  344.0, 116.50, 115.60, 128.400, 120.950, -2.365,       ,       ,      ,    1.7,  168.6,  -14.9,      0,  NONE,   NONE,      ,      ,  -3.9, 3DDiff,  556,      ,     12,   9.5,     17
2018-08-27, 17:58:43,  -04:00,  FINAL,   43.0755959,  -70.8175964,    79.7, 30.00,    69.1,  28.8,   0.00,  19.21,  -41.85,   0.88,  -0.29,   0.03,  -0.01,  74.6,  73.9,  27.6,  28.6,   1.7,  17.66,  20.56,     2.67,  184.53,   20.39,  16.53,  752.0,    0.06,  261.31,  261.98,  250.68,  253.48,  243.34,  242.36,  966.42, 1004.54,  983.43,  964.11,  993.30,  995.31,  942.26,  944.29,   -20.3,   0,  GPS,  344.0, 116.50, 115.60, 128.400, 120.950, -2.456,       ,       ,      ,    1.7,  168.8,  -14.9,      0,  NONE,   NONE,      ,      ,  -3.9, 3DDiff,  556,      ,     12,   9.5,     18
2018-08-27, 17:58:44,  -04:00,  FINAL,   43.0756378,  -70.8174973,    78.7, 30.00,    68.6,  28.8,   0.00,  18.43,  -41.79,   0.78,  -0.07,   0.09,   0.01,  77.6,  75.2,  27.7,  28.7,   2.1,  17.73,  20.52,     2.73,  184.44,   20.74,  15.51,  819.4,    0.06,  261.34,  261.89,  250.69,  253.48,  243.40,  242.41,  961.30,  999.27,  977.09,  958.64,  991.00,  972.82,  935.96,  940.98,   -20.8,  -0,  GPS,  344.0, 116.50, 115.60, 128.400, 120.950, -2.540,       ,       ,      ,    1.7,  168.9,  -14.9,      0,  NONE,   NONE,      ,      , -11.8, 3DDiff,  556,      ,     12,   9.5,     17
2018-08-27, 17:58:45,  -04:00,  FINAL,   43.0756721,  -70.8173981,    79.7, 30.00,    68.0,  28.8,   0.00,  17.63,  -27.70,  -0.03,   0.32,   0.12,   0.02,  84.2,  79.4,  27.7,  28.7,   2.1,  17.67,  20.73,     2.74,  184.35,   20.90,  15.54,  815.5,    0.06,  261.40,  261.82,  250.67,  253.47,  243.43,  242.44,  957.88,  990.69,  973.95,  951.45,  994.30,  953.87,  930.33,  938.53,   -21.4,  -0,  GPS,  344.0, 116.50, 115.60, 128.400, 120.950, -2.626,       ,       ,      ,    1.7,  169.1,  -14.9,      0,  NONE,   NONE,      ,      , -15.7, 3DDiff,  556,      ,     12,   9.5,     17
2018-08-27, 17:58:46,  -04:00,  FINAL,   43.0756950,  -70.8172913,    79.7, 30.00,    67.4,  28.8,   0.00,  16.83,  -16.61,  -0.20,  -0.01,   0.18,   0.00,  92.5,  86.5,  27.7,  28.8,   2.1,  17.42,  21.11,     2.74,  184.25,   20.82,  15.62,  817.3,    0.06,  261.44,  261.75,  250.69,  253.47,  243.49,  242.47,  954.82,  969.83,  970.20,  929.29,  996.12,  931.64,  913.75,  935.72,   -22.1,   0,  GPS,  344.0, 116.50, 115.60, 128.400, 120.950, -2.705,       ,       ,      ,    1.7,  169.3,  -14.9,      0,  NONE,   NONE,      ,      , -19.7, 3DDiff,  556,      ,     12,   9.5,     16
2018-08-27, 17:58:47,  -04:00,  FINAL,   43.0757103,  -70.8171921,    79.7, 30.00,    67.0,  28.8,   0.00,  15.78,  -16.02,  -0.40,  -0.43,   0.16,  -0.04, 103.0,  95.3,  27.7,  28.8,   2.1,  17.23,  21.66,     2.71,  184.19,   20.63,  15.80,  806.8,    0.06,  261.49,  261.68,  250.69,  253.45,  243.52,  242.48,  952.48,  948.96,  966.23,  909.24,  997.02,  915.13,  899.02,  933.32,   -22.5,  -0,  GPS,  344.0, 116.50, 115.60, 128.400, 120.950, -2.780,       ,       ,      ,    1.7,  169.4,  -14.9,      0,  NONE,   NONE,      ,      , -19.7, 3DDiff,  556,      ,     12,   9.5,     17
2018-08-27, 17:58:48,  -04:00,  FINAL,   43.0757103,  -70.8171005,    79.7, 30.00,    66.6,  28.8,   0.00,  14.89,   -8.47,  -0.03,  -0.57,   0.18,   0.02, 112.4, 105.9,  27.8,  28.8,   2.1,  16.97,  22.52,     2.94,  184.14,   23.76,  15.84,  928.8,    0.08,  261.57,  261.61,  250.72,  253.45,  243.55,  242.48,  954.49,  941.99,  962.96,  897.80,  995.73,  917.71,  893.61,  935.24,   -22.9,  -0,  GPS,  344.0, 116.50, 115.60, 128.400, 120.950, -2.838,       ,       ,      ,    1.7,  169.5,  -14.9,      0,  NONE,   NONE,      ,      , -19.7, 3DDiff,  556,      ,     12,   9.5,     17
2018-08-27, 17:58:49,  -04:00,  FINAL,   43.0756912,  -70.8170166,    82.7, 30.00,    66.3,  28.8,   0.00,  14.27,   51.35,  -0.47,  -0.52,   0.16,   0.01, 122.3, 115.1,  27.8,  28.8,   2.1,  16.80,  23.13,     3.25,  184.10,   29.09,  14.50, 1091.5,    0.09,  261.63,  261.53,  250.72,  253.45,  243.58,  242.51,  968.19,  951.99,  969.00,  909.82, 1000.65,  933.71,  902.64,  944.01,   -23.1,   0,  GPS,  344.0, 116.50, 115.60, 128.400, 120.950, -2.887,       ,       ,      ,    1.7,  169.6,  -14.9,      0,  NONE,   NONE,      ,      ,  -7.9, 3DDiff,  556,      ,     12,   9.5,     17
2018-08-27, 17:58:50,  -04:00,  FINAL,   43.0756683,  -70.8169327,    82.7, 30.00,    66.4,  28.8,   0.00,  13.59,   62.82,  -0.30,  -0.90,   0.16,   0.01, 132.5, 125.1,  27.8,  28.8,   2.1,  16.41,  23.87,     3.37,  184.13,   31.00,  14.46, 1099.1,    0.10,  261.70,  261.46,  250.77,  253.45,  243.67,  242.56,  977.19,  964.59,  972.76,  924.64, 1005.75,  955.01,  912.06,  949.34,   -23.1,   0,  GPS,  344.0, 116.50, 115.60, 128.400, 120.950, -2.928,       ,       ,      ,    1.7,  169.7,  -14.9,      0,  NONE,   NONE,      ,      , -15.7, 3DDiff,  556,      ,     12,   9.5,     17
2018-08-27, 17:58:51,  -04:00,  FINAL,   43.0756378,  -70.8168564,    82.7, 30.00,    66.5,  28.8,   0.00,  13.08,   24.45,  -0.42,  -1.01,   0.13,   0.03, 142.1, 135.2,  27.8,  28.8,   2.1,  16.17,  24.58,     3.40,  184.21,   31.73,  14.44, 1102.4,    0.10,  261.76,  261.40,  250.81,  253.45,  243.73,  242.62,  983.47,  972.63,  976.38,  936.06, 1009.58,  971.96,  919.16,  953.39,   -22.9,  -0,  GPS,  344.0, 116.50, 115.60, 128.400, 120.950, -2.961,       ,       ,      ,    1.7,  169.8,  -14.9,      0,  NONE,   NONE,      ,      , -11.8, 3DDiff,  556,      ,     12,   9.5,     16
2018-08-27, 17:58:52,  -04:00,  FINAL,   43.0755997,  -70.8167953,    82.7, 30.00,    66.8,  28.8,   0.00,  12.63,    5.04,  -0.14,  -1.35,   0.09,  -0.02, 150.7, 144.6,  27.8,  28.8,   2.1,  15.96,  25.16,     3.45,  184.33,   32.02,  14.95, 1102.0,    0.10,  261.82,  261.34,  250.86,  253.45,  243.81,  242.68,  988.75,  982.37,  979.69,  947.25, 1012.98,  983.82,  926.13,  956.48,   -22.7,   0,  GPS,  344.0, 116.50, 115.60, 128.400, 120.950, -2.981,       ,       ,      ,    1.7,  169.9,  -14.9,      0,  NONE,   NONE,      ,      , -11.8, 3DDiff,  556,      ,     12,   9.5,     16
2018-08-27, 17:58:53,  -04:00,  FINAL,   43.0755539,  -70.8167496,    82.7, 30.00,    66.7,  28.8,   0.00,  12.73,    0.99,   0.09,  -1.94,   0.14,   0.07, 156.5, 152.0,  27.8,  28.8,   2.1,  15.80,  25.63,     3.80,  184.46,   35.41,  15.12, 1213.8,    0.12,  261.89,  261.29,  250.93,  253.48,  243.91,  242.74,  997.58,  990.98,  988.73,  956.08, 1018.60,  993.59,  933.18,  964.77,   -22.8,   0,  GPS,  344.0, 116.50, 115.60, 128.400, 120.950, -2.988,       ,       ,      ,    1.7,  169.9,  -14.9,      0,  NONE,   NONE,      ,      ,  -7.9, 3DDiff,  556,      ,     12,   9.5,     17
2018-08-27, 17:58:54,  -04:00,  FINAL,   43.0755081,  -70.8166962,    84.7, 30.00,    66.7,  28.8,   0.00,  13.08,   46.42,   0.24,  -1.74,   0.08,  -0.01, 161.2, 157.8,  27.8,  28.8,   2.1,  15.60,  25.97,     3.95,  184.58,   37.73,  14.84, 1259.3,    0.13,  261.97,  261.25,  250.99,  253.53,  244.03,  242.86, 1007.93, 1001.90,  997.23,  965.41, 1026.97, 1003.18,  940.88,  973.76,   -22.7,  -0,  GPS,  344.0, 116.50, 115.60, 128.400, 120.950, -2.994,       ,       ,      ,    1.7,  169.9,  -14.9,      0,  NONE,   NONE,      ,      ,  -3.9, 3DDiff,  556,      ,     12,   9.5,     17
2018-08-27, 17:58:55,  -04:00,  FINAL,   43.0754509,  -70.8166504,    84.7, 30.00,    66.8,  28.8,   0.00,  13.70,   46.28,   0.33,  -1.30,   0.04,   0.02, 163.5, 161.4,  27.8,  28.8,   2.1,  15.44,  26.18,     4.03,  184.70,   38.77,  14.77, 1267.9,    0.13,  262.03,  261.22,  251.13,  253.57,  244.15,  242.95, 1015.33, 1010.98, 1003.74,  975.16, 1033.36, 1012.05,  948.29,  980.31,   -22.7,  -0,  GPS,  344.0, 116.50, 115.60, 128.400, 120.950, -2.996,       ,       ,      ,    1.7,  169.9,  -14.9,      0,  NONE,   NONE,      ,      ,  -3.9, 3DDiff,  556,      ,     12,   9.5,     17
2018-08-27, 17:58:56,  -04:00,  FINAL,   43.0753937,  -70.8166046,    82.7, 30.00,    66.3,  28.8,   0.00,  14.42,  -21.93,  -0.04,  -1.29,   0.02,   0.02, 165.4, 163.8,  27.7,  28.8,   2.1,  15.27,  26.20,     4.08,  184.83,   39.08,  14.74, 1270.7,    0.13,  262.12,  261.19,  251.25,  253.63,  244.29,  243.12, 1021.81, 1018.41, 1009.42,  982.62, 1039.49, 1019.64,  954.22,  985.79,   -23.2,   0,  GPS,  344.0, 116.50, 115.60, 128.400, 120.950, -2.996,       ,       ,      ,    1.7,  169.9,  -14.9,      0,  NONE,   NONE,      ,      ,  -3.9, 3DDiff,  556,      ,     12,   9.5,     17
2018-08-27, 17:58:57,  -04:00,  FINAL,   43.0753365,  -70.8165588,    80.7, 30.00,    66.5,  28.8,   0.00,  14.89,  -66.82,   0.04,  -1.27,  -0.01,   0.04, 164.5, 165.0,  27.7,  28.8,   2.1,  15.21,  26.09,     4.11,  184.97,   39.40,  14.73, 1272.2,    0.13,  262.21,  261.19,  251.37,  253.71,  244.44,  243.27, 1026.62, 1024.95, 1014.84,  989.47, 1045.07, 1025.91,  960.76,  990.42,   -23.0,  -0,  GPS,  344.0, 116.50, 115.60, 128.400, 120.950, -2.996,       ,       ,      ,    1.7,  170.0,  -14.9,      0,  NONE,   NONE,      ,      ,  -3.9, 3DDiff,  556,      ,     12,   9.5,     16
2018-08-27, 17:58:58,  -04:00,  FINAL,   43.0752754,  -70.8165054,    80.7, 30.00,    66.0,  28.8,   0.00,  15.43,  -69.48,   0.30,  -1.29,   0.02,   0.01, 164.0, 164.2,  27.7,  28.8,   2.1,  15.09,  25.82,     4.10,  185.07,   39.42,  14.74, 1272.8,    0.13,  262.30,  261.19,  251.52,  253.78,  244.60,  243.42, 1030.83, 1032.00, 1018.16,  995.53, 1049.50, 1031.98,  966.22,  994.09,   -23.5,  -0,  GPS,  344.0, 116.50, 115.60, 128.400, 120.950, -2.995,       ,       ,      ,    1.6,  170.0,  -14.9,      0,  NONE,   NONE,      ,      ,  -3.9, 3DDiff,  556,      ,     12,   9.5,     16
2018-08-27, 17:58:59,  -04:00,  FINAL,   43.0752106,  -70.8164520,    80.7, 30.00,    65.9,  28.8,   0.00,  16.11,  -34.18,   0.46,  -1.40,   0.06,  -0.03, 164.5, 164.2,  27.7,  28.8,   2.1,  14.94,  25.55,     4.09,  185.20,   39.34,  14.75, 1270.6,    0.13,  262.40,  261.19,  251.69,  253.87,  244.75,  243.60, 1034.40, 1037.50, 1021.73, 1001.95, 1054.86, 1037.71,  971.04,  998.00,   -23.5,   0,  GPS,  344.0, 116.50, 115.60, 128.400, 120.950, -2.996,       ,       ,      ,    1.6,  170.0,  -14.9,      0,  NONE,   NONE,      ,      ,   0.0, 3DDiff,  556,      ,     12,   9.5,     17
2018-08-27, 17:59:00,  -04:00,  FINAL,   43.0751381,  -70.8164062,    82.7, 30.00,    65.8,  28.8,   0.00,  16.74,   16.81,   0.15,  -1.47,   0.02,   0.07, 164.0, 164.3,  27.7,  28.8,   2.1,  14.95,  25.31,     4.07,  185.30,   39.36,  14.75, 1272.5,    0.13,  262.51,  261.22,  251.84,  253.95,  244.95,  243.81, 1037.08, 1042.32, 1024.30, 1005.98, 1059.08, 1042.17,  974.51, 1000.86,   -23.6,  -0,  GPS,  344.0, 116.50, 115.60, 128.400, 120.950, -2.989,       ,       ,      ,    1.6,  170.0,  -14.9,      0,  NONE,   NONE,      ,      ,  -3.9, 3DDiff,  556,      ,     12,   9.5,     17
2018-08-27, 17:59:01,  -04:00,  FINAL,   43.0750732,  -70.8163452,    82.7, 30.00,    65.7,  28.8,   0.00,  17.40,   27.07,   0.36,  -1.32,   0.03,  -0.02, 164.1, 164.0,  27.7,  28.8,   2.1,  14.91,  25.00,     4.06,  185.42,   39.17,  14.56, 1270.3,    0.12,  262.63,  261.25,  252.01,  254.05,  245.13,  244.00, 1039.96, 1046.41, 1027.91, 1009.80, 1063.21, 1046.39,  978.45, 1002.93,   -23.8,  -0,  GPS,  344.0, 116.50, 115.60, 128.400, 120.950, -2.994,       ,       ,      ,    1.6,  170.0,  -14.9,      0,  NONE,   NONE,      ,      ,  -7.9, 3DDiff,  556,      ,     12,   9.5,     17
2018-08-27, 17:59:02,  -04:00,  FINAL,   43.0750008,  -70.8162842,    81.7, 30.00,    66.0,  28.8,   0.00,  17.98,   -5.85,   1.16,  -1.19,   0.00,  -0.01, 164.1, 164.1,  27.7,  28.8,   2.1,  14.87,  24.75,     3.98,  185.50,   38.28,  14.47, 1236.5,    0.12,  262.75,  261.28,  252.20,  254.19,  245.31,  244.20, 1040.71, 1051.36, 1029.80, 1011.81, 1065.51, 1048.98,  980.77, 1003.46,   -23.4,   0,  GPS,  344.0, 116.50, 115.60, 128.400, 120.950, -2.996,       ,       ,      ,    1.6,  170.0,  -14.9,      0,  NONE,   NONE,      ,      ,  -3.9, 3DDiff,  556,      ,     12,   9.5,     17
2018-08-27, 17:59:03,  -04:00,  FINAL,   43.0749283,  -70.8162308,    80.7, 30.00,    65.5,  28.8,   0.00,  18.49,  -34.08,   1.01,  -1.26,   0.02,  -0.01, 164.3, 164.1,  27.7,  28.8,   2.1,  14.91,  24.49,     3.94,  185.57,   37.70,  14.54, 1225.3,    0.12,  262.88,  261.31,  252.36,  254.31,  245.49,  244.38, 1040.31, 1054.06, 1029.63, 1012.55, 1064.27, 1051.12,  981.90, 1002.81,   -24.0,   0,  GPS,  344.0, 116.50, 115.60, 128.400, 120.950, -2.992,       ,       ,      ,    1.6,  170.0,  -14.9,      0,  NONE,   NONE,      ,      ,   0.0, 3DDiff,  556,      ,     12,   9.5,     16
2018-08-27, 17:59:04,  -04:00,  FINAL,   43.0748520,  -70.8161621,    80.7, 30.00,    65.8,  28.8,   0.00,  18.91,  -35.77,   0.71,  -1.35,   0.03,   0.00, 163.6, 164.0,  27.7,  28.8,   2.1,  14.94,  24.24,     3.92,  185.63,   37.33,  14.57, 1221.8,    0.12,  263.01,  261.35,  252.54,  254.43,  245.68,  244.61, 1039.57, 1055.75, 1030.69, 1014.71, 1064.72, 1053.65,  982.88, 1002.84,   -23.6,  -0,  GPS,  344.0, 116.50, 115.60, 128.400, 120.950, -2.996,       ,       ,      ,    1.6,  170.1,  -14.9,      0,  NONE,   NONE,      ,      ,  -3.9, 3DDiff,  556,      ,     12,   9.5,     16
2018-08-27, 17:59:05,  -04:00,  FINAL,   43.0747719,  -70.8161011,    80.7, 30.00,    65.7,  28.8,   0.00,  19.38,  -24.19,   1.04,  -1.19,   0.02,   0.01, 163.3, 163.4,  27.7,  28.8,   2.1,  15.02,  23.98,     3.89,  185.69,   37.06,  14.54, 1224.0,    0.12,  263.14,  261.40,  252.72,  254.53,  245.86,  244.80, 1039.74, 1056.44, 1031.28, 1016.74, 1064.85, 1055.68,  984.21, 1002.17,   -23.7,   0,  GPS,  344.0, 116.50, 115.60, 128.400, 120.950, -2.994,       ,       ,      ,    1.6,  170.1,  -14.9,      0,  NONE,   NONE,      ,      ,  -3.9, 3DDiff,  556,      ,     12,   9.5,     17
2018-08-27, 17:59:06,  -04:00,  FINAL,   43.0746994,  -70.8160324,    79.7, 30.00,    65.8,  28.8,   0.00,  19.87,  -21.81,   1.01,  -1.34,   0.06,  -0.05, 163.9, 163.4,  27.7,  28.8,   2.1,  15.13,  23.72,     3.92,  185.75,   37.24,  14.49, 1228.0,    0.12,  263.29,  261.46,  252.91,  254.67,  246.06,  245.01, 1040.32, 1057.60, 1030.48, 1017.80, 1064.82, 1055.95,  984.24, 1002.03,   -23.7,   0,  GPS,  344.0, 116.50, 115.60, 128.400, 120.950, -2.999,       ,       ,      ,    1.6,  170.1,  -14.9,      0,  NONE,   NONE,      ,      ,   0.0, 3DDiff,  556,      ,     12,   9.5,     17
2018-08-27, 17:59:07,  -04:00,  FINAL,   43.0746117,  -70.8159714,    79.7, 30.00,    65.8,  28.8,   0.00,  20.35,  -17.78,   0.57,  -1.31,   0.01,   0.01, 164.1, 163.9,  27.7,  28.8,   2.1,  15.17,  23.54,     3.91,  185.79,   37.34,  14.51, 1226.1,    0.12,  263.42,  261.51,  253.10,  254.79,  246.24,  245.19, 1039.31, 1059.31, 1030.40, 1018.64, 1066.05, 1056.68,  985.12, 1001.93,   -23.7,  -0,  GPS,  344.0, 116.50, 115.60, 128.400, 120.950, -2.993,       ,       ,      ,    1.6,  170.1,  -14.9,      0,  NONE,   NONE,      ,      ,   0.0, 3DDiff,  556,      ,     12,   9.5,     18
2018-08-27, 17:59:08,  -04:00,  FINAL,   43.0745354,  -70.8159027,    79.7, 30.00,    65.2,  28.8,   0.00,  20.80,  -17.71,   0.83,  -1.15,   0.01,   0.03, 163.8, 164.0,  27.7,  28.8,   2.1,  15.22,  23.35,     3.93,  185.85,   37.37,  14.53, 1227.3,    0.12,  263.58,  261.57,  253.29,  254.91,  246.45,  245.41, 1038.80, 1060.49, 1031.04, 1019.35, 1066.87, 1058.59,  985.68, 1001.88,   -24.3,  -0,  GPS,  344.0, 116.50, 115.60, 128.400, 120.950, -2.996,       ,       ,      ,    1.6,  170.2,  -14.9,      0,  NONE,   NONE,      ,      ,  -3.9, 3DDiff,  556,      ,     12,   9.5,     18
2018-08-27, 17:59:09,  -04:00,  FINAL,   43.0744476,  -70.8158340,    79.7, 30.00,    65.7,  28.8,   0.00,  21.19,   -1.66,   0.74,  -1.43,   0.03,  -0.00, 163.6, 163.6,  27.7,  28.8,   2.1,  15.31,  23.15,     3.93,  185.87,   37.31,  14.48, 1231.2,    0.12,  263.71,  261.64,  253.46,  255.03,  246.63,  245.61, 1038.29, 1061.04, 1031.80, 1020.13, 1067.32, 1059.40,  986.61, 1001.61,   -23.8,   0,  GPS,  344.0, 116.50, 115.60, 128.400, 120.950, -2.995,       ,       ,      ,    1.6,  170.2,  -14.9,      0,  NONE,   NONE,      ,      ,   3.9, 3DDiff,  556,      ,     12,   9.5,     17
2018-08-27, 17:59:10,  -04:00,  FINAL,   43.0743637,  -70.8157578,    79.7, 30.00,    65.4,  28.8,   0.00,  21.60,    0.81,   0.76,  -1.10,   0.04,   0.07, 163.6, 163.6,  27.7,  28.8,   2.1,  15.46,  22.97,     3.88,  185.91,   37.11,  14.16, 1226.2,    0.11,  263.87,  261.69,  253.65,  255.16,  246.82,  245.82, 1038.08, 1062.58, 1032.85, 1021.01, 1068.52, 1061.88,  987.30, 1002.65,   -24.1,  -0,  GPS,  344.0, 116.50, 115.60, 128.400, 120.950, -2.999,       ,       ,      ,    1.6,  170.2,  -14.9,      0,  NONE,   NONE,      ,      ,   0.0, 3DDiff,  556,      ,     12,   9.5,     17
2018-08-27, 17:59:11,  -04:00,  FINAL,   43.0742760,  -70.8156891,    79.7, 30.00,    65.4,  28.8,  -0.00,  21.93,   -6.86,   1.00,  -1.12,   0.05,  -0.05, 164.6, 163.7,  27.7,  28.8,   2.1,  15.58,  22.80,     3.73,  185.93,   35.31,  14.20, 1167.6,    0.10,  264.02,  261.76,  253.83,  255.27,  247.02,  246.02, 1036.30, 1064.24, 1032.42, 1022.51, 1069.21, 1065.82,  988.75, 1000.94,   -24.1,  -0,  GPS,  344.0, 116.50, 115.60, 128.400, 120.950, -2.996,       ,       ,      ,    1.6,  170.2,  -14.9,      0,  NONE,   NONE,      ,      ,   0.0, 3DDiff,  556,      ,     12,   9.5,     17
2018-08-27, 17:59:12,  -04:00,  FINAL,   43.0741844,  -70.8156204,    78.7, 30.00,    65.3,  28.8,   0.00,  22.14,  -18.35,   0.96,  -1.14,   0.01,  -0.01, 164.5, 164.6,  27.7,  28.8,   2.1,  15.66,  22.79,     3.64,  185.97,   34.72,  14.27, 1159.0,    0.10,  264.19,  261.83,  254.01,  255.39,  247.21,  246.22, 1034.56, 1064.33, 1029.78, 1021.17, 1066.29, 1068.65,  988.20,  998.37,   -24.1,   0,  GPS,  344.0, 116.50, 115.60, 128.400, 120.950, -2.993,       ,       ,      ,    1.6,  170.3,  -14.9,      0,  NONE,   NONE,      ,      ,   3.9, 3DDiff,  556,      ,     12,   9.5,     17
2018-08-27, 17:59:13,  -04:00,  FINAL,   43.0740967,  -70.8155441,    79.7, 30.00,    65.3,  28.8,   0.00,  22.32,  -16.24,   0.77,  -1.19,   0.06,  -0.02, 164.9, 164.6,  27.7,  28.8,   2.1,  15.71,  22.63,     3.64,  185.98,   34.62,  14.25, 1160.4,    0.10,  264.37,  261.89,  254.19,  255.51,  247.41,  246.42, 1032.33, 1064.61, 1028.03, 1019.87, 1064.22, 1069.61,  987.82,  995.85,   -24.1,  -0,  GPS,  344.0, 116.50, 115.60, 128.400, 120.950, -2.995,       ,       ,      ,    1.6,  170.3,  -14.9,      0,  NONE,   NONE,      ,      ,   3.9, 3DDiff,  556,      ,     12,   9.5,     18
2018-08-27, 17:59:14,  -04:00,  FINAL,   43.0740089,  -70.8154678,    79.7, 30.00,    65.8,  28.8,   0.00,  22.53,  -16.01,   0.87,  -1.08,   0.02,   0.03, 164.2, 164.8,  27.7,  28.8,   2.1,  15.77,  22.53,     3.64,  185.99,   34.34,  14.31, 1158.7,    0.10,  264.52,  261.97,  254.37,  255.63,  247.60,  246.63, 1029.28, 1064.71, 1027.07, 1018.46, 1063.84, 1071.39,  986.94,  993.98,   -23.7,  -0,  GPS,  344.0, 116.50, 115.60, 128.400, 120.950, -2.996,       ,       ,      ,    1.6,  170.3,  -14.9,      0,  NONE,   NONE,      ,      ,   3.9, 3DDiff,  556,      ,     12,  10.0,     18
2018-08-27, 17:59:15,  -04:00,  FINAL,   43.0739174,  -70.8153915,    78.7, 30.00,    65.4,  28.8,   0.00,  22.72,  -16.00,   0.89,  -0.94,   0.02,  -0.05, 163.7, 164.0,  27.7,  28.8,   2.1,  15.84,  22.35,     3.61,  186.01,   34.48,  14.27, 1161.7,    0.10,  264.70,  262.03,  254.55,  255.75,  247.80,  246.82, 1026.17, 1064.77, 1026.87, 1017.44, 1062.89, 1070.77,  986.44,  992.75,   -24.0,   0,  GPS,  344.0, 116.50, 115.60, 128.400, 120.950, -2.998,       ,       ,      ,    1.6,  170.3,  -14.9,      0,  NONE,   NONE,      ,      ,   3.9, 3DDiff,  556,      ,     12,   9.5,     17
2018-08-27, 17:59:16,  -04:00,  FINAL,   43.0738258,  -70.8153229,    79.7, 30.00,    65.7,  28.8,   0.00,  23.02,   -2.95,   1.00,  -0.98,   0.01,   0.00, 163.8, 163.6,  27.7,  28.8,   2.1,  15.98,  22.24,     3.60,  186.02,   34.46,  14.11, 1159.0,    0.10,  264.88,  262.11,  254.74,  255.88,  247.99,  247.00, 1024.25, 1065.92, 1026.34, 1016.27, 1062.03, 1069.75,  986.15,  991.59,   -23.7,   0,  GPS,  344.0, 116.50, 115.60, 128.400, 120.950, -2.998,       ,       ,      ,    1.5,  170.4,  -14.9,      0,  NONE,   NONE,      ,      ,   3.9, 3DDiff,  556,      ,     12,   9.5,     17
2018-08-27, 17:59:17,  -04:00,  FINAL,   43.0737305,  -70.8152466,    78.7, 30.00,    65.8,  28.8,  -0.00,  23.23,  -12.12,   0.98,  -1.07,   0.02,   0.03, 164.0, 163.9,  27.7,  28.8,   2.1,  16.03,  22.17,     3.52,  186.02,   33.76,  14.20, 1138.5,    0.10,  265.03,  262.16,  254.88,  255.99,  248.19,  247.20, 1021.25, 1065.62, 1026.47, 1015.68, 1062.43, 1071.24,  986.63,  989.94,   -23.7,  -0,  GPS,  344.0, 116.50, 115.60, 128.400, 120.950, -2.996,       ,       ,      ,    1.5,  170.4,  -14.9,      0,  NONE,   NONE,      ,      ,   3.9, 3DDiff,  556,      ,     12,   9.5,     17
2018-08-27, 17:59:18,  -04:00,  FINAL,   43.0736389,  -70.8151703,    78.7, 30.00,    65.9,  28.8,   0.00,  23.44,  -15.85,   0.71,  -1.26,   0.03,  -0.01, 164.2, 164.0,  27.7,  28.8,   2.1,  16.12,  22.09,     3.51,  186.03,   33.48,  14.24, 1132.1,    0.10,  265.22,  262.24,  255.06,  256.11,  248.37,  247.41, 1017.98, 1064.10, 1025.31, 1015.10, 1062.43, 1072.19,  985.34,  988.48,   -23.6,   0,  GPS,  344.0, 116.50, 115.60, 128.400, 120.950, -2.996,       ,       ,      ,    1.5,  170.4,  -14.9,      0,  NONE,   NONE,      ,      ,   3.9, 3DDiff,  556,      ,     12,   9.5,     17
2018-08-27, 17:59:19,  -04:00,  FINAL,   43.0735474,  -70.8150940,    78.7, 30.00,    65.9,  28.8,   1.30,  23.64,  -16.00,   0.91,  -1.20,   0.02,  -0.00, 164.1, 164.1,  27.7,  28.8,   2.1,  16.20,  22.03,     3.53,  186.01,   33.42,  14.23, 1136.4,    0.10,  265.40,  262.31,  255.26,  256.23,  248.55,  247.62, 1016.16, 1061.40, 1025.14, 1014.94, 1063.16, 1072.98,  984.22,  987.79,   -23.6,   1,  GPS,  344.0, 116.50, 115.60, 128.400, 120.950, -2.995,       ,       ,      ,    1.5,  170.4,  -14.9,      0,  NONE,   NONE,      ,      ,   0.0, 3DDiff,  556,      ,     12,   9.5,     18
2018-08-27, 17:59:20,  -04:00,  FINAL,   43.0734520,  -70.8150177,    78.7, 30.00,    65.4,  28.8,  22.59,  23.83,   -1.86,   0.80,  -1.68,   0.07,   0.03, 164.4, 164.0,  27.7,  28.8,   2.1,  16.29,  21.98,     3.54,  186.00,   33.52,  14.16, 1137.6,    0.10,  265.57,  262.40,  255.42,  256.33,  248.76,  247.78, 1014.70, 1060.69, 1024.95, 1014.04, 1063.92, 1073.50,  983.29,  986.94,   -24.1,  22,  GPS,  344.0, 116.50, 115.60, 128.400, 120.950, -2.993,       ,       ,      ,    1.5,  170.5,  -14.9,      0,  NONE,   NONE,      ,      ,   3.9, 3DDiff,  556,      ,     12,   9.5,     17
2018-08-27, 17:59:21,  -04:00,  FINAL,   43.0733566,  -70.8149414,    78.7, 30.00,    65.8,  28.8,  22.25,  24.01,    2.04,   0.87,  -1.08,  -0.01,   0.14, 164.0, 164.1,  27.7,  28.8,   2.1,  16.33,  21.96,     3.53,  185.96,   33.52,  14.20, 1138.7,    0.10,  265.75,  262.48,  255.57,  256.47,  248.94,  247.98, 1013.30, 1058.16, 1024.95, 1014.23, 1063.63, 1072.58,  982.23,  985.44,   -23.6,  22,  GPS,  344.0, 116.50, 115.60, 128.400, 120.950, -2.991,       ,       ,      ,    1.5,  170.5,  -14.9,      0,  NONE,   NONE,      ,      ,   0.0, 3DDiff,  556,      ,     12,   9.5,     17
2018-08-27, 17:59:22,  -04:00,  FINAL,   43.0732613,  -70.8148651,    79.7, 30.00,    65.6,  28.8,  21.76,  24.18,   -0.51,   0.96,  -0.85,  -0.01,  -0.04, 164.0, 163.9,  27.7,  28.8,   2.1,  16.41,  21.91,     3.52,  185.91,   33.53,  14.18, 1138.5,    0.10,  265.93,  262.57,  255.75,  256.59,  249.09,  248.17, 1011.64, 1057.85, 1024.01, 1014.35, 1064.57, 1072.37,  981.32,  984.86,   -23.9,  21,  GPS,  344.0, 116.50, 115.60, 128.400, 120.950, -2.994,       ,       ,      ,    1.5,  170.5,  -14.9,      0,  NONE,   NONE,      ,      ,   3.9, 3DDiff,  556,      ,     11,   9.5,     17
2018-08-27, 17:59:23,  -04:00,  FINAL,   43.0731659,  -70.8147812,    78.7, 30.00,    65.6,  28.8,  22.10,  24.40,  -13.55,   1.16,  -0.98,   0.03,  -0.05, 164.2, 164.0,  27.7,  28.8,   2.1,  16.47,  21.89,     3.51,  185.91,   33.58,  14.18, 1139.4,    0.10,  266.09,  262.63,  255.93,  256.68,  249.30,  248.37, 1010.98, 1056.90, 1022.55, 1014.55, 1064.31, 1074.97,  980.53,  984.01,   -23.9,  21,  GPS,  344.0, 116.50, 115.60, 128.400, 120.950, -2.996,       ,       ,      ,    1.5,  170.6,  -14.9,      0,  NONE,   NONE,      ,      ,   3.9, 3DDiff,  556,      ,     12,   9.5,     17
2018-08-27, 17:59:24,  -04:00,  FINAL,   43.0730667,  -70.8147049,    78.7, 30.00,    65.6,  28.8,  22.13,  24.51,  -15.91,   1.05,  -1.27,   0.01,   0.05, 164.3, 164.2,  27.7,  28.8,   2.1,  16.50,  21.85,     3.51,  185.88,   33.67,  14.15, 1140.3,    0.10,  266.29,  262.72,  256.11,  256.81,  249.46,  248.58, 1011.00, 1057.10, 1022.21, 1015.22, 1063.98, 1075.06,  980.34,  983.72,   -23.9,  22,  GPS,  344.0, 116.50, 115.60, 128.400, 120.950, -2.993,       ,       ,      ,    1.5,  170.6,  -14.9,      0,  NONE,   NONE,      ,      ,   3.9, 3DDiff,  556,      ,     12,   9.5,     17
2018-08-27, 17:59:25,  -04:00,  FINAL,   43.0729675,  -70.8146210,    78.7, 30.00,    65.7,  28.8,  22.87,  24.75,  -10.05,   1.13,  -1.01,   0.03,  -0.02, 164.0, 164.1,  27.7,  28.8,   2.1,  16.54,  21.79,     3.50,  185.86,   33.64,  14.19, 1139.5,    0.10,  266.48,  262.81,  256.29,  256.92,  249.66,  248.74, 1009.93, 1056.89, 1023.58, 1016.00, 1065.08, 1076.30,  980.46,  983.64,   -23.8,  22,  GPS,  344.0, 116.50, 115.60, 128.400, 120.950, -2.993,       ,       ,      ,    1.5,  170.6,  -14.9,      0,  NONE,   NONE,      ,      ,   3.9, 3DDiff,  556,      ,     12,   9.5,     18
2018-08-27, 17:59:26,  -04:00,  FINAL,   43.0728722,  -70.8145447,    78.7, 30.00,    66.1,  28.8,  22.81,  24.92,   -0.50,   1.30,  -1.33,   0.01,  -0.02, 163.7, 163.8,  27.7,  28.8,   2.1,  16.62,  21.73,     3.52,  185.84,   33.68,  14.15, 1140.9,    0.10,  266.67,  262.90,  256.44,  257.05,  249.84,  248.96, 1008.73, 1057.95, 1023.39, 1016.28, 1065.24, 1076.56,  980.23,  983.80,   -23.3,  22,  GPS,  344.0, 116.50, 115.60, 128.400, 120.950, -2.996,       ,       ,      ,    1.5,  170.6,  -14.9,      0,  NONE,   NONE,      ,      ,   0.0, 3DDiff,  556,      ,     12,  10.0,     17
2018-08-27, 17:59:27,  -04:00,  FINAL,   43.0727692,  -70.8144608,    78.7, 30.00,    65.8,  28.8,  22.94,  25.10,   -0.01,   0.99,  -1.14,   0.02,   0.05, 163.5, 163.5,  27.7,  28.8,   2.1,  16.71,  21.66,     3.51,  185.82,   33.71,  14.18, 1141.0,    0.10,  266.83,  262.99,  256.60,  257.14,  250.02,  249.15, 1008.26, 1058.10, 1023.59, 1016.41, 1068.28, 1077.61,  980.01,  984.02,   -23.7,  22,  GPS,  344.0, 116.50, 115.60, 128.400, 120.950, -2.994,       ,       ,      ,    1.5,  170.7,  -14.9,      0,  NONE,   NONE,      ,      ,   3.9, 3DDiff,  556,      ,     12,   9.5,     16
2018-08-27, 17:59:28,  -04:00,  FINAL,   43.0726700,  -70.8143692,    78.7, 30.00,    66.2,  28.8,  23.32,  25.25,    1.03,   0.83,  -1.01,   0.04,  -0.00, 163.9, 163.5,  27.7,  28.8,   2.1,  16.78,  21.60,     3.52,  185.79,   33.77,  14.16, 1141.2,    0.10,  267.01,  263.09,  256.77,  257.26,  250.22,  249.33, 1008.17, 1057.80, 1023.86, 1017.05, 1069.19, 1078.01,  979.66,  983.84,   -23.3,  23,  GPS,  344.0, 116.50, 115.60, 128.400, 120.950, -3.000,       ,       ,      ,    1.5,  170.7,  -14.9,      0,  NONE,   NONE,      ,      ,   3.9, 3DDiff,  556,      ,     11,   9.5,     16
2018-08-27, 17:59:29,  -04:00,  FINAL,   43.0725670,  -70.8142853,    78.7, 30.00,    66.2,  28.8,  23.34,  25.41,  -11.97,   1.09,  -0.88,   0.00,  -0.08, 163.9, 163.8,  27.7,  28.8,   2.1,  16.82,  21.60,     3.51,  185.77,   33.76,  14.18, 1143.6,    0.10,  267.19,  263.20,  256.95,  257.38,  250.40,  249.51, 1007.36, 1056.32, 1024.36, 1017.42, 1069.29, 1078.89,  979.94,  983.60,   -23.2,  23,  GPS,  344.0, 116.50, 115.60, 128.400, 120.950, -2.998,       ,       ,      ,    1.5,  170.8,  -14.9,      0,  NONE,   NONE,      ,      ,   3.9, 3DDiff,  556,      ,     12,   9.5,     17
2018-08-27, 17:59:30,  -04:00,  FINAL,   43.0724640,  -70.8142090,    78.7, 30.00,    66.3,  28.8,  24.04,  25.58,  -12.23,   1.29,  -1.13,   0.05,   0.01, 164.2, 163.7,  27.7,  28.8,   2.1,  16.85,  21.59,     3.52,  185.75,   33.98,  14.12, 1147.7,    0.10,  267.36,  263.27,  257.13,  257.47,  250.56,  249.75, 1006.83, 1056.11, 1024.41, 1018.84, 1068.57, 1078.21,  979.68,  983.14,   -23.1,  23,  GPS,  344.0, 116.50, 115.60, 128.400, 120.950, -2.997,       ,       ,      ,    1.5,  170.8,  -14.9,      0,  NONE,   NONE,      ,      ,   0.0, 3DDiff,  556,      ,     12,   9.5,     17
2018-08-27, 17:59:31,  -04:00,  FINAL,   43.0723610,  -70.8141251,    78.7, 30.00,    66.4,  28.8,  24.17,  25.74,   -1.01,   1.15,  -1.36,   0.07,   0.03, 164.7, 164.3,  27.7,  28.8,   2.1,  16.89,  21.63,     3.49,  185.74,   33.66,  14.08, 1138.9,    0.10,  267.56,  263.38,  257.28,  257.59,  250.74,  249.93, 1006.95, 1055.37, 1024.14, 1019.44, 1069.15, 1078.39,  979.30,  983.28,   -23.1,  24,  GPS,  344.0, 116.50, 115.60, 128.400, 120.950, -2.996,       ,       ,      ,    1.4,  170.8,  -14.9,      0,  NONE,   NONE,      ,      ,   3.9, 3DDiff,  556,      ,     12,   9.5,     18
2018-08-27, 17:59:32,  -04:00,  FINAL,   43.0722580,  -70.8140411,    78.7, 30.00,    66.0,  28.8,  22.89,  25.87,   -6.65,   1.10,  -1.10,   0.04,  -0.00, 164.5, 164.5,  27.7,  28.8,   2.1,  16.88,  21.67,     3.43,  185.74,   32.96,  14.05, 1115.6,    0.09,  267.73,  263.47,  257.43,  257.70,  250.89,  250.11, 1005.82, 1056.22, 1024.36, 1020.01, 1070.51, 1082.27,  979.31,  982.77,   -23.5,  22,  GPS,  344.0, 116.50, 115.60, 128.400, 120.950, -2.995,       ,       ,      ,    1.4,  170.8,  -14.9,      0,  NONE,   NONE,      ,      ,   7.9, 3DDiff,  556,      ,     12,  10.0,     18
2018-08-27, 17:59:33,  -04:00,  FINAL,   43.0721550,  -70.8139572,    78.7, 30.00,    66.2,  28.8,  23.28,  25.97,   -2.86,   1.13,  -1.03,  -0.04,  -0.11, 164.7, 164.6,  27.7,  28.8,   2.1,  16.91,  21.67,     3.37,  185.72,   32.32,  14.13, 1099.3,    0.09,  267.89,  263.56,  257.59,  257.82,  251.07,  250.31, 1003.81, 1057.59, 1023.27, 1020.75, 1070.85, 1082.77,  980.46,  981.06,   -23.3,  23,  GPS,  344.0, 116.50, 115.60, 128.400, 120.950, -2.992,       ,       ,      ,    1.4,  170.9,  -14.9,      0,  NONE,   NONE,      ,      ,   3.9, 3DDiff,  556,      ,     12,   9.5,     17
2018-08-27, 17:59:34,  -04:00,  FINAL,   43.0720520,  -70.8138809,    78.7, 30.00,    65.8,  28.8,  23.92,  26.09,   -6.14,   1.18,  -1.18,   0.02,   0.00, 164.0, 164.5,  27.7,  28.8,   2.1,  16.91,  21.66,     3.35,  185.68,   32.19,  14.13, 1102.3,    0.09,  268.10,  263.68,  257.77,  257.92,  251.25,  250.48, 1002.18, 1056.59, 1022.16, 1020.33, 1069.28, 1083.25,  980.01,  980.23,   -23.6,  23,  GPS,  344.0, 116.50, 115.60, 128.400, 120.950, -2.991,       ,       ,      ,    1.4,  170.9,  -14.9,      0,  NONE,   NONE,      ,      ,   0.0, 3DDiff,  556,      ,     11,   9.5,     17
2018-08-27, 17:59:35,  -04:00,  FINAL,   43.0719490,  -70.8137894,    79.7, 30.00,    65.8,  28.8,  23.59,  26.16,   -0.27,   1.07,  -1.05,  -0.00,  -0.07, 163.9, 163.8,  27.7,  28.8,   2.1,  17.00,  21.56,     3.33,  185.67,   32.14,  14.13, 1103.6,    0.09,  268.25,  263.77,  257.94,  258.03,  251.41,  250.68, 1000.46, 1056.53, 1021.92, 1020.60, 1069.22, 1083.97,  980.22,  979.37,   -23.7,  23,  GPS,  344.0, 116.50, 115.60, 128.400, 120.950, -2.994,       ,       ,      ,    1.4,  170.9,  -14.9,      0,  NONE,   NONE,      ,      ,   3.9, 3DDiff,  556,      ,     12,   9.5,     17
2018-08-27, 17:59:36,  -04:00,  FINAL,   43.0718460,  -70.8137054,    79.7, 30.00,    65.8,  28.8,  24.21,  26.28,   -0.01,   1.08,  -1.14,   0.02,   0.05, 164.7, 163.9,  27.7,  28.8,   2.1,  17.09,  21.51,     3.35,  185.64,   32.11,  14.14, 1104.6,    0.09,  268.43,  263.86,  258.10,  258.13,  251.58,  250.84,  999.51, 1056.12, 1021.27, 1020.76, 1070.13, 1085.01,  980.05,  978.24,   -23.7,  24,  GPS,  344.0, 116.50, 115.60, 128.400, 120.950, -2.993,       ,       ,      ,    1.4,  171.0,  -14.9,      0,  NONE,   NONE,      ,      ,   3.9, 3DDiff,  556,      ,     12,   9.5,     17
2018-08-27, 17:59:37,  -04:00,  FINAL,   43.0717392,  -70.8136215,    78.7, 30.00,    65.8,  28.8,  24.20,  26.30,   -0.48,   1.09,  -0.99,   0.02,   0.02, 164.1, 164.4,  27.7,  28.8,   2.1,  17.10,  21.58,     3.35,  185.61,   32.09,  14.11, 1103.7,    0.09,  268.61,  263.96,  258.27,  258.25,  251.75,  251.04,  998.27, 1056.68, 1019.69, 1022.08, 1068.91, 1086.56,  981.12,  976.68,   -23.7,  24,  GPS,  344.0, 116.50, 115.60, 128.400, 120.950, -2.994,       ,       ,      ,    1.4,  171.0,  -14.9,      0,  NONE,   NONE,      ,      ,   3.9, 3DDiff,  556,      ,     12,  10.0,     18
2018-08-27, 17:59:38,  -04:00,  FINAL,   43.0716362,  -70.8135300,    79.7, 30.00,    66.2,  28.8,  24.94,  26.36,   -0.20,   1.12,  -1.20,   0.02,   0.00, 163.9, 163.9,  27.7,  28.8,   2.1,  17.14,  21.50,     3.34,  185.63,   32.25,  14.12, 1105.2,    0.09,  268.80,  264.06,  258.42,  258.36,  251.91,  251.22,  996.94, 1058.71, 1018.97, 1021.02, 1070.31, 1085.81,  981.78,  976.06,   -23.2,  24,  GPS,  344.0, 116.50, 115.60, 128.400, 120.950, -2.998,       ,       ,      ,    1.4,  171.1,  -14.9,      0,  NONE,   NONE,      ,      ,   3.9, 3DDiff,  556,      ,     12,  10.0,     18
2018-08-27, 17:59:39,  -04:00,  FINAL,   43.0715332,  -70.8134460,    78.7, 30.00,    66.5,  28.8,  25.11,  26.48,   -4.19,   0.90,  -1.15,   0.03,   0.07, 163.8, 163.7,  27.7,  28.8,   2.1,  17.17,  21.44,     3.34,  185.64,   32.24,  14.14, 1104.6,    0.09,  268.98,  264.14,  258.59,  258.46,  252.07,  251.40,  996.26, 1059.42, 1019.30, 1020.06, 1072.03, 1086.37,  981.89,  975.87,   -22.9,  24,  GPS,  344.0, 116.50, 115.60, 128.400, 120.950, -2.995,       ,       ,      ,    1.4,  171.1,  -14.9,      0,  NONE,   NONE,      ,      ,   0.0, 3DDiff,  556,      ,     11,   9.5,     17
2018-08-27, 17:59:40,  -04:00,  FINAL,   43.0714226,  -70.8133621,    79.7, 30.00,    66.9,  28.8,  24.37,  26.53,   -0.56,   1.03,  -0.83,  -0.00,  -0.04, 163.9, 163.7,  27.7,  28.8,   2.1,  17.24,  21.44,     3.33,  185.63,   32.19,  14.14, 1103.4,    0.09,  269.15,  264.26,  258.73,  258.57,  252.24,  251.60,  996.11, 1059.02, 1019.05, 1019.89, 1072.58, 1086.29,  981.60,  975.88,   -22.5,  24,  GPS,  344.0, 116.50, 115.60, 128.400, 120.950, -2.996,       ,       ,      ,    1.4,  171.1,  -14.9,      0,  NONE,   NONE,      ,      ,   3.9, 3DDiff,  556,      ,     11,   9.5,     17
2018-08-27, 17:59:41,  -04:00,  FINAL,   43.0713158,  -70.8132782,    78.7, 30.00,    67.0,  28.8,  24.78,  26.63,  -14.44,   1.16,  -0.98,   0.02,  -0.02, 164.0, 164.0,  27.7,  28.8,   2.1,  17.26,  21.44,     3.34,  185.64,   32.29,  14.07, 1107.9,    0.09,  269.31,  264.36,  258.90,  258.68,  252.39,  251.76,  996.07, 1057.67, 1018.06, 1020.05, 1072.74, 1085.42,  982.13,  975.03,   -22.5,  24,  GPS,  344.0, 116.50, 115.60, 128.400, 120.950, -2.991,       ,       ,      ,    1.4,  171.2,  -14.9,      0,  NONE,   NONE,      ,      ,   0.0, 3DDiff,  556,      ,     12,   9.5,     17
2018-08-27, 17:59:42,  -04:00,  FINAL,   43.0712128,  -70.8131866,    79.7, 30.00,    67.1,  28.8,  25.83,  26.71,   -5.25,   1.10,  -1.19,   0.04,  -0.08, 164.0, 163.8,  27.7,  28.8,   2.1,  17.26,  21.40,     3.32,  185.65,   32.33,  14.07, 1108.6,    0.09,  269.51,  264.44,  259.05,  258.78,  252.57,  251.95,  995.69, 1057.79, 1017.53, 1019.91, 1074.39, 1085.55,  982.03,  975.19,   -22.3,  25,  GPS,  344.0, 116.50, 115.60, 128.400, 120.950, -2.993,       ,       ,      ,    1.4,  171.2,  -14.9,      0,  NONE,   NONE,      ,      ,   3.9, 3DDiff,  556,      ,     12,   9.5,     17
2018-08-27, 17:59:43,  -04:00,  FINAL,   43.0711060,  -70.8131027,    78.7, 30.00,    67.2,  28.8,  25.33,  26.77,   -7.12,   1.02,  -0.98,   0.03,  -0.07, 164.5, 164.0,  27.7,  28.8,   2.1,  17.30,  21.41,     3.33,  185.65,   32.18,  14.16, 1100.4,    0.09,  269.66,  264.53,  259.20,  258.88,  252.72,  252.15,  995.53, 1059.22, 1018.91, 1020.71, 1076.48, 1086.42,  983.05,  975.90,   -22.2,  25,  GPS,  344.0, 116.50, 115.60, 128.400, 120.950, -2.994,       ,       ,      ,    1.4,  171.2,  -14.9,      0,  NONE,   NONE,      ,      ,   3.9, 3DDiff,  556,      ,     12,  10.0,     18
2018-08-27, 17:59:44,  -04:00,  FINAL,   43.0709991,  -70.8130188,    79.7, 30.00,    66.8,  28.8,  24.87,  26.81,   -0.83,   0.81,  -1.10,   0.05,   0.05, 164.8, 164.5,  27.7,  28.8,   2.1,  17.29,  21.49,     3.33,  185.65,   32.00,  14.20, 1098.5,    0.09,  269.84,  264.65,  259.33,  259.00,  252.87,  252.33,  994.39, 1060.11, 1018.63, 1022.64, 1077.09, 1087.49,  984.40,  975.44,   -22.7,  24,  GPS,  344.0, 116.50, 115.60, 128.400, 120.950, -2.991,       ,       ,      ,    1.4,  171.3,  -14.9,      0,  NONE,   NONE,      ,      ,   3.9, 3DDiff,  556,      ,     12,  10.0,     17
2018-08-27, 17:59:45,  -04:00,  FINAL,   43.0708885,  -70.8129349,    79.7, 30.00,    66.1,  29.0,  22.99,  26.88,   -5.98,   0.94,  -0.91,   0.03,   0.02, 165.1, 164.7,  27.7,  28.8,   2.1,  17.30,  21.50,     3.32,  185.66,   31.90,  14.22, 1096.9,    0.09,  270.02,  264.73,  259.51,  259.09,  253.02,  252.52,  993.61, 1059.96, 1018.69, 1022.32, 1077.05, 1086.87,  984.80,  975.21,   -23.4,  22,  GPS,  344.0, 116.50, 115.60, 128.400, 120.950, -2.986,       ,       ,      ,    1.3,  171.3,  -14.9,      0,  NONE,   NONE,      ,      ,   3.9, 3DDiff,  556,      ,     11,   9.5,     17
2018-08-27, 17:59:46,  -04:00,  FINAL,   43.0707855,  -70.8128510,    79.7, 30.00,    65.9,  29.0,  22.31,  26.90,   -6.45,   0.70,  -0.99,  -0.03,   0.04, 163.8, 164.9,  27.7,  28.8,   2.1,  17.28,  21.52,     3.34,  185.66,   31.86,  14.23, 1096.2,    0.09,  270.20,  264.82,  259.66,  259.20,  253.19,  252.71,  992.22, 1059.16, 1017.34, 1023.02, 1075.41, 1086.62,  984.68,  974.50,   -23.6,  22,  GPS,  344.0, 116.50, 115.60, 128.400, 120.950, -2.988,       ,       ,      ,    1.3,  171.4,  -14.9,      0,  NONE,   NONE,      ,      ,   3.9, 3DDiff,  556,      ,     11,   9.5,     17
2018-08-27, 17:59:47,  -04:00,  FINAL,   43.0706787,  -70.8127594,    79.7, 30.00,    65.8,  29.0,  24.95,  26.81,   -5.07,   0.99,  -0.98,   0.01,  -0.04, 163.1, 163.6,  27.7,  28.8,   2.1,  17.34,  21.33,     3.32,  185.65,   31.90,  14.19, 1098.7,    0.09,  270.35,  264.91,  259.80,  259.29,  253.32,  252.90,  991.51, 1058.69, 1018.33, 1024.69, 1078.88, 1086.70,  985.11,  974.75,   -23.7,  24,  GPS,  344.0, 116.50, 115.60, 128.400, 120.950, -2.989,       ,       ,      ,    1.3,  171.4,  -14.9,      0,  NONE,   NONE,      ,      ,   3.9, 3DDiff,  556,      ,     12,   9.5,     17
2018-08-27, 17:59:48,  -04:00,  FINAL,   43.0705719,  -70.8126678,    78.7, 30.00,    65.8,  29.0,  24.76,  26.81,  -14.19,   0.78,  -1.01,   0.02,  -0.05, 164.3, 163.4,  27.7,  28.8,   2.1,  17.43,  21.27,     3.27,  185.66,   31.26,  13.64, 1078.6,    0.08,  270.51,  265.00,  259.98,  259.43,  253.47,  253.08,  990.91, 1058.34, 1018.30, 1024.63, 1079.83, 1088.20,  985.70,  974.32,   -23.7,  24,  GPS,  344.0, 116.50, 115.60, 128.400, 120.950, -2.991,       ,       ,      ,    1.3,  171.4,  -14.9,      0,  NONE,   NONE,      ,      ,   3.9, 3DDiff,  556,      ,     12,   9.5,     17
2018-08-27, 17:59:49,  -04:00,  FINAL,   43.0704689,  -70.8125916,    77.7, 30.00,    65.7,  29.0,  24.11,  26.48,  -34.21,   1.08,  -0.89,  -0.00,   0.04, 163.9, 164.0,  27.7,  28.8,   2.1,  17.35,  21.35,     3.04,  185.70,   27.84,  14.36,  957.7,    0.07,  270.69,  265.07,  260.11,  259.51,  253.62,  253.26,  987.83, 1050.23, 1020.14, 1007.41, 1081.03, 1073.06,  977.38,  972.80,   -23.8,  23,  GPS,  344.0, 116.50, 115.60, 128.400, 120.950, -2.990,       ,       ,      ,    1.3,  171.5,  -14.9,      0,  NONE,   NONE,      ,      ,   3.9, 3DDiff,  556,      ,     12,   9.5,     18
2018-08-27, 17:59:50,  -04:00,  FINAL,   43.0703659,  -70.8125000,    77.7, 30.00,    66.2,  29.0,  23.96,  26.28,  -36.56,   0.97,  -0.92,   0.03,   0.01, 163.7, 163.7,  27.7,  28.8,   2.1,  17.38,  21.22,     2.91,  185.70,   26.59,  14.40,  952.9,    0.07,  270.86,  265.13,  260.26,  259.60,  253.77,  253.44,  982.89, 1043.56, 1015.47, 1005.39, 1078.42, 1058.72,  972.86,  969.31,   -23.2,  23,  GPS,  344.0, 116.50, 115.60, 128.400, 120.950, -2.991,       ,       ,      ,    1.3,  171.5,  -14.9,      0,  NONE,   NONE,      ,      ,   3.9, 3DDiff,  556,      ,     12,   9.5,     18
2018-08-27, 17:59:51,  -04:00,  FINAL,   43.0702629,  -70.8124084,    77.7, 30.00,    67.5,  29.0,  24.01,  26.14,  -18.91,   0.87,  -0.96,   0.04,   0.02, 163.9, 163.7,  27.7,  28.8,   2.1,  17.40,  21.15,     2.91,  185.67,   26.25,  14.34,  955.5,    0.07,  271.04,  265.21,  260.38,  259.69,  253.91,  253.61,  979.51, 1040.15, 1011.13, 1002.11, 1075.52, 1049.25,  970.48,  966.24,   -22.0,  23,  GPS,  344.0, 116.50, 115.60, 128.400, 120.950, -2.994,       ,       ,      ,    1.3,  171.6,  -14.9,      0,  NONE,   NONE,      ,      ,   3.9, 3DDiff,  556,      ,     12,   9.5,     17
2018-08-27, 17:59:52,  -04:00,  FINAL,   43.0701523,  -70.8123245,    77.7, 30.00,    68.0,  29.0,  22.99,  25.99,  -16.10,   0.99,  -0.85,   0.05,  -0.03, 163.9, 163.9,  27.7,  28.8,   2.1,  17.40,  21.05,     2.90,  185.60,   25.85,  14.47,  944.4,    0.07,  271.20,  265.29,  260.52,  259.79,  254.04,  253.74,  975.50, 1036.21, 1008.95, 1001.70, 1072.27, 1033.76,  967.28,  963.64,   -21.5,  22,  GPS,  344.0, 116.50, 115.60, 128.400, 120.950, -2.994,       ,       ,      ,    1.3,  171.6,  -14.9,      0,  NONE,   NONE,      ,      ,   3.9, 3DDiff,  556,      ,     12,   9.5,     17
2018-08-27, 17:59:53,  -04:00,  FINAL,   43.0700493,  -70.8122406,    77.7, 30.00,    68.2,  29.0,  23.72,  25.83,  -16.00,   0.99,  -0.92,  -0.01,   0.01, 163.7, 163.8,  27.7,  28.8,   2.1,  17.39,  20.97,     2.97,  185.54,   25.97,  14.34,  952.7,    0.07,  271.37,  265.35,  260.65,  259.87,  254.14,  253.89,  972.18, 1031.44, 1005.94,  999.66, 1069.75, 1015.04,  963.09,  961.08,   -21.3,  23,  GPS,  344.0, 116.50, 115.60, 128.400, 120.950, -2.993,       ,       ,      ,    1.3,  171.7,  -14.9,      0,  NONE,   NONE,      ,      ,   3.9, 3DDiff,  556,      ,     12,   9.5,     17
2018-08-27, 17:59:54,  -04:00,  FINAL,   43.0699501,  -70.8121567,    78.7, 30.00,    68.4,  29.0,  24.94,  25.70,   -1.86,   0.76,  -0.85,   0.05,  -0.01, 164.3, 163.7,  27.7,  28.8,   2.1,  17.39,  20.89,     2.98,  185.47,   25.94,  14.41,  948.4,    0.07,  271.50,  265.40,  260.74,  259.98,  254.28,  254.01,  969.03, 1028.27, 1003.42,  998.88, 1068.24, 1002.09,  959.76,  959.18,   -21.1,  24,  GPS,  344.0, 116.50, 115.60, 128.400, 120.950, -2.993,       ,       ,      ,    1.3,  171.7,  -14.9,      0,  NONE,   NONE,      ,      ,   3.9, 3DDiff,  556,      ,     12,   9.5,     17
2018-08-27, 17:59:55,  -04:00,  FINAL,   43.0698471,  -70.8120728,    78.7, 30.00,    68.5,  29.0,  22.87,  25.43,   -1.51,   0.99,  -0.96,  -0.01,  -0.07, 163.9, 164.3,  27.7,  28.8,   2.1,  17.34,  20.95,     2.97,  185.39,   25.73,  14.49,  942.0,    0.07,  271.68,  265.46,  260.86,  260.05,  254.37,  254.13,  967.11, 1024.65, 1000.54,  999.89, 1066.12,  992.06,  956.87,  957.34,   -20.9,  22,  GPS,  344.0, 116.50, 115.60, 128.400, 120.950, -2.992,       ,       ,      ,    1.3,  171.7,  -14.9,      0,  NONE,   NONE,      ,      ,   3.9, 3DDiff,  556,      ,     12,   9.5,     18
2018-08-27, 17:59:56,  -04:00,  FINAL,   43.0697441,  -70.8119965,    78.7, 30.00,    67.7,  29.0,  21.98,  25.25,   -1.98,   0.98,  -0.78,   0.02,  -0.05, 163.7, 163.9,  27.7,  28.8,   2.1,  17.35,  20.87,     2.96,  185.35,   25.82,  14.35,  950.7,    0.07,  271.84,  265.52,  260.97,  260.14,  254.47,  254.25,  964.42, 1022.49,  997.39, 1000.83, 1064.09,  990.80,  955.81,  955.42,   -21.7,  21,  GPS,  344.0, 116.50, 115.60, 128.400, 120.950, -2.991,       ,       ,      ,    1.3,  171.8,  -14.9,      0,  NONE,   NONE,      ,      ,   0.0, 3DDiff,  556,      ,     12,   9.5,     18
2018-08-27, 17:59:57,  -04:00,  FINAL,   43.0696487,  -70.8119125,    78.7, 30.00,    66.5,  29.0,  22.95,  25.13,   -0.08,   1.11,  -0.91,   0.01,   0.06, 163.7, 163.6,  27.7,  28.8,   2.1,  17.37,  20.83,     2.96,  185.31,   26.01,  14.29,  956.3,    0.07,  272.01,  265.57,  261.07,  260.22,  254.58,  254.37,  961.86, 1019.19,  994.91, 1001.57, 1062.79,  986.97,  955.31,  953.67,   -22.9,  22,  GPS,  344.0, 116.50, 115.60, 128.400, 120.950, -2.994,       ,       ,      ,    1.3,  171.8,  -14.9,      0,  NONE,   NONE,      ,      ,   0.0, 3DDiff,  556,      ,     12,   9.5,     17
2018-08-27, 17:59:58,  -04:00,  FINAL,   43.0695534,  -70.8118286,    78.7, 30.00,    66.2,  29.0,  22.78,  25.02,   -0.00,   1.01,  -1.14,   0.02,  -0.02, 164.4, 163.8,  27.7,  28.8,   2.1,  17.38,  20.80,     2.96,  185.29,   25.83,  14.35,  946.0,    0.07,  272.14,  265.61,  261.18,  260.28,  254.70,  254.51,  959.94, 1017.45,  992.22, 1000.49, 1062.98,  977.15,  952.75,  952.25,   -23.3,  22,  GPS,  344.0, 116.50, 115.60, 128.400, 120.950, -2.996,       ,       ,      ,    1.3,  171.9,  -14.9,      0,  NONE,   NONE,      ,      ,   3.9, 3DDiff,  556,      ,     12,   9.5,     17
2018-08-27, 17:59:59,  -04:00,  FINAL,   43.0694504,  -70.8117523,    78.7, 30.00,    66.1,  29.0,  22.14,  24.76,   -7.36,   1.12,  -0.79,  -0.03,  -0.08, 164.4, 164.4,  27.7,  28.8,   2.1,  17.34,  20.89,     2.96,  185.25,   25.49,  14.49,  935.0,    0.07,  272.28,  265.66,  261.30,  260.36,  254.76,  254.59,  958.38, 1014.24,  990.08,  998.36, 1061.49,  964.87,  948.75,  951.05,   -23.3,  22,  GPS,  344.0, 116.50, 115.60, 128.400, 120.950, -2.990,       ,       ,      ,    1.2,  171.9,  -14.9,      0,  NONE,   NONE,      ,      ,   3.9, 3DDiff,  556,      ,     12,   9.5,     17
2018-08-27, 18:00:00,  -04:00,  FINAL,   43.0693550,  -70.8116760,    78.7, 30.00,    66.0,  29.0,  22.93,  24.51,   -9.98,   0.69,  -0.76,   0.01,   0.12, 164.2, 164.3,  27.7,  28.8,   2.1,  17.30,  20.89,     2.96,  185.22,   25.41,  14.46,  935.6,    0.07,  272.41,  265.70,  261.39,  260.44,  254.85,  254.70,  956.46, 1011.92,  988.66,  997.63, 1060.86,  955.42,  945.78,  949.80,   -23.5,  22,  GPS,  344.0, 116.50, 115.60, 128.400, 120.950, -2.991,       ,       ,      ,    1.2,  172.0,  -14.9,      0,  NONE,   NONE,      ,      ,   0.0, 3DDiff,  556,      ,     12,   9.5,     17
2018-08-27, 18:00:01,  -04:00,  FINAL,   43.0692596,  -70.8115997,    78.7, 30.00,    65.9,  29.0,  22.29,  24.18,  -10.55,   0.63,  -1.07,   0.02,   0.02, 164.0, 164.1,  27.7,  28.8,   2.1,  17.20,  20.85,     2.94,  185.21,   25.55,  14.38,  942.2,    0.07,  272.56,  265.73,  261.48,  260.51,  254.94,  254.79,  955.91, 1011.33,  988.62,  997.61, 1061.17,  959.05,  946.31,  949.50,   -23.5,  22,  GPS,  344.0, 116.50, 115.60, 128.400, 120.950, -2.991,       ,       ,      ,    1.2,  172.0,  -14.9,      0,  NONE,   NONE,      ,      ,   3.9, 3DDiff,  556,      ,     12,   9.5,     18
2018-08-27, 18:00:02,  -04:00,  FINAL,   43.0691681,  -70.8115234,    78.7, 30.00,    66.7,  29.0,  22.28,  23.79,   -0.94,   0.88,  -0.98,   0.01,  -0.01, 163.5, 163.9,  27.7,  28.8,   2.1,  17.21,  20.82,     2.95,  185.16,   25.16,  14.46,  928.2,    0.07,  272.70,  265.78,  261.60,  260.58,  255.01,  254.89,  955.41, 1009.81,  988.04,  998.86, 1062.04,  955.39,  945.68,  949.35,   -22.8,  22,  GPS,  344.0, 116.50, 115.60, 128.400, 120.950, -2.991,       ,       ,      ,    1.2,  172.0,  -14.9,      0,  NONE,   NONE,      ,      ,   0.0, 3DDiff,  556,      ,     12,   9.5,     17
2018-08-27, 18:00:03,  -04:00,  FINAL,   43.0690689,  -70.8114395,    78.7, 30.00,    67.8,  29.0,  21.63,  23.29,  -14.79,   0.64,  -0.98,   0.02,   0.03, 163.9, 163.5,  27.7,  28.7,   1.9,  17.25,  20.74,     2.77,  185.13,   22.08,  15.65,  805.0,    0.06,  272.85,  265.82,  261.67,  260.65,  255.12,  254.97,  954.23,  996.83,  984.70,  984.44, 1057.28,  934.26,  934.25,  945.17,   -21.6,  21,  GPS,  344.0, 116.50, 115.60, 128.400, 120.950, -2.991,       ,       ,      ,    1.2,  172.1,  -14.9,      0,  NONE,   NONE,      ,      ,   3.9, 3DDiff,  556,      ,     12,   9.5,     17
2018-08-27, 18:00:04,  -04:00,  FINAL,   43.0689812,  -70.8113632,    77.7, 30.00,    68.5,  29.0,  -0.85,  22.65,  -42.81,   0.74,  -0.98,   0.01,  -0.09, 164.5, 164.1,  27.6,  28.7,   1.9,  17.24,  20.79,     2.63,  185.07,   20.05,  16.15,  766.2,    0.06,  272.95,  265.82,  261.76,  260.73,  255.21,  255.06,  947.78,  971.57,  978.30,  962.97, 1043.03,  920.53,  917.32,  939.66,   -21.0,  -1,  GPS,  344.0, 116.50, 115.60, 128.400, 120.950, -2.993,       ,       ,      ,    1.2,  172.1,  -14.9,      0,  NONE,   NONE,      ,      ,   3.9, 3DDiff,  556,      ,     11,   9.5,     17
2018-08-27, 18:00:05,  -04:00,  FINAL,   43.0688934,  -70.8112946,    77.7, 30.00,    68.7,  29.0,   0.03,  21.98,  -33.98,   0.37,  -1.15,  -0.00,  -0.03, 164.4, 164.4,  27.6,  28.7,   1.9,  17.18,  20.81,     2.63,  185.02,   19.45,  16.08,  768.0,    0.06,  273.07,  265.88,  261.84,  260.80,  255.27,  255.13,  944.97,  957.11,  976.81,  958.00, 1036.63,  913.87,  909.78,  937.79,   -20.8,   0,  GPS,  344.0, 116.50, 115.60, 128.400, 120.950, -2.990,       ,       ,      ,    1.2,  172.2,  -14.9,      0,  NONE,   NONE,      ,      ,   0.0, 3DDiff,  556,      ,     12,   9.5,     17
2018-08-27, 18:00:06,  -04:00,  FINAL,   43.0688095,  -70.8112259,    78.7, 30.00,    68.9,  29.0,  -0.00,  21.21,  -15.23,   0.47,  -1.14,  -0.00,  -0.05, 163.7, 164.2,  27.6,  28.7,   2.1,  17.16,  20.81,     2.59,  184.93,   19.46,  15.88,  778.7,    0.06,  273.21,  265.91,  261.93,  260.86,  255.36,  255.21,  941.10,  949.83,  975.91,  951.32, 1032.57,  913.32,  905.05,  935.45,   -20.6,  -0,  GPS,  344.0, 116.50, 115.60, 128.400, 120.950, -2.991,       ,       ,      ,    1.2,  172.2,  -14.9,      0,  NONE,   NONE,      ,      ,   0.0, 3DDiff,  556,      ,     12,   9.5,     17
2018-08-27, 18:00:07,  -04:00,  FINAL,   43.0687294,  -70.8111572,    78.7, 30.00,    69.0,  29.0,  -0.00,  20.18,   -6.58,   0.21,  -1.30,   0.02,  -0.02, 163.5, 163.6,  27.6,  28.7,   2.0,  17.19,  20.73,     2.59,  184.84,   19.33,  16.04,  771.2,    0.06,  273.34,  265.92,  261.98,  260.92,  255.43,  255.28,  938.12,  944.59,  974.49,  949.66, 1017.96,  908.55,  901.99,  931.09,   -20.4,  -0,  GPS,  344.0, 116.50, 115.60, 128.400, 120.950, -2.992,       ,       ,      ,    1.2,  172.3,  -14.9,      0,  NONE,   NONE,      ,      ,   3.9, 3DDiff,  556,      ,     12,   9.5,     18
2018-08-27, 18:00:08,  -04:00,  FINAL,   43.0686531,  -70.8110962,    78.7, 30.00,    68.3,  29.0,   0.00,  19.09,   -0.29,   0.16,  -1.31,   0.01,  -0.02, 163.0, 163.5,  27.6,  28.7,   2.0,  17.24,  20.72,     2.58,  184.76,   19.22,  16.08,  769.8,    0.06,  273.43,  265.94,  262.06,  260.98,  255.49,  255.34,  933.92,  940.58,  972.20,  943.80, 1006.61,  897.43,  897.71,  927.02,   -21.1,   0,  GPS,  344.0, 116.50, 115.60, 128.400, 120.950, -2.992,       ,       ,      ,    1.2,  172.3,  -14.9,      0,  NONE,   NONE,      ,      ,   3.9, 3DDiff,  556,      ,     12,   9.5,     17
2018-08-27, 18:00:09,  -04:00,  FINAL,   43.0685883,  -70.8110428,    79.7, 30.00,    67.7,  29.0,   0.00,  18.12,    4.17,   0.52,  -1.31,  -0.12,   0.00, 158.9, 162.0,  27.6,  28.8,   2.1,  17.28,  20.63,     2.60,  184.70,   19.45,  15.85,  777.5,    0.06,  273.58,  265.97,  262.12,  261.04,  255.55,  255.38,  930.18,  941.79,  969.58,  938.43,  991.67,  901.20,  897.65,  922.62,   -21.8,   0,  GPS,  344.0, 116.50, 115.60, 128.400, 120.950, -2.993,       ,       ,      ,    1.2,  172.3,  -14.9,      0,  NONE,   NONE,      ,      ,  -3.9, 3DDiff,  556,      ,     12,   9.5,     17
2018-08-27, 18:00:10,  -04:00,  FINAL,   43.0685272,  -70.8109741,    78.7, 30.00,    67.3,  29.0,  -0.00,  16.93,   -4.24,   0.04,  -1.54,  -0.12,  -0.00, 150.3, 156.7,  27.6,  28.8,   2.0,  17.47,  20.34,     2.54,  184.65,   19.17,  16.14,  766.6,    0.06,  273.70,  265.97,  262.21,  261.10,  255.61,  255.43,  927.97,  944.41,  968.48,  938.49,  984.06,  908.28,  899.96,  920.55,   -22.2,  -0,  GPS,  344.0, 116.50, 115.60, 128.400, 120.950, -3.005,       ,       ,      ,    1.2,  172.4,  -14.9,      0,  NONE,   NONE,      ,      ,   0.0, 3DDiff,  556,      ,     12,   9.5,     17
2018-08-27, 18:00:11,  -04:00,  FINAL,   43.0684776,  -70.8108978,    78.7, 30.00,    67.1,  29.0,   0.00,  15.49,  -18.01,  -0.42,  -1.86,  -0.10,  -0.00, 139.4, 147.4,  27.6,  28.8,   2.1,  18.01,  19.87,     2.53,  184.64,   19.26,  16.03,  772.5,    0.06,  273.79,  266.01,  262.27,  261.16,  255.67,  255.51,  924.03,  943.20,  951.07,  936.37,  980.68,  906.14,  898.76,  913.25,   -22.3,   0,  GPS,  344.0, 116.50, 115.60, 128.400, 120.950, -3.028,       ,       ,      ,    1.2,  172.5,  -14.9,      0,  NONE,   NONE,      ,      ,  -3.9, 3DDiff,  556,      ,     12,   9.5,     17
2018-08-27, 18:00:12,  -04:00,  FINAL,   43.0684509,  -70.8108292,    78.7, 30.00,    66.8,  29.0,   0.00,  13.90,  -23.54,  -0.42,  -1.09,  -0.17,  -0.05, 125.4, 135.6,  27.6,  28.7,   2.0,  18.80,  19.27,     2.54,  184.64,   19.10,  16.19,  766.1,    0.06,  273.91,  266.03,  262.33,  261.20,  255.70,  255.57,  921.03,  942.26,  939.02,  935.37,  962.57,  906.69,  898.05,  906.14,   -22.6,   0,  GPS,  344.0, 116.50, 115.60, 128.400, 120.950, -3.063,       ,       ,      ,    1.2,  172.6,  -14.9,      0,  NONE,   NONE,      ,      ,  -7.9, 3DDiff,  556,      ,     12,   9.5,     17
2018-08-27, 18:00:13,  -04:00,  FINAL,   43.0684357,  -70.8107529,    79.7, 30.00,    66.6,  29.0,  -0.00,  12.46,   -7.08,  -0.26,  -0.63,  -0.15,  -0.03, 111.3, 120.9,  27.5,  28.7,   2.0,  19.70,  18.61,     2.56,  184.67,   19.11,  16.13,  766.4,    0.06,  274.00,  266.06,  262.36,  261.30,  255.76,  255.61,  918.73,  941.77,  922.66,  933.80,  946.06,  912.45,  898.24,  899.35,   -22.8,  -0,  GPS,  344.0, 116.50, 115.60, 128.400, 120.950, -3.103,       ,       ,      ,    1.2,  172.7,  -14.9,      0,  NONE,   NONE,      ,      ,  -7.9, 3DDiff,  556,      ,     12,   9.5,     18
2018-08-27, 18:00:14,  -04:00,  FINAL,   43.0684357,  -70.8106766,    79.7, 30.00,    67.0,  29.0,   0.00,  11.62,    3.53,  -0.99,  -0.54,  -0.11,   0.07, 100.0, 107.8,  27.6,  28.8,   2.0,  20.56,  18.07,     2.57,  184.72,   19.28,  16.01,  776.7,    0.06,  274.12,  266.09,  262.45,  261.36,  255.79,  255.72,  917.87,  941.35,  918.31,  931.86,  942.67,  910.37,  897.51,  896.35,   -22.5,   0,  GPS,  344.0, 116.50, 115.60, 128.400, 120.950, -3.152,       ,       ,      ,    1.2,  172.9,  -14.9,      0,  NONE,   NONE,      ,      , -15.7, 3DDiff,  556,      ,     12,   9.5,     17
2018-08-27, 18:00:15,  -04:00,  FINAL,   43.0684395,  -70.8106079,    79.7, 30.00,    66.9,  29.0,   0.00,  11.10,   -2.54,   0.13,  -0.23,  -0.07,   0.03,  90.6,  96.9,  27.6,  28.8,   2.1,  21.31,  17.52,     2.57,  184.75,   19.24,  16.06,  772.3,    0.06,  274.21,  266.11,  262.49,  261.43,  255.84,  255.79,  915.25,  940.89,  910.02,  930.43,  930.17,  902.17,  895.99,  890.90,   -22.5,   0,  GPS,  344.0, 116.50, 115.60, 128.400, 120.950, -3.201,       ,       ,      ,    1.2,  173.0,  -14.9,      0,  NONE,   NONE,      ,      , -15.7, 3DDiff,  556,      ,     12,   9.5,     17
2018-08-27, 18:00:16,  -04:00,  FINAL,   43.0684547,  -70.8105392,    78.7, 30.00,    67.1,  29.0,  -0.00,  10.71,  -25.04,  -0.05,  -0.42,  -0.06,   0.01,  81.5,  87.6,  27.6,  28.8,   2.1,  21.99,  16.99,     2.56,  184.81,   19.32,  16.00,  773.5,    0.06,  274.31,  266.15,  262.54,  261.49,  255.88,  255.87,  914.63,  940.98,  914.55,  928.07,  920.85,  897.54,  894.30,  889.79,   -22.4,  -0,  GPS,  344.0, 116.50, 115.60, 128.400, 120.950, -3.253,       ,       ,      ,    1.2,  173.2,  -14.9,      0,  NONE,   NONE,      ,      , -15.7, 3DDiff,  556,      ,     12,   9.5,     17
2018-08-27, 18:00:17,  -04:00,  FINAL,   43.0684776,  -70.8104858,    78.7, 30.00,    66.9,  29.0,  -0.00,  10.57,  -26.28,  -0.11,  -0.08,  -0.04,   0.01,  75.0,  79.1,  27.7,  28.8,   2.2,  22.56,  16.51,     2.56,  184.82,   19.93,  15.49,  795.2,    0.06,  274.40,  266.16,  262.60,  261.58,  255.91,  255.96,  913.38,  940.77,  920.45,  927.43,  920.23,  896.01,  894.82,  890.86,   -22.5,  -0,  GPS,  344.0, 116.50, 115.60, 128.400, 120.950, -3.301,       ,       ,      ,    1.2,  173.3,  -14.9,      0,  NONE,   NONE,      ,      , -15.7, 3DDiff,  556,      ,     12,   9.5,     17
2018-08-27, 18:00:18,  -04:00,  FINAL,   43.0685043,  -70.8104248,    78.7, 30.00,    66.8,  29.0,   0.00,  10.65,  -21.81,  -0.11,   0.11,  -0.03,   0.00,  72.1,  73.8,  27.8,  28.8,   2.1,  23.03,  16.13,     2.55,  184.85,   20.91,  14.83,  832.3,    0.06,  274.49,  266.21,  262.66,  261.67,  255.94,  256.03,  915.32,  942.68,  924.66,  929.84,  932.74,  905.06,  896.57,  895.16,   -22.6,   0,  GPS,  344.0, 116.50, 115.60, 128.400, 120.950, -3.353,       ,       ,      ,    1.2,  173.5,  -14.9,      0,  NONE,   NONE,      ,      , -15.7, 3DDiff,  556,      ,     12,   9.5,     17
2018-08-27, 18:00:19,  -04:00,  FINAL,   43.0685272,  -70.8103714,    77.7, 30.00,    66.6,  29.0,  -0.00,  10.69,  -29.42,  -0.16,  -0.01,  -0.04,  -0.00,  67.8,  70.9,  27.8,  28.8,   2.1,  23.25,  15.86,     2.49,  184.88,   20.52,  15.31,  802.9,    0.06,  274.58,  266.26,  262.69,  261.78,  255.99,  256.12,  916.51,  943.98,  929.57,  931.98,  942.09,  903.57,  896.69,  897.71,   -22.9,  -0,  GPS,  344.0, 116.50, 115.60, 128.400, 120.950, -3.403,       ,       ,      ,    1.2,  173.6,  -14.9,      0,  NONE,   NONE,      ,      , -15.7, 3DDiff,  556,      ,     12,   9.5,     18
2018-08-27, 18:00:20,  -04:00,  FINAL,   43.0685616,  -70.8103104,    77.7, 30.00,    65.3,  29.0,  -0.00,  10.54,  -31.86,  -0.12,   0.25,  -0.06,   0.01,  60.7,  65.7,  27.8,  28.8,   2.1,  23.42,  15.59,     2.50,  184.89,   20.45,  15.35,  801.9,    0.06,  274.67,  266.27,  262.75,  261.87,  256.03,  256.23,  916.19,  944.90,  933.37,  932.23,  956.04,  904.41,  898.01,  899.59,   -24.1,  -0,  GPS,  344.0, 116.50, 115.60, 128.400, 120.950, -3.457,       ,       ,      ,    1.2,  173.7,  -14.9,      0,  NONE,   NONE,      ,      , -15.7, 3DDiff,  556,      ,     12,   9.5,     17
2018-08-27, 18:00:21,  -04:00,  FINAL,   43.0685959,  -70.8102722,    77.7, 30.00,    65.0,  29.0,   0.00,  10.13,  -17.85,  -0.27,  -0.05,  -0.05,   0.03,  52.8,  57.9,  27.7,  28.8,   2.0,  23.76,  15.28,     2.48,  184.93,   20.14,  15.61,  790.3,    0.06,  274.76,  266.33,  262.84,  261.94,  256.06,  256.32,  914.57,  945.19,  936.23,  932.57,  952.28,  903.46,  898.79,  898.81,   -24.5,   0,  GPS,  344.0, 116.50, 115.60, 128.400, 120.950, -3.502,       ,       ,      ,    1.2,  173.9,  -14.9,      0,  NONE,   NONE,      ,      , -11.8, 3DDiff,  556,      ,     12,   9.5,     17
2018-08-27, 18:00:22,  -04:00,  FINAL,   43.0686378,  -70.8102417,    77.7, 30.00,    64.4,  29.0,   0.00,  10.03,  -18.14,  -0.09,   0.25,  -0.04,   0.02,  47.0,  50.8,  27.7,  28.8,   2.0,  24.19,  15.03,     2.49,  184.94,   19.88,  15.71,  785.6,    0.06,  274.85,  266.36,  262.85,  262.06,  256.09,  256.39,  914.55,  946.02,  935.76,  931.85,  953.45,  905.81,  898.78,  899.10,   -25.0,   0,  GPS,  344.0, 116.50, 115.60, 128.400, 120.950, -3.547,       ,       ,      ,    1.2,  174.0,  -14.9,      0,  NONE,   NONE,      ,      , -15.7, 3DDiff,  556,      ,     12,   9.5,     17
2018-08-27, 18:00:23,  -04:00,  FINAL,   43.0686798,  -70.8102036,    76.7, 30.00,    64.1,  29.0,  -0.00,  10.24,  -22.17,   0.59,   0.21,  -0.04,  -0.00,  42.8,  45.4,  27.6,  28.7,   1.7,  24.51,  14.80,     2.44,  185.00,   18.93,  16.39,  752.2,    0.06,  274.94,  266.40,  262.93,  262.15,  256.12,  256.48,  915.42,  945.04,  936.34,  932.94,  950.54,  902.78,  897.41,  899.61,   -25.3,  -0,  GPS,  344.0, 116.50, 115.60, 128.400, 120.950, -3.593,       ,       ,      ,    1.2,  174.1,  -14.9,      0,  NONE,   NONE,      ,      , -11.8, 3DDiff,  556,      ,     12,   9.5,     17
2018-08-27, 18:00:24,  -04:00,  FINAL,   43.0687218,  -70.8101807,    76.7, 30.00,    63.9,  29.0,   0.00,  10.30,  -31.51,  -0.59,   0.54,  -0.03,  -0.02,  40.4,  41.5,  27.6,  28.7,   1.8,  24.69,  14.62,     2.47,  185.00,   18.98,  16.10,  766.7,    0.06,  275.03,  266.45,  262.97,  262.24,  256.15,  256.59,  914.81,  945.31,  939.26,  931.68,  953.22,  892.81,  895.04,  900.04,   -25.6,   0,  GPS,  344.0, 116.50, 115.60, 128.400, 120.950, -3.633,       ,       ,      ,    1.2,  174.2,  -14.9,      0,  NONE,   NONE,      ,      , -11.8, 3DDiff,  556,      ,     12,   9.5,     17
2018-08-27, 18:00:25,  -04:00,  FINAL,   43.0687599,  -70.8101578,    76.7, 30.00,    63.5,  29.0,   0.00,   9.27,  -29.65,  -0.73,   0.21,   0.06,   0.01,  45.1,  41.7,  27.6,  28.8,   2.1,  24.74,  14.49,     2.58,  185.03,   19.69,  16.49,  781.6,    0.06,  275.10,  266.51,  263.05,  262.35,  256.19,  256.66,  913.25,  944.54,  940.63,  931.08,  944.27,  885.78,  894.02,  897.97,   -25.9,   0,  GPS,  344.0, 116.50, 115.60, 128.400, 120.950, -3.666,       ,       ,      ,    1.2,  174.3,  -14.9,      0,  NONE,   NONE,      ,      , -11.8, 3DDiff,  556,      ,     12,   9.5,     17
2018-08-27, 18:00:26,  -04:00,  FINAL,   43.0687904,  -70.8101196,    77.7, 30.00,    63.9,  29.0,  -0.00,   8.57,   -5.83,  -0.54,  -0.08,   0.05,  -0.02,  51.7,  47.9,  27.8,  28.9,   2.1,  24.45,  14.58,     2.87,  185.07,   24.35,  14.86,  962.9,    0.08,  275.18,  266.54,  263.08,  262.45,  256.24,  256.74,  920.27,  948.70,  942.70,  933.40,  949.92,  898.41,  896.57,  904.11,   -25.6,  -0,  GPS,  344.0, 116.50, 115.60, 128.400, 120.950, -3.705,       ,       ,      ,    1.2,  174.4,  -14.9,      0,  NONE,   NONE,      ,      , -15.7, 3DDiff,  556,      ,     12,   9.5,     17
2018-08-27, 18:00:27,  -04:00,  FINAL,   43.0688210,  -70.8100891,    77.7, 30.00,    64.4,  29.0,  -0.00,   8.49,   16.99,  -0.58,   0.04,   0.04,   0.01,  57.1,  54.5,  27.8,  28.9,   2.1,  24.06,  14.74,     2.97,  185.13,   26.56,  14.52,  993.3,    0.08,  275.27,  266.58,  263.14,  262.54,  256.27,  256.81,  928.86,  957.19,  950.56,  943.06,  959.04,  915.66,  903.83,  910.94,   -25.0,  -0,  GPS,  344.0, 116.50, 115.60, 128.400, 120.950, -3.744,       ,       ,      ,    1.2,  174.5,  -14.9,      0,  NONE,   NONE,      ,      , -15.7, 3DDiff,  556,      ,     12,   9.5,     16
2018-08-27, 18:00:28,  -04:00,  FINAL,   43.0688477,  -70.8100510,    77.7, 30.00,    64.6,  29.0,   0.00,   8.67,    7.88,  -2.01,   0.11,   0.01,   0.00,  61.6,  59.5,  27.8,  28.8,   2.1,  23.64,  14.91,     2.99,  185.20,   27.37,  14.49,  994.9,    0.08,  275.36,  266.63,  263.20,  262.66,  256.33,  256.90,  935.34,  965.30,  957.43,  950.63,  966.57,  931.19,  909.93,  916.00,   -24.8,   0,  GPS,  344.0, 116.50, 115.60, 128.400, 120.950, -3.785,       ,       ,      ,    1.2,  174.6,  -14.9,      0,  NONE,   NONE,      ,      , -11.8, 3DDiff,  556,      ,     12,   9.5,     16
2018-08-27, 18:00:29,  -04:00,  FINAL,   43.0688705,  -70.8100052,    77.7, 30.00,    64.5,  29.0,  -0.00,   8.44,   -0.46,  -0.99,  -0.55,   0.05,   0.02,  65.4,  63.5,  27.8,  28.8,   2.1,  23.18,  15.08,     3.01,  185.32,   27.57,  14.52,  994.1,    0.08,  275.45,  266.69,  263.29,  262.78,  256.39,  257.02,  940.59,  971.07,  963.13,  959.00,  971.26,  946.72,  916.61,  919.80,   -25.0,  -0,  GPS,  344.0, 116.50, 115.60, 128.400, 120.950, -3.825,       ,       ,      ,    1.2,  174.7,  -14.9,      0,  NONE,   NONE,      ,      , -19.7, 3DDiff,  556,      ,     12,   9.5,     17
2018-08-27, 18:00:30,  -04:00,  FINAL,   43.0688934,  -70.8099747,    77.7, 30.00,    65.0,  29.0,   0.00,   7.89,    8.65,  -0.54,  -0.74,   0.04,  -0.02,  68.6,  67.7,  27.8,  28.8,   2.1,  22.74,  15.32,     2.99,  185.40,   27.35,  14.56,  982.2,    0.08,  275.51,  266.70,  263.38,  262.90,  256.48,  257.11,  945.72,  977.54,  967.14,  964.64,  977.87,  959.17,  921.75,  923.71,   -24.4,  -0,  GPS,  344.0, 116.50, 115.60, 128.400, 120.950, -3.858,       ,       ,      ,    1.2,  174.8,  -14.9,      0,  NONE,   NONE,      ,      ,  15.7, 3DDiff,  556,      ,     12,   9.5,     17
2018-08-27, 18:00:31,  -04:00,  FINAL,   43.0689125,  -70.8099289,    77.7, 30.00,    64.1,  29.0,   0.00,   7.52,    4.60,   0.73,  -0.68,   0.02,  -0.02,  68.0,  69.4,  27.7,  28.8,   2.1,  22.32,  15.52,     2.99,  185.48,   27.20,  14.60,  979.4,    0.08,  275.60,  266.77,  263.47,  263.02,  256.54,  257.20,  949.09,  982.96,  970.35,  966.98,  983.72,  969.68,  925.61,  926.34,   -25.4,   0,  GPS,  344.0, 116.50, 115.60, 128.400, 120.950, -3.896,       ,       ,      ,    1.2,  174.9,  -14.9,      0,  NONE,   NONE,      ,      ,   0.0, 3DDiff,  556,      ,     13,  13.0,     20
2018-08-27, 18:00:32,  -04:00,  FINAL,   43.0689354,  -70.8098984,    77.7, 30.00,    63.9,  29.0,   0.00,   7.15,   -4.28,   0.93,  -0.68,  -0.02,   0.02,  64.7,  67.6,  27.7,  28.8,   2.1,  22.01,  15.67,     3.00,  185.50,   27.20,  14.61,  978.7,    0.08,  275.68,  266.84,  263.56,  263.14,  256.61,  257.32,  952.07,  985.80,  974.33,  971.53,  989.30,  978.97,  929.16,  929.26,   -25.6,  -0,  GPS,  344.0, 116.50, 115.60, 128.400, 120.950, -3.931,       ,       ,      ,    1.2,  175.0,  -14.9,      0,  NONE,   NONE,      ,      ,   3.9, 3DDiff,  556,      ,     14,  13.5,     20
2018-08-27, 18:00:33,  -04:00,  FINAL,   43.0689545,  -70.8098679,    77.7, 30.00,    62.0,  29.0,   0.00,   6.01,  -10.62,   0.82,  -0.81,  -0.07,   0.01,  55.4,  61.5,  27.7,  28.8,   2.1,  21.81,  15.72,     3.06,  185.52,   27.79,  14.70,  997.7,    0.08,  275.77,  266.88,  263.65,  263.26,  256.69,  257.43,  954.44,  988.66,  979.71,  973.74,  992.82,  985.10,  931.97,  931.78,   -27.4,  -0,  GPS,  344.0, 116.50, 115.60, 128.400, 120.950, -3.958,       ,       ,      ,    1.2,  175.0,  -14.9,      0,  NONE,   NONE,      ,      ,   3.9, 3DDiff,  556,      ,     13,  12.5,     20
2018-08-27, 18:00:34,  -04:00,  FINAL,   43.0689774,  -70.8098526,    78.7, 30.00,    62.2,  29.0,   0.00,   4.72,    6.10,   1.16,  -0.86,  -0.03,   0.00,  43.3,  49.1,  27.7,  28.8,   2.1,  21.76,  15.67,     3.17,  185.50,   29.33,  14.74, 1046.1,    0.09,  275.86,  266.93,  263.74,  263.38,  256.77,  257.55,  958.24,  992.80,  983.79,  974.51, 1000.71,  988.31,  933.70,  934.99,   -27.2,   0,  GPS,  344.0, 116.50, 115.60, 128.400, 120.950, -3.984,       ,       ,      ,    1.2,  175.1,  -14.9,      0,  NONE,   NONE,      ,      ,   7.9, 3DDiff,  556,      ,     13,  12.5,     20
2018-08-27, 18:00:35,  -04:00,  FINAL,   43.0689964,  -70.8098450,    78.7, 30.00,    62.1,  29.0,   0.00,   4.02,   12.22,   1.11,  -1.16,  -0.03,  -0.00,  31.6,  36.6,  27.7,  28.8,   2.1,  21.68,  15.65,     3.23,  185.47,   30.64,  14.49, 1076.6,    0.09,  275.93,  266.99,  263.83,  263.50,  256.84,  257.68,  962.95,  998.77,  986.94,  976.86, 1008.31,  994.05,  936.07,  938.21,   -27.3,   0,  GPS,  344.0, 116.50, 115.60, 128.400, 120.950, -3.998,       ,       ,      ,    1.2,  175.1,  -14.9,      0,  NONE,   NONE,      ,      ,  11.8, 3DDiff,  556,      ,     13,  13.0,     20
2018-08-27, 18:00:36,  -04:00,  FINAL,   43.0690079,  -70.8098450,    78.7, 30.00,    62.0,  29.0,   0.00,   3.21,    1.33,   0.88,  -1.35,   0.00,   0.00,  18.4,  22.4,  27.7,  28.8,   2.1,  21.64,  15.62,     3.41,  185.42,   32.03,  15.31, 1102.3,    0.11,  276.05,  267.05,  263.92,  263.65,  256.93,  257.82,  967.70, 1004.51,  990.56,  979.88, 1012.69, 1000.54,  939.20,  941.93,   -27.4,  -0,  GPS,  344.0, 116.50, 115.60, 128.400, 120.950, -4.005,       ,       ,      ,    1.2,  175.1,  -14.9,      0,  NONE,   NONE,      ,      ,   3.9, 3DDiff,  556,      ,     13,  13.0,     20
2018-08-27, 18:00:37,  -04:00,  FINAL,   43.0690193,  -70.8098450,    80.7, 30.00,    62.0,  29.0,   0.00,   2.94,   25.91,   0.77,  -1.25,  -0.01,  -0.00,   6.2,   8.9,  27.7,  28.8,   2.1,  21.54,  15.61,     3.74,  185.41,   35.46,  15.11, 1208.3,    0.12,  276.11,  267.14,  264.01,  263.78,  257.02,  257.98,  977.52, 1013.18,  998.48,  986.56, 1020.54, 1008.45,  945.35,  950.91,   -27.4,   0,  GPS,  344.0, 116.50, 115.60, 128.400, 120.950, -4.011,       ,       ,      ,    1.2,  175.2,  -14.9,      0,  NONE,   NONE,      ,      ,   7.9, 3DDiff,  556,      ,     13,  13.0,     20
2018-08-27, 18:00:38,  -04:00,  FINAL,   43.0690384,  -70.8098526,    80.7, 30.00,    62.9,  29.0,   0.00,   3.21,   27.08,   0.54,  -1.24,   0.01,  -0.02, 355.6, 357.3,  27.7,  28.8,   2.0,  21.45,  15.64,     3.92,  185.37,   37.71,  14.95, 1242.6,    0.12,  276.23,  267.23,  264.13,  263.92,  257.13,  258.15,  987.17, 1022.19, 1005.47,  993.57, 1030.40, 1015.71,  951.07,  959.06,   -26.5,   0,  GPS,  344.0, 116.50, 115.60, 128.400, 120.950, -4.017,       ,       ,      ,    1.2,  175.2,  -14.9,      0,  NONE,   NONE,      ,      ,   3.9, 3DDiff,  556,      ,     14,  13.5,     20
2018-08-27, 18:00:39,  -04:00,  FINAL,   43.0690460,  -70.8098526,    80.7, 30.00,    63.8,  29.2,   0.00,   2.94,   10.72,   0.36,  -1.18,   0.01,   0.01, 349.4, 349.8,  27.7,  28.8,   2.0,  21.37,  15.65,     4.05,  185.37,   38.54,  15.54, 1249.6,    0.13,  276.31,  267.30,  264.23,  264.07,  257.25,  258.36,  995.56, 1029.34, 1011.90,  999.07, 1037.78, 1021.06,  956.00,  966.13,   -25.6,  -0,  GPS,  344.0, 116.50, 115.60, 128.400, 120.950, -4.016,       ,       ,      ,    1.2,  175.2,  -14.9,      0,  NONE,   NONE,      ,      ,   0.0, 3DDiff,  556,      ,     13,  12.5,     20
2018-08-27, 18:00:40,  -04:00,  FINAL,   43.0690613,  -70.8098679,    80.7, 30.00,    63.8,  29.2,   0.00,   2.90,    7.84,   0.41,  -1.27,   0.02,  -0.00, 345.7, 345.0,  27.7,  28.8,   2.0,  21.23,  15.77,     4.39,  185.37,   41.16,  15.54, 1330.6,    0.15,  276.39,  267.41,  264.35,  264.25,  257.37,  258.55, 1007.17, 1040.04, 1022.27, 1009.03, 1047.91, 1030.06,  964.94,  979.14,   -25.7,  -0,  GPS,  344.0, 116.50, 115.60, 128.400, 120.950, -4.015,       ,       ,      ,    1.2,  175.1,  -14.9,      0,  NONE,   NONE,      ,      ,   0.0, 3DDiff,  556,      ,     13,  12.5,     20
2018-08-27, 18:00:41,  -04:00,  FINAL,   43.0690689,  -70.8098755,    80.7, 30.00,    63.8,  29.2,   0.00,   2.97,   10.12,   0.43,  -1.32,   0.02,   0.00, 342.9, 342.5,  27.7,  28.8,   1.9,  21.06,  15.89,     4.31,  185.43,   41.06,  14.76, 1301.5,    0.13,  276.48,  267.50,  264.49,  264.40,  257.50,  258.78, 1016.49, 1047.22, 1028.93, 1017.65, 1056.96, 1039.17,  972.66,  986.82,   -25.6,   0,  GPS,  344.0, 116.50, 115.60, 128.400, 120.950, -4.016,       ,       ,      ,    1.2,  175.1,  -14.9,      0,  NONE,   NONE,      ,      ,   0.0, 3DDiff,  556,      ,     13,  12.5,     20
2018-08-27, 18:00:42,  -04:00,  FINAL,   43.0690842,  -70.8098831,    79.7, 30.00,    63.9,  29.2,   0.00,   2.94,  -19.89,   0.18,  -1.33,   0.03,  -0.01, 342.0, 340.9,  27.7,  28.8,   1.9,  20.86,  16.07,     4.22,  185.48,   39.90,  15.01, 1262.2,    0.13,  276.59,  267.64,  264.65,  264.57,  257.67,  258.99, 1020.21, 1050.50, 1031.15, 1021.10, 1062.57, 1043.67,  975.06,  990.04,   -25.5,  -0,  GPS,  344.0, 116.50, 115.60, 128.400, 120.950, -4.019,       ,       ,      ,    1.2,  175.1,  -14.9,      0,  NONE,   NONE,      ,      ,   0.0, 3DDiff,  556,      ,     13,  13.0,     20
2018-08-27, 18:00:43,  -04:00,  FINAL,   43.0690918,  -70.8098984,    79.7, 30.00,    63.9,  29.2,   0.00,   2.55,  -23.71,   0.42,  -1.42,   0.03,  -0.00, 343.4, 342.2,  27.7,  28.8,   1.9,  20.66,  16.31,     4.15,  185.55,   39.25,  15.05, 1256.0,    0.13,  276.71,  267.77,  264.80,  264.76,  257.80,  259.21, 1025.08, 1053.21, 1034.33, 1023.25, 1066.24, 1046.18,  976.99,  993.05,   -25.6,  -0,  GPS,  344.0, 116.50, 115.60, 128.400, 120.950, -4.013,       ,       ,      ,    1.2,  175.1,  -14.9,      0,  NONE,   NONE,      ,      ,  -3.9, 3DDiff,  556,      ,     13,  13.0,     20
2018-08-27, 18:00:44,  -04:00,  FINAL,   43.0690994,  -70.8099060,    79.7, 30.00,    62.3,  29.2,   0.00,   2.66,   -7.55,   0.26,  -1.46,   0.02,  -0.00, 344.3, 342.6,  27.7,  28.8,   2.0,  20.42,  16.56,     4.12,  185.59,   39.17,  15.00, 1258.8,    0.13,  276.83,  267.91,  264.95,  264.94,  257.94,  259.41, 1028.84, 1055.28, 1036.64, 1026.80, 1067.97, 1048.41,  978.88,  995.81,   -27.1,   0,  GPS,  344.0, 116.50, 115.60, 128.400, 120.950, -4.014,       ,       ,      ,    1.2,  175.1,  -14.9,      0,  NONE,   NONE,      ,      ,  -7.9, 3DDiff,  556,      ,     14,  13.5,     20
2018-08-27, 18:00:45,  -04:00,  FINAL,   43.0691071,  -70.8099136,    80.7, 30.00,    62.2,  29.2,   0.00,   2.35,    0.10,   0.27,  -1.46,   0.02,   0.01, 344.4, 341.7,  27.7,  28.8,   1.9,  20.20,  16.78,     4.07,  185.64,   38.80,  14.93, 1247.1,    0.13,  276.93,  268.04,  265.12,  265.10,  258.12,  259.65, 1032.13, 1056.16, 1038.92, 1029.39, 1069.36, 1052.22,  981.08,  997.50,   -27.2,  -0,  GPS,  344.0, 116.50, 115.60, 128.400, 120.950, -4.013,       ,       ,      ,    1.2,  175.1,  -14.9,      0,  NONE,   NONE,      ,      , -23.6, 3DDiff,  556,      ,     13,  12.5,     20
2018-08-27, 18:00:46,  -04:00,  FINAL,   43.0691223,  -70.8099213,    80.7, 30.00,    62.3,  29.2,   0.00,   2.60,    1.92,   0.29,  -1.37,   0.03,  -0.00, 344.6, 343.4,  27.7,  28.8,   1.9,  19.98,  17.04,     4.01,  185.66,   38.30,  14.94, 1242.3,    0.12,  277.04,  268.19,  265.27,  265.30,  258.27,  259.86, 1033.99, 1056.47, 1040.35, 1031.22, 1070.16, 1055.68,  981.29,  998.97,   -27.2,  -0,  GPS,  344.0, 116.50, 115.60, 128.400, 120.950, -4.012,       ,       ,      ,    1.2,  175.1,  -14.9,      0,  NONE,   NONE,      ,      ,   0.0, 3DDiff,  556,      ,     13,  12.5,     20
2018-08-27, 18:00:47,  -04:00,  FINAL,   43.0691299,  -70.8099289,    79.7, 30.00,    62.2,  29.2,   0.00,   2.10,  -24.79,  -0.13,  -1.29,   0.03,  -0.00, 344.5, 343.8,  27.7,  28.8,   1.9,  19.76,  17.25,     3.91,  185.65,   37.54,  14.06, 1220.8,    0.11,  277.16,  268.34,  265.43,  265.48,  258.42,  260.06, 1035.38, 1056.43, 1040.86, 1032.05, 1071.01, 1059.62,  981.49,  999.61,   -27.2,   0,  GPS,  344.0, 116.50, 115.60, 128.400, 120.950, -4.013,       ,       ,      ,    1.2,  175.1,  -14.9,      0,  NONE,   NONE,      ,      ,   0.0, 3DDiff,  556,      ,     13,  12.5,     20
2018-08-27, 18:00:48,  -04:00,  FINAL,   43.0691299,  -70.8099289,    77.7, 30.00,    62.1,  29.2,   0.00,   0.00,  -58.58,  -0.07,  -1.20,   0.02,   0.00, 344.8, 343.8,  27.7,  28.8,   1.9,  19.57,  17.45,     3.47,  185.65,   32.09,  14.45, 1037.4,    0.09,  277.27,  268.49,  265.58,  265.67,  258.58,  260.23, 1030.82, 1055.35, 1041.35, 1034.12, 1073.72, 1056.70,  979.17,  996.74,   -27.3,   0,  GPS,  344.0, 116.50, 115.60, 128.400, 120.950, -4.013,       ,       ,      ,    1.2,  175.1,  -14.9,      0,  NONE,   NONE,      ,      ,   3.9, 3DDiff,  556,      ,     13,  13.0,     20
2018-08-27, 18:00:49,  -04:00,  FINAL,   43.0691338,  -70.8099289,    76.7, 30.00,    61.8,  29.2,   0.00,   0.00,  -74.63,   0.40,  -1.21,   0.02,   0.00, 344.8, 343.8,  27.7,  28.8,   1.9,  19.38,  17.68,     3.21,  185.62,   28.48,  14.79,  965.5,    0.08,  277.40,  268.65,  265.74,  265.84,  258.72,  260.41, 1022.34, 1051.21, 1036.26, 1033.59, 1069.87, 1047.59,  976.84,  989.29,   -27.6,  -0,  GPS,  344.0, 116.50, 115.60, 128.400, 120.950, -4.015,       ,       ,      ,    1.2,  175.1,  -14.9,      0,  NONE,   NONE,      ,      ,   0.0, 3DDiff,  556,      ,     13,  13.0,     20
2018-08-27, 18:00:50,  -04:00,  FINAL,   43.0691338,  -70.8099289,    76.7, 30.00,    62.4,  29.2,   0.00,   0.00,  -50.25,   0.47,  -1.16,   0.02,  -0.00, 344.8, 343.8,  27.7,  28.8,   1.9,  19.22,  17.89,     2.65,  185.58,   27.83,  14.58,  984.0,  