#airframe_info, log_version="1.01", airframe_name="Cirrus SR22 Turbo", unit_software_part_number="006-B1177-52", unit_software_version="20.10", system_software_part_number="006-B2647-04", system_id="2591155B3", mode=NORMAL, flightstream_header="2591155B3_20000101_000000", 
#yyy-mm-dd, hh:mm:ss,   hh:mm,  ident,      degrees,      degrees, ft Baro,  inch,  ft msl, deg C,     kt,     kt,     fpm,    deg,    deg,      G,      G,   deg,   deg, volts, volts,  amps,   gals,   gals,      gph,   deg F,     psi,     Hg,    rpm,       %,   deg F,   deg F,   deg F,   deg F,   deg F,   deg F,   deg F,   deg F,   deg F,   deg F,   deg F,   deg F,   deg F,   deg F,  ft wgs,  kt, enum,    deg,    MHz,    MHz,     MHz,     MHz,    fsd,    fsd,     kt,   deg,     nm,    deg,    deg,   bool,  enum,   enum,   deg,   deg,   fpm,   enum,   mt,    mt,     mt,    mt,     mt
  Lcl Date, Lcl Time, UTCOfst, AtvWpt,     Latitude,    Longitude,    AltB, BaroA,  AltMSL,   OAT,    IAS, GndSpd,    VSpd,  Pitch,   Roll,  LatAc, NormAc,   HDG,   TRK, volt1, volt2,  amp1,  FQtyL,  FQtyR, E1 FFlow, E1 OilT, E1 OilP, E1 MAP, E1 RPM, E1 %Pwr, E1 CHT1, E1 CHT2, E1 CHT3, E1 CHT4, E1 CHT5, E1 CHT6, E1 EGT1, E1 EGT2, E1 EGT3, E1 EGT4, E1 EGT5, E1 EGT6, E1 TIT1, E1 TIT2,  AltGPS, TAS, HSIS,    CRS,   NAV1,   NAV2,    COM1,    COM2,   HCDI,   VCDI, WndSpd, WndDr, WptDst, WptBrg, MagVar, AfcsOn, RollM, PitchM, RollC, PichC, VSpdG, GPSfix,  HAL,   VAL, HPLwas, HPLfd, VPLwas
          ,         ,        ,       ,             ,             ,        , 29.87,        ,      ,       ,       ,        ,       ,       ,       ,       ,      ,      ,      ,      ,      ,       ,       ,         ,        ,        ,       ,       ,        ,        ,        ,        ,        ,        ,        ,        ,        ,        ,        ,        ,        ,        ,        ,        ,    ,  GPS,   26.0, 115.60, 116.50, 128.400, 132.050,       ,       ,       ,      ,       ,       ,    0.0,       ,      ,       ,      ,      ,      , NoSoln, 3704,      ,       ,      ,       
          ,         ,        ,       ,             ,             ,        , 29.87,        ,      ,       ,       ,        ,       ,       ,       ,       ,      ,      ,      ,      ,      ,       ,       ,         ,        ,        ,       ,       ,        ,        ,        ,        ,        ,        ,        ,        ,        ,        ,        ,        ,        ,        ,        ,        ,    ,  GPS,   26.0, 115.60, 116.50, 128.400, 132.050,       ,       ,       ,      ,       ,       ,    0.0,       ,      ,       ,      ,      ,      , NoSoln, 3704,      ,       ,      ,       
          ,         ,        ,       ,             ,             ,        , 29.87,        ,      ,       ,       ,        ,       ,       ,       ,       ,      ,      ,      ,      ,      ,       ,       ,         ,        ,        ,       ,       ,        ,        ,        ,        ,        ,        ,        ,        ,        ,        ,        ,        ,        ,        ,        ,        ,    ,  GPS,   26.0, 115.60, 116.50, 128.400, 132.050,       ,       ,       ,      ,       ,       ,  -14.9,       ,      ,       ,      ,      ,      , NoSoln, 3704,      ,       ,      ,       
          ,         ,        ,       ,             ,             ,        , 29.87,        ,      ,       ,       ,        ,       ,       ,       ,       ,      ,      ,      ,      ,      ,       ,       ,         ,        ,        ,       ,       ,        ,        ,        ,        ,        ,        ,        ,        ,        ,        ,        ,        ,        ,        ,        ,        ,    ,  GPS,   26.0, 115.60, 116.50, 128.400, 132.050,       ,       ,       ,      ,       ,       ,  -14.9,       ,      ,       ,      ,      ,      , NoSoln, 3704,      ,       ,      ,       
2018-03-22, 14:36:24,  -04:00,       ,             ,             ,        , 29.87,        ,      ,       ,       ,        ,       ,       ,       ,       ,      ,      ,      ,      ,      ,       ,       ,         ,        ,        ,       ,       ,        ,        ,        ,        ,        ,        ,        ,        ,        ,        ,        ,        ,        ,        ,        ,        ,    ,  GPS,   26.0, 115.60, 116.50, 128.400, 132.050,       ,       ,       ,      ,       ,       ,  -14.9,      0,  NONE,   NONE,      ,      ,      , NoSoln, 3704,      ,       ,      ,       
2018-03-22, 14:36:25,  -04:00,       ,             ,             ,        , 29.87,        ,      ,   0.00,       ,        ,       ,       ,       ,       ,      ,      ,      ,      ,      ,       ,       ,         ,        ,        ,       ,       ,        ,        ,        ,        ,        ,        ,        ,        ,        ,        ,        ,        ,        ,        ,        ,        ,    ,  GPS,   26.0, 115.60, 116.50, 128.400, 132.050,       ,       ,       ,      ,       ,       ,  -14.9,      0,  NONE,   NONE,      ,      ,      , NoSoln, 3704,      ,       ,      ,       
2018-03-22, 14:36:26,  -04:00,       ,             ,             ,        , 29.87,        ,      ,   0.00,       ,        ,       ,       ,       ,       ,      ,      ,      ,      ,      ,       ,       ,         ,        ,        ,       ,       ,        ,        ,        ,        ,        ,        ,        ,        ,        ,        ,        ,        ,        ,        ,        ,        ,   0,  GPS,   26.0, 115.60, 116.50, 128.400, 132.050,       ,       ,       ,      ,       ,       ,  -14.9,      0,  NONE,   NONE,      ,      ,      , NoSoln, 1852,     0,       ,      ,       
2018-03-22, 14:36:24,  -04:00,       ,             ,             ,   264.6, 29.87,        ,      ,   0.00,       ,        ,       ,       ,       ,       ,      ,      ,      ,      ,      ,       ,       ,         ,        ,        ,       ,       ,        ,        ,        ,        ,        ,        ,        ,        ,        ,        ,        ,        ,        ,        ,        ,        ,   0,  GPS,   26.0, 115.60, 116.50, 128.400, 132.050,       ,       ,       ,      ,       ,       ,  -14.9,      0,  NONE,   NONE,      ,      ,      , NoSoln, 3704,      ,       ,      ,       
2018-03-22, 14:36:25,  -04:00,       ,             ,             ,   264.6, 29.87,        ,      ,   0.00,       ,        ,       ,       ,       ,       ,      ,      ,      ,      ,      ,       ,       ,         ,        ,        ,       ,       ,        ,        ,        ,        ,        ,        ,        ,        ,        ,        ,        ,        ,        ,        ,        ,        ,   0,  GPS,   26.0, 115.60, 116.50, 128.400, 132.050,       ,       ,       ,      ,       ,       ,  -14.9,      0,  NONE,   NONE,      ,      ,      , NoSoln, 3704,      ,       ,      ,       
2018-03-22, 14:36:26,  -04:00,       ,             ,             ,   263.6, 29.87,        ,   7.5,   0.00,       ,        ,       ,       ,       ,       ,      ,      ,  24.6,  23.9,  -5.6,       ,       ,     0.00,   59.25,   -0.73,  30.08,    0.0,    0.00,   59.21,   58.63,   58.71,   58.26,   58.34,   57.87,   59.96,   59.96,   59.96,   59.96,   59.96,   59.96,   93.01,   59.96,        ,   0,  GPS,   26.0, 115.60, 116.50, 128.400, 132.050,       ,       ,       ,      ,       ,       ,  -14.9,      0,  NONE,   NONE,      ,      ,      , NoSoln, 3704,      ,       ,      ,       
2018-03-22, 14:36:27,  -04:00,       ,             ,             ,   263.6, 29.87,        ,   7.5,   0.00,       ,        ,       ,       ,       ,       ,      ,      ,  24.6,  23.9,  -5.6,  46.00,  46.00,     0.00,   59.23,   -0.72,  30.09,    0.0,    0.00,   59.21,   58.63,   58.71,   58.27,   58.31,   57.87,   59.96,   59.96,   59.96,   59.96,   59.96,   59.96,   91.99,   59.96,        ,   0,  GPS,   26.0, 115.60, 116.50, 128.400, 132.050,       ,       ,       ,      ,       ,       ,  -14.9,      0,  NONE,   NONE,      ,      ,      , NoSoln, 3704,      ,       ,      ,       
2018-03-22, 14:36:28,  -04:00,       ,             ,             ,   263.6, 29.87,        ,   7.5,   0.00,       ,        ,       ,       ,       ,       ,      ,      ,  24.6,  23.9,  -5.8,  46.00,  46.00,     0.00,   59.25,   -0.72,  30.08,    0.0,    0.00,   59.21,   58.63,   58.69,   58.27,   58.33,   57.85,   59.96,   59.96,   59.96,   59.96,   59.96,   59.96,   93.16,   59.96,        ,   0,  GPS,   26.0, 115.60, 116.50, 128.400, 132.050,       ,       ,       ,      ,       ,       ,  -14.9,      0,  NONE,   NONE,      ,      ,      , NoSoln, 3704,      ,       ,      ,       
2018-03-22, 14:36:29,  -04:00,       ,             ,             ,   263.6, 29.87,        ,   7.5,   0.00,       ,  -22.95,       ,       ,       ,       ,      ,      ,  24.6,  23.9,  -6.0,  46.00,  46.00,     0.00,   59.24,   -0.73,  30.08,    0.0,    0.00,   59.21,   58.61,   58.69,   58.27,   58.30,   57.87,   59.96,   59.96,   59.96,   59.96,   59.96,   59.96,   93.73,   59.96,        ,   0,  GPS,   26.0, 115.60, 116.50, 128.400, 132.050,       ,       ,       ,      ,       ,       ,  -14.9,      0,  NONE,   NONE,      ,      ,      , NoSoln, 3704,      ,       ,      ,       
2018-03-22, 14:36:30,  -04:00,       ,             ,             ,   264.6, 29.87,        ,   7.5,   0.00,       ,   -1.88,       ,       ,       ,       ,      ,      ,  24.6,  23.9,  -6.1,  46.00,  46.00,     0.00,   59.23,   -0.74,  30.07,    0.0,    0.00,   59.21,   58.63,   58.68,   58.25,   58.29,   57.85,   59.96,   59.96,   59.96,   59.96,   59.96,   59.96,   95.89,   59.96,        ,   0,  GPS,   26.0, 115.60, 116.50, 128.400, 132.050,       ,       ,       ,      ,       ,       ,  -14.9,      0,  NONE,   NONE,      ,      ,      , NoSoln, 3704,      ,       ,      ,       
2018-03-22, 14:36:31,  -04:00,       ,             ,             ,   263.6, 29.87,        ,   7.5,   0.00,       ,   -0.06,       ,       ,       ,       ,      ,      ,  24.6,  23.9,  -6.2,  46.00,  46.00,     0.00,   59.23,   -0.74,  30.08,    0.0,    0.00,   59.20,   58.60,   58.66,   58.27,   58.28,   57.85,   59.96,   59.96,   59.96,   59.96,   59.96,   59.96,   94.74,   59.96,        ,   0,  GPS,   26.0, 115.60, 116.50, 128.400, 132.050,       ,       ,       ,      ,       ,       ,  -14.9,      0,  NONE,   NONE,      ,      ,      , NoSoln, 3704,      ,       ,      ,       
2018-03-22, 14:36:32,  -04:00,       ,             ,             ,   264.6, 29.87,        ,   7.5,   0.00,       ,    0.13,       ,       ,       ,       ,      ,      ,  24.6,  23.9,  -6.3,  46.00,  46.00,         ,        ,        ,       ,       ,    0.00,        ,        ,        ,        ,        ,        ,        ,        ,        ,        ,        ,        ,        ,        ,        ,   0,  GPS,   26.0, 115.60, 116.50, 128.400, 132.050,       ,       ,       ,      ,       ,       ,  -14.9,      0,  NONE,   NONE,      ,      ,      , NoSoln, 3704,      ,       ,      ,       
2018-03-22, 14:36:33,  -04:00,       ,             ,             ,   264.6, 29.87,        ,   7.5,   0.00,       ,   11.85,       ,       ,       ,       ,      ,      ,      ,      ,      ,  46.00,  46.00,         ,        ,        ,       ,       ,    0.00,        ,        ,        ,        ,        ,        ,        ,        ,        ,        ,        ,        ,        ,        ,        ,   0,  GPS,   26.0, 115.60, 116.50, 128.400, 132.050,       ,       ,       ,      ,       ,       ,  -14.9,      0,  NONE,   NONE,      ,      ,      , NoSoln, 3704,      ,       ,      ,       
2018-03-22, 14:36:34,  -04:00,       ,             ,             ,   262.6, 29.87,        ,   7.5,   0.00,       ,  -36.16,       ,       ,       ,       ,      ,      ,      ,      ,      ,  46.00,  46.00,         ,        ,        ,       ,       ,    0.00,        ,        ,        ,        ,        ,        ,        ,        ,        ,        ,        ,        ,        ,        ,        ,   0,  GPS,   26.0, 115.60, 116.50, 128.400, 132.050,       ,       ,       ,      ,       ,       ,  -14.9,      0,  NONE,   NONE,      ,      ,      , NoSoln, 3704,      ,       ,      ,       
2018-03-22, 14:36:35,  -04:00,       ,             ,             ,   261.6, 29.87,        ,   7.5,   0.00,       ,  -54.09,       ,       ,       ,       ,      ,      ,      ,      ,      ,  46.00,       ,         ,        ,        ,       ,       ,    0.00,        ,        ,        ,        ,        ,        ,        ,        ,        ,        ,        ,        ,        ,        ,        ,   0,  GPS,   26.0, 115.60, 116.50, 128.400, 132.050,       ,       ,       ,      ,       ,       ,  -14.9,      0,  NONE,   NONE,      ,      ,      , NoSoln, 3704,      ,       ,      ,       
2018-03-22, 14:36:36,  -04:00,       ,             ,             ,   261.6, 29.87,        ,   7.5,   0.00,       ,  -34.47,       ,       ,       ,       ,      ,      ,  24.6,  23.8,  -6.6,       ,       ,     0.00,   59.23,   -0.73,  30.08,    0.0,    0.00,   59.20,   58.58,   58.61,   58.21,   58.24,   57.81,   59.96,   59.96,   59.96,   59.96,   59.96,   59.96,   97.20,   59.96,        ,   0,  GPS,   26.0, 115.60, 116.50, 128.400, 132.050,       ,       ,       ,      ,       ,       ,  -14.9,      0,  NONE,   NONE,      ,      ,      , NoSoln, 3704,      ,       ,      ,       
2018-03-22, 14:36:37,  -04:00,       ,             ,             ,   259.6, 29.87,        ,   7.5,   0.00,       ,  -57.31,       ,       ,       ,       ,      ,      ,  24.5,  23.8,  -6.7,  46.00,  46.00,     0.00,   59.22,   -0.73,  30.08,    0.0,    0.00,   59.16,   58.59,   58.63,   58.22,   58.23,   57.81,   59.96,   59.96,   59.96,   59.96,   59.96,   59.96,   97.72,   59.96,        ,   0,  GPS,   26.0, 115.60, 116.50, 128.400, 132.050,       ,       ,       ,      ,       ,       ,  -14.9,      0,  NONE,   NONE,      ,      ,      , NoSoln, 3704,      ,       ,      ,       
2018-03-22, 14:36:38,  -04:00,       ,             ,             ,   259.6, 29.87,        ,   7.5,   0.00,       ,  -67.96,       ,       ,       ,       ,      ,      ,  24.5,  23.8,  -6.8,  46.00,  46.00,     0.00,   59.19,   -0.72,  30.08,    0.0,    0.00,   59.15,   58.57,   58.62,   58.20,   58.22,   57.79,   59.96,   59.96,   59.96,   59.96,   59.96,   59.96,   99.82,   59.96,        ,   0,  GPS,   26.0, 115.60, 116.50, 128.400, 132.050,       ,       ,       ,      ,       ,       ,  -14.9,      0,  NONE,   NONE,      ,      ,      , NoSoln, 3704,      ,       ,      ,       
2018-03-22, 14:36:39,  -04:00,       ,             ,             ,   260.6, 29.87,        ,   7.5,   0.00,       ,  -36.78,       ,       ,       ,       ,      ,      ,  24.6,  23.8,  -6.7,  46.00,  46.00,     0.00,   59.21,   -0.72,  30.08,    0.0,    0.00,   59.15,   58.56,   58.59,   58.19,   58.22,   57.79,   59.96,   59.96,   59.96,   59.96,   59.96,   59.96,   98.88,   59.96,        ,   0,  GPS,   26.0, 115.60, 116.50, 128.400, 132.050,       ,       ,       ,      ,       ,       ,  -14.9,      0,  NONE,   NONE,      ,      ,      , NoSoln, 3704,      ,       ,      ,       
2018-03-22, 14:36:40,  -04:00,       ,             ,             ,   260.6, 29.87,        ,   7.5,   0.00,       ,   -2.71,       ,       ,       ,       ,      ,      ,  24.5,  23.8,  -6.8,  46.00,  46.00,     0.00,   59.20,   -0.72,  30.09,    0.0,    0.00,   59.15,   58.57,   58.58,   58.19,   58.20,   57.76,   59.96,   59.96,   59.96,   59.96,   59.96,   59.96,   99.19,   59.96,        ,   0,  GPS,   26.0, 115.60, 116.50, 128.400, 132.050,       ,       ,       ,      ,       ,       ,  -14.9,      0,  NONE,   NONE,      ,      ,      , NoSoln, 3704,      ,       ,      ,       
2018-03-22, 14:36:41,  -04:00,       ,             ,             ,   258.6, 29.87,        ,   7.5,   0.00,       ,  -14.59,       ,       ,       ,       ,      ,      ,  24.5,  23.8,  -6.8,  46.00,  46.00,     0.00,   59.19,   -0.73,  30.09,    0.0,    0.00,   59.15,   58.54,   58.60,   58.19,   58.20,   57.75,   59.92,   59.92,   59.92,   59.92,   59.92,   59.92,   99.64,   59.92,        ,   0,  GPS,   26.0, 115.60, 116.50, 128.400, 132.050,       ,       ,       ,      ,       ,       ,  -14.9,      0,  NONE,   NONE,      ,      ,      , NoSoln, 3704,      ,       ,      ,       
2018-03-22, 14:36:42,  -04:00,       ,             ,             ,   257.6, 29.87,        ,   7.5,   0.00,       ,  -59.44,       ,       ,       ,       ,      ,      ,  24.5,  23.8,  -6.9,  46.00,  46.00,     0.00,   59.18,   -0.73,  30.09,    0.0,    0.00,   59.13,   58.55,   58.57,   58.19,   58.19,   57.74,   59.96,   59.96,   59.96,   59.96,   59.96,   59.96,  101.82,   59.96,        ,   0,  GPS,   26.0, 115.60, 116.50, 128.400, 132.050,       ,       ,       ,      ,       ,       ,  -14.9,      0,  NONE,   NONE,      ,      ,      , NoSoln, 3704,      ,       ,      ,       
2018-03-22, 14:36:43,  -04:00,       ,             ,             ,   258.6, 29.87,        ,   7.5,   0.00,       ,  -26.69,       ,       ,       ,       ,      ,      ,  24.5,  23.8,  -6.9,  46.00,  46.00,     0.00,   59.19,   -0.73,  30.09,    0.0,    0.00,   59.15,   58.52,   58.56,   58.16,   58.16,   57.75,   59.96,   59.96,   59.96,   59.96,   59.96,   59.96,  100.90,   59.96,        ,   0,  GPS,   26.0, 115.60, 116.50, 128.400, 132.050,       ,       ,       ,      ,       ,       ,  -14.9,      0,  NONE,   NONE,      ,      ,      , NoSoln, 3704,      ,       ,      ,       
2018-03-22, 14:36:44,  -04:00,       ,             ,             ,   259.6, 29.87,        ,   7.5,   0.00,       ,    5.36,       ,       ,       ,       ,      ,      ,  24.5,  23.8,  -6.9,  46.00,  46.00,     0.00,   59.17,   -0.74,  30.08,    0.0,    0.00,   59.12,   58.54,   58.55,   58.16,   58.16,   57.73,   59.96,   59.96,   59.96,   59.96,   59.96,   59.96,  101.11,   59.96,        ,   0,  GPS,   26.0, 115.60, 116.50, 128.400, 132.050,       ,       ,       ,      ,       ,       ,  -14.9,      0,  NONE,   NONE,      ,      ,      , NoSoln, 3704,      ,       ,      ,       
2018-03-22, 14:36:45,  -04:00,       ,             ,             ,   259.6, 29.87,        ,   7.5,   0.00,       ,   11.28,       ,       ,       ,       ,      ,      ,  24.5,  23.8,  -6.9,  46.00,  46.00,     0.00,   59.17,   -0.74,  30.09,    0.0,    0.00,   59.12,   58.51,   58.54,   58.14,   58.16,   57.72,   59.96,   59.96,   59.96,   59.96,   59.96,   59.96,  101.62,   59.96,        ,   0,  GPS,   26.0, 115.60, 116.50, 128.400, 132.050,       ,       ,       ,      ,       ,       ,  -14.9,      0,  NONE,   NONE,      ,      ,      , NoSoln, 3704,      ,       ,      ,       
2018-03-22, 14:36:46,  -04:00,       ,             ,             ,   259.6, 29.87,        ,   7.5,   0.00,       ,   -9.76,       ,       ,       ,       ,      ,      ,  24.5,  23.8,  -7.0,  46.00,  46.00,     0.00,   59.16,   -0.75,  30.08,    0.0,    0.00,   59.12,   58.53,   58.52,   58.14,   58.16,   57.70,   59.96,   59.96,   59.96,   59.96,   59.96,   59.96,  107.37,   59.96,        ,   0,  GPS,   26.0, 115.60, 116.50, 128.400, 132.050,       ,       ,       ,      ,       ,       ,  -14.9,      0,  NONE,   NONE,      ,      ,      , NoSoln, 3704,      ,       ,      ,       
2018-03-22, 14:36:47,  -04:00,       ,             ,             ,   259.6, 29.87,        ,   7.5,   0.00,       ,  -15.71,       ,       ,       ,       ,      ,      ,  24.5,  23.8,  -7.0,  46.00,  46.00,     0.00,   59.16,   -0.73,  30.09,    0.0,    0.00,   59.11,   58.51,   58.51,   58.13,   58.13,   57.72,   59.96,   59.96,   59.96,   59.96,   59.96,   59.96,  102.72,   59.96,        ,   0,  GPS,   26.0, 115.60, 116.50, 128.400, 132.050,       ,       ,       ,      ,       ,       ,  -14.9,      0,  NONE,   NONE,      ,      ,      , NoSoln, 3704,      ,       ,      ,       
2018-03-22, 14:36:48,  -04:00,       ,             ,             ,   258.6, 29.87,        ,   7.5,   0.00,       ,  -15.99,       ,       ,       ,       ,      ,      ,  24.5,  23.8,  -7.0,  46.00,  46.00,     0.00,   59.16,   -0.73,  30.09,    0.0,    0.00,   59.11,   58.51,   58.51,   58.11,   58.11,   57.70,   59.96,   59.96,   59.96,   59.96,   59.96,   59.96,  103.12,   59.96,        ,   0,  GPS,   26.0, 115.60, 116.50, 128.400, 132.050,       ,       ,       ,      ,       ,       ,  -14.9,      0,  NONE,   NONE,      ,      ,      , NoSoln, 3704,      ,       ,      ,       
2018-03-22, 14:36:49,  -04:00,       ,             ,             ,   259.6, 29.87,        ,   7.5,   0.00,       ,  -10.04,       ,       ,       ,       ,      ,      ,  24.5,  23.8,  -7.0,  46.00,  46.00,     0.00,   59.16,   -0.74,  30.09,    0.0,    0.00,   59.09,   58.51,   58.51,   58.11,   58.11,   57.67,   59.96,   59.96,   59.96,   59.96,   59.96,   59.96,  103.56,   59.96,        ,   0,  GPS,   26.0, 115.60, 116.50, 128.400, 132.050,       ,       ,       ,      ,       ,       ,  -14.9,      0,  NONE,   NONE,      ,      ,      , NoSoln, 3704,      ,       ,      ,       
2018-03-22, 14:36:50,  -04:00,       ,             ,             ,   259.6, 29.87,        ,   7.5,   0.00,       ,   -0.47,       ,       ,       ,       ,      ,      ,  24.5,  23.8,  -7.1,  46.00,  46.00,     0.00,   59.15,   -0.73,  30.08,    0.0,    0.00,   59.07,   58.49,   58.46,   58.10,   58.10,   57.65,   59.99,   59.99,   59.99,   59.99,   59.99,   59.99,  105.64,   59.99,        ,   0,  GPS,   26.0, 115.60, 116.50, 128.400, 132.050,       ,       ,       ,      ,       ,       ,  -14.9,      0,  NONE,   NONE,      ,      ,      , NoSoln, 3704,      ,       ,      ,       
2018-03-22, 14:36:51,  -04:00,       ,             ,             ,   259.6, 29.87,        ,   7.5,   0.00,       ,    0.12,       ,       ,       ,       ,      ,      ,  24.5,  23.8,  -7.0,  46.00,  46.00,     0.00,   59.14,   -0.72,  30.09,    0.0,    0.00,   59.07,   58.48,   58.48,   58.11,   58.08,   57.66,   59.96,   59.96,   59.96,   59.96,   59.96,   59.96,  104.93,   59.96,        ,   0,  GPS,   26.0, 115.60, 116.50, 128.400, 132.050,       ,       ,       ,      ,       ,       ,  -14.9,      0,  NONE,   NONE,      ,      ,      , NoSoln, 3704,      ,       ,      ,       
2018-03-22, 14:36:55,  -04:00,       ,             ,             ,   260.6, 29.87,        ,   7.5,   0.00,       ,   14.65,       ,       ,       ,       ,      ,      ,  24.5,  23.8,  -7.1,  46.00,  46.00,     0.00,   59.13,   -0.72,  30.09,    0.0,    0.00,   59.06,   58.48,   58.46,   58.08,   58.08,   57.66,   59.92,   59.92,   59.92,   59.92,   59.92,   59.92,  104.85,   59.92,        ,   0,  GPS,   26.0, 115.60, 116.50, 128.400, 132.050,       ,       ,       ,      ,       ,       ,  -14.9,      0,  NONE,   NONE,      ,      ,      , NoSoln, 3704,      ,       ,      ,       
2018-03-22, 14:36:56,  -04:00,       ,             ,             ,   259.6, 29.87,        ,   7.5,   0.00,       ,    8.56,       ,       ,       ,       ,      ,      ,  24.5,  23.8,  -7.1,  46.00,  46.00,     0.00,   59.12,   -0.73,  30.09,    0.0,    0.00,   59.06,   58.48,   58.45,   58.08,   58.05,   57.64,   59.96,   59.96,   59.96,   59.96,   59.96,   59.96,  104.53,   59.96,        ,   0,  GPS,   26.0, 115.60, 116.50, 128.400, 132.050,       ,       ,       ,      ,       ,       ,  -14.9,      0,  NONE,   NONE,      ,      ,      , NoSoln, 3704,      ,       ,      ,       
2018-03-22, 14:36:57,  -04:00,       ,             ,             ,   258.6, 29.87,        ,   7.5,   0.00,       ,  -18.02,       ,       ,       ,       ,      ,      ,  24.5,  23.8,  -7.1,  46.00,  46.00,     0.00,   59.13,   -0.72,  30.08,    0.0,    0.00,   59.06,   58.46,   58.43,   58.06,   58.05,   57.64,   59.99,   59.99,   59.99,   59.99,   59.99,   59.99,  106.25,   59.99,        ,   0,  GPS,   26.0, 115.60, 116.50, 128.400, 132.050,       ,       ,       ,      ,       ,       ,  -14.9,      0,  NONE,   NONE,      ,      ,      , NoSoln, 3704,      ,       ,      ,       
2018-03-22, 14:36:58,  -04:00,       ,             ,             ,   258.6, 29.87,        ,   7.5,   0.00,       ,  -15.65,       ,       ,       ,       ,      ,      ,  24.6,  23.9,  -6.9,  46.00,  46.00,     0.00,   59.12,   -0.71,  30.09,    0.0,    0.00,   59.06,   58.45,   58.42,   58.05,   58.02,   57.62,   59.96,   59.96,   59.96,   59.96,   59.96,   59.96,  105.62,   59.96,        ,   0,  GPS,   26.0, 115.60, 116.50, 128.400, 132.050,       ,       ,       ,      ,       ,       ,  -14.9,      0,  NONE,   NONE,      ,      ,      , NoSoln, 3704,      ,       ,      ,       
2018-03-22, 14:36:59,  -04:00,       ,             ,             ,   259.6, 29.87,        ,   7.5,   0.00,       ,  -15.97,       ,       ,       ,       ,      ,      ,  24.6,  23.9,  -6.8,  46.00,  46.00,     0.00,   59.13,   -0.72,  30.09,    0.0,    0.00,   59.03,   58.45,   58.40,   58.05,   57.99,   57.61,   59.96,   59.96,   59.96,   59.96,   59.96,   59.96,  105.36,   59.96,        ,   0,  GPS,   26.0, 115.60, 116.50, 128.400, 132.050,       ,       ,       ,      ,       ,       ,  -14.9,      0,  NONE,   NONE,      ,      ,      , NoSoln, 3704,      ,       ,      ,       
2018-03-22, 14:37:00,  -04:00,       ,             ,             ,   259.6, 29.87,        ,   7.5,   0.00,       ,   -6.95,       ,       ,       ,       ,      ,      ,  24.6,  23.9,  -6.8,  46.00,  46.00,     0.00,   59.11,   -0.72,  30.09,    0.0,    0.00,   59.03,   58.45,   58.40,   58.05,   58.02,   57.59,   59.96,   59.96,   59.96,   59.96,   59.96,   59.96,  105.81,   59.96,        ,   0,  GPS,   26.0, 115.60, 116.50, 128.400, 132.050,       ,       ,       ,      ,       ,       ,  -14.9,      0,  NONE,   NONE,      ,      ,      , NoSoln, 3704,      ,       ,      ,       
2018-03-22, 14:37:01,  -04:00,       ,             ,             ,   259.6, 29.87,        ,   7.5,   0.00,       ,   -0.30,       ,       ,       ,       ,      ,      ,  24.6,  23.9,  -6.8,  46.00,  46.00,     0.00,   59.11,   -0.73,  30.08,    0.0,    0.00,   59.05,   58.43,   58.40,   58.02,   58.01,   57.59,   59.99,   59.99,   59.99,   59.99,   59.99,   59.99,  107.92,   59.99,        ,   0,  GPS,   26.0, 115.60, 116.50, 128.400, 132.050,       ,       ,       ,      ,       ,       ,  -14.9,      0,  NONE,   NONE,      ,      ,      , NoSoln, 3704,      ,       ,      ,       
2018-03-22, 14:37:02,  -04:00,       ,             ,             ,   260.6, 29.87,        ,   7.5,   0.00,       ,   -0.01,       ,       ,       ,       ,      ,      ,  24.6,  23.9,  -6.7,  46.00,  46.00,     0.00,   59.09,   -0.72,  30.09,    0.0,    0.00,   59.03,   58.44,   58.39,   58.02,   57.98,   57.58,   59.99,   59.99,   59.99,   59.99,   59.99,   59.99,  107.52,   59.99,        ,   0,  GPS,   26.0, 115.60, 116.50, 128.400, 132.050,       ,       ,       ,      ,       ,       ,  -14.9,      0,  NONE,   NONE,      ,      ,      , NoSoln, 3704,      ,       ,      ,       
2018-03-22, 14:37:03,  -04:00,       ,             ,             ,   259.6, 29.87,        ,   7.5,   0.00,       ,   -9.05,   1.58,  -0.98,   0.02,  -0.00, 342.7,      ,  24.6,  23.9,  -6.6,  46.00,  46.00,     0.00,   59.09,   -0.72,  30.09,    0.0,    0.00,   59.01,   58.43,   58.37,   58.00,   57.99,   57.56,   59.96,   59.96,   59.96,   59.96,   59.96,   59.96,  107.11,   59.96,        ,   0,  GPS,   26.0, 115.60, 116.50, 128.400, 132.050,       ,       ,       ,      ,       ,       ,  -14.9,      0,  NONE,   NONE,      ,      ,      , NoSoln, 3704,      ,       ,      ,       
2018-03-22, 14:37:04,  -04:00,       ,             ,             ,   260.6, 29.87,        ,   7.5,   0.00,       ,   10.69,   1.59,  -1.11,   0.02,   0.00, 342.7,      ,  24.6,  23.9,  -6.6,  46.00,  46.00,     0.00,   59.09,   -0.73,  30.09,    0.0,    0.00,   59.00,   58.42,   58.37,   57.99,   57.96,   57.56,   59.96,   59.96,   59.96,   59.96,   59.96,   59.96,  107.61,   59.96,        ,   0,  GPS,   26.0, 115.60, 116.50, 128.400, 132.050,       ,       ,       ,      ,       ,       ,  -14.9,      0,  NONE,   NONE,      ,      ,      , NoSoln, 3704,      ,       ,      ,       
2018-03-22, 14:37:05,  -04:00,       ,             ,             ,   260.6, 29.87,        ,   7.5,   0.00,       ,    5.89,   1.58,  -0.98,   0.02,  -0.01, 342.7,      ,  24.6,  23.9,  -6.6,  46.00,  46.00,     0.00,   59.08,   -0.73,  30.08,    0.0,    0.00,   59.00,   58.40,   58.34,   57.99,   57.94,   57.55,   59.96,   59.96,   59.96,   59.96,   59.96,   59.96,  109.63,   59.96,        ,   0,  GPS,   26.0, 115.60, 116.50, 128.400, 132.050,       ,       ,       ,      ,       ,       ,  -14.9,      0,  NONE,   NONE,      ,      ,      , NoSoln, 3704,      ,       ,      ,       
2018-03-22, 14:37:06,  -04:00,       ,             ,             ,   259.6, 29.87,        ,   7.5,   0.00,       ,   -7.85,   1.61,  -1.05,   0.02,   0.00, 342.7,      ,  24.6,  23.9,  -6.5,  46.00,  46.00,     0.00,   59.08,   -0.72,  30.09,    0.0,    0.00,   58.98,   58.40,   58.34,   57.98,   57.93,   57.53,   59.96,   59.96,   59.96,   59.96,   59.96,   59.96,  109.23,   59.96,        ,   0,  GPS,   26.0, 115.60, 116.50, 128.400, 132.050,       ,       ,       ,      ,       ,       ,  -14.9,      0,  NONE,   NONE,      ,      ,      , NoSoln, 3704,      ,       ,      ,       
2018-03-22, 14:37:07,  -04:00,       ,             ,             ,   259.6, 29.87,        ,   7.5,   0.00,       ,  -15.64,   1.53,  -1.04,   0.01,   0.01, 342.8,      ,  24.6,  23.9,  -6.5,  46.00,  46.00,     0.00,   59.08,   -0.71,  30.08,    0.0,    0.00,   59.00,   58.39,   58.31,   57.96,   57.93,   57.53,   59.96,   59.96,   59.96,   59.96,   59.96,   59.96,  108.80,   59.96,        ,   0,  GPS,   26.0, 115.60, 116.50, 128.400, 132.050,       ,       ,       ,      ,       ,       ,  -14.9,      0,  NONE,   NONE,      ,      ,      , NoSoln, 3704,      ,       ,      ,       
2018-03-22, 14:37:08,  -04:00,       ,             ,             ,   259.6, 29.87,        ,   7.5,   0.00,       ,  -21.96,   1.53,  -1.05,   0.02,   0.00, 342.8,      ,  24.6,  23.9,  -6.5,  46.00,  46.00,     0.00,   59.08,   -0.70,  30.09,    0.0,    0.00,   58.97,   58.40,   58.30,   57.95,   57.91,   57.52,   59.96,   59.96,   59.96,   59.96,   59.96,   59.96,  109.23,   59.96,        ,   0,  GPS,   26.0, 115.60, 116.50, 128.400, 132.050,       ,       ,       ,      ,       ,       ,  -14.9,      0,  NONE,   NONE,      ,      ,      , NoSoln, 3704,      ,       ,      ,       
2018-03-22, 14:37:09,  -04:00,       ,             ,             ,   256.6, 29.87,        ,   7.5,   0.00,       ,  -51.53,   1.54,  -1.07,   0.02,  -0.00, 342.7,      ,  24.6,  23.9,  -6.5,  46.00,  46.00,     0.00,   59.07,   -0.71,  30.09,    0.0,    0.00,   58.95,   58.37,   58.29,   57.93,   57.90,   57.50,   59.99,   59.99,   59.99,   59.99,   59.99,   59.99,  111.31,   59.99,        ,   0,  GPS,   26.0, 115.60, 116.50, 128.400, 132.050,       ,       ,       ,      ,       ,       ,  -14.9,      0,  NONE,   NONE,      ,      ,      , NoSoln, 3704,      ,       ,      ,       
2018-03-22, 14:37:10,  -04:00,       ,             ,             ,   256.6, 29.87,        ,   7.5,   0.00,       ,  -55.38,   1.52,  -1.00,   0.02,   0.00, 342.7,      ,  24.6,  23.9,  -6.4,  46.00,  46.00,     0.00,   59.05,   -0.70,  30.09,    0.0,    0.00,   58.95,   58.37,   58.28,   57.93,   57.88,   57.49,   59.96,   59.96,   59.96,   59.96,   59.96,   59.96,  111.01,   59.96,        ,   0,  GPS,   26.0, 115.60, 116.50, 128.400, 132.050,       ,       ,       ,      ,       ,       ,  -14.9,      0,  NONE,   NONE,      ,      ,      , NoSoln, 3704,      ,       ,      ,       
2018-03-22, 14:37:11,  -04:00,       ,             ,             ,   257.6, 29.87,        ,   7.5,   0.00,       ,  -26.25,   1.55,  -1.11,   0.01,   0.00, 342.8,      ,  24.6,  23.9,  -6.4,  46.00,  46.00,     0.00,   59.06,   -0.69,  30.09,    0.0,    0.00,   58.92,   58.35,   58.28,   57.93,   57.89,   57.47,   59.96,   59.96,   59.96,   59.96,   59.96,   59.96,  110.35,   59.96,        ,   0,  GPS,   26.0, 115.60, 116.50, 128.400, 132.050,       ,       ,       ,      ,       ,       ,  -14.9,      0,  NONE,   NONE,      ,      ,      , NoSoln, 3704,      ,       ,      ,       
2018-03-22, 14:37:12,  -04:00,       ,             ,             ,   257.6, 29.87,        ,   7.5,   0.00,       ,  -16.42,   1.54,  -1.02,   0.02,  -0.00, 342.7,      ,  24.6,  23.9,  -6.4,  46.00,  46.00,     0.00,   59.06,   -0.71,  30.09,    0.0,    0.00,   58.92,   58.34,   58.26,   57.93,   57.87,   57.46,   59.96,   59.96,   59.96,   59.96,   59.96,   59.96,  110.79,   59.96,        ,   0,  GPS,   26.0, 115.60, 116.50, 128.400, 132.050,       ,       ,       ,      ,       ,       ,  -14.9,      0,  NONE,   NONE,      ,      ,      , NoSoln, 3704,      ,       ,      ,       
2018-03-22, 14:37:13,  -04:00,       ,             ,             ,   256.6, 29.87,        ,   7.5,   0.00,       ,  -23.97,   1.53,  -1.04,   0.02,   0.01, 342.7,      ,  24.6,  23.9,  -6.4,  46.00,  46.00,     0.00,   59.04,   -0.71,  30.09,    0.0,    0.00,   58.95,   58.34,   58.23,   57.90,   57.87,   57.47,   59.96,   59.96,   59.96,   59.96,   59.96,   59.96,  116.44,   59.96,        ,   0,  GPS,   26.0, 115.60, 116.50, 128.400, 132.050,       ,       ,       ,      ,       ,       ,  -14.9,      0,  NONE,   NONE,      ,      ,      , NoSoln, 3704,      ,       ,      ,       
2018-03-22, 14:37:14,  -04:00,       ,             ,             ,   256.6, 29.87,        ,   7.5,   0.00,       ,  -28.39,   1.53,  -1.09,   0.02,   0.00, 342.8,      ,  24.6,  23.9,  -6.3,  46.00,  46.00,     0.00,   59.04,   -0.71,  30.10,    0.0,    0.00,   58.92,   58.34,   58.22,   57.90,   57.83,   57.44,   59.96,   59.96,   59.96,   59.96,   59.96,   59.96,  111.45,   59.96,        ,   0,  GPS,   26.0, 115.60, 116.50, 128.400, 132.050,       ,       ,       ,      ,       ,       ,  -14.9,      0,  NONE,   NONE,      ,      ,      , NoSoln, 3704,      ,       ,      ,       
2018-03-22, 14:37:15,  -04:00,       ,             ,             ,   256.6, 29.87,        ,   7.5,   0.00,       ,  -31.85,   1.54,  -1.08,   0.02,   0.00, 342.7,      ,  24.6,  23.9,  -6.3,  46.00,  46.00,     0.00,   59.03,   -0.71,  30.09,    0.0,    0.00,   58.92,   58.33,   58.22,   57.90,   57.82,   57.41,   59.96,   59.96,   59.96,   59.96,   59.96,   59.96,  111.85,   59.96,        ,   0,  GPS,   26.0, 115.60, 116.50, 128.400, 132.050,       ,       ,       ,      ,       ,       ,  -14.9,      0,  NONE,   NONE,      ,      ,      , NoSoln, 3704,      ,       ,      ,       
2018-03-22, 14:37:16,  -04:00,       ,             ,             ,   256.6, 29.87,        ,   7.5,   0.00,       ,  -18.95,   1.53,  -1.11,   0.02,   0.00, 342.8,      ,  24.6,  23.9,  -6.3,  46.00,  46.00,     0.00,   59.03,   -0.73,  30.09,    0.0,    0.00,   58.92,   58.33,   58.20,   57.88,   57.82,   57.41,   59.96,   59.96,   59.96,   59.96,   59.96,   59.96,  112.34,   59.96,        ,   0,  GPS,   26.0, 115.60, 116.50, 128.400, 132.050,       ,       ,       ,      ,       ,       ,  -14.9,      0,  NONE,   NONE,      ,      ,      , NoSoln, 3704,      ,       ,      ,       
2018-03-22, 14:37:17,  -04:00,       ,             ,             ,   257.6, 29.87,        ,   7.5,   0.00,       ,   -7.06,   1.54,  -1.05,   0.02,   0.00, 342.8,      ,  24.6,  23.9,  -6.3,  46.00,  46.00,     0.00,   59.02,   -0.73,  30.08,    0.0,    0.00,   58.89,   58.29,   58.19,   57.87,   57.79,   57.41,   59.99,   59.99,   59.99,   59.99,   59.99,   59.99,  118.06,   59.99,        ,   0,  GPS,   26.0, 115.60, 116.50, 128.400, 132.050,       ,       ,       ,      ,       ,       ,  -14.9,      0,  NONE,   NONE,      ,      ,      , NoSoln, 3704,      ,       ,      ,       
2018-03-22, 14:37:18,  -04:00,       ,             ,             ,   257.6, 29.87,        ,   7.5,   0.00,       ,    2.01,   1.52,  -1.09,   0.02,   0.01, 342.8,      ,  24.6,  23.9,  -6.3,  46.00,  46.00,     0.00,   59.02,   -0.72,  30.09,    0.0,    0.00,   58.89,   58.31,   58.19,   57.87,   57.77,   57.38,   59.96,   59.96,   59.96,   59.96,   59.96,   59.96,  113.04,   59.96,        ,   0,  GPS,   26.0, 115.60, 116.50, 128.400, 132.050,       ,       ,       ,      ,       ,       ,  -14.9,      0,  NONE,   NONE,      ,      ,      , NoSoln, 3704,      ,       ,      ,       
2018-03-22, 14:37:19,  -04:00,       ,             ,             ,   257.6, 29.87,        ,   7.5,   0.00,       ,    0.23,   1.53,  -1.02,   0.01,  -0.00, 342.8,      ,  24.6,  23.9,  -6.3,  46.00,  46.00,     0.00,   59.01,   -0.73,  30.10,    0.0,    0.00,   58.89,   58.30,   58.17,   57.85,   57.79,   57.38,   59.99,   59.99,   59.99,   59.99,   59.99,   59.99,  113.42,   59.99,        ,   0,  GPS,   26.0, 115.60, 116.50, 128.400, 132.050,       ,       ,       ,      ,       ,       ,  -14.9,      0,  NONE,   NONE,      ,      ,      , NoSoln, 3704,      ,       ,      ,       
2018-03-22, 14:37:20,  -04:00,       ,             ,             ,   256.6, 29.87,        ,   7.5,   0.00,       ,  -13.04,   1.52,  -1.05,   0.02,   0.00, 342.8,      ,  24.6,  23.9,  -6.3,  46.00,  46.00,     0.00,   59.01,   -0.72,  30.09,    0.0,    0.00,   58.88,   58.28,   58.16,   57.84,   57.76,   57.38,   59.96,   59.96,   59.96,   59.96,   59.96,   59.96,  113.81,   59.96,        ,   0,  GPS,   26.0, 115.60, 116.50, 128.400, 132.050,       ,       ,       ,      ,       ,       ,  -14.9,      0,  NONE,   NONE,      ,      ,      , NoSoln, 3704,      ,       ,      ,       
2018-03-22, 14:37:21,  -04:00,       ,             ,             ,   255.6, 29.87,        ,   7.5,   0.00,       ,  -20.62,   1.53,  -1.07,   0.02,   0.00, 342.8,      ,  24.6,  23.9,  -6.3,  46.00,  46.00,     0.00,   59.01,   -0.72,  30.10,    0.0,    0.00,   58.86,   58.26,   58.14,   57.84,   57.73,   57.35,   59.96,   59.96,   59.96,   59.96,   59.96,   59.96,  119.45,   59.96,        ,   0,  GPS,   26.0, 115.60, 116.50, 128.400, 132.050,       ,       ,       ,      ,       ,       ,  -14.9,      0,  NONE,   NONE,      ,      ,      , NoSoln, 3704,      ,       ,      ,       
2018-03-22, 14:37:22,  -04:00,       ,             ,             ,   256.6, 29.87,        ,   7.5,   0.00,       ,  -29.03,   1.53,  -1.04,   0.02,   0.00, 342.8,      ,  24.6,  23.9,  -6.2,  46.00,  46.00,     0.00,   59.00,   -0.71,  30.10,    0.0,    0.00,   58.85,   58.28,   58.11,   57.82,   57.75,   57.35,   59.96,   59.96,   59.96,   59.96,   59.96,   59.96,  114.45,   59.96,        ,   0,  GPS,   26.0, 115.60, 116.50, 128.400, 132.050,       ,       ,       ,      ,       ,       ,  -14.9,      0,  NONE,   NONE,      ,      ,      , NoSoln, 3704,      ,       ,      ,       
2018-03-22, 14:37:23,  -04:00,       ,             ,             ,   255.6, 29.87,        ,   7.5,   0.00,       ,  -31.46,   1.52,  -1.05,   0.02,   0.00, 342.8,      ,  24.6,  23.9,  -6.2,  46.00,  46.00,     0.00,   58.98,   -0.72,  30.10,    0.0,    0.00,   58.85,   58.25,   58.11,   57.81,   57.70,   57.32,   59.96,   59.96,   59.96,   59.96,   59.96,   59.96,  114.86,   59.96,        ,   0,  GPS,   26.0, 115.60, 116.50, 128.400, 132.050,       ,       ,       ,      ,       ,       ,  -14.9,      0,  NONE,   NONE,      ,      ,      , NoSoln, 3704,      ,       ,      ,       
2018-03-22, 14:37:24,  -04:00,       ,             ,             ,   255.6, 29.87,        ,   7.5,   0.00,       ,  -18.15,   1.51,  -1.05,   0.02,   0.00, 342.8,      ,  24.6,  23.9,  -6.2,  46.00,  46.00,     0.00,   58.98,   -0.72,  30.10,    0.0,    0.00,   58.83,   58.25,   58.10,   57.77,   57.71,   57.32,   59.99,   59.99,   59.99,   59.99,   59.99,   59.99,  115.22,   59.99,        ,   0,  GPS,   26.0, 115.60, 116.50, 128.400, 132.050,       ,       ,       ,      ,       ,       ,  -14.9,      0,  NONE,   NONE,      ,      ,      , NoSoln, 3704,      ,       ,      ,       
2018-03-22, 14:37:25,  -04:00,       ,             ,             ,   255.6, 29.87,        ,   7.5,   0.00,       ,  -16.07,   1.51,  -1.08,   0.02,   0.00, 342.8,      ,  24.6,  23.9,  -6.3,  46.00,  46.00,     0.00,   58.97,   -0.71,  30.09,    0.0,    0.00,   58.83,   58.23,   58.08,   57.76,   57.70,   57.30,   59.96,   59.96,   59.96,   59.96,   59.96,   59.96,  120.82,   59.96,        ,   0,  GPS,   26.0, 115.60, 116.50, 128.400, 132.050,       ,       ,       ,      ,       ,       ,  -14.9,      0,  NONE,   NONE,      ,      ,      , NoSoln, 3704,      ,       ,      ,       
2018-03-22, 14:37:26,  -04:00,       ,             ,             ,   255.6, 29.87,        ,   7.5,   0.00,       ,  -14.97,   1.48,  -1.08,   0.02,   0.00, 342.7,      ,  24.6,  23.9,  -6.2,  46.00,  46.00,     0.00,   58.98,   -0.70,  30.10,    0.0,    0.00,   58.83,   58.22,   58.08,   57.76,   57.67,   57.29,   59.99,   59.99,   59.99,   59.99,   59.99,   59.99,  115.87,   59.99,        ,   0,  GPS,   26.0, 115.60, 116.50, 128.400, 132.050,       ,       ,       ,      ,       ,       ,  -14.9,      0,  NONE,   NONE,      ,      ,      , NoSoln, 3704,      ,       ,      ,       
2018-03-22, 14:37:27,  -04:00,       ,             ,             ,   255.6, 29.87,        ,   7.5,   0.00,       ,   -2.89,   1.48,  -1.09,   0.02,   0.00, 342.7,      ,  24.6,  23.9,  -6.2,  46.00,  46.00,     0.00,   58.97,   -0.71,  30.10,    0.0,    0.00,   58.80,   58.20,   58.05,   57.76,   57.67,   57.27,   59.96,   59.96,   59.96,   59.96,   59.96,   59.96,  116.18,   59.96,        ,   0,  GPS,   26.0, 115.60, 116.50, 128.400, 132.050,       ,       ,       ,      ,       ,       ,  -14.9,      0,  NONE,   NONE,      ,      ,      , NoSoln, 3704,      ,       ,      ,       
2018-03-22, 14:37:28,  -04:00,       ,             ,             ,   255.6, 29.87,        ,   7.2,   0.00,       ,   -3.40,   1.49,  -1.09,   0.02,   0.00, 342.7,      ,  24.6,  23.9,  -6.2,  46.00,  46.00,     0.00,   58.94,   -0.72,  30.10,    0.0,    0.00,   58.80,   58.20,   58.07,   57.73,   57.64,   57.26,   59.96,   59.96,   59.96,   59.96,   59.96,   59.96,  116.55,   59.96,        ,   0,  GPS,   26.0, 115.60, 116.50, 128.400, 132.050,       ,       ,       ,      ,       ,       ,  -14.9,      0,  NONE,   NONE,      ,      ,      , NoSoln, 3704,      ,       ,      ,       
2018-03-22, 14:37:29,  -04:00,       ,             ,             ,   255.6, 29.87,        ,   7.2,   0.00,       ,  -14.65,   1.47,  -1.07,   0.02,   0.00, 342.7,      ,  24.6,  23.9,  -6.2,  46.00,  46.00,     0.00,   58.94,   -0.73,  30.09,    0.0,    0.00,   58.77,   58.19,   58.03,   57.76,   57.64,   57.26,   59.96,   59.96,   59.96,   59.96,   59.96,   59.96,  122.17,   59.96,        ,   0,  GPS,   26.0, 115.60, 116.50, 128.400, 132.050,       ,       ,       ,      ,       ,       ,  -14.9,      0,  NONE,   NONE,      ,      ,      , NoSoln, 3704,      ,       ,      ,       
2018-03-22, 14:37:30,  -04:00,       ,             ,             ,   254.6, 29.87,        ,   7.2,   0.00,       ,  -19.58,   1.47,  -1.05,   0.02,   0.00, 342.7,      ,  24.6,  23.9,  -6.2,  46.00,  46.00,     0.00,   58.94,   -0.71,  30.11,    0.0,    0.00,   58.77,   58.17,   58.02,   57.73,   57.64,   57.24,   59.99,   59.99,   59.99,   59.99,   59.99,   59.99,  118.81,   59.99,        ,   0,  GPS,   26.0, 115.60, 116.50, 128.400, 132.050,       ,       ,       ,      ,       ,       ,  -14.9,      0,  NONE,   NONE,      ,      ,      , NoSoln, 3704,      ,       ,      ,       
2018-03-22, 14:37:31,  -04:00,       ,             ,             ,   254.6, 29.87,        ,   7.2,   0.00,       ,  -31.30,   1.46,  -1.05,   0.02,   0.00, 342.7,      ,  24.6,  23.9,  -6.2,  46.00,  46.00,     0.00,   58.93,   -0.72,  30.10,    0.0,    0.00,   58.75,   58.18,   58.00,   57.72,   57.61,   57.23,   59.96,   59.96,   59.96,   59.96,   59.96,   59.96,  117.50,   59.96,        ,   0,  GPS,   26.0, 115.60, 116.50, 128.400, 132.050,       ,       ,       ,      ,       ,       ,  -14.9,      0,  NONE,   NONE,      ,      ,      , NoSoln, 3704,      ,       ,      ,       
2018-03-22, 14:37:32,  -04:00,       ,             ,             ,   254.6, 29.87,        ,   7.2,   0.00,       ,  -23.41,   1.46,  -1.07,   0.02,   0.00, 342.7,      ,  24.6,  23.9,  -6.2,  46.00,  46.00,     0.00,   58.93,   -0.72,  30.09,    0.0,    0.00,   58.77,   58.16,   58.01,   57.70,   57.59,   57.21,   59.96,   59.96,   59.96,   59.96,   59.96,   59.96,  117.85,   59.96,        ,   0,  GPS,   26.0, 115.60, 116.50, 128.400, 132.050,       ,       ,       ,      ,       ,       ,  -14.9,      0,  NONE,   NONE,      ,      ,      , NoSoln, 3704,      ,       ,      ,       
2018-03-22, 14:37:33,  -04:00,       ,             ,             ,   254.6, 29.87,        ,   7.2,   0.00,       ,  -16.34,   1.46,  -1.04,   0.02,   0.00, 342.7,      ,  24.6,  23.9,  -6.2,  46.00,  46.00,     0.00,   58.93,   -0.72,  30.09,    0.0,    0.00,   58.74,   58.16,   57.99,   57.70,   57.59,   57.21,   60.03,   60.03,   60.03,   60.03,   60.03,   60.03,  119.84,   60.03,        ,   0,  GPS,   26.0, 115.60, 116.50, 128.400, 132.050,       ,       ,       ,      ,       ,       ,  -14.9,      0,  NONE,   NONE,      ,      ,      , NoSoln, 3704,      ,       ,      ,       
2018-03-22, 14:37:34,  -04:00,       ,             ,             ,   254.6, 29.87,        ,   7.2,   0.00,       ,   -4.61,   1.47,  -1.04,   0.02,   0.00, 342.7,      ,  24.6,  23.9,  -6.1,  46.00,  46.00,     0.00,   58.91,   -0.71,  30.10,    0.0,    0.00,   58.72,   58.16,   57.97,   57.69,   57.58,   57.18,   59.99,   59.99,   59.99,   59.99,   59.99,   59.99,  118.43,   59.99,        ,   0,  GPS,   26.0, 115.60, 116.50, 128.400, 132.050,       ,       ,       ,      ,       ,       ,  -14.9,      0,  NONE,   NONE,      ,      ,      , NoSoln, 3704,      ,       ,      ,       
2018-03-22, 14:37:35,  -04:00,       ,             ,             ,   254.6, 29.87,        ,   7.2,   0.00,       ,   -0.18,   1.47,  -1.04,   0.02,   0.00, 342.7,      ,  24.6,  23.9,  -6.1,  46.00,  46.00,     0.00,   58.89,   -0.71,  30.10,    0.0,    0.00,   58.72,   58.11,   57.93,   57.67,   57.56,   57.18,   59.99,   59.99,   59.99,   59.99,   59.99,   59.99,  118.75,   59.99,        ,   0,  GPS,   26.0, 115.60, 116.50, 128.400, 132.050,       ,       ,       ,      ,       ,       ,  -14.9,      0,  NONE,   NONE,      ,      ,      , NoSoln, 3704,      ,       ,      ,       
2018-03-22, 14:37:36,  -04:00,       ,             ,             ,   254.6, 29.87,        ,   7.2,   0.00,       ,   -0.83,   1.46,  -1.05,   0.02,   0.00, 342.7,      ,  24.6,  23.9,  -6.2,  46.00,  46.00,     0.00,   58.89,   -0.72,  30.10,    0.0,    0.00,   58.71,   58.13,   57.96,   57.67,   57.56,   57.18,   59.99,   59.99,   59.99,   59.99,   59.99,   59.99,  119.01,   59.99,        ,   0,  GPS,   26.0, 115.60, 116.50, 128.400, 132.050,       ,       ,       ,      ,       ,       ,  -14.9,      0,  NONE,   NONE,      ,      ,      , NoSoln, 3704,      ,       ,      ,       
2018-03-22, 14:37:37,  -04:00,       ,             ,             ,   254.6, 29.87,        ,   7.2,   0.00,       ,  -14.68,   1.45,  -1.05,   0.02,   0.00, 342.7,      ,  24.6,  23.9,  -6.2,  46.00,  46.00,     0.00,   58.89,   -0.71,  30.09,    0.0,    0.00,   58.71,   58.11,   57.93,   57.64,   57.53,   57.17,   59.99,   59.99,   59.99,   59.99,   59.99,   59.99,  124.48,   59.99,        ,   0,  GPS,   26.0, 115.60, 116.50, 128.400, 132.050,       ,       ,       ,      ,       ,       ,  -14.9,      0,  NONE,   NONE,      ,      ,      , NoSoln, 3704,      ,       ,      ,       
2018-03-22, 14:37:38,  -04:00,       ,             ,             ,   254.6, 29.87,        ,   7.2,   0.00,       ,  -15.96,   1.45,  -1.09,   0.02,   0.00, 342.7,      ,  24.6,  23.9,  -6.1,  46.00,  46.00,     0.00,   58.88,   -0.70,  30.10,    0.0,    0.00,   58.69,   58.13,   57.92,   57.64,   57.53,   57.15,   60.03,   60.03,   60.03,   60.03,   60.03,   60.03,  119.60,   60.03,        ,   0,  GPS,   26.0, 115.60, 116.50, 128.400, 132.050,       ,       ,       ,      ,       ,       ,  -14.9,      0,  NONE,   NONE,      ,      ,      , NoSoln, 3704,      ,       ,      ,       
2018-03-22, 14:37:39,  -04:00,       ,             ,             ,   254.6, 29.87,        ,   7.2,   0.00,       ,  -16.00,   1.45,  -1.07,   0.02,   0.00, 342.7,      ,  24.6,  23.9,  -6.0,  46.00,  46.00,     0.00,   58.86,   -0.70,  30.10,    0.0,    0.00,   58.69,   58.10,   57.90,   57.62,   57.50,   57.15,   59.99,   59.99,   59.99,   59.99,   59.99,   59.99,  119.82,   59.99,        ,   0,  GPS,   26.0, 115.60, 116.50, 128.400, 132.050,       ,       ,       ,      ,       ,       ,  -14.9,      0,  NONE,   NONE,      ,      ,      , NoSoln, 3704,      ,       ,      ,       
2018-03-22, 14:37:40,  -04:00,       ,             ,             ,   254.6, 29.87,        ,   7.2,   0.00,       ,  -16.00,   1.44,  -1.05,   0.02,  -0.00, 342.7,      ,  24.6,  23.9,  -5.9,  46.00,  46.00,     0.00,   58.86,   -0.69,  30.10,    0.0,    0.00,   58.66,   58.10,   57.90,   57.61,   57.50,   57.12,   59.99,   59.99,   59.99,   59.99,   59.99,   59.99,  120.08,   59.99,        ,   0,  GPS,   26.0, 115.60, 116.50, 128.400, 132.050,       ,       ,       ,      ,       ,       ,  -14.9,      0,  NONE,   NONE,      ,      ,      , NoSoln, 3704,      ,       ,      ,       
2018-03-22, 14:37:41,  -04:00,       ,             ,             ,   253.6, 29.87,        ,   7.2,   0.00,       ,  -16.00,   1.45,  -1.07,   0.01,   0.00, 342.7,      ,  24.6,  23.9,  -5.7,  46.00,  46.00,     0.00,   58.86,   -0.69,  30.10,    0.0,    0.00,   58.66,   58.08,   57.87,   57.63,   57.49,   57.12,   59.96,   59.96,   59.96,   59.96,   59.96,   59.96,  120.32,   59.96,        ,   0,  GPS,   26.0, 115.60, 116.50, 128.400, 132.050,       ,       ,       ,      ,       ,       ,  -14.9,      0,  NONE,   NONE,      ,      ,      , NoSoln, 3704,      ,       ,      ,       
2018-03-22, 14:37:42,  -04:00,       ,             ,             ,   254.6, 29.87,        ,   7.2,   0.00,       ,   -7.91,   1.45,  -1.05,   0.02,  -0.00, 342.7,      ,  24.6,  23.9,  -5.6,  46.00,  46.00,     0.00,   58.85,   -0.70,  30.11,    0.0,    0.00,   58.66,   58.08,   57.87,   57.61,   57.47,   57.10,   59.99,   59.99,   59.99,   59.99,   59.99,   59.99,  120.63,   59.99,        ,   0,  GPS,   26.0, 115.60, 116.50, 128.400, 132.050,       ,       ,       ,      ,       ,       ,  -14.9,      0,  NONE,   NONE,      ,      ,      , NoSoln, 3704,      ,       ,      ,       
2018-03-22, 14:37:43,  -04:00,       ,             ,             ,   254.6, 29.87,        ,   7.2,   0.00,       ,   -0.36,   1.46,  -1.11,   0.02,   0.00, 342.7,      ,  24.6,  24.0,  -5.5,  46.00,  46.00,     0.00,   58.86,   -0.69,  30.10,    0.0,    0.00,   58.66,   58.05,   57.85,   57.60,   57.44,   57.09,   59.96,   59.96,   59.96,   59.96,   59.96,   59.96,  120.88,   59.96,        ,   0,  GPS,   26.0, 115.60, 116.50, 128.400, 132.050,       ,       ,       ,      ,       ,       ,  -14.9,      0,  NONE,   NONE,      ,      ,      , NoSoln, 3704,      ,       ,      ,       
2018-03-22, 14:37:44,  -04:00,       ,             ,             ,   254.6, 29.87,        ,   7.2,   0.00,       ,   13.52,   1.46,  -1.08,   0.01,   0.00, 342.7,      ,  24.6,  24.0,  -5.5,  46.00,  46.00,     0.00,   58.85,   -0.70,  30.10,    0.0,    0.00,   58.63,   58.05,   57.85,   57.58,   57.44,   57.09,   59.99,   59.99,   59.99,   59.99,   59.99,   59.99,  121.21,   59.99,        ,   0,  GPS,   26.0, 115.60, 116.50, 128.400, 132.050,       ,       ,       ,      ,       ,       ,  -14.9,      0,  NONE,   NONE,      ,      ,      , NoSoln, 3704,      ,       ,      ,       
2018-03-22, 14:37:45,  -04:00,       ,             ,             ,   254.6, 29.87,        ,   7.2,   0.00,       ,    1.08,   1.44,  -1.04,   0.02,   0.00, 342.7,      ,  24.7,  24.0,  -5.4,  46.00,  46.00,     0.00,   58.83,   -0.71,  30.10,    0.0,    0.00,   58.63,   58.05,   57.84,   57.56,   57.42,   57.06,   59.96,   59.96,   59.96,   59.96,   59.96,   59.96,  121.47,   59.96,        ,   0,  GPS,   26.0, 115.60, 116.50, 128.400, 132.050,       ,       ,       ,      ,       ,       ,  -14.9,      0,  NONE,   NONE,      ,      ,      , NoSoln, 3704,      ,       ,      ,       
2018-03-22, 14:37:46,  -04:00,       ,             ,             ,   254.6, 29.87,        ,   7.2,   0.00,       ,   -2.45,   1.44,  -1.05,   0.02,   0.00, 342.7,      ,  24.7,  24.0,  -5.3,  46.00,  46.00,     0.00,   58.83,   -0.70,  30.10,    0.0,    0.00,   58.62,   58.05,   57.84,   57.56,   57.41,   57.06,   59.99,   59.99,   59.99,   59.99,   59.99,   59.99,  121.77,   59.99,        ,   0,  GPS,   26.0, 115.60, 116.50, 128.400, 132.050,       ,       ,       ,      ,       ,       ,  -14.9,      0,  NONE,   NONE,      ,      ,      , NoSoln, 3704,      ,       ,      ,       
2018-03-22, 14:37:47,  -04:00,       ,             ,             ,   254.6, 29.87,        ,   7.2,   0.00,       ,  -15.17,   1.45,  -1.08,   0.02,   0.00, 342.7,      ,  24.7,  24.0,  -5.2,  46.00,  46.00,     0.00,   58.83,   -0.69,  30.11,    0.0,    0.00,   58.62,   58.02,   57.82,   57.53,   57.40,   57.04,   59.99,   59.99,   59.99,   59.99,   59.99,   59.99,  122.08,   59.99,        ,   0,  GPS,   26.0, 115.60, 116.50, 128.400, 132.050,       ,       ,       ,      ,       ,       ,  -14.9,      0,  NONE,   NONE,      ,      ,      , NoSoln, 3704,      ,       ,      ,       
2018-03-22, 14:37:48,  -04:00,       ,             ,             ,   253.6, 29.87,        ,   7.2,   0.00,       ,  -30.12,   1.45,  -1.10,   0.02,   0.00, 342.7,      ,  24.7,  24.0,  -5.2,  46.00,  46.00,     0.00,   58.80,   -0.69,  30.11,    0.0,    0.00,   58.58,   57.99,   57.79,   57.53,   57.38,   57.03,   59.96,   59.96,   59.96,   59.96,   59.96,   59.96,  122.30,   59.96,        ,   0,  GPS,   26.0, 115.60, 116.50, 128.400, 132.050,       ,       ,       ,      ,       ,       ,  -14.9,      0,  NONE,   NONE,      ,      ,      , NoSoln, 3704,      ,       ,      ,       
2018-03-22, 14:37:49,  -04:00,       ,             ,             ,   253.6, 29.87,        ,   7.2,   0.00,       ,  -29.46,   1.43,  -1.05,   0.01,   0.00, 342.7,      ,  24.7,  24.0,  -5.1,  46.00,  46.00,     0.00,   58.81,   -0.69,  30.11,    0.0,    0.00,   58.57,   58.02,   57.77,   57.52,   57.36,   57.01,   59.99,   59.99,   59.99,   59.99,   59.99,   59.99,  122.59,   59.99,        ,   0,  GPS,   26.0, 115.60, 116.50, 128.400, 132.050,       ,       ,       ,      ,       ,       ,  -14.9,      0,  NONE,   NONE,      ,      ,      , NoSoln, 3704,      ,       ,      ,       
2018-03-22, 14:37:50,  -04:00,       ,             ,             ,   253.6, 29.87,        ,   7.2,   0.00,       ,   -8.94,   1.47,  -1.07,   0.02,  -0.00, 342.7,      ,  24.7,  24.0,  -5.1,  46.00,  46.00,     0.00,   58.79,   -0.69,  30.11,    0.0,    0.00,   58.57,   58.00,   57.76,   57.50,   57.36,   57.00,   59.99,   59.99,   59.99,   59.99,   59.99,   59.99,  122.85,   59.99,        ,   0,  GPS,   26.0, 115.60, 116.50, 128.400, 132.050,       ,       ,       ,      ,       ,       ,  -14.9,      0,  NONE,   NONE,      ,      ,      , NoSoln, 3704,      ,       ,      ,       
2018-03-22, 14:37:51,  -04:00,       ,             ,             ,   254.6, 29.87,        ,   7.2,   0.00,       ,   -5.52,   1.45,  -1.09,   0.02,   0.00, 342.7,      ,  24.7,  24.0,  -5.0,  46.00,  46.00,     0.00,   58.80,   -0.69,  30.11,    0.0,    0.00,   58.57,   57.99,   57.76,   57.50,   57.35,   56.98,   60.03,   60.03,   60.03,   60.03,   60.03,   60.03,  123.18,   60.03,        ,   0,  GPS,   26.0, 115.60, 116.50, 128.400, 132.050,       ,       ,       ,      ,       ,       ,  -14.9,      0,  NONE,   NONE,      ,      ,      , NoSoln, 3704,      ,       ,      ,       
2018-03-22, 14:37:52,  -04:00,       ,             ,             ,   254.6, 29.87,        ,   7.2,   0.00,       ,   -0.23,   1.47,  -1.11,   0.02,   0.00, 342.6,      ,  24.7,  24.0,  -5.0,  46.00,  46.00,     0.00,   58.80,   -0.69,  30.11,    0.0,    0.00,   58.56,   57.99,   57.75,   57.47,   57.32,   56.98,   60.03,   60.03,   60.03,   60.03,   60.03,   60.03,  123.41,   60.03,        ,   0,  GPS,   26.0, 115.60, 116.50, 128.400, 132.050,       ,       ,       ,      ,       ,       ,  -14.9,      0,  NONE,   NONE,      ,      ,      , NoSoln, 3704,      ,       ,      ,       
2018-03-22, 14:37:53,  -04:00,       ,             ,             ,   254.6, 29.87,        ,   7.2,   0.00,       ,   -0.01,   1.47,  -1.08,   0.02,   0.01, 342.6,      ,  24.7,  24.0,  -5.0,  46.00,  46.00,     0.00,   58.78,   -0.69,  30.11,    0.0,    0.00,   58.55,   57.99,   57.72,   57.47,   57.32,   56.98,   59.99,   59.99,   59.99,   59.99,   59.99,   59.99,  123.62,   59.99,        ,   0,  GPS,   26.0, 115.60, 116.50, 128.400, 132.050,       ,       ,       ,      ,       ,       ,  -14.9,      0,  NONE,   NONE,      ,      ,      , NoSoln, 3704,      ,       ,      ,       
2018-03-22, 14:37:54,  -04:00,       ,             ,             ,   254.6, 29.87,        ,   7.2,   0.00,       ,   -7.06,   1.51,  -1.08,   0.02,  -0.00, 342.6,      ,  24.7,  24.0,  -4.9,  46.00,  46.00,     0.00,   58.77,   -0.68,  30.11,    0.0,    0.00,   58.54,   57.96,   57.73,   57.47,   57.30,   56.95,   59.99,   59.99,   59.99,   59.99,   59.99,   59.99,  123.85,   59.99,        ,   0,  GPS,   26.0, 115.60, 116.50, 128.400, 132.050,       ,       ,       ,      ,       ,       ,  -14.9,      0,  NONE,   NONE,      ,      ,      , NoSoln, 3704,      ,       ,      ,       
2018-03-22, 14:37:55,  -04:00,       ,             ,             ,   254.6, 29.87,        ,   7.2,   0.00,       ,  -15.58,   1.48,  -1.07,   0.02,   0.00, 342.6,      ,  24.7,  24.0,  -4.9,  46.00,  46.00,     0.00,   58.75,   -0.69,  30.11,    0.0,    0.00,   58.51,   57.93,   57.70,   57.45,   57.29,   56.94,   59.96,   59.96,   59.96,   59.96,   59.96,   59.96,  124.07,   59.96,        ,   0,  GPS,   26.0, 115.60, 116.50, 128.400, 132.050,       ,       ,       ,      ,       ,       ,  -14.9,      0,  NONE,   NONE,      ,      ,      , NoSoln, 3704,      ,       ,      ,       
2018-03-22, 14:37:56,  -04:00,       ,   43.0691338,  -70.8097534,   255.6, 29.87,   222.2,   7.2,   0.00,   3.34,    8.54,   1.48,  -1.11,   0.02,   0.01, 342.6, 285.3,  24.7,  24.0,  -4.9,  46.00,  46.00,     0.00,   58.76,   -0.69,  30.11,    0.0,    0.00,   58.51,   57.96,   57.69,   57.44,   57.29,   56.94,   59.99,   59.99,   59.99,   59.99,   59.99,   59.99,  124.40,   59.99,   132.8,   0,  GPS,   26.0, 115.60, 116.50, 128.400, 132.050,       ,       ,       ,      ,       ,       ,  -14.9,      0,  NONE,   NONE,      ,      , -23.6,     3D, 3704,      ,       ,      ,       
2018-03-22, 14:37:57,  -04:00,       ,   43.0691528,  -70.8099670,   255.6, 29.87,    78.8,   7.2,   0.00,   3.30,   18.95,   1.51,  -1.13,   0.01,  -0.00, 342.6, 285.1,  24.7,  24.0,  -4.8,  46.00,  46.00,     0.00,   58.74,   -0.69,  30.11,    0.0,    0.00,   58.48,   57.93,   57.67,   57.41,   57.27,   56.91,   60.03,   60.03,   60.03,   60.03,   60.03,   60.03,  124.69,   60.03,   -10.6,   0,  GPS,   26.0, 115.60, 116.50, 128.400, 132.050,       ,       ,       ,      ,       ,       ,  -14.9,      0,  NONE,   NONE,      ,      ,  -3.9,     3D, 3704,      ,       ,      ,       
2018-03-22, 14:37:58,  -04:00,       ,   43.0691528,  -70.8099594,   255.6, 29.87,    81.0,   7.2,   0.00,   0.00,   16.28,   1.47,  -1.10,   0.02,   0.00, 342.6, 284.8,  24.7,  24.0,  -4.8,  46.00,  46.00,     0.00,   58.73,   -0.69,  30.11,    0.0,    0.00,   58.48,   57.93,   57.67,   57.41,   57.24,   56.92,   60.03,   60.03,   60.03,   60.03,   60.03,   60.03,  124.97,   60.03,    -8.4,   0,  GPS,   26.0, 115.60, 116.50, 128.400, 132.050,       ,       ,       ,      ,       ,       ,  -14.9,      0,  NONE,   NONE,      ,      ,   3.9,     3D, 3704,      ,       ,      ,       
2018-03-22, 14:37:59,  -04:00,       ,   43.0691490,  -70.8099518,   256.6, 29.87,    82.2,   7.2,   0.00,   0.00,   23.37,   1.46,  -1.08,   0.02,   0.00, 342.6, 284.8,  24.7,  24.0,  -4.8,  46.00,  46.00,     0.00,   58.73,   -0.69,  30.11,    0.0,    0.00,   58.48,   57.90,   57.65,   57.41,   57.24,   56.89,   59.99,   59.99,   59.99,   59.99,   59.99,   59.99,  125.19,   59.99,    -7.2,   0,  GPS,   26.0, 115.60, 116.50, 128.400, 132.050,       ,       ,       ,      ,       ,       ,  -14.9,      0,  NONE,   NONE,      ,      ,   0.0,     3D, 3704,      ,       ,      ,       
2018-03-22, 14:38:00,  -04:00,       ,   43.0691490,  -70.8099518,   256.6, 29.87,    81.1,   7.2,   0.00,   0.00,    4.09,   1.47,  -1.10,   0.02,   0.00, 342.6, 284.8,  24.7,  24.0,  -4.8,  46.00,  46.00,     0.00,   58.72,   -0.69,  30.11,    0.0,    0.00,   58.48,   57.90,   57.63,   57.39,   57.23,   56.89,   59.99,   59.99,   59.99,   59.99,   59.99,   59.99,  125.39,   59.99,    -8.3,   0,  GPS,   26.0, 115.60, 116.50, 128.400, 132.050,       ,       ,       ,      ,       ,       ,  -14.9,      0,  NONE,   NONE,      ,      ,   0.0,     3D, 3704,      ,       ,      ,       
2018-03-22, 14:38:01,  -04:00,       ,   43.0691528,  -70.8099747,   255.6, 29.87,    34.1,   7.2,   0.00,   0.00,   -6.33,   1.49,  -1.08,   0.02,   0.01, 342.6, 284.8,  24.7,  24.0,  -4.7,  46.00,  46.00,     0.00,   58.71,   -0.68,  30.10,    0.0,    0.00,   58.45,   57.88,   57.61,   57.38,   57.21,   56.89,   59.99,   59.99,   59.99,   59.99,   59.99,   59.99,  125.69,   59.99,   -55.4,   0,  GPS,   26.0, 115.60, 116.50, 128.400, 132.050,       ,       ,       ,      ,       ,       ,  -14.9,      0,  NONE,   NONE,      ,      ,   0.0,     3D, 3704,      ,       , 302.5,       
2018-03-22, 14:38:02,  -04:00,       ,   43.0691528,  -70.8099747,   254.6, 29.87,    43.9,   7.2,   0.00,   0.00,  -26.86,   1.52,  -1.09,   0.01,   0.00, 342.6, 284.8,  24.7,  24.0,  -4.7,  46.00,  46.00,     0.00,   58.70,   -0.69,  30.11,    0.0,    0.00,   58.45,   57.88,   57.61,   57.38,   57.21,   56.86,   59.96,   59.96,   59.96,   59.96,   59.96,   59.96,  125.97,   59.96,   -45.6,   0,  GPS,   26.0, 115.60, 116.50, 128.400, 132.050,       ,       ,       ,      ,       ,       ,  -14.9,      0,  NONE,   NONE,      ,      ,  -3.9,     3D, 3704,      ,       , 299.0,       
2018-03-22, 14:38:03,  -04:00,       ,   43.0691528,  -70.8099747,   254.6, 29.87,    43.1,   7.2,   0.00,   0.00,  -45.69,   1.51,  -1.10,   0.02,   0.01, 342.6, 284.8,  24.7,  24.0,  -4.7,  46.00,  46.00,     0.00,   58.70,   -0.70,  30.11,    0.0,    0.00,   58.45,   57.85,   57.58,   57.36,   57.18,   56.86,   60.03,   60.03,   60.03,   60.03,   60.03,   60.03,  126.25,   60.03,   -46.3,   0,  GPS,   26.0, 115.60, 116.50, 128.400, 132.050,       ,       ,       ,      ,       ,       ,  -14.9,      0,  NONE,   NONE,      ,      ,   0.0,     3D, 3704,      ,       , 298.5,       
2018-03-22, 14:38:04,  -04:00,       ,   43.0691528,  -70.8099747,   255.6, 29.87,    43.3,   7.2,   0.00,   0.00,  -25.23,   1.52,  -1.11,   0.02,   0.01, 342.6, 284.8,  24.7,  24.0,  -4.7,  46.00,  46.00,     0.00,   58.69,   -0.70,  30.11,    0.0,    0.00,   58.42,   57.87,   57.58,   57.35,   57.18,   56.83,   60.03,   60.03,   60.03,   60.03,   60.03,   60.03,  126.41,   60.03,   -46.1,   0,  GPS,   26.0, 115.60, 116.50, 128.400, 132.050,       ,       ,       ,      ,       ,       ,  -14.9,      0,  NONE,   NONE,      ,      ,  -3.9,     3D, 3704,      ,       , 298.5,       
2018-03-22, 14:38:05,  -04:00,       ,   43.0691566,  -70.8099747,   255.6, 29.87,    42.5,   7.2,   0.00,   0.00,   -3.35,   1.51,  -1.10,   0.02,   0.00, 342.6, 284.8,  24.7,  24.0,  -4.7,  46.00,  46.00,     0.00,   58.67,   -0.70,  30.10,    0.0,    0.00,   58.42,   57.86,   57.56,   57.33,   57.15,   56.80,   59.99,   59.99,   59.99,   59.99,   59.99,   59.99,  126.69,   59.99,   -46.9,   0,  GPS,   26.0, 115.60, 116.50, 128.400, 132.050,       ,       ,       ,      ,       ,       ,  -14.9,      0,  NONE,   NONE,      ,      ,  -3.9,     3D, 3704,      ,       , 298.0,       
2018-03-22, 14:38:06,  -04:00,       ,   43.0691566,  -70.8099747,   254.6, 29.87,    39.1,   7.2,   0.00,   0.00,  -12.97,   1.51,  -1.11,   0.02,   0.00, 342.6, 284.8,  24.7,  24.0,  -4.7,  46.00,  46.00,     0.00,   58.68,   -0.70,  30.11,    0.0,    0.00,   58.40,   57.84,   57.56,   57.32,   57.14,   56.80,   59.99,   59.99,   59.99,   59.99,   59.99,   59.99,  126.91,   59.99,   -50.3,   0,  GPS,   26.0, 115.60, 116.50, 128.400, 132.050,       ,       ,       ,      ,       ,       ,  -14.9,      0,  NONE,   NONE,      ,      ,  -3.9,     3D, 3704,      ,       , 298.0,       
2018-03-22, 14:38:07,  -04:00,       ,   43.0691566,  -70.8099747,   255.6, 29.87,    38.5,   7.2,   0.00,   0.00,   -1.06,   1.51,  -1.13,   0.02,   0.00, 342.6, 284.8,  24.7,  24.0,  -4.7,  46.00,  46.00,     0.00,   58.66,   -0.70,  30.11,    0.0,    0.00,   58.40,   57.82,   57.53,   57.32,   57.12,   56.80,   60.03,   60.03,   60.03,   60.03,   60.03,   60.03,  127.18,   60.03,   -50.9,   0,  GPS,   26.0, 115.60, 116.50, 128.400, 132.050,       ,       ,       ,      ,       ,       ,  -14.9,      0,  NONE,   NONE,      ,      ,   0.0,     3D, 3704,      ,       , 297.5,       
2018-03-22, 14:38:08,  -04:00,       ,   43.0691566,  -70.8099747,   254.6, 29.87,    37.1,   7.2,   0.00,   0.00,  -14.45,   1.52,  -1.04,   0.02,   0.00, 342.7, 284.8,  24.7,  24.0,  -4.7,  46.00,  46.00,     0.00,   58.64,   -0.69,  30.11,    0.0,    0.00,   58.40,   57.82,   57.52,   57.32,   57.09,   56.78,   60.03,   60.03,   60.03,   60.03,   60.03,   60.03,  127.42,   60.03,   -52.4,   0,  GPS,   26.0, 115.60, 116.50, 128.400, 132.050,       ,       ,       ,      ,       ,       ,  -14.9,      0,  NONE,   NONE,      ,      ,  -3.9,     3D, 3704,      ,       , 297.5,       
2018-03-22, 14:38:09,  -04:00,       ,   43.0691566,  -70.8099823,   254.6, 29.87,    34.6,   7.2,   0.00,   0.00,   -8.89,   1.53,  -1.11,   0.01,   0.00, 342.7, 284.8,  24.7,  24.0,  -4.6,  46.00,  46.00,     0.00,   58.64,   -0.68,  30.11,    0.0,    0.00,   58.37,   57.82,   57.52,   57.30,   57.09,   56.77,   59.99,   59.99,   59.99,   59.99,   59.99,   59.99,  127.62,   59.99,   -54.8,   0,  GPS,   26.0, 115.60, 116.50, 128.400, 132.050,       ,       ,       ,      ,       ,       ,  -14.9,      0,  NONE,   NONE,      ,      ,  -3.9,     3D, 3704,      ,       , 297.0,       
2018-03-22, 14:38:10,  -04:00,       ,   43.0691566,  -70.8099823,   255.6, 29.87,    34.2,   7.2,   0.00,   0.00,   -0.29,   1.51,  -1.09,   0.02,   0.00, 342.7, 284.8,  24.7,  24.0,  -4.6,  46.00,  46.00,     0.00,   58.63,   -0.69,  30.11,    0.0,    0.00,   58.37,   57.79,   57.50,   57.27,   57.07,   56.77,   59.99,   59.99,   59.99,   59.99,   59.99,   59.99,  127.83,   59.99,   -55.3,   0,  GPS,   26.0, 115.60, 116.50, 128.400, 132.050,       ,       ,       ,      ,       ,       ,  -14.9,      0,  NONE,   NONE,      ,      ,   0.0,     3D, 3704,      ,       , 297.0,       
2018-03-22, 14:38:11,  -04:00,       ,   43.0691566,  -70.8099823,   255.6, 29.87,    34.9,   7.2,   0.00,   0.00,    7.58,   1.54,  -1.07,   0.02,   0.00, 342.7, 284.8,  24.7,  24.0,  -4.6,  46.00,  46.00,     0.00,   58.63,   -0.69,  30.10,    0.0,    0.00,   58.34,   57.79,   57.50,   57.27,   57.06,   56.74,   60.03,   60.03,   60.03,   60.03,   60.03,   60.03,  128.13,   60.03,   -54.6,   0,  GPS,   26.0, 115.60, 116.50, 128.400, 132.050,       ,       ,       ,      ,       ,       ,  -14.9,      0,  NONE,   NONE,      ,      ,   0.0,     3D, 3704,      ,       , 296.5,       
2018-03-22, 14:38:12,  -04:00,       ,   43.0691566,  -70.8099823,   255.6, 29.87,    36.1,   7.2,   0.00,   0.00,    0.38,   1.54,  -1.10,   0.01,   0.00, 342.8, 284.8,  24.7,  24.0,  -4.6,  46.00,  46.00,     0.00,   58.61,   -0.68,  30.10,    0.0,    0.00,   58.34,   57.79,   57.47,   57.27,   57.06,   56.72,   59.99,   59.99,   59.99,   59.99,   59.99,   59.99,  128.36,   59.99,   -53.3,   0,  GPS,   26.0, 115.60, 116.50, 128.400, 132.050,       ,       ,       ,      ,       ,       ,  -14.9,      0,  NONE,   NONE,      ,      ,   0.0,     3D, 3704,      ,       , 296.5,       
2018-03-22, 14:38:13,  -04:00,       ,   43.0691566,  -70.8099823,   255.6, 29.87,    37.7,   7.2,   0.00,   0.00,   -7.05,   1.55,  -1.07,   0.02,  -0.00, 342.7, 284.8,  24.7,  24.0,  -4.6,  46.00,  46.00,     0.00,   58.60,   -0.68,  30.10,    0.0,    0.00,   58.31,   57.76,   57.44,   57.24,   57.06,   56.72,   60.03,   60.03,   60.03,   60.03,   60.03,   60.03,  128.63,   60.03,   -51.7,   0,  GPS,   26.0, 115.60, 116.50, 128.400, 132.050,       ,       ,       ,      ,       ,       ,  -14.9,      0,  NONE,   NONE,      ,      ,   3.9,     3D, 3704,      ,       , 296.0,       
2018-03-22, 14:38:14,  -04:00,       ,   43.0691566,  -70.8099823,   254.6, 29.87,    39.1,   7.2,   0.00,   0.00,  -15.58,   1.55,  -1.08,   0.01,   0.00, 342.8, 284.8,  24.7,  24.0,  -4.6,  46.00,  46.00,     0.00,   58.60,   -0.68,  30.10,    0.0,    0.00,   58.33,   57.76,   57.44,   57.26,   57.03,   56.71,   59.99,   59.99,   59.99,   59.99,   59.99,   59.99,  128.77,   59.99,   -50.3,   0,  GPS,   26.0, 115.60, 116.50, 128.400, 132.050,       ,       ,       ,      ,       ,       ,  -14.9,      0,  NONE,   NONE,      ,      ,   0.0,     3D, 3704,      ,       , 296.0,       
2018-03-22, 14:38:15,  -04:00,       ,   43.0691605,  -70.8099823,   254.6, 29.87,    41.5,   7.2,   0.00,   0.00,  -29.82,   1.55,  -1.03,   0.02,   0.00, 342.8, 284.8,  24.7,  24.0,  -4.6,  46.00,  46.00,     0.00,   58.59,   -0.68,  30.10,    0.0,    0.00,   58.31,   57.74,   57.41,   57.24,   57.01,   56.69,   60.03,   60.03,   60.03,   60.03,   60.03,   60.03,  129.06,   60.03,   -48.0,   0,  GPS,   26.0, 115.60, 116.50, 128.400, 132.050,       ,       ,       ,      ,       ,       ,  -14.9,      0,  NONE,   NONE,      ,      ,   0.0,     3D, 3704,      ,       , 295.5,       
2018-03-22, 14:38:16,  -04:00,       ,   43.0691605,  -70.8099823,   254.6, 29.87,    43.1,   7.2,   0.00,   0.00,  -19.36,   1.54,  -1.08,   0.02,   0.00, 342.8, 284.8,  24.7,  24.0,  -4.6,  46.00,  46.00,     0.00,   58.58,   -0.68,  30.11,    0.0,    0.00,   58.31,   57.76,   57.41,   57.21,   57.00,   56.68,   60.03,   60.03,   60.03,   60.03,   60.03,   60.03,  129.23,   60.03,   -46.3,   0,  GPS,   26.0, 115.60, 116.50, 128.400, 132.050,       ,       ,       ,      ,       ,       ,  -14.9,      0,  NONE,   NONE,      ,      ,  -3.9,     3D, 3704,      ,       , 295.5,       
2018-03-22, 14:38:17,  -04:00,       ,   43.0691605,  -70.8099823,   253.6, 29.87,    43.2,   7.2,   0.00,   0.00,  -28.14,   1.54,  -1.04,   0.02,   0.00, 342.8, 284.8,  24.7,  24.0,  -4.6,  46.00,  46.00,     0.00,   58.58,   -0.68,  30.11,    0.0,    0.00,   58.28,   57.73,   57.39,   57.21,   56.98,   56.66,   60.03,   60.03,   60.03,   60.03,   60.03,   60.03,  129.43,   60.03,   -46.2,   0,  GPS,   26.0, 115.60, 116.50, 128.400, 132.050,       ,       ,       ,      ,       ,       ,  -14.9,      0,  NONE,   NONE,      ,      ,   3.9,     3D, 3704,      ,       , 266.5,       
2018-03-22, 14:38:18,  -04:00,       ,   43.0691605,  -70.8099823,   253.6, 29.87,    44.2,   7.2,   0.00,   0.00,  -31.85,   1.54,  -1.07,   0.03,   0.01, 342.8, 284.8,  24.7,  24.0,  -4.6,  46.00,  46.00,     0.00,   58.55,   -0.67,  30.11,    0.0,    0.00,   58.26,   57.73,   57.40,   57.20,   56.97,   56.66,   60.06,   60.06,   60.06,   60.06,   60.06,   60.06,  129.69,   60.06,   -45.2,   0,  GPS,   26.0, 115.60, 116.50, 128.400, 132.050,       ,       ,       ,      ,       ,       ,  -14.9,      0,  NONE,   NONE,      ,      ,  -3.9,     3D, 3704,      ,       , 266.5,       
2018-03-22, 14:38:19,  -04:00,       ,   43.0691643,  -70.8099670,   252.6, 29.87,    42.7,   7.2,   0.00,   0.00,  -32.00,   1.54,  -1.07,   0.01,   0.00, 342.8, 284.8,  24.7,  24.0,  -4.6,  46.00,  46.00,     0.00,   58.55,   -0.67,  30.11,    0.0,    0.00,   58.26,   57.72,   57.38,   57.18,   56.95,   56.66,   59.99,   59.99,   59.99,   59.99,   59.99,   59.99,  129.85,   59.99,   -46.7,   0,  GPS,   26.0, 115.60, 116.50, 128.400, 132.050,       ,       ,       ,      ,       ,       ,  -14.9,      0,  NONE,   NONE,      ,      ,   0.0,     3D, 3704,      ,       , 301.5,       
2018-03-22, 14:38:20,  -04:00,       ,   43.0691643,  -70.8099670,   252.6, 29.87,    43.7,   7.2,   0.00,   0.00,  -22.08,   1.53,  -1.04,   0.02,   0.00, 342.8, 284.8,  24.7,  24.0,  -4.6,  46.00,  46.00,     0.00,   58.54,   -0.69,  30.11,    0.0,    0.00,   58.25,   57.70,   57.36,   57.18,   56.95,   56.63,   60.06,   60.06,   60.06,   60.06,   60.06,   60.06,  130.11,   60.06,   -45.7,   0,  GPS,   26.0, 115.60, 116.50, 128.400, 132.050,       ,       ,       ,      ,       ,       ,  -14.9,      0,  NONE,   NONE,      ,      ,   0.0,     3D, 3704,      ,       , 301.5,       
2018-03-22, 14:38:21,  -04:00,       ,   43.0691643,  -70.8099747,   253.6, 29.87,    42.3,   7.2,   0.00,   0.00,   -9.20,   1.52,  -1.05,   0.02,   0.00, 342.8, 284.8,  24.7,  24.0,  -4.6,  46.00,  46.00,     0.00,   58.54,   -0.69,  30.11,    0.0,    0.00,   58.22,   57.67,   57.33,   57.15,   56.92,   56.63,   60.03,   60.03,   60.03,   60.03,   60.03,   60.03,  130.27,   60.03,   -47.1,   0,  GPS,   26.0, 115.60, 116.50, 128.400, 132.050,       ,       ,       ,      ,       ,       ,  -14.9,      0,  NONE,   NONE,      ,      ,  -3.9,     3D, 3704,      ,       , 301.0,       
2018-03-22, 14:38:22,  -04:00,       ,   43.0691643,  -70.8099747,   254.6, 29.87,    45.0,   7.2,   0.00,   0.00,    6.63,   1.51,  -1.03,   0.02,  -0.00, 342.8, 284.8,  24.7,  24.0,  -4.6,  46.00,  46.00,     0.00,   58.53,   -0.69,  30.11,    0.0,    0.00,   58.24,   57.68,   57.33,   57.15,   56.92,   56.60,   60.03,   60.03,   60.03,   60.03,   60.03,   60.03,  130.51,   60.03,   -44.4,   0,  GPS,   26.0, 115.60, 116.50, 128.400, 132.050,       ,       ,       ,      ,       ,       ,  -14.9,      0,  NONE,   NONE,      ,      ,  -3.9,     3D, 3704,      ,       , 301.0,       
2018-03-22, 14:38:23,  -04:00,       ,   43.0691643,  -70.8099747,   254.6, 29.87,    45.3,   7.2,   0.00,   0.00,   23.83,   1.52,  -1.04,   0.02,   0.00, 342.9, 284.8,  24.7,  24.0,  -4.6,  46.00,  46.00,     0.00,   58.52,   -0.68,  30.11,    0.0,    0.00,   58.22,   57.67,   57.32,   57.12,   56.89,   56.60,   60.03,   60.03,   60.03,   60.03,   60.03,   60.03,  130.69,   60.03,   -44.1,   0,  GPS,   26.0, 115.60, 116.50, 128.400, 132.050,       ,       ,       ,      ,       ,       ,  -14.9,      0,  NONE,   NONE,      ,      ,   0.0,     3D, 3704,      ,       , 300.5,       
2018-03-22, 14:38:24,  -04:00,       ,   43.0691643,  -70.8099747,   253.6, 29.87,    46.0,   7.2,   0.00,   0.00,  -18.22,   1.51,  -1.09,   0.01,   0.00, 342.9, 284.8,  24.7,  24.0,  -4.6,  46.00,  46.00,     0.00,   58.52,   -0.69,  30.11,    0.0,    0.00,   58.21,   57.67,   57.32,   57.12,   56.91,   56.57,   60.03,   60.03,   60.03,   60.03,   60.03,   60.03,  130.89,   60.03,   -43.5,   0,  GPS,   26.0, 115.60, 116.50, 128.400, 132.050,       ,       ,       ,      ,       ,       ,  -14.9,      0,  NONE,   NONE,      ,      ,   0.0,     3D, 3704,      ,       , 300.5,       
2018-03-22, 14:38:25,  -04:00,       ,   43.0691681,  -70.8099747,   253.6, 29.87,    50.5,   7.2,   0.00,   0.00,  -31.41,   1.53,  -1.04,   0.02,   0.00, 342.9, 284.8,  24.7,  24.0,  -4.6,  46.00,  46.00,     0.00,   58.51,   -0.70,  30.11,    0.0,    0.00,   58.17,   57.64,   57.30,   57.10,   56.88,   56.57,   59.99,   59.99,   59.99,   59.99,   59.99,   59.99,  131.05,   59.99,   -38.9,   0,  GPS,   26.0, 115.60, 116.50, 128.400, 132.050,       ,       ,       ,      ,       ,       ,  -14.9,      0,  NONE,   NONE,      ,      ,   0.0,     3D, 3704,      ,       , 199.5,       
2018-03-22, 14:38:26,  -04:00,       ,   43.0691719,  -70.8099747,   253.6, 29.87,    50.9,   7.2,   0.00,   0.00,  -18.94,   1.51,  -1.03,   0.02,  -0.00, 342.9, 284.8,  24.7,  24.0,  -4.6,  46.00,  46.00,     0.00,   58.50,   -0.70,  30.11,    0.0,    0.00,   58.19,   57.62,   57.29,   57.09,   56.86,   56.55,   60.03,   60.03,   60.03,   60.03,   60.03,   60.03,  131.32,   60.03,   -38.6,   0,  GPS,   26.0, 115.60, 116.50, 128.400, 132.050,       ,       ,       ,      ,       ,       ,  -14.9,      0,  NONE,   NONE,      ,      ,  -3.9,     3D, 3704,      ,       , 200.0,       
2018-03-22, 14:38:27,  -04:00,       ,   43.0691719,  -70.8099670,   253.6, 29.87,    50.2,   7.2,   0.00,   0.00,  -16.11,   1.51,  -1.05,   0.02,   0.00, 342.9, 284.8,  24.7,  24.0,  -4.6,  46.00,  46.00,     0.00,   58.47,   -0.70,  30.11,    0.0,    0.00,   58.17,   57.64,   57.25,   57.07,   56.84,   56.54,   60.03,   60.03,   60.03,   60.03,   60.03,   60.03,  131.52,   60.03,   -39.2,   0,  GPS,   26.0, 115.60, 116.50, 128.400, 132.050,       ,       ,       ,      ,       ,       ,  -14.9,      0,  NONE,   NONE,      ,      ,  -3.9,     3D, 3704,      ,       , 200.0,       
2018-03-22, 14:38:28,  -04:00,       ,   43.0691681,  -70.8099670,   252.6, 29.87,    49.5,   7.2,   0.00,   0.00,  -16.00,   1.49,  -1.02,   0.02,   0.00, 342.9, 284.8,  24.7,  24.0,  -4.6,  46.00,  46.00,     0.00,   58.49,   -0.70,  30.11,    0.0,    0.00,   58.16,   57.61,   57.27,   57.06,   56.83,   56.53,   60.03,   60.03,   60.03,   60.03,   60.03,   60.03,  131.83,   60.03,   -40.0,   0,  GPS,   26.0, 115.60, 116.50, 128.400, 132.050,       ,       ,       ,      ,       ,       ,  -14.9,      0,  NONE,   NONE,      ,      ,   0.0,     3D, 3704,      ,       , 200.0,       
2018-03-22, 14:38:29,  -04:00,       ,   43.0691681,  -70.8099670,   253.6, 29.87,    48.8,   7.2,   0.00,   0.00,   -5.30,   1.51,  -1.07,   0.01,   0.00, 342.9, 284.8,  24.7,  24.0,  -4.6,  46.00,  46.00,     0.00,   58.48,   -0.71,  30.11,    0.0,    0.00,   58.14,   57.59,   57.24,   57.04,   56.83,   56.54,   60.03,   60.03,   60.03,   60.03,   60.03,   60.03,  132.04,   60.03,   -40.6,   0,  GPS,   26.0, 115.60, 116.50, 128.400, 132.050,       ,       ,       ,      ,       ,       ,  -14.9,      0,  NONE,   NONE,      ,      ,   0.0,     3D, 3704,      ,       , 200.0,       
2018-03-22, 14:38:30,  -04:00,       ,   43.0691681,  -70.8099670,   253.6, 29.87,    48.2,   7.2,   0.00,   0.00,   -8.67,   1.52,  -1.02,   0.02,  -0.00, 342.9, 284.8,  24.7,  24.0,  -4.6,  46.00,  46.00,     0.00,   58.47,   -0.70,  30.11,    0.0,    0.00,   58.13,   57.59,   57.23,   57.04,   56.80,   56.51,   60.03,   60.03,   60.03,   60.03,   60.03,   60.03,  132.21,   60.03,   -41.2,   0,  GPS,   26.0, 115.60, 116.50, 128.400, 132.050,       ,       ,       ,      ,       ,       ,  -14.9,      0,  NONE,   NONE,      ,      ,  -3.9,     3D, 3704,      ,       , 200.0,       
2018-03-22, 14:38:31,  -04:00,       ,   43.0691681,  -70.8099670,   252.6, 29.87,    52.0,   7.2,   0.00,   0.00,  -15.65,   1.51,  -1.05,   0.02,   0.00, 342.9, 284.8,  24.7,  24.0,  -4.6,  46.00,  46.00,     0.00,   58.45,   -0.69,  30.11,    0.0,    0.00,   58.13,   57.58,   57.21,   57.03,   56.78,   56.51,   60.06,   60.06,   60.06,   60.06,   60.06,   60.06,  132.47,   60.06,   -37.4,   0,  GPS,   26.0, 115.60, 116.50, 128.400, 132.050,       ,       ,       ,      ,       ,       ,  -14.9,      0,  NONE,   NONE,      ,      ,   0.0,     3D, 3704,      ,       , 154.0,       
2018-03-22, 14:38:32,  -04:00,       ,   43.0691643,  -70.8099594,   252.6, 29.87,    51.7,   7.2,   0.00,   0.00,  -15.99,   1.51,  -1.05,   0.02,   0.00, 342.9, 284.8,  24.7,  24.0,  -4.6,  46.00,  46.00,     0.00,   58.44,   -0.69,  30.11,    0.0,    0.00,   58.13,   57.58,   57.21,   57.03,   56.78,   56.48,   60.03,   60.03,   60.03,   60.03,   60.03,   60.03,  132.55,   60.03,   -37.7,   0,  GPS,   26.0, 115.60, 116.50, 128.400, 132.050,       ,       ,       ,      ,       ,       ,  -14.9,      0,  NONE,   NONE,      ,      ,   0.0,     3D, 3704,      ,       , 154.0,       
2018-03-22, 14:38:33,  -04:00,       ,   43.0691643,  -70.8099670,   252.6, 29.87,    50.8,   7.2,   0.00,   0.00,  -16.00,   1.51,  -1.05,   0.02,   0.00, 342.9, 284.8,  24.7,  24.0,  -4.6,  46.00,  46.00,     0.00,   58.44,   -0.69,  30.11,    0.0,    0.00,   58.09,   57.58,   57.18,   57.03,   56.75,   56.46,   60.06,   60.06,   60.06,   60.06,   60.06,   60.06,  132.79,   60.06,   -38.6,   0,  GPS,   26.0, 115.60, 116.50, 128.400, 132.050,       ,       ,       ,      ,       ,       ,  -14.9,      0,  NONE,   NONE,      ,      ,  -3.9,     3D, 3704,      ,       , 154.0,       
2018-03-22, 14:38:34,  -04:00,       ,   43.0691643,  -70.8099670,   252.6, 29.87,    50.7,   7.2,   0.00,   0.00,  -11.20,   1.51,  -1.07,   0.02,   0.00, 342.9, 284.8,  24.7,  24.0,  -4.6,  46.00,  46.00,     0.00,   58.44,   -0.69,  30.11,    0.0,    0.00,   58.11,   57.58,   57.20,   57.00,   56.74,   56.45,   60.03,   60.03,   60.03,   60.03,   60.03,   60.03,  132.91,   60.03,   -38.7,   0,  GPS,   26.0, 115.60, 116.50, 128.400, 132.050,       ,       ,       ,      ,       ,       ,  -14.9,      0,  NONE,   NONE,      ,      ,   0.0,     3D, 3704,      ,       , 154.0,       
2018-03-22, 14:38:35,  -04:00,       ,   43.0691643,  -70.8099670,   252.6, 29.87,    50.4,   7.2,   0.00,   0.00,   -0.59,   1.51,  -1.05,   0.02,   0.00, 342.9, 284.8,  24.7,  24.0,  -4.6,  46.00,  46.00,     0.00,   58.41,   -0.70,  30.11,    0.0,    0.00,   58.08,   57.56,   57.18,   57.00,   56.74,   56.45,   60.03,   60.03,   60.03,   60.03,   60.03,   60.03,  133.06,   60.03,   -39.0,   0,  GPS,   26.0, 115.60, 116.50, 128.400, 132.050,       ,       ,       ,      ,       ,       ,  -14.9,      0,  NONE,   NONE,      ,      ,   0.0,     3D, 3704,      ,       , 154.0,       
2018-03-22, 14:38:36,  -04:00,       ,   43.0691643,  -70.8099594,   252.6, 29.87,    50.3,   7.2,   0.00,   0.00,   -9.93,   1.49,  -1.07,   0.01,   0.00, 342.9, 284.8,  24.7,  24.0,  -4.6,  46.00,  46.00,     0.00,   58.41,   -0.71,  30.11,    0.0,    0.00,   58.08,   57.53,   57.18,   56.98,   56.72,   56.43,   60.03,   60.03,   60.03,   60.03,   60.03,   60.03,  133.25,   60.03,   -39.1,   0,  GPS,   26.0, 115.60, 116.50, 128.400, 132.050,       ,       ,       ,      ,       ,       ,  -14.9,      0,  NONE,   NONE,      ,      ,  -3.9,     3D, 3704,      ,       , 154.0,       
2018-03-22, 14:38:37,  -04:00,       ,   43.0691643,  -70.8099594,   252.6, 29.87,    49.8,   7.2,   0.00,   0.00,  -15.75,   1.51,  -1.04,   0.02,   0.00, 342.9, 284.8,  24.7,  24.0,  -4.6,  46.00,  46.00,     0.00,   58.41,   -0.70,  30.11,    0.0,    0.00,   58.05,   57.53,   57.13,   56.98,   56.69,   56.43,   60.03,   60.03,   60.03,   60.03,   60.03,   60.03,  133.46,   60.03,   -39.7,   0,  GPS,   26.0, 115.60, 116.50, 128.400, 132.050,       ,       ,       ,      ,       ,       ,  -14.9,      0,  NONE,   NONE,      ,      ,  -3.9,     3D, 3704,      ,       , 153.5,       
2018-03-22, 14:38:38,  -04:00,       ,   43.0691643,  -70.8099594,   252.6, 29.87,    49.6,   7.2,   0.00,   0.00,  -15.99,   1.51,  -1.04,   0.02,   0.00, 343.0, 284.8,  24.7,  24.0,  -4.6,  46.00,  46.00,     0.00,   58.39,   -0.70,  30.12,    0.0,    0.00,   58.05,   57.51,   57.14,   56.95,   56.69,   56.40,   60.03,   60.03,   60.03,   60.03,   60.03,   60.03,  133.73,   60.03,   -39.8,   0,  GPS,   26.0, 115.60, 116.50, 128.400, 132.050,       ,       ,       ,      ,       ,       ,  -14.9,      0,  NONE,   NONE,      ,      ,  -3.9,     3D, 3704,      ,       , 153.5,       
2018-03-22, 14:38:39,  -04:00,       ,   43.0691681,  -70.8099594,   252.6, 29.87,    49.5,   7.2,   0.00,   0.00,  -16.00,   1.51,  -1.00,   0.02,  -0.00, 343.0, 284.8,  24.7,  24.0,  -4.6,  46.00,  46.00,     0.00,   58.39,   -0.69,  30.12,    0.0,    0.00,   58.05,   57.50,   57.12,   56.92,   56.68,   56.38,   60.03,   60.03,   60.03,   60.03,   60.03,   60.03,  133.81,   60.03,   -39.9,   0,  GPS,   26.0, 115.60, 116.50, 128.400, 132.050,       ,       ,       ,      ,       ,       ,  -14.9,      0,  NONE,   NONE,      ,      ,   0.0,     3D, 3704,      ,       , 153.5,       
2018-03-22, 14:38:40,  -04:00,       ,   43.0691681,  -70.8099594,   252.6, 29.87,    49.5,   7.2,   0.00,   0.00,   -6.08,   1.51,  -1.01,   0.02,   0.00, 342.9, 284.8,  24.7,  24.0,  -4.6,  46.00,  46.00,     0.00,   58.38,   -0.69,  30.11,    0.0,    0.00,   58.03,   57.50,   57.11,   56.92,   56.66,   56.37,   60.06,   60.06,   60.06,   60.06,   60.06,   60.06,  134.00,   60.06,   -40.0,   0,  GPS,   26.0, 115.60, 116.50, 128.400, 132.050,       ,       ,       ,      ,       ,       ,  -14.9,      0,  NONE,   NONE,      ,      ,  -3.9,     3D, 3704,      ,       , 153.5,       
2018-03-22, 14:38:41,  -04:00,       ,   43.0691681,  -70.8099594,   252.6, 29.87,    49.5,   7.2,   0.00,   0.00,   -0.25,   1.49,  -0.98,   0.02,   0.00, 343.0, 284.8,  24.7,  24.0,  -4.6,  46.00,  46.00,     0.00,   58.36,   -0.68,  30.11,    0.0,    0.00,   58.03,   57.50,   57.09,   56.92,   56.66,   56.37,   60.06,   60.06,   60.06,   60.06,   60.06,   60.06,  134.16,   60.06,   -40.0,   0,  GPS,   26.0, 115.60, 116.50, 128.400, 132.050,       ,       ,       ,      ,       ,       ,  -14.9,      0,  NONE,   NONE,      ,      ,   0.0,     3D, 3704,      ,       , 153.5,       
2018-03-22, 14:38:42,  -04:00,       ,   43.0691681,  -70.8099594,   252.6, 29.87,    49.8,   7.2,   0.00,   0.00,   -0.01,   1.52,  -0.97,   0.01,   0.00, 343.0, 284.8,  24.7,  24.0,  -4.6,  46.00,  46.00,     0.00,   58.35,   -0.68,  30.11,    0.0,    0.00,   58.00,   57.49,   57.09,   56.90,   56.63,   56.37,   60.03,   60.03,   60.03,   60.03,   60.03,   60.03,  134.29,   60.03,   -39.7,   0,  GPS,   26.0, 115.60, 116.50, 128.400, 132.050,       ,       ,       ,      ,       ,       ,  -14.9,      0,  NONE,   NONE,      ,      ,   0.0,     3D, 3704,      ,       , 153.5,       
2018-03-22, 14:38:43,  -04:00,       ,   43.0691681,  -70.8099594,   253.6, 29.87,    49.7,   7.2,   0.00,   0.00,   -0.00,   1.52,  -1.03,   0.02,   0.00, 343.0, 284.8,  24.7,  24.0,  -4.6,  46.00,  46.00,     0.00,   58.34,   -0.68,  30.11,    0.0,    0.00,   58.00,   57.45,   57.06,   56.92,   56.63,   56.34,   60.06,   60.06,   60.06,   60.06,   60.06,   60.06,  134.53,   60.06,   -39.7,   0,  GPS,   26.0, 115.60, 116.50, 128.400, 132.050,       ,       ,       ,      ,       ,       ,  -14.9,      0,  NONE,   NONE,      ,      ,  -3.9,     3D, 3704,      ,       , 153.5,       
2018-03-22, 14:38:44,  -04:00,       ,   43.0691681,  -70.8099594,   253.6, 29.87,    49.7,   7.2,   0.00,   0.00,   -0.00,   1.52,  -1.00,   0.02,  -0.00, 343.0, 284.8,  24.7,  24.0,  -4.6,  46.00,  46.00,     0.00,   58.33,   -0.69,  30.11,    0.0,    0.00,   57.99,   57.44,   57.06,   56.89,   56.60,   56.34,   60.03,   60.03,   60.03,   60.03,   60.03,   60.03,  134.65,   60.03,   -39.7,   0,  GPS,   26.0, 115.60, 116.50, 128.400, 132.050,       ,       ,       ,      ,       ,       ,  -14.9,      0,  NONE,   NONE,      ,      ,   0.0,     3D, 3704,      ,       , 153.5,       
2018-03-22, 14:38:45,  -04:00,       ,   43.0691681,  -70.8099594,   253.6, 29.87,    49.5,   7.2,   0.00,   0.00,   -1.31,   1.53,  -0.99,   0.02,   0.00, 343.0, 284.8,  24.7,  24.0,  -4.6,  46.00,  46.00,     0.00,   58.32,   -0.69,  30.11,    0.0,    0.00,   57.96,   57.46,   57.03,   56.86,   56.60,   56.31,   60.06,   60.06,   60.06,   60.06,   60.06,   60.06,  134.80,   60.06,   -40.0,   0,  GPS,   26.0, 115.60, 116.50, 128.400, 132.050,       ,       ,       ,      ,       ,       ,  -14.9,      0,  NONE,   NONE,      ,      ,   0.0,     3D, 3704,      ,       , 153.5,       
2018-03-22, 14:38:46,  -04:00,       ,   43.0691681,  -70.8099594,   253.6, 29.87,    49.4,   7.2,   0.00,   0.00,   -0.37,   1.53,  -1.00,   0.02,   0.00, 343.0, 284.8,  24.7,  24.0,  -4.6,  46.00,  46.00,     0.00,   58.31,   -0.69,  30.12,    0.0,    0.00,   57.96,   57.44,   57.03,   56.86,   56.57,   56.29,   60.06,   60.06,   60.06,   60.06,   60.06,   60.06,  135.00,   60.06,   -40.0,   0,  GPS,   26.0, 115.60, 116.50, 128.400, 132.050,       ,       ,       ,      ,       ,       ,  -14.9,      0,  NONE,   NONE,      ,      ,   0.0,     3D, 3704,      ,       , 153.0,       
2018-03-22, 14:38:47,  -04:00,       ,   43.0691643,  -70.8099594,   252.6, 29.87,    50.1,   7.2,   0.00,   0.00,  -14.16,   1.53,  -1.01,   0.02,   0.00, 343.0, 284.8,  24.7,  24.0,  -4.6,  46.00,  46.00,     0.00,   58.31,   -0.69,  30.12,    0.0,    0.00,   57.96,   57.44,   57.01,   56.84,   56.57,   56.28,   60.03,   60.03,   60.03,   60.03,   60.03,   60.03,  135.13,   60.03,   -39.4,   0,  GPS,   26.0, 115.60, 116.50, 128.400, 132.050,       ,       ,       ,      ,       ,       ,  -14.9,      0,  NONE,   NONE,      ,      ,   0.0,     3D, 3704,      ,       , 162.0,       
2018-03-22, 14:38:48,  -04:00,       ,   43.0691643,  -70.8099594,   253.6, 29.87,    50.2,   7.2,   0.00,   0.00,  -12.93,   1.54,  -1.01,   0.02,   0.00, 343.0, 284.8,  24.6,  24.0,  -4.6,  46.00,  46.00,     0.00,   58.30,   -0.70,  30.11,    0.0,    0.00,   57.93,   57.43,   56.98,   56.83,   56.54,   56.28,   60.06,   60.06,   60.06,   60.06,   60.06,   60.06,  136.35,   60.06,   -39.3,   0,  GPS,   26.0, 115.60, 116.50, 128.400, 132.050,       ,       ,       ,      ,       ,       ,  -14.9,      0,  NONE,   NONE,      ,      ,  -3.9,     3D, 3704,      ,       , 161.5,       
2018-03-22, 14:38:49,  -04:00,       ,   43.0691643,  -70.8099594,   252.6, 29.87,    50.3,   7.2,   0.00,   0.00,   -9.56,   1.54,  -1.01,   0.02,   0.00, 342.9, 284.8,  24.6,  24.0,  -4.7,  46.00,  46.00,     0.00,   58.28,   -0.70,  30.11,    0.0,    0.00,   57.93,   57.41,   56.98,   56.83,   56.52,   56.26,   60.06,   60.06,   60.06,   60.06,   60.06,   60.06,  136.52,   60.06,   -39.2,   0,  GPS,   26.0, 115.60, 116.50, 128.400, 132.050,       ,       ,       ,      ,       ,       ,  -14.9,      0,  NONE,   NONE,      ,      ,   0.0,     3D, 3704,      ,       , 161.5,       
2018-03-22, 14:38:50,  -04:00,       ,   43.0691681,  -70.8099594,   252.6, 29.87,    50.1,   7.2,   0.00,   0.00,  -25.58,   1.54,  -1.00,   0.02,   0.00, 342.9, 284.8,  24.6,  24.0,  -4.8,  46.00,  46.00,     0.00,   58.27,   -0.70,  30.10,    0.0,    0.00,   57.91,   57.39,   56.97,   56.80,   56.53,   56.25,   60.06,   60.06,   60.06,   60.06,   60.06,   60.06,  136.69,   60.06,   -39.3,   0,  GPS,   26.0, 115.60, 116.50, 128.400, 132.050,       ,       ,       ,      ,       ,       ,  -14.9,      0,  NONE,   NONE,      ,      ,   0.0,     3D, 3704,      ,       , 161.5,       
2018-03-22, 14:38:51,  -04:00,       ,   43.0691566,  -70.8099670,   252.6, 29.87,    40.8,   7.2,   0.00,   0.00,  -21.99,   1.53,  -1.01,   0.02,   0.00, 342.9, 284.8,  24.6,  23.9,  -4.9,  46.00,  46.00,     0.00,   58.28,   -0.70,  30.10,    0.0,    0.00,   57.90,   57.39,   56.93,   56.78,   56.51,   56.25,   60.03,   60.03,   60.03,   60.03,   60.03,   60.03,  136.81,   60.03,   -48.7,   0,  GPS,   26.0, 115.60, 116.50, 128.400, 132.050,       ,       ,       ,      ,       ,       ,  -14.9,      0,  NONE,   NONE,      ,      ,  -3.9,     3D, 3704,      ,       , 150.5,       
2018-03-22, 14:38:52,  -04:00,       ,   43.0691528,  -70.8099594,   251.6, 29.87,    39.6,   7.2,   0.00,   0.00,  -29.73,   1.54,  -1.02,   0.02,   0.00, 342.9, 284.8,  24.6,  23.9,  -4.9,  46.00,  46.00,     0.00,   58.26,   -0.71,  30.11,    0.0,    0.00,   57.90,   57.38,   56.95,   56.80,   56.51,   56.22,   60.06,   60.06,   60.06,   60.06,   60.06,   60.06,  137.07,   60.06,   -49.8,   0,  GPS,   26.0, 115.60, 116.50, 128.400, 132.050,       ,       ,       ,      ,       ,       ,  -14.9,      0,  NONE,   NONE,      ,      ,  -3.9,     3D, 3704,      ,       , 150.0,       
2018-03-22, 14:38:53,  -04:00,       ,   43.0691490,  -70.8099976,   251.6, 29.87,    57.5,   7.2,   0.00,   0.00,  -22.00,   1.52,  -1.02,   0.02,   0.00, 342.9, 284.8,  24.6,  23.9,  -5.0,  46.00,  46.00,     0.00,   58.25,   -0.71,  30.11,    0.0,    0.00,   57.88,   57.36,   56.92,   56.78,   56.48,   56.22,   60.06,   60.06,   60.06,   60.06,   60.06,   60.06,  137.23,   60.06,   -31.9,   0,  GPS,   26.0, 115.60, 116.50, 128.400, 132.050,       ,       ,       ,      ,       ,       ,  -14.9,      0,  NONE,   NONE,      ,      ,   0.0,     3D, 3704,      ,       , 209.0,       
2018-03-22, 14:38:54,  -04:00,       ,   43.0691490,  -70.8099899,   251.6, 29.87,    57.5,   7.2,   0.00,   0.00,  -12.63,   1.52,  -1.01,   0.02,   0.00, 342.9, 284.8,  24.6,  23.9,  -5.0,  46.00,  46.00,     0.00,   58.23,   -0.71,  30.11,    0.0,    0.00,   57.87,   57.37,   56.92,   56.77,   56.45,   56.20,   60.03,   60.03,   60.03,   60.03,   60.03,   60.03,  137.28,   60.03,   -31.9,   0,  GPS,   26.0, 115.60, 116.50, 128.400, 132.050,       ,       ,       ,      ,       ,       ,  -14.9,      0,  NONE,   NONE,      ,      ,   0.0,     3D, 3704,      ,       , 208.0,       
2018-03-22, 14:38:55,  -04:00,       ,   43.0691490,  -70.8099899,   251.6, 29.87,    57.4,   7.2,   0.00,   0.00,   -0.71,   1.53,  -0.98,   0.02,  -0.00, 343.0, 284.8,  24.6,  23.9,  -5.1,  46.00,  46.00,     0.00,   58.22,   -0.71,  30.10,    0.0,    0.00,   57.87,   57.33,   56.89,   56.77,   56.46,   56.19,   60.03,   60.03,   60.03,   60.03,   60.03,   60.03,  137.47,   60.03,   -32.0,   0,  GPS,   26.0, 115.60, 116.50, 128.400, 132.050,       ,       ,       ,      ,       ,       ,  -14.9,      0,  NONE,   NONE,      ,      ,   0.0,     3D, 3704,      ,       , 207.5,       
2018-03-22, 14:38:56,  -04:00,       ,   43.0691414,  -70.8099899,   251.6, 29.87,    57.6,   7.2,   0.00,   0.00,   -0.02,   1.51,  -1.00,   0.02,  -0.00, 343.0, 284.8,  24.6,  23.9,  -5.1,  46.00,  46.00,     0.00,   58.22,   -0.71,  30.11,    0.0,    0.00,   57.85,   57.32,   56.89,   56.74,   56.43,   56.17,   60.06,   60.06,   60.06,   60.06,   60.06,   60.06,  137.63,   60.06,   -31.8,   0,  GPS,   26.0, 115.60, 116.50, 128.400, 132.050,       ,       ,       ,      ,       ,       ,  -14.9,      0,  NONE,   NONE,      ,      ,   0.0,     3D, 3704,      ,       , 207.0,       
2018-03-22, 14:38:57,  -04:00,       ,   43.0691414,  -70.8099899,   252.6, 29.87,    56.3,   7.2,   0.00,   0.00,   11.40,   1.51,  -1.00,   0.02,   0.00, 343.0, 284.8,  24.6,  23.9,  -5.1,  46.00,  46.00,     0.00,   58.22,   -0.71,  30.11,    0.0,    0.00,   57.82,   57.32,   56.84,   56.72,   56.43,   56.17,   60.06,   60.06,   60.06,   60.06,   60.06,   60.06,  137.72,   60.06,   -33.1,   0,  GPS,   26.0, 115.60, 116.50, 128.400, 132.050,       ,       ,       ,      ,       ,       ,  -14.9,      0,  NONE,   NONE,      ,      ,   0.0,     3D, 3704,      ,       , 206.5,       
2018-03-22, 14:38:58,  -04:00,       ,   43.0691490,  -70.8099823,   252.6, 29.87,    56.0,   7.2,   0.00,   0.00,   15.82,   1.54,  -0.99,   0.02,   0.01, 343.0, 284.8,  24.6,  23.9,  -5.2,  46.00,  46.00,     0.00,   58.19,   -0.70,  30.11,    0.0,    0.00,   57.82,   57.32,   56.86,   56.72,   56.42,   56.17,   60.10,   60.10,   60.10,   60.10,   60.10,   60.10,  137.93,   60.10,   -33.5,   0,  GPS,   26.0, 115.60, 116.50, 128.400, 132.050,       ,       ,       ,      ,       ,       ,  -14.9,      0,  NONE,   NONE,      ,      ,   0.0,     3D, 3704,      ,       , 206.0,       
2018-03-22, 14:38:59,  -04:00,       ,   43.0691490,  -70.8099823,   251.6, 29.87,    55.7,   7.2,   0.00,   0.00,   -1.09,   1.53,  -1.00,   0.02,   0.00, 343.0, 284.8,  24.6,  23.9,  -5.2,  46.00,  46.00,     0.00,   58.18,   -0.70,  30.11,    0.0,    0.00,   57.81,   57.30,   56.85,   56.72,   56.40,   56.14,   60.06,   60.06,   60.06,   60.06,   60.06,   60.06,  138.01,   60.06,   -33.7,   0,  GPS,   26.0, 115.60, 116.50, 128.400, 132.050,       ,       ,       ,      ,       ,       ,  -14.9,      0,  NONE,   NONE,      ,      ,   0.0,     3D, 3704,      ,       , 206.0,       
2018-03-22, 14:39:00,  -04:00,       ,   43.0691490,  -70.8099823,   252.6, 29.87,    55.7,   7.2,   0.00,   0.00,   -3.81,   1.51,  -1.01,   0.02,   0.00, 343.0, 284.8,  24.6,  23.9,  -5.2,  46.00,  46.00,     0.00,   58.18,   -0.71,  30.11,    0.0,    0.00,   57.81,   57.29,   56.83,   56.69,   56.37,   56.14,   60.06,   60.06,   60.06,   60.06,   60.06,   60.06,  138.13,   60.06,   -33.7,   0,  GPS,   26.0, 115.60, 116.50, 128.400, 132.050,       ,       ,       ,      ,       ,       ,  -14.9,      0,  NONE,   NONE,      ,      ,   0.0,     3D, 3704,      ,       , 205.5,       
2018-03-22, 14:39:01,  -04:00,       ,   43.0691490,  -70.8099823,   252.6, 29.87,    55.5,   7.2,   0.00,   0.00,   -2.33,   1.52,  -0.94,   0.01,   0.00, 343.0, 284.8,  24.6,  23.9,  -5.2,  46.00,  46.00,     0.00,   58.15,   -0.71,  30.11,    0.0,    0.00,   57.79,   57.29,   56.80,   56.69,   56.37,   56.11,   60.06,   60.06,   60.06,   60.06,   60.06,   60.06,  138.33,   60.06,   -34.0,   0,  GPS,   26.0, 115.60, 116.50, 128.400, 132.050,       ,       ,       ,      ,       ,       ,  -14.9,      0,  NONE,   NONE,      ,      ,  -3.9,     3D, 3704,      ,       , 205.5,       
2018-03-22, 14:39:02,  -04:00,       ,   43.0691490,  -70.8099823,   253.6, 29.87,    55.4,   7.2,   0.00,   0.00,   -0.28,   1.53,  -0.92,   0.02,  -0.00, 343.0, 284.8,  24.6,  23.9,  -5.3,  46.00,  46.00,     0.00,   58.15,   -0.70,  30.10,    0.0,    0.00,   57.78,   57.29,   56.80,   56.69,   56.35,   56.09,   60.06,   60.06,   60.06,   60.06,   60.06,   60.06,  138.45,   60.06,   -34.1,   0,  GPS,   26.0, 115.60, 116.50, 128.400, 132.050,       ,       ,       ,      ,       ,       ,  -14.9,      0,  NONE,   NONE,      ,      ,  -3.9,     3D, 3704,      ,       , 205.5,       
2018-03-22, 14:39:03,  -04:00,       ,   43.0691490,  -70.8099823,   253.6, 29.87,    56.7,   7.2,   0.00,   0.00,   14.41,   1.51,  -0.97,   0.01,  -0.00, 343.0, 284.8,  24.6,  23.9,  -5.3,  46.00,  46.00,     0.00,   58.14,   -0.70,  30.10,    0.0,    0.00,   57.76,   57.27,   56.78,   56.66,   56.34,   56.08,   60.03,   60.03,   60.03,   60.03,   60.03,   60.03,  138.53,   60.03,   -32.7,   0,  GPS,   26.0, 115.60, 116.50, 128.400, 132.050,       ,       ,       ,      ,       ,       ,  -14.9,      0,  NONE,   NONE,      ,      ,   0.0,     3D, 3704,      ,       , 205.0,       
2018-03-22, 14:39:04,  -04:00,       ,   43.0691490,  -70.8099823,   256.6, 29.87,    57.2,   7.2,   0.00,   0.00,   55.81,   1.52,  -0.96,   0.02,   0.00, 343.0, 284.8,  24.6,  23.9,  -5.3,  46.00,  46.00,     0.00,   58.13,   -0.70,  30.10,    0.0,    0.00,   57.76,   57.26,   56.77,   56.66,   56.31,   56.06,   60.06,   60.06,   60.06,   60.06,   60.06,   60.06,  138.63,   60.06,   -32.2,   0,  GPS,   26.0, 115.60, 116.50, 128.400, 132.050,       ,       ,       ,      ,       ,       ,  -14.9,      0,  NONE,   NONE,      ,      ,   0.0,     3D, 3704,      ,       , 205.0,       
2018-03-22, 14:39:05,  -04:00,       ,   43.0691490,  -70.8099823,   257.6, 29.87,    57.3,   7.2,   0.00,   0.00,   75.14,   1.47,  -0.96,   0.01,  -0.00, 342.9, 284.8,  24.6,  23.9,  -5.3,  46.00,  46.00,     0.00,   58.13,   -0.71,  30.10,    0.0,    0.00,   57.75,   57.24,   56.77,   56.64,   56.33,   56.07,   60.10,   60.10,   60.10,   60.10,   60.10,   60.10,  138.80,   60.10,   -32.1,   0,  GPS,   26.0, 115.60, 116.50, 128.400, 132.050,       ,       ,       ,      ,       ,       ,  -14.9,      0,  NONE,   NONE,      ,      ,  -3.9,     3D, 3704,      ,       , 205.0,       
2018-03-22, 14:39:06,  -04:00,       ,   43.0691490,  -70.8099823,   256.6, 29.87,    57.6,   7.2,   0.00,   0.00,   35.52,   1.54,  -1.03,   0.02,  -0.00, 342.9, 284.8,  24.6,  23.9,  -5.3,  46.00,  46.00,     0.00,   58.12,   -0.71,  30.11,    0.0,    0.00,   57.73,   57.22,   56.77,   56.63,   56.28,   56.05,   60.06,   60.06,   60.06,   60.06,   60.06,   60.06,  138.89,   60.06,   -31.9,   0,  GPS,   26.0, 115.60, 116.50, 128.400, 132.050,       ,       ,       ,      ,       ,       ,  -14.9,      0,  NONE,   NONE,      ,      ,  -3.9,     3D, 3704,      ,       , 205.0,       
2018-03-22, 14:39:07,  -04:00,       ,   43.0691490,  -70.8099823,   254.6, 29.87,    57.7,   7.2,   0.00,   0.00,  -41.06,   1.49,  -1.05,   0.02,   0.00, 342.9, 284.8,  24.6,  23.9,  -5.2,  46.00,  46.00,     0.00,   58.11,   -0.70,  30.11,    0.0,    0.00,   57.70,   57.21,   56.72,   56.61,   56.28,   56.03,   60.06,   60.06,   60.06,   60.06,   60.06,   60.06,  138.01,   60.06,   -31.7,   0,  GPS,   26.0, 115.60, 116.50, 128.400, 132.050,       ,       ,       ,      ,       ,       ,  -14.9,      0,  NONE,   NONE,      ,      ,   0.0,     3D, 3704,      ,       , 205.0,       
2018-03-22, 14:39:08,  -04:00,       ,   43.0691414,  -70.8099823,   252.6, 29.87,    58.0,   7.2,   0.00,   0.00,  -76.99,   1.53,  -1.02,   0.02,   0.00, 342.9, 284.8,  24.6,  23.9,  -5.2,  46.00,  46.00,     0.00,   58.10,   -0.70,  30.11,    0.0,    0.00,   57.70,   57.21,   56.72,   56.60,   56.25,   56.02,   60.06,   60.06,   60.06,   60.06,   60.06,   60.06,  138.18,   60.06,   -31.4,   0,  GPS,   26.0, 115.60, 116.50, 128.400, 132.050,       ,       ,       ,      ,       ,       ,  -14.9,      0,  NONE,   NONE,      ,      ,  -3.9,     3D, 3704,      ,       , 204.5,       
2018-03-22, 14:39:09,  -04:00,       ,   43.0691414,  -70.8099823,   252.6, 29.87,    57.4,   7.2,   0.00,   0.00,  -63.25,   1.49,  -0.98,   0.02,   0.00, 343.0, 284.8,  24.6,  23.9,  -5.1,  46.00,  46.00,     0.00,   58.07,   -0.70,  30.12,    0.0,    0.00,   57.67,   57.18,   56.69,   56.58,   56.25,   55.99,   60.06,   60.06,   60.06,   60.06,   60.06,   60.06,  138.42,   60.06,   -32.0,   0,  GPS,   26.0, 115.60, 116.50, 128.400, 132.050,       ,       ,       ,      ,       ,       ,  -14.9,      0,  NONE,   NONE,      ,      ,   0.0,     3D, 3704,      ,       , 204.5,       
2018-03-22, 14:39:10,  -04:00,       ,   43.0691490,  -70.8099823,   253.6, 29.87,    57.2,   7.2,   0.00,   0.00,  -32.40,   1.53,  -0.94,   0.02,  -0.00, 342.9, 284.8,  24.6,  23.9,  -5.0,  46.00,  46.00,     0.00,   58.07,   -0.70,  30.12,    0.0,    0.00,   57.67,   57.18,   56.71,   56.57,   56.22,   56.01,   60.10,   60.10,   60.10,   60.10,   60.10,   60.10,  138.59,   60.10,   -32.2,   0,  GPS,   26.0, 115.60, 116.50, 128.400, 132.050,       ,       ,       ,      ,       ,       ,  -14.9,      0,  NONE,   NONE,      ,      ,  -3.9,     3D, 3704,      ,       , 204.5,       
2018-03-22, 14:39:11,  -04:00,       ,   43.0691490,  -70.8099823,   252.6, 29.87,    57.3,   7.2,   0.00,   0.00,  -21.80,   1.51,  -0.97,   0.02,   0.00, 342.9, 284.8,  24.6,  23.9,  -5.0,  46.00,  46.00,     0.00,   58.07,   -0.71,  30.11,    0.0,    0.00,   57.67,   57.18,   56.67,   56.57,   56.22,   55.99,   60.06,   60.06,   60.06,   60.06,   60.06,   60.06,  138.68,   60.06,   -32.2,   0,  GPS,   26.0, 115.60, 116.50, 128.400, 132.050,       ,       ,       ,      ,       ,       ,  -14.9,      0,  NONE,   NONE,      ,      ,  -3.9,     3D, 3704,      ,       , 204.5,       
2018-03-22, 14:39:12,  -04:00,       ,   43.0691490,  -70.8099823,   252.6, 29.87,    57.5,   7.2,   0.00,   0.00,  -17.19,   1.51,  -1.00,   0.01,   0.00, 342.9, 284.8,  24.6,  23.9,  -4.9,  46.00,  46.00,     0.00,   58.05,   -0.71,  30.12,    0.0,    0.00,   57.66,   57.18,   56.69,   56.54,   56.20,   55.98,   60.03,   60.03,   60.03,   60.03,   60.03,   60.03,  138.75,   60.03,   -31.9,   0,  GPS,   26.0, 115.60, 116.50, 128.400, 132.050,       ,       ,       ,      ,       ,       ,  -14.9,      0,  NONE,   NONE,      ,      ,  -3.9,     3D, 3704,      ,       , 204.5,       
2018-03-22, 14:39:13,  -04:00,       ,   43.0691490,  -70.8099823,   252.6, 29.87,    57.6,   7.2,   0.00,   0.00,  -12.90,   1.51,  -0.98,   0.02,  -0.00, 342.9, 284.8,  24.6,  24.0,  -4.9,  46.00,  46.00,     0.00,   58.05,   -0.71,  30.11,    0.0,    0.00,   57.64,   57.15,   56.64,   56.55,   56.17,   55.96,   60.06,   60.06,   60.06,   60.06,   60.06,   60.06,  138.92,   60.06,   -31.9,   0,  GPS,   26.0, 115.60, 116.50, 128.400, 132.050,       ,       ,       ,      ,       ,       ,  -14.9,      0,  NONE,   NONE,      ,      ,   0.0,     3D, 3704,      ,       , 204.5,       
2018-03-22, 14:39:14,  -04:00,       ,   43.0691490,  -70.8099823,   252.6, 29.87,    57.8,   7.2,   0.00,   0.00,  -15.59,   1.51,  -1.00,   0.02,   0.00, 342.9, 284.8,  24.6,  24.0,  -4.9,  46.00,  46.00,     0.00,   58.04,   -0.71,  30.11,    0.0,    0.00,   57.64,   57.13,   56.63,   56.52,   56.17,   55.94,   60.06,   60.06,   60.06,   60.06,   60.06,   60.06,  138.92,   60.06,   -31.7,   0,  GPS,   26.0, 115.60, 116.50, 128.400, 132.050,       ,       ,       ,      ,       ,       ,  -14.9,      0,  NONE,   NONE,      ,      ,  -3.9,     3D, 3704,      ,       , 204.0,       
2018-03-22, 14:39:15,  -04:00,       ,   43.0691490,  -70.8099823,   252.6, 29.87,    57.8,   7.2,   0.00,   0.00,  -15.99,   1.53,  -1.01,   0.02,   0.00, 342.9, 284.8,  24.6,  24.0,  -4.8,  46.00,  46.00,     0.00,   58.01,   -0.71,  30.11,    0.0,    0.00,   57.62,   57.12,   56.60,   56.51,   56.17,   55.93,   60.10,   60.10,   60.10,   60.10,   60.10,   60.10,  139.11,   60.10,   -31.6,   0,  GPS,   26.0, 115.60, 116.50, 128.400, 132.050,       ,       ,       ,      ,       ,       ,  -14.9,      0,  NONE,   NONE,      ,      ,  -3.9,     3D, 3704,      ,       , 204.0,       
2018-03-22, 14:39:16,  -04:00,       ,   43.0691490,  -70.8099823,   252.6, 29.87,    58.3,   7.2,   0.00,   0.00,   -4.60,   1.52,  -1.01,   0.02,   0.00, 342.9, 284.8,  24.6,  24.0,  -4.8,  46.00,  46.00,     0.00,   58.01,   -0.70,  30.12,    0.0,    0.00,   57.61,   57.12,   56.60,   56.51,   56.14,   55.93,   60.10,   60.10,   60.10,   60.10,   60.10,   60.10,  139.29,   60.10,   -31.2,   0,  GPS,   26.0, 115.60, 116.50, 128.400, 132.050,       ,       ,       ,      ,       ,       ,  -14.9,      0,  NONE,   NONE,      ,      ,  -3.9,     3D, 3704,      ,       , 204.0,       
2018-03-22, 14:39:17,  -04:00,       ,   43.0691490,  -70.8099823,   253.6, 29.87,    58.4,   7.0,   0.00,   0.00,   -0.18,   1.52,  -1.01,   0.02,   0.00, 342.9, 284.8,  24.6,  24.0,  -4.8,  46.00,  46.00,     0.00,   57.99,   -0.70,  30.12,    0.0,    0.00,   57.59,   57.10,   56.57,   56.48,   56.14,   55.90,   60.10,   60.10,   60.10,   60.10,   60.10,   60.10,  139.40,   60.10,   -31.1,   0,  GPS,   26.0, 115.60, 116.50, 128.400, 132.050,       ,       ,       ,      ,       ,       ,  -14.9,      0,  NONE,   NONE,      ,      ,   0.0,     3D, 3704,      ,       , 204.0,       
2018-03-22, 14:39:18,  -04:00,       ,   43.0691490,  -70.8099823,   253.6, 29.87,    58.3,   7.0,   0.00,   0.00,    5.95,   1.52,  -1.00,   0.02,   0.00, 342.9, 284.8,  24.6,  24.0,  -4.7,  46.00,  46.00,     0.00,   57.98,   -0.70,  30.12,    0.0,    0.00,   57.58,   57.09,   56.57,   56.48,   56.11,   55.88,   60.10,   60.10,   60.10,   60.10,   60.10,   60.10,  139.53,   60.10,   -31.1,   0,  GPS,   26.0, 115.60, 116.50, 128.400, 132.050,       ,       ,       ,      ,       ,       ,  -14.9,      0,  NONE,   NONE,      ,      ,  -3.9,     3D, 3704,      ,       , 204.0,       
2018-03-22, 14:39:19,  -04:00,       ,   43.0691490,  -70.8099823,   252.6, 29.87,    58.3,   7.2,   0.00,   0.00,   -1.86,   1.53,  -1.01,   0.01,  -0.00, 342.9, 284.8,  24.6,  24.0,  -4.7,  46.00,  46.00,     0.00,   57.98,   -0.69,  30.11,    0.0,    0.00,   57.56,   57.09,   56.57,   56.48,   56.10,   55.88,   60.10,   60.10,   60.10,   60.10,   60.10,   60.10,  139.64,   60.10,   -31.1,   0,  GPS,   26.0, 115.60, 116.50, 128.400, 132.050,       ,       ,       ,      ,       ,       ,  -14.9,      0,  NONE,   NONE,      ,      ,   0.0,     3D, 3704,      ,       , 204.0,       
2018-03-22, 14:39:20,  -04:00,       ,   43.0691490,  -70.8099823,   253.6, 29.87,    58.4,   7.2,   0.00,   0.00,   -2.28,   1.52,  -1.03,   0.01,   0.00, 342.9, 284.8,  24.6,  24.0,  -4.7,  46.00,  46.00,     0.00,   57.95,   -0.69,  30.12,    0.0,    0.00,   57.56,   57.09,   56.54,   56.43,   56.08,   55.85,   60.10,   60.10,   60.10,   60.10,   60.10,   60.10,  139.80,   60.10,   -31.1,   0,  GPS,   26.0, 115.60, 116.50, 128.400, 132.050,       ,       ,       ,      ,       ,       ,  -14.9,      0,  NONE,   NONE,      ,      ,  -3.9,     3D, 3704,      ,       , 204.0,       
2018-03-22, 14:39:21,  -04:00,       ,   43.0691490,  -70.8099823,   254.6, 29.87,    58.7,   7.2,   0.00,   0.00,    9.09,   1.53,  -1.03,   0.01,   0.00, 342.9, 284.8,  24.6,  24.0,  -4.6,  46.00,  46.00,     0.00,   57.94,   -0.69,  30.12,    0.0,    0.00,   57.55,   57.06,   56.54,   56.43,   56.06,   55.85,   60.10,   60.10,   60.10,   60.10,   60.10,   60.10,  139.90,   60.10,   -30.8,   0,  GPS,   26.0, 115.60, 116.50, 128.400, 132.050,       ,       ,       ,      ,       ,       ,  -14.9,      0,  NONE,   NONE,      ,      ,  -3.9,     3D, 3704,      ,       , 204.0,       
2018-03-22, 14:39:22,  -04:00,       ,   43.0691490,  -70.8099823,   256.6, 29.87,    58.5,   7.2,   0.00,   0.00,   43.77,   1.49,  -1.01,   0.02,  -0.00, 342.9, 284.8,  24.6,  24.0,  -4.6,  46.00,  46.00,     0.00,   57.94,   -0.70,  30.11,    0.0,    0.00,   57.53,   57.06,   56.51,   56.43,   56.03,   55.82,   60.10,   60.10,   60.10,   60.10,   60.10,   60.10,  140.01,   60.10,   -30.9,   0,  GPS,   26.0, 115.60, 116.50, 128.400, 132.050,       ,       ,       ,      ,       ,       ,  -14.9,      0,  NONE,   NONE,      ,      ,  -3.9,     3D, 3704,      ,       , 204.0,       
2018-03-22, 14:39:23,  -04:00,       ,   43.0691490,  -70.8099823,   255.6, 29.87,    58.5,   7.2,   0.00,   0.00,   48.55,   1.52,  -1.01,   0.02,  -0.00, 342.9, 284.8,  24.7,  24.0,  -4.6,  46.00,  46.00,     0.00,   57.92,   -0.70,  30.11,    0.0,    0.00,   57.51,   57.04,   56.49,   56.42,   56.02,   55.82,   60.10,   60.10,   60.10,   60.10,   60.10,   60.10,  140.19,   60.10,   -31.0,   0,  GPS,   26.0, 115.60, 116.50, 128.400, 132.050,       ,       ,       ,      ,       ,       ,  -14.9,      0,  NONE,   NONE,      ,      ,   0.0,     3D, 3704,      ,       , 203.5,       
2018-03-22, 14:39:24,  -04:00,       ,   43.0691490,  -70.8099823,   255.6, 29.87,    58.6,   7.2,   0.00,   0.00,    9.44,   1.47,  -1.02,   0.01,   0.01, 342.9, 284.8,  24.7,  24.0,  -4.6,  46.00,  46.00,     0.00,   57.92,   -0.70,  30.11,    0.0,    0.00,   57.50,   57.03,   56.49,   56.42,   56.02,   55.82,   60.10,   60.10,   60.10,   60.10,   60.10,   60.10,  140.27,   60.10,   -30.8,   0,  GPS,   26.0, 115.60, 116.50, 128.400, 132.050,       ,       ,       ,      ,       ,       ,  -14.9,      0,  NONE,   NONE,      ,      ,  -3.9,     3D, 3704,      ,       , 203.5,       
2018-03-22, 14:39:25,  -04:00,       ,   43.0691490,  -70.8099823,   254.6, 29.87,    58.7,   7.2,   0.00,   0.00,  -25.23,   1.51,  -1.00,   0.02,   0.00, 342.9, 284.8,  24.7,  24.0,  -4.6,  46.00,  46.00,     0.00,   57.91,   -0.70,  30.11,    0.0,    0.00,   57.50,   57.01,   56.50,   56.40,   56.00,   55.79,   60.10,   60.10,   60.10,   60.10,   60.10,   60.10,  140.43,   60.10,   -30.7,   0,  GPS,   26.0, 115.60, 116.50, 128.400, 132.050,       ,       ,       ,      ,       ,       ,  -14.9,      0,  NONE,   NONE,      ,      ,   0.0,     3D, 3704,      ,       , 203.5,       
2018-03-22, 14:39:26,  -04:00,       ,   43.0691528,  -70.8099823,   253.6, 29.87,    58.9,   7.2,   0.00,   0.00,  -51.61,   1.51,  -1.03,   0.02,   0.00, 342.9, 284.8,  24.7,  24.0,  -4.6,  46.00,  46.00,     0.00,   57.89,   -0.70,  30.12,    0.0,    0.00,   57.49,   57.01,   56.48,   56.38,   55.99,   55.79,   60.10,   60.10,   60.10,   60.10,   60.10,   60.10,  140.50,   60.10,   -30.5,   0,  GPS,   26.0, 115.60, 116.50, 128.400, 132.050,       ,       ,       ,      ,       ,       ,  -14.9,      0,  NONE,   NONE,      ,      ,  -3.9,     3D, 3704,      ,       , 203.5,       
2018-03-22, 14:39:27,  -04:00,       ,   43.0691528,  -70.8099823,   252.6, 29.87,    58.6,   7.2,   0.00,   0.00,  -70.02,   1.49,  -1.02,   0.02,   0.00, 342.9, 284.8,  24.7,  24.0,  -4.5,  46.00,  46.00,     0.00,   57.91,   -0.70,  30.11,    0.0,    0.00,   57.47,   57.00,   56.46,   56.37,   55.99,   55.77,   60.13,   60.13,   60.13,   60.13,   60.13,   60.13,  140.67,   60.13,   -30.8,   0,  GPS,   26.0, 115.60, 116.50, 128.400, 132.050,       ,       ,       ,      ,       ,       ,  -14.9,      0,  NONE,   NONE,      ,      ,  -3.9,     3D, 3704,      ,       , 203.5,       
2018-03-22, 14:39:28,  -04:00,       ,   43.0691528,  -70.8099823,   251.6, 29.87,    59.2,   7.2,   0.00,   0.00,  -58.65,   1.51,  -1.00,   0.02,   0.00, 342.9, 284.8,  24.7,  24.0,  -4.5,  46.00,  46.00,     0.00,   57.90,   -0.70,  30.12,    0.0,    0.00,   57.45,   56.98,   56.44,   56.35,   55.99,   55.78,   60.10,   60.10,   60.10,   60.10,   60.10,   60.10,  140.74,   60.10,   -30.3,   0,  GPS,   26.0, 115.60, 116.50, 128.400, 132.050,       ,       ,       ,      ,       ,       ,  -14.9,      0,  NONE,   NONE,      ,      ,   0.0,     3D, 3704,      ,       , 203.5,       
2018-03-22, 14:39:29,  -04:00,       ,   43.0691528,  -70.8099823,   251.6, 29.87,    59.3,   7.2,   0.00,   0.00,  -48.52,   1.51,  -1.02,   0.02,   0.00, 342.9, 284.8,  24.7,  24.0,  -4.5,  46.00,  46.00,     0.00,   57.88,   -0.71,  30.12,    0.0,    0.00,   57.45,   56.98,   56.40,   56.34,   55.96,   55.76,   60.10,   60.10,   60.10,   60.10,   60.10,   60.10,  140.88,   60.10,   -30.2,   0,  GPS,   26.0, 115.60, 116.50, 128.400, 132.050,       ,       ,       ,      ,       ,       ,  -14.9,      0,  NONE,   NONE,      ,      ,  -3.9,     3D, 3704,      ,       , 203.5,       
2018-03-22, 14:39:30,  -04:00,       ,   43.0691528,  -70.8099823,   251.6, 29.87,    59.3,   7.2,   0.00,   0.00,  -23.68,   1.52,  -1.01,   0.02,   0.00, 342.9, 284.8,  24.7,  24.0,  -4.5,  46.00,  46.00,     0.00,   57.87,   -0.70,  30.12,    0.0,    0.00,   57.41,   56.95,   56.42,   56.34,   55.96,   55.73,   60.10,   60.10,   60.10,   60.10,   60.10,   60.10,  141.02,   60.10,   -30.1,   0,  GPS,   26.0, 115.60, 116.50, 128.400, 132.050,       ,       ,       ,      ,       ,       ,  -14.9,      0,  NONE,   NONE,      ,      ,   0.0,     3D, 3704,      ,       , 203.5,       
2018-03-22, 14:39:31,  -04:00,       ,   43.0691528,  -70.8099823,   251.6, 29.87,    59.5,   7.2,   0.00,   0.00,  -16.31,   1.53,  -1.03,   0.02,   0.00, 342.9, 284.8,  24.7,  24.0,  -4.5,  46.00,  46.00,     0.00,   57.87,   -0.70,  30.12,    0.0,    0.00,   57.43,   56.95,   56.38,   56.31,   55.93,   55.73,   60.13,   60.13,   60.13,   60.13,   60.13,   60.13,  141.14,   60.13,   -30.0,   0,  GPS,   26.0, 115.60, 116.50, 128.400, 132.050,       ,       ,       ,      ,       ,       ,  -14.9,      0,  NONE,   NONE,      ,      ,  -3.9,     3D, 3704,      ,       , 203.5,       
2018-03-22, 14:39:32,  -04:00,       ,   43.0691490,  -70.8099823,   251.6, 29.87,    60.0,   7.2,   0.00,   0.00,  -13.53,   1.52,  -1.01,   0.02,   0.00, 342.9, 284.8,  24.6,  24.0,  -4.5,  46.00,  46.00,     0.00,   57.84,   -0.69,  30.12,    0.0,    0.00,   57.41,   56.92,   56.39,   56.29,   55.91,   55.72,   60.13,   60.13,   60.13,   60.13,   60.13,   60.13,  141.31,   60.13,   -29.4,   0,  GPS,   26.0, 115.60, 116.50, 128.400, 132.050,       ,       ,       ,      ,       ,       ,  -14.9,      0,  NONE,   NONE,      ,      ,  -3.9,     3D, 3704,      ,       , 203.5,       
2018-03-22, 14:39:33,  -04:00,       ,   43.0691490,  -70.8099823,   252.6, 29.87,    60.7,   7.2,   0.00,   0.00,   10.57,   1.52,  -1.02,   0.02,   0.00, 342.8, 284.8,  24.6,  24.0,  -4.5,  46.00,  46.00,     0.00,   57.84,   -0.68,  30.12,    0.0,    0.00,   57.38,   56.93,   56.37,   56.28,   55.90,   55.70,   60.10,   60.10,   60.10,   60.10,   60.10,   60.10,  141.37,   60.10,   -28.8,   0,  GPS,   26.0, 115.60, 116.50, 128.400, 132.050,       ,       ,       ,      ,       ,       ,  -14.9,      0,  NONE,   NONE,      ,      ,   0.0,     3D, 3704,      ,       , 203.5,       
2018-03-22, 14:39:34,  -04:00,       ,   43.0691490,  -70.8099823,   253.6, 29.87,    60.7,   7.2,   0.00,   0.00,   29.62,   1.52,  -1.03,   0.02,   0.00, 342.8, 284.8,  24.6,  24.0,  -4.5,  46.00,  46.00,     0.00,   57.84,   -0.69,  30.12,    0.0,    0.00,   57.38,   56.94,   56.36,   56.26,   55.88,   55.68,   60.10,   60.10,   60.10,   60.10,   60.10,   60.10,  141.52,   60.10,   -28.8,   0,  GPS,   26.0, 115.60, 116.50, 128.400, 132.050,       ,       ,       ,      ,       ,       ,  -14.9,      0,  NONE,   NONE,      ,      ,  -3.9,     3D, 3704,      ,       , 203.5,       
2018-03-22, 14:39:35,  -04:00,       ,   43.0691490,  -70.8099823,   253.6, 29.87,    61.1,   7.2,   0.00,   0.00,   12.84,   1.53,  -1.02,   0.02,   0.00, 342.8, 284.8,  24.6,  24.0,  -4.5,  46.00,  46.00,     0.00,   57.83,   -0.69,  30.12,    0.0,    0.00,   57.36,   56.90,   56.32,   56.28,   55.85,   55.65,   60.06,   60.06,   60.06,   60.06,   60.06,   60.06,  141.61,   60.06,   -28.4,   0,  GPS,   26.0, 115.60, 116.50, 128.400, 132.050,       ,       ,       ,      ,       ,       ,  -14.9,      0,  NONE,   NONE,      ,      ,   0.0,     3D, 3704,      ,       , 203.5,       
2018-03-22, 14:39:36,  -04:00,       ,   43.0691490,  -70.8099823,   252.6, 29.87,    61.4,   7.2,   0.00,   0.00,   -0.87,   1.53,  -1.03,   0.02,   0.00, 342.8, 284.8,  24.6,  24.0,  -4.5,  46.00,  46.00,     0.00,   57.81,   -0.69,  30.12,    0.0,    0.00,   57.35,   56.91,   56.34,   56.25,   55.85,   55.65,   60.13,   60.13,   60.13,   60.13,   60.13,   60.13,  141.79,   60.13,   -28.1,   0,  GPS,   26.0, 115.60, 116.50, 128.400, 132.050,       ,       ,       ,      ,       ,       ,  -14.9,      0,  NONE,   NONE,      ,      ,   0.0,     3D, 3704,      ,       , 203.0,       
2018-03-22, 14:39:37,  -04:00,       ,   43.0691490,  -70.8099823,   252.6, 29.87,    61.6,   7.2,   0.00,   0.00,  -29.15,   1.53,  -1.03,   0.02,   0.00, 342.8, 284.8,  24.6,  24.0,  -4.5,  46.00,  46.00,     0.00,   57.79,   -0.70,  30.12,    0.0,    0.00,   57.35,   56.87,   56.31,   56.25,   55.82,   55.64,   60.10,   60.10,   60.10,   60.10,   60.10,   60.10,  141.86,   60.10,   -27.8,   0,  GPS,   26.0, 115.60, 116.50, 128.400, 132.050,       ,       ,       ,      ,       ,       ,  -14.9,      0,  NONE,   NONE,      ,      ,   0.0,     3D, 3704,      ,       , 203.0,       
2018-03-22, 14:39:38,  -04:00,       ,   43.0691490,  -70.8099899,   252.6, 29.87,    61.3,   7.2,   0.00,   0.00,  -18.86,   1.51,  -1.02,   0.02,   0.00, 342.8, 284.8,  24.6,  24.0,  -4.5,  46.00,  46.00,     0.00,   57.80,   -0.70,  30.12,    0.0,    0.00,   57.33,   56.86,   56.31,   56.24,   55.82,   55.62,   60.13,   60.13,   60.13,   60.13,   60.13,   60.13,  142.00,   60.13,   -28.2,   0,  GPS,   26.0, 115.60, 116.50, 128.400, 132.050,       ,       ,       ,      ,       ,       ,  -14.9,      0,  NONE,   NONE,      ,      ,   0.0,     3D, 3704,      ,       , 203.0,       
2018-03-22, 14:39:39,  -04:00,       ,   43.0691490,  -70.8099899,   253.6, 29.87,    61.1,   7.2,   0.00,   0.00,   -3.54,   1.53,  -1.02,   0.02,   0.00, 342.8, 284.8,  24.6,  24.0,  -4.5,  46.00,  46.00,     0.00,   57.77,   -0.70,  30.12,    0.0,    0.00,   57.33,   56.86,   56.28,   56.22,   55.80,   55.62,   60.13,   60.13,   60.13,   60.13,   60.13,   60.13,  142.05,   60.13,   -28.3,   0,  GPS,   26.0, 115.60, 116.50, 128.400, 132.050,       ,       ,       ,      ,       ,       ,  -14.9,      0,  NONE,   NONE,      ,      ,   0.0,     3D, 3704,      ,       , 203.0,       
2018-03-22, 14:39:40,  -04:00,       ,   43.0691528,  -70.8099899,   251.6, 29.87,    61.3,   7.2,   0.00,   0.00,  -22.71,   1.52,  -1.07,   0.02,   0.01, 342.8, 284.8,  24.6,  24.0,  -4.5,  46.00,  46.00,     0.00,   57.77,   -0.70,  30.12,    0.0,    0.00,   57.32,   56.85,   56.28,   56.22,   55.79,   55.59,   60.13,   60.13,   60.13,   60.13,   60.13,   60.13,  142.15,   60.13,   -28.1,   0,  GPS,   26.0, 115.60, 116.50, 128.400, 132.050,       ,       ,       ,      ,       ,       ,  -14.9,      0,  NONE,   NONE,      ,      ,  -3.9,     3D, 3704,      ,       , 203.0,       
2018-03-22, 14:39:41,  -04:00,       ,   43.0691528,  -70.8099899,   250.6, 29.87,    61.6,   7.2,   0.00,   0.00,  -44.12,   1.56,  -1.07,   0.02,   0.00, 342.8, 284.8,  24.6,  24.0,  -4.5,  46.00,  46.00,     0.00,   57.76,   -0.70,  30.13,    0.0,    0.00,   57.29,   56.83,   56.25,   56.20,   55.79,   55.59,   60.13,   60.13,   60.13,   60.13,   60.13,   60.13,  142.32,   60.13,   -27.9,   0,  GPS,   26.0, 115.60, 116.50, 128.400, 132.050,       ,       ,       ,      ,       ,       ,  -14.9,      0,  NONE,   NONE,      ,      ,   0.0,     3D, 3704,      ,       , 203.0,       
2018-03-22, 14:39:42,  -04:00,       ,   43.0691528,  -70.8099899,   250.6, 29.87,    61.7,   7.2,   0.00,   0.00,  -47.86,   1.55,  -1.01,   0.02,   0.00, 342.8, 284.8,  24.6,  24.0,  -4.5,  46.00,  46.00,     0.00,   57.75,   -0.69,  30.12,    0.0,    0.00,   57.29,   56.81,   56.23,   56.19,   55.76,   55.56,   60.10,   60.10,   60.10,   60.10,   60.10,   60.10,  142.37,   60.10,   -27.8,   0,  GPS,   26.0, 115.60, 116.50, 128.400, 132.050,       ,       ,       ,      ,       ,       ,  -14.9,      0,  NONE,   NONE,      ,      ,  -3.9,     3D, 3704,      ,       , 203.0,       
2018-03-22, 14:39:43,  -04:00,       ,   43.0691528,  -70.8099899,   250.6, 29.87,    61.8,   7.2,   0.00,   0.00,  -29.06,   1.55,  -1.02,   0.02,   0.00, 342.8, 284.8,  24.6,  24.0,  -4.5,  46.00,  46.00,     0.00,   57.75,   -0.69,  30.13,    0.0,    0.00,   57.29,   56.81,   56.22,   56.17,   55.73,   55.56,   60.13,   60.13,   60.13,   60.13,   60.13,   60.13,  142.54,   60.13,   -27.6,   0,  GPS,   26.0, 115.60, 116.50, 128.400, 132.050,       ,       ,       ,      ,       ,       ,  -14.9,      0,  NONE,   NONE,      ,      ,   0.0,     3D, 3704,      ,       , 203.0,       
2018-03-22, 14:39:44,  -04:00,       ,   43.0691528,  -70.8099899,   250.6, 29.87,    62.7,   7.2,   0.00,   0.00,  -16.65,   1.55,  -1.03,   0.02,   0.00, 342.8, 284.8,  24.6,  24.0,  -4.5,  46.00,  46.00,     0.00,   57.73,   -0.69,  30.12,    0.0,    0.00,   57.27,   56.83,   56.20,   56.16,   55.74,   55.56,   60.13,   60.13,   60.13,   60.13,   60.13,   60.13,  142.61,   60.13,   -26.7,   0,  GPS,   26.0, 115.60, 116.50, 128.400, 132.050,       ,       ,       ,      ,       ,       ,  -14.9,      0,  NONE,   NONE,      ,      ,  -3.9,     3D, 3704,      ,       , 203.0,       
2018-03-22, 14:39:45,  -04:00,       ,   43.0691490,  -70.8099899,   250.6, 29.87,    62.8,   7.2,   0.00,   0.00,  -16.02,   1.56,  -1.00,   0.01,   0.00, 342.9, 284.8,  24.6,  24.0,  -4.5,  46.00,  46.00,     0.00,   57.73,   -0.69,  30.12,    0.0,    0.00,   57.24,   56.80,   56.20,   56.14,   55.73,   55.53,   60.13,   60.13,   60.13,   60.13,   60.13,   60.13,  142.72,   60.13,   -26.7,   0,  GPS,   26.0, 115.60, 116.50, 128.400, 132.050,       ,       ,       ,      ,       ,       ,  -14.9,      0,  NONE,   NONE,      ,      ,   0.0,     3D, 3704,      ,       , 203.0,       
2018-03-22, 14:39:46,  -04:00,       ,   43.0691490,  -70.8099899,   250.6, 29.87,    63.3,   7.2,   0.00,   0.00,   -8.94,   1.55,  -1.00,   0.02,   0.00, 342.9, 284.8,  24.6,  24.0,  -4.5,  46.00,  46.00,     0.00,   57.71,   -0.69,  30.12,    0.0,    0.00,   57.23,   56.79,   56.19,   56.14,   55.70,   55.53,   60.13,   60.13,   60.13,   60.13,   60.13,   60.13,  142.79,   60.13,   -26.1,   0,  GPS,   26.0, 115.60, 116.50, 128.400, 132.050,       ,       ,       ,      ,       ,       ,  -14.9,      0,  NONE,   NONE,      ,      ,   0.0,     3D, 3704,      ,       , 203.0,       
2018-03-22, 14:39:47,  -04:00,       ,   43.0691490,  -70.8099899,   250.6, 29.87,    63.7,   7.2,   0.00,   0.00,   -6.34,   1.54,  -1.00,   0.02,   0.00, 342.9, 284.8,  24.6,  24.0,  -4.5,  46.00,  46.00,     0.00,   57.69,   -0.70,  30.12,    0.0,    0.00,   57.23,   56.77,   56.17,   56.11,   55.70,   55.51,   60.13,   60.13,   60.13,   60.13,   60.13,   60.13,  142.91,   60.13,   -25.7,   0,  GPS,   26.0, 115.60, 116.50, 128.400, 132.050,       ,       ,       ,      ,       ,       ,  -14.9,      0,  NONE,   NONE,      ,      ,   0.0,     3D, 3704,      ,       , 203.0,       
2018-03-22, 14:39:48,  -04:00,       ,   43.0691490,  -70.8099899,   250.6, 29.87,    64.1,   7.2,   0.00,   0.00,   -0.35,   1.54,  -0.99,   0.02,   0.00, 342.9, 284.8,  24.6,  24.0,  -4.5,  46.00,  46.00,     0.00,   57.69,   -0.70,  30.12,    0.0,    0.00,   57.21,   56.77,   56.17,   56.10,   55.70,   55.50,   60.13,   60.13,   60.13,   60.13,   60.13,   60.13,  143.00,   60.13,   -25.4,   0,  GPS,   26.0, 115.60, 116.50, 128.400, 132.050,       ,       ,       ,      ,       ,       ,  -14.9,      0,  NONE,   NONE,      ,      ,  -3.9,     3D, 3704,      ,       , 203.0,       
2018-03-22, 14:39:49,  -04:00,       ,   43.0691490,  -70.8099899,   250.6, 29.87,    64.4,   7.2,   0.00,   0.00,   -0.88,   1.54,  -1.04,   0.02,   0.00, 342.9, 284.8,  24.6,  24.0,  -4.5,  46.00,  46.00,     0.00,   57.68,   -0.70,  30.12,    0.0,    0.00,   57.21,   56.75,   56.14,   56.11,   55.67,   55.50,   60.13,   60.13,   60.13,   60.13,   60.13,   60.13,  143.12,   60.13,   -25.0,   0,  GPS,   26.0, 115.60, 116.50, 128.400, 132.050,       ,       ,       ,      ,       ,       ,  -14.9,      0,  NONE,   NONE,      ,      ,   0.0,     3D, 3704,      ,       , 202.5,       
2018-03-22, 14:39:50,  -04:00,       ,   43.0691528,  -70.8099899,   250.6, 29.87,    64.0,   7.2,   0.00,   0.00,   -9.10,   1.54,  -1.03,   0.02,   0.00, 342.9, 284.8,  24.6,  24.0,  -4.5,  46.00,  46.00,     0.00,   57.67,   -0.69,  30.12,    0.0,    0.00,   57.18,   56.74,   56.14,   56.08,   55.64,   55.47,   60.16,   60.16,   60.16,   60.16,   60.16,   60.16,  143.20,   60.16,   -25.4,   0,  GPS,   26.0, 115.60, 116.50, 128.400, 132.050,       ,       ,       ,      ,       ,       ,  -14.9,      0,  NONE,   NONE,      ,      ,  -3.9,     3D, 3704,      ,       , 202.5,       
2018-03-22, 14:39:51,  -04:00,       ,   43.0691528,  -70.8099899,   250.6, 29.87,    64.9,   7.2,   0.00,   0.00,  -15.70,   1.54,  -1.07,   0.02,   0.00, 342.9, 284.8,  24.6,  24.0,  -4.5,  46.00,  46.00,     0.00,   57.65,   -0.69,  30.12,    0.0,    0.00,   57.17,   56.74,   56.11,   56.06,   55.62,   55.46,   60.13,   60.13,   60.13,   60.13,   60.13,   60.13,  143.27,   60.13,   -24.5,   0,  GPS,   26.0, 115.60, 116.50, 128.400, 132.050,       ,       ,       ,      ,       ,       ,  -14.9,      0,  NONE,   NONE,      ,      ,  -3.9,     3D, 3704,      ,       , 202.5,       
2018-03-22, 14:39:52,  -04:00,       ,   43.0691528,  -70.8099899,   250.6, 29.87,    65.1,   7.2,   0.00,   0.00,  -15.99,   1.54,  -1.03,   0.02,   0.00, 342.9, 284.8,  24.6,  24.0,  -4.5,  46.00,  46.00,     0.00,   57.65,   -0.70,  30.12,    0.0,    0.00,   57.17,   56.72,   56.11,   56.06,   55.62,   55.44,   60.13,   60.13,   60.13,   60.13,   60.13,   60.13,  143.38,   60.13,   -24.3,   0,  GPS,   26.0, 115.60, 116.50, 128.400, 132.050,       ,       ,       ,      ,       ,       ,  -14.9,      0,  NONE,   NONE,      ,      ,   0.0,     3D, 3704,      ,       , 202.5,       
2018-03-22, 14:39:53,  -04:00,       ,   43.0691528,  -70.8099976,   250.6, 29.87,    65.3,   7.2,   0.00,   0.00,  -16.00,   1.54,  -1.03,   0.02,   0.00, 342.9, 284.8,  24.6,  24.0,  -4.5,  46.00,  46.00,     0.00,   57.62,   -0.69,  30.13,    0.0,    0.00,   57.16,   56.71,   56.08,   56.03,   55.59,   55.41,   60.13,   60.13,   60.13,   60.13,   60.13,   60.13,  143.47,   60.13,   -24.1,   0,  GPS,   26.0, 115.60, 116.50, 128.400, 132.050,       ,       ,       ,      ,       ,       ,  -14.9,      0,  NONE,   NONE,      ,      ,  -3.9,     3D, 3704,      ,       , 202.5,       
2018-03-22, 14:39:54,  -04:00,       ,   43.0691528,  -70.8099976,   250.6, 29.87,    65.6,   7.2,   0.00,   0.00,  -16.00,   1.54,  -1.02,   0.02,   0.00, 342.9, 284.8,  24.6,  24.0,  -4.5,  46.00,  46.00,     0.00,   57.62,   -0.69,  30.12,    0.0,    0.00,   57.15,   56.69,   56.10,   56.04,   55.59,   55.41,   60.13,   60.13,   60.13,   60.13,   60.13,   60.13,  143.57,   60.13,   -23.8,   0,  GPS,   26.0, 115.60, 116.50, 128.400, 132.050,       ,       ,       ,      ,       ,       ,  -14.9,      0,  NONE,   NONE,      ,      ,   0.0,     3D, 3704,      ,       , 202.5,       
2018-03-22, 14:39:55,  -04:00,       ,   43.0691528,  -70.8099976,   250.6, 29.87,    65.9,   7.2,   0.00,   0.00,   -8.94,   1.53,  -1.02,   0.02,   0.00, 342.9, 284.8,  24.6,  24.0,  -4.5,  46.00,  46.00,     0.00,   57.61,   -0.69,  30.12,    0.0,    0.00,   57.13,   56.69,   56.07,   56.04,   55.57,   55.41,   60.13,   60.13,   60.13,   60.13,   60.13,   60.13,  143.70,   60.13,   -23.6,   0,  GPS,   26.0, 115.60, 116.50, 128.400, 132.050,       ,       ,       ,      ,       ,       ,  -14.9,      0,  NONE,   NONE,      ,      ,   0.0,     3D, 3704,      ,       , 202.5,       
2018-03-22, 14:39:56,  -04:00,       ,   43.0691528,  -70.8099976,   250.6, 29.87,    67.3,   7.2,   0.00,   0.00,   -0.42,   1.53,  -1.00,   0.02,   0.00, 342.9, 284.8,  24.6,  24.0,  -4.5,  46.00,  46.00,     0.00,   57.59,   -0.69,  30.12,    0.0,    0.00,   57.12,   56.68,   56.07,   56.02,   55.56,   55.38,   60.13,   60.13,   60.13,   60.13,   60.13,   60.13,  143.75,   60.13,   -22.2,   0,  GPS,   26.0, 115.60, 116.50, 128.400, 132.050,       ,       ,       ,      ,       ,       ,  -14.9,      0,  NONE,   NONE,      ,      ,  -3.9,     3D, 3704,      ,       , 202.5,       
2018-03-22, 14:39:57,  -04:00,       ,   43.0691528,  -70.8099976,   250.6, 29.87,    67.4,   7.2,   0.00,   0.00,  -13.84,   1.54,  -1.01,   0.02,   0.00, 342.9, 284.8,  24.6,  24.0,  -4.5,  46.00,  46.00,     0.00,   57.59,   -0.68,  30.12,    0.0,    0.00,   57.12,   56.66,   56.05,   56.01,   55.56,   55.38,   60.16,   60.16,   60.16,   60.16,   60.16,   60.16,  143.89,   60.16,   -22.0,   0,  GPS,   26.0, 115.60, 116.50, 128.400, 132.050,       ,       ,       ,      ,       ,       ,  -14.9,      0,  NONE,   NONE,      ,      ,  -3.9,     3D, 3704,      ,       , 202.5,       
2018-03-22, 14:39:58,  -04:00,       ,   43.0691528,  -70.8099976,   250.6, 29.87,    68.1,   7.2,   0.00,   0.00,  -15.93,   1.53,  -0.98,   0.02,   0.00, 342.9, 284.8,  24.6,  24.0,  -4.5,  46.00,  46.00,     0.00,   57.56,   -0.68,  30.12,    0.0,    0.00,   57.09,   56.67,   56.03,   55.99,   55.54,   55.37,   60.13,   60.13,   60.13,   60.13,   60.13,   60.13,  144.04,   60.13,   -21.4,   0,  GPS,   26.0, 115.60, 116.50, 128.400, 132.050,       ,       ,       ,      ,       ,       ,  -14.9,      0,  NONE,   NONE,      ,      ,   0.0,     3D, 3704,      ,       , 202.5,       
2018-03-22, 14:39:59,  -04:00,       ,   43.0691490,  -70.8099976,   251.6, 29.87,    68.4,   7.2,   0.00,   0.00,   -1.85,   1.53,  -1.00,   0.02,   0.00, 342.9, 284.8,  24.6,  24.0,  -4.5,  46.00,  46.00,     0.00,   57.56,   -0.68,  30.12,    0.0,    0.00,   57.09,   56.60,   56.02,   55.96,   55.52,   55.35,   60.16,   60.16,   60.16,   60.16,   60.16,   60.16,  144.23,   60.16,   -21.0,   0,  GPS,   26.0, 115.60, 116.50, 128.400, 132.050,       ,       ,       ,      ,       ,       ,  -14.9,      0,  NONE,   NONE,      ,      ,   0.0,     3D, 3704,      ,       , 202.5,       
2018-03-22, 14:40:00,  -04:00,       ,   43.0691490,  -70.8099976,   251.6, 29.87,    68.9,   7.2,   0.00,   0.00,    4.73,   1.53,  -1.01,   0.02,   0.00, 342.9, 284.8,  24.6,  24.0,  -4.5,  46.00,  46.00,     0.00,   57.55,   -0.68,  30.12,    0.0,    0.00,   57.07,   56.63,   56.02,   55.98,   55.50,   55.35,   60.16,   60.16,   60.16,   60.16,   60.16,   60.16,  144.31,   60.16,   -20.6,   0,  GPS,   26.0, 115.60, 116.50, 128.400, 132.050,       ,       ,       ,      ,       ,       ,  -14.9,      0,  NONE,   NONE,      ,      ,   0.0,     3D, 3704,      ,       , 202.5,       
2018-03-22, 14:40:01,  -04:00,       ,   43.0691490,  -70.8099976,   251.6, 29.87,    69.2,   7.2,   0.00,   0.00,   15.41,   1.53,  -1.01,   0.02,  -0.00, 342.9, 284.8,  24.6,  24.0,  -4.5,  46.00,  46.00,     0.00,   57.54,   -0.69,  30.12,    0.0,    0.00,   57.06,   56.60,   55.97,   55.96,   55.50,   55.35,   60.16,   60.16,   60.16,   60.16,   60.16,   60.16,  144.26,   60.16,   -20.3,   0,  GPS,   26.0, 115.60, 116.50, 128.400, 132.050,       ,       ,       ,      ,       ,       ,  -14.9,      0,  NONE,   NONE,      ,      ,   0.0,     3D, 3704,      ,       , 202.5,       
2018-03-22, 14:40:02,  -04:00,       ,   43.0691528,  -70.8099976,   251.6, 29.87,    68.0,   7.2,   0.00,   0.00,    1.57,   1.54,  -1.03,   0.02,   0.00, 342.9, 284.8,  24.6,  24.0,  -4.5,  46.00,  46.00,     0.00,   57.53,   -0.69,  30.12,    0.0,    0.00,   57.06,   56.62,   55.96,   55.93,   55.49,   55.32,   60.16,   60.16,   60.16,   60.16,   60.16,   60.16,  144.34,   60.16,   -21.4,   0,  GPS,   26.0, 115.60, 116.50, 128.400, 132.050,       ,       ,       ,      ,       ,       ,  -14.9,      0,  NONE,   NONE,      ,      ,  -3.9,     3D, 3704,      ,       , 202.5,       
2018-03-22, 14:40:03,  -04:00,       ,   43.0691528,  -70.8099976,   251.6, 29.87,    67.7,   7.2,   0.00,   0.00,    0.05,   1.53,  -1.01,   0.02,   0.00, 342.9, 284.8,  24.6,  24.0,  -4.5,  46.00,  46.00,     0.00,   57.52,   -0.69,  30.12,    0.0,    0.00,   57.04,   56.59,   55.96,   55.93,   55.49,   55.30,   60.16,   60.16,   60.16,   60.16,   60.16,   60.16,  144.43,   60.16,   -21.7,   0,  GPS,   26.0, 115.60, 116.50, 128.400, 132.050,       ,       ,       ,      ,       ,       ,  -14.9,      0,  NONE,   NONE,      ,      ,   0.0,     3D, 3704,      ,       , 202.5,       
2018-03-22, 14:40:04,  -04:00,       ,   43.0691528,  -70.8099976,   252.6, 29.87,    67.5,   7.2,   0.00,   0.00,    0.00,   1.53,  -1.01,   0.02,   0.00, 342.9, 284.8,  24.6,  24.0,  -4.5,  46.00,  46.00,     0.00,   57.51,   -0.69,  30.13,    0.0,    0.00,   57.03,   56.57,   55.94,   55.93,   55.45,   55.30,   60.16,   60.16,   60.16,   60.16,   60.16,   60.16,  144.52,   60.16,   -21.9,   0,  GPS,   26.0, 115.60, 116.50, 128.400, 132.050,       ,       ,       ,      ,       ,       ,  -14.9,      0,  NONE,   NONE,      ,      ,  -3.9,     3D, 3704,      ,       , 202.0,       
2018-03-22, 14:40:05,  -04:00,       ,   43.0691528,  -70.8099976,   252.6, 29.87,    67.3,   7.2,   0.00,   0.00,    7.39,   1.53,  -1.01,   0.02,   0.00, 342.9, 284.8,  24.6,  24.0,  -4.5,  46.00,  46.00,     0.00,   57.51,   -0.69,  30.13,    0.0,    0.00,   57.01,   56.57,   55.95,   55.90,   55.44,   55.27,   60.13,   60.13,   60.13,   60.13,   60.13,   60.13,  144.57,   60.13,   -22.1,   0,  GPS,   26.0, 115.60, 116.50, 128.400, 132.050,       ,       ,       ,      ,       ,       ,  -14.9,      0,  NONE,   NONE,      ,      ,  -3.9,     3D, 3704,      ,       , 202.0,       
2018-03-22, 14:40:06,  -04:00,       ,   43.0691528,  -70.8099976,   253.6, 29.87,    67.2,   7.2,   0.00,   0.00,   23.47,   1.55,  -1.01,   0.02,   0.00, 342.9, 284.8,  24.6,  24.0,  -4.5,  46.00,  46.00,     0.00,   57.47,   -0.69,  30.13,    0.0,    0.00,   57.00,   56.55,   55.91,   55.88,   55.43,   55.25,   60.16,   60.16,   60.16,   60.16,   60.16,   60.16,  144.70,   60.16,   -22.3,   0,  GPS,   26.0, 115.60, 116.50, 128.400, 132.050,       ,       ,       ,      ,       ,       ,  -14.9,      0,  NONE,   NONE,      ,      ,   0.0,     3D, 3704,      ,       , 202.0,       
2018-03-22, 14:40:07,  -04:00,       ,   43.0691528,  -70.8099976,   252.6, 29.87,    67.0,   7.2,   0.00,   0.00,    1.94,   1.53,  -1.00,   0.02,   0.00, 342.9, 284.8,  24.6,  24.0,  -4.4,  46.00,  46.00,     0.00,   57.49,   -0.69,  30.12,    0.0,    0.00,   56.98,   56.54,   55.91,   55.88,   55.41,   55.27,   60.16,   60.16,   60.16,   60.16,   60.16,   60.16,  144.83,   60.16,   -22.4,   0,  GPS,   26.0, 115.60, 116.50, 128.400, 132.050,       ,       ,       ,      ,       ,       ,  -14.9,      0,  NONE,   NONE,      ,      ,   0.0,     3D, 3704,      ,       , 202.0,       
2018-03-22, 14:40:08,  -04:00,       ,   43.0691528,  -70.8099899,   251.6, 29.87,    67.2,   7.2,   0.00,   0.00,  -28.43,   1.53,  -1.00,   0.02,   0.00, 342.9, 284.8,  24.6,  24.0,  -4.4,  46.00,  46.00,     0.00,   57.46,   -0.70,  30.12,    0.0,    0.00,   56.97,   56.54,   55.90,   55.85,   55.41,   55.24,   60.16,   60.16,   60.16,   60.16,   60.16,   60.16,  144.91,   60.16,   -22.2,   0,  GPS,   26.0, 115.60, 116.50, 128.400, 132.050,       ,       ,       ,      ,       ,       ,  -14.9,      0,  NONE,   NONE,      ,      ,   0.0,     3D, 3704,      ,       , 202.0,       
2018-03-22, 14:40:09,  -04:00,       ,   43.0691528,  -70.8099899,   250.6, 29.87,    67.0,   7.2,   0.00,   0.00,  -46.71,   1.52,  -1.03,   0.02,   0.00, 342.9, 284.8,  24.6,  24.0,  -4.4,  46.00,  46.00,     0.00,   57.45,   -0.69,  30.13,    0.0,    0.00,   56.95,   56.54,   55.88,   55.85,   55.38,   55.21,   60.16,   60.16,   60.16,   60.16,   60.16,   60.16,  144.97,   60.16,   -22.4,   0,  GPS,   26.0, 115.60, 116.50, 128.400, 132.050,       ,       ,       ,      ,       ,       ,  -14.9,      0,  NONE,   NONE,      ,      ,  -3.9,     3D, 3704,      ,       , 202.0,       
2018-03-22, 14:40:10,  -04:00,       ,   43.0691528,  -70.8099899,   250.6, 29.87,    67.0,   7.2,   0.00,   0.00,  -33.82,   1.52,  -1.05,   0.02,   0.00, 342.9, 284.8,  24.6,  24.0,  -4.4,  46.00,  46.00,     0.00,   57.42,   -0.69,  30.13,    0.0,    0.00,   56.92,   56.51,   55.85,   55.84,   55.35,   55.24,   60.16,   60.16,   60.16,   60.16,   60.16,   60.16,  145.07,   60.16,   -22.5,   0,  GPS,   26.0, 115.60, 116.50, 128.400, 132.050,       ,       ,       ,      ,       ,       ,  -14.9,      0,  NONE,   NONE,      ,      ,  -3.9,     3D, 3704,      ,       , 202.0,       
2018-03-22, 14:40:11,  -04:00,       ,   43.0691528,  -70.8099899,   250.6, 29.87,    66.8,   7.2,   0.00,   0.00,  -26.11,   1.51,  -1.05,   0.01,   0.00, 342.9, 284.8,  24.6,  24.0,  -4.4,  46.00,  46.00,     0.00,   57.43,   -0.69,  30.12,    0.0,    0.00,   56.92,   56.51,   55.85,   55.82,   55.36,   55.19,   60.16,   60.16,   60.16,   60.16,   60.16,   60.16,  145.10,   60.16,   -22.7,   0,  GPS,   26.0, 115.60, 116.50, 128.400, 132.050,       ,       ,       ,      ,       ,       ,  -14.9,      0,  NONE,   NONE,      ,      ,   0.0,     3D, 3704,      ,       , 202.0,       
2018-03-22, 14:40:12,  -04:00,       ,   43.0691528,  -70.8099899,   250.6, 29.87,    66.6,   7.2,   0.00,   0.00,  -27.91,   1.52,  -1.03,   0.02,  -0.00, 343.0, 284.8,  24.6,  24.0,  -4.4,  46.00,  46.00,     0.00,   57.42,   -0.69,  30.12,    0.0,    0.00,   56.92,   56.48,   55.85,   55.82,   55.33,   55.20,   60.16,   60.16,   60.16,   60.16,   60.16,   60.16,  145.21,   60.16,   -22.8,   0,  GPS,   26.0, 115.60, 116.50, 128.400, 132.050,       ,       ,       ,      ,       ,       ,  -14.9,      0,  NONE,   NONE,      ,      ,  -3.9,     3D, 3704,      ,       , 202.0,       
2018-03-22, 14:40:13,  -04:00,       ,   43.0691528,  -70.8099899,   251.6, 29.87,    66.5,   7.2,   0.00,   0.00,   -4.17,   1.48,  -1.04,   0.02,   0.00, 342.9, 284.8,  24.6,  24.0,  -4.4,  46.00,  46.00,     0.00,   57.39,   -0.70,  30.12,    0.0,    0.00,   56.91,   56.49,   55.85,   55.80,   55.33,   55.18,   60.16,   60.16,   60.16,   60.16,   60.16,   60.16,  145.28,   60.16,   -22.9,   0,  GPS,   26.0, 115.60, 116.50, 128.400, 132.050,       ,       ,       ,      ,       ,       ,  -14.9,      0,  NONE,   NONE,      ,      ,   0.0,     3D, 3704,      ,       , 202.0,       
2018-03-22, 14:40:14,  -04:00,       ,   43.0691528,  -70.8099976,   251.6, 29.87,    67.5,   7.2,   0.00,   0.00,   13.37,   1.51,  -1.03,   0.02,   0.00, 342.9, 284.8,  24.6,  23.9,  -4.7,  46.00,  46.00,     0.00,   57.39,   -0.72,  30.12,    0.0,    0.00,   56.89,   56.49,   55.82,   55.81,   55.33,   55.18,   60.16,   60.16,   60.16,   60.16,   60.16,   60.16,  150.56,   60.16,   -22.0,   0,  GPS,   26.0, 115.60, 116.50, 128.400, 132.050,       ,       ,       ,      ,       ,       ,  -14.9,      0,  NONE,   NONE,      ,      ,   0.0,     3D, 3704,      ,       , 202.0,       
2018-03-22, 14:40:15,  -04:00,       ,   43.0691528,  -70.8099976,   250.6, 29.87,    67.7,   7.2,   0.00,   0.00,  -11.63,   1.47,  -1.04,   0.02,   0.00, 342.9, 284.8,  24.6,  23.9,  -4.7,  46.00,  46.00,     0.00,   57.37,   -0.70,  30.13,    0.0,    0.00,   56.89,   56.48,   55.82,   55.79,   55.30,   55.15,   60.20,   60.20,   60.20,   60.20,   60.20,   60.20,  145.52,   60.20,   -21.8,   0,  GPS,   26.0, 115.60, 116.50, 128.400, 132.050,       ,       ,       ,      ,       ,       ,  -14.9,      0,  NONE,   NONE,      ,      ,   0.0,     3D, 3704,      ,       , 202.0,       
2018-03-22, 14:40:16,  -04:00,       ,   43.0691528,  -70.8099976,   250.6, 29.87,    67.5,   7.2,   0.00,   0.00,  -27.86,   1.49,  -1.04,   0.02,   0.00, 343.0, 284.8,  24.6,  23.9,  -4.8,  46.00,  46.00,     0.00,   57.36,   -0.70,  30.13,    0.0,    0.00,   56.88,   56.47,   55.82,   55.78,   55.28,   55.13,   60.20,   60.20,   60.20,   60.20,   60.20,   60.20,  145.54,   60.20,   -22.0,   0,  GPS,   26.0, 115.60, 116.50, 128.400, 132.050,       ,       ,       ,      ,       ,       ,  -14.9,      0,  NONE,   NONE,      ,      ,   0.0,     3D, 3704,      ,       , 202.0,       
2018-03-22, 14:40:17,  -04:00,       ,   43.0691528,  -70.8099976,   250.6, 29.87,    67.3,   7.2,   0.00,   0.00,  -13.22,   1.49,  -1.01,   0.01,   0.00, 342.9, 284.8,  24.6,  23.9,  -4.8,  46.00,  46.00,     0.00,   57.36,   -0.70,  30.13,    0.0,    0.00,   56.86,   56.45,   55.79,   55.76,   55.27,   55.12,   60.13,   60.13,   60.13,   60.13,   60.13,   60.13,  145.60,   60.13,   -22.1,   0,  GPS,   26.0, 115.60, 116.50, 128.400, 132.050,       ,       ,       ,      ,       ,       ,  -14.9,      0,  NONE,   NONE,      ,      ,  -3.9,     3D, 3704,      ,       , 202.0,       
2018-03-22, 14:40:18,  -04:00,       ,   43.0691528,  -70.8099976,   251.6, 29.87,    67.2,   7.2,   0.00,   0.00,   -0.66,   1.49,  -1.00,   0.02,   0.00, 342.9, 284.8,  24.6,  23.9,  -4.8,  46.00,  46.00,     0.00,   57.34,   -0.69,  30.14,    0.0,    0.00,   56.85,   56.45,   55.77,   55.75,   55.27,   55.10,   60.20,   60.20,   60.20,   60.20,   60.20,   60.20,  145.69,   60.20,   -22.3,   0,  GPS,   26.0, 115.60, 116.50, 128.400, 132.050,       ,       ,       ,      ,       ,       ,  -14.9,      0,  NONE,   NONE,      ,      ,   0.0,     3D, 3704,      ,       , 202.0,       
2018-03-22, 14:40:19,  -04:00,       ,   43.0691528,  -70.8099976,   251.6, 29.87,    67.0,   7.2,   0.00,   0.00,   -0.02,   1.51,  -1.02,   0.02,  -0.00, 342.9, 284.8,  24.6,  23.9,  -4.7,  46.00,  46.00,     0.00,   57.33,   -0.70,  30.14,    0.0,    0.00,   56.84,   56.40,   55.76,   55.74,   55.24,   55.10,   60.16,   60.16,   60.16,   60.16,   60.16,   60.16,  145.77,   60.16,   -22.5,   0,  GPS,   26.0, 115.60, 116.50, 128.400, 132.050,       ,       ,       ,      ,       ,       ,  -14.9,      0,  NONE,   NONE,      ,      ,  -3.9,     3D, 3704,      ,       , 202.0,       
2018-03-22, 14:40:20,  -04:00,       ,   43.0691566,  -70.8099976,   250.6, 29.87,    66.1,   7.2,   0.00,   0.00,   -8.47,   1.48,  -1.05,   0.02,   0.00, 342.9, 284.8,  24.6,  23.9,  -4.7,  46.00,  46.00,     0.00,   57.34,   -0.69,  30.14,    0.0,    0.00,   56.83,   56.42,   55.76,   55.73,   55.24,   55.09,   60.16,   60.16,   60.16,   60.16,   60.16,   60.16,  145.82,   60.16,   -23.3,   0,  GPS,   26.0, 115.60, 116.50, 128.400, 132.050,       ,       ,       ,      ,       ,       ,  -14.9,      0,  NONE,   NONE,      ,      ,   0.0,     3D, 3704,      ,       , 201.5,       
2018-03-22, 14:40:21,  -04:00,       ,   43.0691566,  -70.8099976,   251.6, 29.87,    66.0,   7.2,   0.00,   0.00,   -2.75,   1.49,  -1.03,   0.02,   0.00, 342.9, 284.8,  24.6,  23.9,  -4.7,  46.00,  46.00,     0.00,   57.31,   -0.68,  30.13,    0.0,    0.00,   56.81,   56.38,   55.73,   55.73,   55.21,   55.07,   60.20,   60.20,   60.20,   60.20,   60.20,   60.20,  146.02,   60.20,   -23.5,   0,  GPS,   26.0, 115.60, 116.50, 128.400, 132.050,       ,       ,       ,      ,       ,       ,  -14.9,      0,  NONE,   NONE,      ,      ,   0.0,     3D, 3704,      ,       , 201.5,       
2018-03-22, 14:40:22,  -04:00,       ,   43.0691566,  -70.8099976,   251.6, 29.87,    66.0,   7.2,   0.00,   0.00,    4.67,   1.48,  -1.02,   0.02,   0.00, 342.9, 284.8,  24.6,  23.9,  -4.6,  46.00,  46.00,     0.00,   57.29,   -0.69,  30.13,    0.0,    0.00,   56.80,   56.39,   55.73,   55.71,   55.23,   55.06,   60.16,   60.16,   60.16,   60.16,   60.16,   60.16,  146.07,   60.16,   -23.4,   0,  GPS,   26.0, 115.60, 116.50, 128.400, 132.050,       ,       ,       ,      ,       ,       ,  -14.9,      0,  NONE,   NONE,      ,      ,   0.0,     3D, 3704,      ,       , 201.5,       
2018-03-22, 14:40:23,  -04:00,       ,   43.0691566,  -70.8099976,   251.6, 29.87,    65.9,   7.2,   0.00,   0.00,   14.74,   1.48,  -1.07,   0.02,   0.00, 342.9, 284.8,  24.6,  23.9,  -4.6,  46.00,  46.00,     0.00,   57.28,   -0.69,  30.13,    0.0,    0.00,   56.78,   56.37,   55.71,   55.70,   55.21,   55.06,   60.20,   60.20,   60.20,   60.20,   60.20,   60.20,  146.16,   60.20,   -23.6,   0,  GPS,   26.0, 115.60, 116.50, 128.400, 132.050,       ,       ,       ,      ,       ,       ,  -14.9,      0,  NONE,   NONE,      ,      ,   0.0,     3D, 3704,      ,       , 201.5,       
2018-03-22, 14:40:24,  -04:00,       ,   43.0691566,  -70.8099976,   251.6, 29.87,    65.8,   7.2,   0.00,   0.00,  -12.06,   1.49,  -1.02,   0.02,  -0.00, 342.9, 284.8,  24.6,  23.9,  -4.6,  46.00,  46.00,     0.00,   57.28,   -0.71,  30.14,    0.0,    0.00,   56.77,   56.37,   55.70,   55.67,   55.18,   55.06,   60.16,   60.16,   60.16,   60.16,   60.16,   60.16,  146.22,   60.16,   -23.7,   0,  GPS,   26.0, 115.60, 116.50, 128.400, 132.050,       ,       ,       ,      ,       ,       ,  -14.9,      0,  NONE,   NONE,      ,      ,   0.0,     3D, 3704,      ,       , 201.5,       
2018-03-22, 14:40:25,  -04:00,       ,   43.0691566,  -70.8099976,   250.6, 29.87,    65.6,   7.2,   0.00,   0.00,  -17.31,   1.48,  -1.04,   0.02,   0.00, 342.9, 284.8,  24.6,  24.0,  -4.6,  46.00,  46.00,     0.00,   57.28,   -0.70,  30.13,    0.0,    0.00,   56.75,   56.35,   55.70,   55.67,   55.18,   55.04,   60.23,   60.23,   60.23,   60.23,   60.23,   60.23,  146.27,   60.23,   -23.9,   0,  GPS,   26.0, 115.60, 116.50, 128.400, 132.050,       ,       ,       ,      ,       ,       ,  -14.9,      0,  NONE,   NONE,      ,      ,  -3.9,     3D, 3704,      ,       , 201.5,       
2018-03-22, 14:40:26,  -04:00,       ,   43.0691566,  -70.8099976,   250.6, 29.87,    64.7,   7.2,   0.00,   0.00,  -20.40,   1.47,  -1.02,   0.02,   0.00, 342.9, 284.8,  24.6,  24.0,  -4.6,  46.00,  46.00,     0.00,   57.25,   -0.70,  30.13,    0.0,    0.00,   56.74,   56.34,   55.70,   55.64,   55.16,   55.03,   60.16,   60.16,   60.16,   60.16,   60.16,   60.16,  146.27,   60.16,   -24.8,   0,  GPS,   26.0, 115.60, 116.50, 128.400, 132.050,       ,       ,       ,      ,       ,       ,  -14.9,      0,  NONE,   NONE,      ,      ,  -3.9,     3D, 3704,      ,       , 201.5,       
2018-03-22, 14:40:27,  -04:00,       ,   43.0691566,  -70.8099976,   250.6, 29.87,    64.1,   7.2,   0.00,   0.00,  -16.21,   1.46,  -1.02,   0.02,   0.00, 342.9, 284.8,  24.6,  24.0,  -4.6,  46.00,  46.00,     0.00,   57.25,   -0.69,  30.14,    0.0,    0.00,   56.75,   56.34,   55.67,   55.64,   55.15,   55.01,   60.20,   60.20,   60.20,   60.20,   60.20,   60.20,  146.40,   60.20,   -25.3,   0,  GPS,   26.0, 115.60, 116.50, 128.400, 132.050,       ,       ,       ,      ,       ,       ,  -14.9,      0,  NONE,   NONE,      ,      ,  -3.9,     3D, 3704,      ,       , 201.5,       
2018-03-22, 14:40:28,  -04:00,       ,   43.0691566,  -70.8099976,   250.6, 29.87,    63.7,   7.2,   0.00,   0.00,  -12.38,   1.46,  -1.02,   0.02,  -0.00, 342.9, 284.8,  24.6,  24.0,  -4.6,  46.00,  46.00,     0.00,   57.22,   -0.68,  30.14,    0.0,    0.00,   56.72,   56.34,   55.67,   55.62,   55.15,   55.01,   60.16,   60.16,   60.16,   60.16,   60.16,   60.16,  146.47,   60.16,   -25.7,   0,  GPS,   26.0, 115.60, 116.50, 128.400, 132.050,       ,       ,       ,      ,       ,       ,  -14.9,      0,  NONE,   NONE,      ,      ,   0.0,     3D, 3704,      ,       , 201.5,       
2018-03-22, 14:40:29,  -04:00,       ,   43.0691566,  -70.8099976,   250.6, 29.87,    63.5,   7.2,   0.00,   0.00,  -13.23,   1.46,  -1.03,   0.02,   0.00, 342.9, 284.8,  24.6,  24.0,  -4.5,  46.00,  46.00,     0.00,   57.22,   -0.68,  30.14,    0.0,    0.00,   56.72,   56.32,   55.64,   55.62,   55.13,   55.00,   60.20,   60.20,   60.20,   60.20,   60.20,   60.20,  146.52,   60.20,   -25.9,   0,  GPS,   26.0, 115.60, 116.50, 128.400, 132.050,       ,       ,       ,      ,       ,       ,  -14.9,      0,  NONE,   NONE,      ,      ,   0.0,     3D, 3704,      ,       , 201.5,       
2018-03-22, 14:40:30,  -04:00,       ,   43.0691566,  -70.8099976,   250.6, 29.87,    63.2,   7.2,   0.00,   0.00,   -6.85,   1.45,  -1.01,   0.02,   0.00, 342.9, 284.8,  24.6,  23.9,  -4.8,  46.00,  46.00,     0.00,   57.21,   -0.68,  30.13,    0.0,    0.00,   56.69,   56.31,   55.64,   55.61,   55.13,   54.98,   60.20,   60.20,   60.20,   60.20,   60.20,   60.20,  146.72,   60.20,   -26.2,   0,  GPS,   26.0, 115.60, 116.50, 128.400, 132.050,       ,       ,       ,      ,       ,       ,  -14.9,      0,  NONE,   NONE,      ,      ,   0.0,     3D, 3704,      ,       , 201.5,       
2018-03-22, 14:40:31,  -04:00,       ,   43.0691566,  -70.8099976,   250.6, 29.87,    62.9,   7.2,   0.00,   0.00,   -1.21,   1.46,  -1.00,   0.02,   0.00, 342.9, 284.8,  24.6,  23.9,  -5.2,  46.00,  46.00,    12.43,   57.20,   -0.69,  30.12,    0.0,    0.00,   56.69,   56.28,   55.64,   55.59,   55.10,   54.97,   60.20,   60.20,   60.20,   60.20,   60.20,   60.20,  148.00,   60.20,   -26.6,   0,  GPS,   26.0, 115.60, 116.50, 128.400, 132.050,       ,       ,       ,      ,       ,       ,  -14.9,      0,  NONE,   NONE,      ,      ,   0.0,     3D, 3704,      ,       , 201.5,       
2018-03-22, 14:40:32,  -04:00,       ,   43.0691566,  -70.8099976,   250.6, 29.87,    64.1,   7.2,   0.00,   0.00,  -14.87,   1.45,  -1.01,   0.02,   0.00, 342.9, 284.8,  24.5,  23.8,  -5.4,  46.00,  46.00,    20.90,   57.18,   -0.69,  30.13,    0.0,    0.00,   56.67,   56.28,   55.62,   55.59,   55.09,   54.98,   60.20,   60.20,   60.20,   60.20,   60.20,   60.20,  147.05,   60.20,   -25.4,   0,  GPS,   26.0, 115.60, 116.50, 128.400, 132.050,       ,       ,       ,      ,       ,       ,  -14.9,      0,  NONE,   NONE,      ,      ,   0.0,     3D, 3704,      ,       , 201.5,       
2018-03-22, 14:40:33,  -04:00,       ,   43.0691566,  -70.8099976,   249.6, 29.87,    64.3,   7.2,   0.00,   0.00,  -18.03,   1.45,  -1.01,   0.02,   0.00, 342.9, 284.8,  24.5,  23.8,  -5.4,  46.00,  46.00,    14.77,   57.18,   -0.67,  30.13,    0.0,    0.00,   56.67,   56.28,   55.61,   55.59,   55.09,   54.95,   60.20,   60.20,   60.20,   60.20,   60.20,   60.20,  146.87,   60.20,   -25.2,   0,  GPS,   26.0, 115.60, 116.50, 128.400, 132.050,       ,       ,       ,      ,       ,       ,  -14.9,      0,  NONE,   NONE,      ,      ,   0.0,     3D, 3704,      ,       , 201.5,       
2018-03-22, 14:40:34,  -04:00,       ,   43.0691566,  -70.8099899,   250.6, 29.87,    64.6,   7.2,   0.00,   0.00,  -10.14,   1.44,  -1.00,   0.02,   0.00, 342.9, 284.8,  24.5,  23.8,  -5.5,  46.00,  46.00,     5.83,   57.15,   -0.67,  30.13,    0.0,    0.00,   56.66,   56.26,   55.61,   55.57,   55.09,   54.95,   60.20,   60.20,   60.20,   60.20,   60.20,   60.20,  146.96,   60.20,   -24.8,   0,  GPS,   26.0, 115.60, 116.50, 128.400, 132.050,       ,       ,       ,      ,       ,       ,  -14.9,      0,  NONE,   NONE,      ,      ,   0.0,     3D, 3704,      ,       , 201.5,       
2018-03-22, 14:40:35,  -04:00,       ,   43.0691566,  -70.8099899,   250.6, 29.87,    64.5,   7.2,   0.00,   0.00,   -0.50,   1.45,  -0.98,   0.02,  -0.00, 342.9, 284.8,  24.5,  23.8,  -5.6,  46.00,  46.00,     2.33,   57.15,   -0.68,  30.12,    0.0,    0.00,   56.64,   56.23,   55.59,   55.56,   55.06,   54.92,   60.23,   60.23,   60.23,   60.23,   60.23,   60.23,  147.99,   60.23,   -24.9,   0,  GPS,   26.0, 115.60, 116.50, 128.400, 132.050,       ,       ,       ,      ,       ,       ,  -14.9,      0,  NONE,   NONE,      ,      ,  -3.9,     3D, 3704,      ,       , 201.5,       
2018-03-22, 14:40:36,  -04:00,       ,   43.0691566,  -70.8099899,   250.6, 29.87,    64.7,   7.2,   0.00,   0.00,   -0.01,   1.43,  -1.01,   0.02,  -0.00, 342.9, 284.8,  24.5,  23.8,  -5.5,  46.00,  46.00,     0.98,   57.14,   -0.68,  30.12,    0.0,    0.00,   56.65,   56.25,   55.58,   55.56,   55.04,   54.92,   60.20,   60.20,   60.20,   60.20,   60.20,   60.20,  150.26,   60.20,   -24.7,   0,  GPS,   26.0, 115.60, 116.50, 128.400, 132.050,       ,       ,       ,      ,       ,       ,  -14.9,      0,  NONE,   NONE,      ,      ,   0.0,     3D, 3704,      ,       , 201.0,       
2018-03-22, 14:40:37,  -04:00,       ,   43.0691566,  -70.8099899,   250.6, 29.87,    64.8,   7.2,   0.00,   0.00,  -11.40,   1.44,  -1.02,   0.00,   0.00, 342.9, 284.8,  24.5,  23.8,  -5.7,  46.00,  46.00,     1.43,   57.13,   -0.68,  30.12,    0.0,    0.00,   56.61,   56.25,   55.56,   55.53,   55.02,   54.90,   60.20,   60.20,   60.20,   60.20,   60.20,   60.20,  147.27,   60.20,   -24.6,   0,  GPS,   26.0, 115.60, 116.50, 128.400, 132.050,       ,       ,       ,      ,       ,       ,  -14.9,      0,  NONE,   NONE,      ,      ,   0.0,     3D, 3704,      ,       , 201.0,       
2018-03-22, 14:40:38,  -04:00,       ,   43.0691566,  -70.8099899,   251.6, 29.87,    63.5,   7.2,   0.00,   0.00,    7.97,   1.45,  -0.99,   0.07,  -0.00, 342.9, 284.8,  23.6,  22.8,  -5.9,  46.00,  46.00,     2.24,   57.11,    0.23,  30.18,    0.0,    0.00,   56.58,   56.24,   55.56,   55.53,   55.03,   54.90,   60.20,   60.20,   60.20,   60.20,   60.20,   60.20,   60.20,   60.20,   -26.0,   0,  GPS,   26.0, 115.60, 116.50, 128.400, 132.050,       ,       ,       ,      ,       ,       ,  -14.9,      0,  NONE,   NONE,      ,      ,   0.0,     3D, 3704,      ,       , 201.0,       
2018-03-22, 14:40:39,  -04:00,       ,   43.0691605,  -70.8099899,   250.6, 29.87,    63.1,   7.2,   0.00,   0.00,   -4.70,   1.46,  -1.02,   0.03,   0.00, 342.9, 284.8,  23.0,  22.2,  -6.1,  46.00,  46.00,     3.01,   57.12,    1.70,  30.21,  111.1,    0.00,   56.61,   56.22,   55.53,   55.52,   55.01,   54.89,   60.20,   60.20,   60.20,   74.52,   60.20,   60.20,   60.20,   60.20,   -26.3,   0,  GPS,   26.0, 115.60, 116.50, 128.400, 132.050,       ,       ,       ,      ,       ,       ,  -14.9,      0,  NONE,   NONE,      ,      ,   0.0,     3D, 3704,      ,       , 201.0,       
2018-03-22, 14:40:40,  -04:00,       ,   43.0691605,  -70.8099899,   251.6, 29.87,    62.7,   7.2,   0.00,   0.00,   -4.06,   1.45,  -1.03,   0.03,   0.00, 342.9, 284.8,  22.5,  21.8,  -6.2,  46.00,  46.00,     3.55,   57.11,    2.86,  30.23,  116.1,    0.00,   56.60,   56.22,   55.53,   55.53,   55.01,   54.89,   60.20,   60.20,   60.20,   74.24,   60.20,   60.20,   60.20,   60.20,   -26.8,   0,  GPS,   26.0, 115.60, 116.50, 128.400, 132.050,       ,       ,       ,      ,       ,       ,  -14.9,      0,  NONE,   NONE,      ,      ,   0.0,     3D, 3704,      ,       , 201.0,       
2018-03-22, 14:40:41,  -04:00,       ,   43.0691605,  -70.8099976,   250.6, 29.87,    62.5,   7.2,   0.00,   0.00,  -11.56,   1.48,  -0.99,   0.04,   0.00, 342.9, 284.8,  22.2,  21.5,  -6.4,  46.00,  46.00,     3.87,   57.15,    3.89,  30.21,  118.9,    0.00,   56.57,   56.20,   55.53,   55.55,   54.98,   54.87,   60.20,   60.20,   60.20,   72.95,   60.20,   60.20,   60.20,   60.20,   -26.9,   0,  GPS,   26.0, 115.60, 116.50, 128.400, 132.050,       ,       ,       ,      ,       ,       ,  -14.9,      0,  NONE,   NONE,      ,      ,   0.0,     3D, 3704,      ,       , 201.0,       
2018-03-22, 14:40:42,  -04:00,       ,   43.0691605,  -70.8099976,   250.6, 29.87,    62.4,   7.2,   0.00,   0.00,  -22.88,   1.47,  -1.00,   0.05,   0.00, 342.9, 284.8,  21.9,  21.2,  -6.5,  46.00,  46.00,     3.52,   57.28,    4.99,  30.19,  121.3,    0.00,   56.56,   56.20,   55.53,   55.56,   54.98,   54.86,   60.23,   60.23,   60.23,   71.66,   60.23,   60.23,   60.23,   60.23,   -27.1,   0,  GPS,   26.0, 115.60, 116.50, 128.400, 132.050,       ,       ,       ,      ,       ,       ,  -14.9,      0,  NONE,   NONE,      ,      ,   0.0,     3D, 3704,      ,       , 201.0,       
2018-03-22, 14:40:43,  -04:00,       ,   43.0691605,  -70.8099976,   249.6, 29.87,    62.2,   7.2,   0.00,   0.00,  -18.93,   1.46,  -1.01,   0.04,  -0.00, 342.9, 284.8,  21.7,  21.0,  -6.7,  46.00,  46.00,     3.80,   57.46,    6.37,  30.21,  123.4,    0.00,   56.57,   56.20,   55.53,   55.58,   54.98,   54.87,   60.23,   60.23,   60.23,   70.41,   60.23,   60.23,   60.23,   60.23,   -27.2,   0,  GPS,   26.0, 115.60, 116.50, 128.400, 132.050,       ,       ,       ,      ,       ,       ,  -14.9,      0,  NONE,   NONE,      ,      ,   0.0,     3D, 3704,      ,       , 201.0,       
2018-03-22, 14:40:44,  -04:00,       ,   43.0691605,  -70.8099899,   249.6, 29.87,    63.1,   7.2,   0.00,   0.00,  -16.11,   1.47,  -1.01,  -0.01,  -0.00, 342.8, 284.8,  21.6,  20.8,  -6.7,  46.00,  46.00,     3.76,   57.66,    8.20,  29.71,  122.9,    0.00,   56.54,   56.19,   55.50,   55.59,   54.97,   54.86,   60.20,   60.20,   60.20,   69.24,   60.20,   60.20,   60.20,   60.20,   -26.3,   0,  GPS,   26.0, 115.60, 116.50, 128.400, 132.050,       ,       ,       ,      ,       ,       ,  -14.9,      0,  NONE,   NONE,      ,      ,   0.0,     3D, 3704,      ,       , 201.0,       
2018-03-22, 14:40:45,  -04:00,       ,   43.0691605,  -70.8099976,   249.6, 29.87,    63.4,   7.2,   0.00,   0.00,  -16.62,   1.20,  -1.07,   0.09,  -0.03, 342.7, 284.8,  21.5,  20.9,  -6.8,  46.00,  46.00,     4.12,   57.86,   18.58,  28.96,  420.6,    0.07,   56.54,   56.17,   55.50,   55.62,   54.97,   54.84,   65.40,   75.57,   76.41,   84.44,   61.10,   66.47,  131.55,   76.84,   -26.0,   0,  GPS,   26.0, 115.60, 116.50, 128.400, 132.050,       ,       ,       ,      ,       ,       ,  -14.9,      0,  NONE,   NONE,      ,      ,   0.0,     3D, 3704,      ,       , 201.0,       
2018-03-22, 14:40:46,  -04:00,       ,   43.0691566,  -70.8099976,   251.6, 29.87,    63.8,   7.2,   0.00,   0.00,   10.67,   1.16,  -1.07,  -0.02,  -0.01, 342.7, 284.8,  22.1,  21.4,  -6.9,  46.00,  46.00,     3.78,   58.05,   40.35,  22.26,  725.4,    0.11,   56.52,   56.17,   55.50,   55.67,   54.95,   54.85,  114.74,  128.00,  110.34,  129.66,  103.94,  112.77,  159.93,  118.23,   -25.6,   0,  GPS,   26.0, 115.60, 116.50, 128.400, 132.050,       ,       ,       ,      ,       ,       ,  -14.9,      0,  NONE,   NONE,      ,      ,  -3.9,     3D, 3704,      ,       , 201.0,       
2018-03-22, 14:40:47,  -04:00,       ,   43.0691566,  -70.8099976,   251.6, 29.87,    64.0,   7.2,   0.00,   0.00,   29.58,   0.82,  -1.10,  -0.01,   0.01, 342.8, 284.8,  22.6,  21.9,  -6.9,  46.00,  46.00,     3.92,   58.20,   54.14,  20.55,  918.9,    0.14,   56.54,   56.19,   55.53,   55.73,   54.98,   54.88,  154.82,  173.12,  155.89,  165.98,  153.73,  166.41,  160.32,  165.32,   -25.5,   0,  GPS,   26.0, 115.60, 116.50, 128.400, 132.050,       ,       ,       ,      ,       ,       ,  -14.9,      0,  NONE,   NONE,      ,      ,   0.0,     3D, 3704,      ,       , 201.0,       
2018-03-22, 14:40:48,  -04:00,       ,   43.0691566,  -70.8099976,   251.6, 29.87,    64.3,   7.2,   0.00,   0.00,   21.73,   0.85,  -1.04,   0.02,   0.00, 342.8, 284.8,  23.1,  22.3,  -6.8,  46.00,  46.00,     3.80,   58.35,   60.10,  18.57,  934.9,    0.13,   56.51,   56.19,   55.58,   55.81,   55.05,   54.95,  201.54,  221.37,  201.23,  208.52,  205.92,  226.17,  167.44,  210.34,   -25.2,   0,  GPS,   26.0, 115.60, 116.50, 128.400, 132.050,       ,       ,       ,      ,       ,       ,  -14.9,      0,  NONE,   NONE,      ,      ,   0.0,     3D, 3704,      ,       , 201.0,       
2018-03-22, 14:40:49,  -04:00,       ,   43.0691566,  -70.8099899,   251.6, 29.87,    64.3,   7.2,   0.00,   0.00,   16.67,   0.85,  -1.01,   0.04,   0.01, 342.9, 284.8,  23.4,  22.7,  -6.8,  46.00,  46.00,     3.46,   58.45,   62.86,  18.81,  866.0,    0.12,   56.51,   56.22,   55.67,   55.93,   55.11,   55.08,  255.90,  259.74,  240.11,  243.13,  268.09,  272.74,  176.79,  259.10,   -25.1,   0,  GPS,   26.0, 115.60, 116.50, 128.400, 132.050,       ,       ,       ,      ,       ,       ,  -14.9,      0,  NONE,   NONE,      ,      ,  -3.9,     3D, 3704,      ,       , 201.0,       
2018-03-22, 14:40:50,  -04:00,       ,   43.0691605,  -70.8099976,   251.6, 29.87,    63.5,   7.2,   0.00,   0.00,    0.21,   0.81,  -1.01,   0.02,   0.00, 342.9, 284.8,  23.6,  22.9,  -6.9,  46.00,  46.00,     3.39,   58.55,   65.24,  18.04,  915.2,    0.12,   56.51,   56.28,   55.79,   56.05,   55.23,   55.26,  295.91,  286.48,  292.72,  291.51,  343.35,  304.70,  191.16,  304.77,   -25.9,   0,  GPS,   26.0, 115.60, 116.50, 128.400, 132.050,       ,       ,       ,      ,       ,       ,  -14.9,      0,  NONE,   NONE,      ,      ,   0.0,     3D, 3704,      ,       , 201.0,       
2018-03-22, 14:40:51,  -04:00,       ,   43.0691605,  -70.8099899,   250.6, 29.87,    62.9,   7.2,   0.00,   0.00,  -28.98,   0.83,  -0.99,   0.02,   0.00, 342.9, 284.8,  23.8,  23.1,  -6.9,  46.00,  46.00,     3.40,   58.61,   66.62,  17.36,  944.4,    0.12,   56.54,   56.34,   55.95,   56.24,   55.35,   55.46,  343.30,  316.48,  355.20,  348.90,  417.22,  338.08,  223.67,  359.44,   -26.6,   0,  GPS,   26.0, 115.60, 116.50, 128.400, 132.050,       ,       ,       ,      ,       ,       ,  -14.9,      0,  NONE,   NONE,      ,      ,  -3.9,     3D, 3704,      ,       , 201.0,       
2018-03-22, 14:40:52,  -04:00,       ,   43.0691605,  -70.8099899,   249.6, 29.87,    62.7,   7.2,   0.00,   0.00,  -43.12,   0.80,  -1.03,   0.01,   0.00, 342.9, 284.8,  24.0,  23.3,  -6.8,  46.00,  46.00,     3.39,   58.68,   67.30,  16.71,  966.0,    0.12,   56.56,   56.42,   56.13,   56.44,   55.53,   55.68,  406.66,  340.80,  422.80,  381.08,  478.44,  370.94,  259.52,  417.41,   -26.7,   0,  GPS,   26.0, 115.60, 116.50, 128.400, 132.050,       ,       ,       ,      ,       ,       ,  -14.9,      0,  NONE,   NONE,      ,      ,  -3.9,     3D, 3704,      ,       , 201.0,       
2018-03-22, 14:40:53,  -04:00,       ,   43.0691605,  -70.8099899,   251.6, 29.87,    62.7,   7.2,   0.00,   0.00,   -1.19,   0.79,  -1.00,   0.02,   0.01, 342.9, 284.8,  24.1,  23.4,  -6.8,  46.00,  46.00,     3.37,   58.78,   67.87,  16.13,  994.6,    0.11,   56.57,   56.54,   56.36,   56.68,   55.74,   55.95,  457.59,  365.62,  481.12,  440.55,  527.16,  420.18,  296.64,  460.35,   -26.8,   0,  GPS,   26.0, 115.60, 116.50, 128.400, 132.050,       ,       ,       ,      ,       ,       ,  -14.9,      0,  NONE,   NONE,      ,      ,   0.0,     3D, 3704,      ,       , 201.0,       
2018-03-22, 14:40:54,  -04:00,       ,   43.0691605,  -70.8099899,   251.6, 29.87,    62.6,   7.2,   0.00,   0.00,   25.35,   0.81,  -1.03,   0.03,   0.01, 342.8, 284.8,  24.2,  23.5,  -6.9,  46.00,  46.00,     3.29,   58.87,   68.05,  15.60,  998.1,    0.11,   56.59,   56.67,   56.62,   56.96,   55.99,   56.24,  501.68,  397.60,  523.73,  488.47,  569.01,  461.48,  337.31,  493.04,   -26.9,   0,  GPS,   26.0, 115.60, 116.50, 128.400, 132.050,       ,       ,       ,      ,       ,       ,  -14.9,      0,  NONE,   NONE,      ,      ,  -3.9,     3D, 3704,      ,       , 200.5,       
2018-03-22, 14:40:55,  -04:00,       ,   43.0691605,  -70.8099899,   251.6, 29.87,    62.6,   7.2,   0.00,   0.00,   18.89,   0.80,  -0.